3.6075e+14
3.7574e+14
3.7307e+14
3.6066e+14
3.497e+14
3.3653e+14
3.2427e+14
3.2025e+14
3.2761e+14
3.3376e+14
3.3422e+14
3.3138e+14
3.2642e+14
3.1489e+14
2.9989e+14
2.901e+14
2.8498e+14
2.8691e+14
2.9349e+14
2.9768e+14
2.9651e+14
3.0069e+14
3.0438e+14
3.1245e+14
3.3125e+14
3.4657e+14
3.5471e+14
3.6399e+14
3.6564e+14
3.6563e+14
3.6669e+14
3.8241e+14
3.9767e+14
4.1115e+14
4.2192e+14
4.4095e+14
4.5605e+14
4.722e+14
4.8707e+14
5.037e+14
5.2449e+14
5.7169e+14
5.8181e+14
5.9272e+14
6.1042e+14
6.3212e+14
6.5827e+14
6.814e+14
6.9715e+14
7.0965e+14
7.3175e+14
7.6052e+14
7.9475e+14
7.8165e+14
7.3909e+14
6.499e+14
5.6972e+14
5.1849e+14
4.9998e+14
