6.3e+10
6.3556e+10
6.331e+10
6.2605e+10
6.1981e+10
6.1263e+10
6.0613e+10
6.0342e+10
6.0585e+10
6.0789e+10
6.0769e+10
6.0554e+10
6.0242e+10
5.9635e+10
5.8891e+10
5.837e+10
5.8061e+10
5.8045e+10
5.8227e+10
5.831e+10
5.8176e+10
5.8391e+10
5.8586e+10
5.8977e+10
5.9478e+10
6.0263e+10
6.0728e+10
6.125e+10
6.1408e+10
6.1485e+10
6.1614e+10
6.2639e+10
6.3654e+10
6.4588e+10
6.5393e+10
6.6634e+10
6.7688e+10
6.88e+10
6.9852e+10
7.101e+10
7.2409e+10
7.5551e+10
7.6605e+10
7.7705e+10
7.9201e+10
8.0938e+10
8.2924e+10
8.4767e+10
8.6177e+10
8.7394e+10
8.9196e+10
9.0893e+10
9.2957e+10
9.2107e+10
8.9443e+10
8.3975e+10
7.919e+10
7.6195e+10
7.5078e+10
