0.00034584	0.00038207	0.00039067	0.0015738	0.0017204	0.0018218	0.0022705	0.0025465	0.0024269	0.0019695	NaN	NaN	NaN
0.00036366	0.00039831	0.00040361	0.0016605	0.0017992	0.0018855	0.00238	0.0026521	0.002518	0.0020672	NaN	NaN	NaN
0.00036526	0.00039744	0.00039859	0.0016681	0.0017948	0.0018611	0.0024012	0.0026669	0.0025188	0.0020773	NaN	NaN	NaN
0.00035813	0.00038721	0.00038326	0.0016332	0.0017451	0.0017861	0.0023723	0.0026294	0.002467	0.0020372	NaN	NaN	NaN
0.00035306	0.00037873	0.00036853	0.0016085	0.0017038	0.0017139	0.0023499	0.0025964	0.0024189	0.002002	NaN	NaN	NaN
0.00034658	0.00036849	0.00035069	0.0015769	0.0016541	0.0016264	0.0023141	0.0025474	0.0023543	0.0019522	NaN	NaN	NaN
0.00034171	0.00035976	0.0003327	0.0015532	0.0016118	0.001538	0.0022807	0.0024976	0.0022885	0.0019028	NaN	NaN	NaN
0.00034576	0.00036018	0.00032157	0.0015731	0.0016139	0.001483	0.0022903	0.0024876	0.0022617	0.0018927	NaN	NaN	NaN
0.0003621	0.00037348	0.00031992	0.0016532	0.0016789	0.0014745	0.0023609	0.0025343	0.0022913	0.0019387	NaN	NaN	NaN
0.00037796	0.00038785	0.00031525	0.0017309	0.0017494	0.0014508	0.0024215	0.0025652	0.0023062	0.0019721	NaN	NaN	NaN
0.00038772	0.00039993	0.00030333	0.0017786	0.0018091	0.0013915	0.0024464	0.0025546	0.0022813	0.0019684	NaN	NaN	NaN
0.00038611	0.00039757	0.00030179	0.0017701	0.0017972	0.0013843	0.0024282	0.0025327	0.0022688	0.0019553	NaN	NaN	NaN
0.00038227	0.00039298	0.00029825	0.0017506	0.0017745	0.0013675	0.0023982	0.002499	0.0022445	0.0019307	NaN	NaN	NaN
0.00037145	0.00038143	0.00028856	0.0016971	0.0017179	0.0013204	0.002331	0.0024282	0.0021829	0.0018701	NaN	NaN	NaN
0.00035686	0.00036615	0.00027562	0.001625	0.0016431	0.0012574	0.0022429	0.0023366	0.0021005	0.0017895	NaN	NaN	NaN
0.00034768	0.00035632	0.00026749	0.0015795	0.0015949	0.001218	0.0021837	0.002274	0.002047	0.0017369	NaN	NaN	NaN
0.00034345	0.00035145	0.00026369	0.001558	0.0015707	0.0011998	0.0021514	0.0022386	0.0020201	0.00171	NaN	NaN	NaN
0.00034674	0.0003541	0.00026644	0.0015734	0.0015833	0.0012137	0.0021605	0.0022447	0.0020344	0.0017227	NaN	NaN	NaN
0.00035506	0.00036177	0.00027359	0.0016134	0.0016203	0.0012492	0.0021967	0.0022782	0.0020759	0.0017616	NaN	NaN	NaN
0.00036084	0.00036691	0.00027854	0.0016409	0.0016449	0.001274	0.0022189	0.0022977	0.0021033	0.001787	NaN	NaN	NaN
0.00036084	0.00036632	0.00027845	0.0016401	0.0016416	0.0012739	0.0022098	0.0022859	0.0020995	0.0017823	NaN	NaN	NaN
0.00036684	0.00037166	0.00028335	0.0016683	0.0016668	0.0012982	0.002236	0.0023097	0.0021303	0.0018103	NaN	NaN	NaN
0.00037234	0.0003765	0.00028783	0.001694	0.0016896	0.0013203	0.0022594	0.0023307	0.0021584	0.0018357	NaN	NaN	NaN
0.00038263	0.00038612	0.00029655	0.0017431	0.0017356	0.0013633	0.0023078	0.002377	0.0022116	0.0018855	NaN	NaN	NaN
0.0003339	0.00034706	0.00025967	0.00154	0.0015485	0.0012081	0.0020204	0.0020831	0.0019382	0.0016329	0.00057027	0.0015433	0.0012369
0.00034876	0.00036711	0.0002728	0.0016116	0.0016216	0.0012727	0.002091	0.0021492	0.0020138	0.0017049	0.00058097	0.00161	0.0012484
0.00035707	0.00038074	0.0002801	0.0016511	0.001663	0.0013086	0.0021274	0.0021811	0.0020549	0.0017435	0.00058447	0.0016451	0.0012502
0.0003664	0.00039578	0.00028836	0.0016956	0.0017097	0.0013492	0.0021685	0.0022177	0.0021009	0.001787	0.00058929	0.0016858	0.0012534
0.00036882	0.00040355	0.00029034	0.0017063	0.0017224	0.001359	0.0021746	0.0022196	0.0021114	0.0017958	0.00058678	0.0016928	0.0012478
0.00036973	0.00040973	0.00029095	0.0017096	0.0017277	0.001362	0.0021731	0.002214	0.0021143	0.0017972	0.00058286	0.0016925	0.0012406
0.00037161	0.00041706	0.00029244	0.0017176	0.0017379	0.0013694	0.0021764	0.0022133	0.0021221	0.0018033	0.00058022	0.0016973	0.0012351
0.00038707	0.00044001	0.00030597	0.0017915	0.0018152	0.0014356	0.0022511	0.002283	0.0022016	0.0018787	0.00059425	0.0017687	0.0012546
0.00040212	0.00046303	0.00031918	0.0018633	0.0018908	0.0015003	0.002323	0.0023499	0.0022784	0.0019514	0.00060786	0.0018386	0.0012731
0.00041555	0.00048467	0.00033096	0.0019271	0.0019587	0.0015579	0.0023863	0.0024082	0.0023466	0.0020159	0.00061981	0.001901	0.0012893
0.00042655	0.00050385	0.0003405	0.001979	0.0020146	0.0016046	0.0024373	0.0024544	0.0024024	0.0020681	0.00062928	0.0019514	0.0013027
0.00044497	0.00053259	0.00035708	0.0020669	0.0021086	0.0016857	0.0025232	0.0025344	0.0024937	0.0021557	0.00064668	0.0020402	0.0013232
0.00045984	0.00055759	0.0003704	0.0021375	0.002185	0.0017508	0.0025914	0.0025971	0.0025671	0.0022258	0.00066044	0.0021117	0.0013396
0.00047566	0.00058434	0.00038467	0.0022125	0.0022667	0.0018207	0.0026635	0.0026634	0.0026445	0.0022999	0.00067531	0.0021886	0.0013565
0.0004903	0.00061019	0.00039789	0.0022818	0.0023428	0.0018854	0.0027295	0.0027236	0.0027158	0.002368	0.00068912	0.0022602	0.001372
0.00050651	0.00063865	0.0004127	0.0023586	0.0024275	0.0019578	0.0028021	0.0027901	0.0027939	0.0024432	0.00070469	0.0023407	0.0013884
0.00052637	0.00067267	0.00043117	0.0024531	0.0025318	0.0020482	0.0028906	0.0028716	0.0028881	0.0025348	0.00072416	0.0024414	0.0014065
0.00057001	0.00073954	0.00047248	0.0026619	0.0027593	0.0022502	0.0030907	0.0030606	0.0030954	0.0027392	0.00076985	0.0026669	0.0014484
0.00058117	0.00076294	0.00048145	0.0027135	0.0028168	0.0022937	0.0031461	0.0031107	0.0031555	0.0027939	0.00078312	0.0027188	0.0014746
0.00059306	0.00078775	0.00049115	0.0027685	0.0028782	0.0023407	0.0032043	0.0031635	0.0032186	0.0028517	0.00079719	0.0027747	0.001501
0.00061091	0.00082149	0.00050685	0.0028522	0.0029714	0.0024171	0.0032883	0.0032408	0.003308	0.0029364	0.00081742	0.0028634	0.0015299
0.00063226	0.000861	0.00052612	0.0029527	0.0030837	0.002511	0.0033871	0.0033321	0.0034125	0.0030367	0.00084141	0.0029721	0.00156
0.00065749	0.00090703	0.00054938	0.0030718	0.0032173	0.0026246	0.0035023	0.0034386	0.0035337	0.0031543	0.00086964	0.0031031	0.0015914
0.00068009	0.00095012	0.00057006	0.0031781	0.0033374	0.0027254	0.0036052	0.0035333	0.0036424	0.0032593	0.00089538	0.0032205	0.0016211
0.00069636	0.0009844	0.00058423	0.0032537	0.0034236	0.0027943	0.0036806	0.003602	0.0037235	0.0033356	0.00091486	0.0033029	0.0016494
0.00070988	0.001015	0.00059554	0.003316	0.0034951	0.0028492	0.0037441	0.0036594	0.0037924	0.0033994	0.00093167	0.00337	0.0016772
0.00073168	0.0010591	0.00061545	0.003418	0.0036119	0.0029463	0.0038423	0.0037492	0.0038965	0.0034998	0.00095732	0.0034849	0.0017067
0.00075684	0.0011116	0.00064248	0.003537	0.0037564	0.0030791	0.0039344	0.0038299	0.0039939	0.0036031	0.00098241	0.0036373	0.0016981
0.0007863	0.0011726	0.00067467	0.0036763	0.0039264	0.0032372	0.0040423	0.0039244	0.0041064	0.0037239	0.0010123	0.0038189	0.0016855
0.00077581	0.0011689	0.00066409	0.0036238	0.0038749	0.0031857	0.0039859	0.0038669	0.0040541	0.0036698	0.001001	0.003765	0.0016752
0.00074035	0.0011232	0.00062693	0.0034515	0.003684	0.003004	0.003826	0.0037138	0.0038982	0.0035058	0.00096274	0.0035625	0.0016635
0.00066415	0.0010086	0.00054845	0.0030836	0.0032685	0.0026197	0.0034883	0.0033951	0.0035633	0.0031573	0.00087771	0.0031239	0.0016294
0.00059411	0.00090304	0.00047897	0.0027447	0.0028903	0.0022794	0.003165	0.003088	0.0032413	0.0028288	0.00079584	0.0027298	0.0015704
0.00054876	0.00083713	0.00043539	0.0025244	0.0026481	0.002066	0.0029453	0.0028774	0.0030233	0.0026097	0.00074054	0.0024801	0.0015152
0.00053269	0.00081889	0.00042031	0.0024452	0.002564	0.0019924	0.0028591	0.0027928	0.0029406	0.0025269	0.00071958	0.0023936	0.0014873
