3.6075e+14
3.6794e+14
3.6562e+14
3.5789e+14
3.5093e+14
3.4268e+14
3.3486e+14
3.3175e+14
3.3515e+14
3.3782e+14
3.3726e+14
3.3484e+14
3.3122e+14
3.2382e+14
3.1432e+14
3.0783e+14
3.04e+14
3.0432e+14
3.0737e+14
3.0899e+14
3.0749e+14
3.1006e+14
3.1234e+14
3.1712e+14
3.3233e+14
3.4109e+14
3.4573e+14
3.5096e+14
3.5189e+14
3.5189e+14
3.5248e+14
3.6265e+14
3.7248e+14
3.8127e+14
3.8857e+14
4.0029e+14
4.0983e+14
4.1988e+14
4.2918e+14
4.3938e+14
4.5171e+14
4.7977e+14
4.8852e+14
4.977e+14
5.1035e+14
5.2502e+14
5.4189e+14
5.5721e+14
5.6874e+14
5.7861e+14
5.9331e+14
6.0613e+14
6.2168e+14
6.1341e+14
5.9029e+14
5.4332e+14
5.0025e+14
4.7163e+14
4.6018e+14
