1.575e+10
1.5449e+10
1.5464e+10
1.5651e+10
1.5823e+10
1.6046e+10
1.6274e+10
1.6342e+10
1.6182e+10
1.6057e+10
1.6069e+10
1.6115e+10
1.6203e+10
1.643e+10
1.6748e+10
1.6952e+10
1.706e+10
1.6996e+10
1.6823e+10
1.6709e+10
1.6729e+10
1.6649e+10
1.6581e+10
1.642e+10
1.6535e+10
1.624e+10
1.6094e+10
1.5931e+10
1.5903e+10
1.5904e+10
1.5886e+10
1.5665e+10
1.5463e+10
1.5298e+10
1.5179e+10
1.4951e+10
1.479e+10
1.462e+10
1.4472e+10
1.4311e+10
1.4112e+10
1.3711e+10
1.3685e+10
1.3651e+10
1.3556e+10
1.3431e+10
1.3266e+10
1.3143e+10
1.308e+10
1.3041e+10
1.2937e+10
1.2713e+10
1.2469e+10
1.2518e+10
1.2759e+10
1.3376e+10
1.4048e+10
1.4549e+10
1.4726e+10
