3.3594	3.408	3.4382	1.5956	1.4526	1.3417	0.8898	0.66462	0.6355	1.8929	NaN	NaN	NaN
3.3329	3.3863	3.4167	1.4812	1.34	1.2439	0.86378	0.63715	0.62026	1.8803	NaN	NaN	NaN
3.3329	3.3863	3.4167	1.4812	1.34	1.2439	0.86378	0.63715	0.62026	1.8803	NaN	NaN	NaN
3.3329	3.3863	3.4167	1.4812	1.34	1.2439	0.86378	0.63715	0.62026	1.8803	NaN	NaN	NaN
3.3329	3.3863	3.4167	1.4812	1.34	1.2439	0.86378	0.63715	0.62026	1.8803	NaN	NaN	NaN
3.3329	3.3863	3.4167	1.4812	1.34	1.2439	0.86378	0.63715	0.62026	1.8803	NaN	NaN	NaN
3.3329	3.3863	3.4167	1.4812	1.34	1.2439	0.86378	0.63715	0.62026	1.8803	NaN	NaN	NaN
3.3329	3.3863	3.4167	1.4812	1.34	1.2439	0.86378	0.63715	0.62026	1.8803	NaN	NaN	NaN
3.3329	3.3863	3.4167	1.4812	1.34	1.2439	0.86378	0.63715	0.62026	1.8803	NaN	NaN	NaN
3.3329	3.3863	3.4167	1.4812	1.34	1.2439	0.86378	0.63715	0.62026	1.8803	NaN	NaN	NaN
3.3329	3.3863	3.4167	1.4812	1.34	1.2439	0.86378	0.63715	0.62026	1.8803	NaN	NaN	NaN
3.3329	3.3863	3.4167	1.4812	1.34	1.2439	0.86378	0.63715	0.62026	1.8803	NaN	NaN	NaN
3.3329	3.3863	3.4167	1.4812	1.34	1.2439	0.86378	0.63715	0.62026	1.8803	NaN	NaN	NaN
3.3329	3.3863	3.4167	1.4812	1.34	1.2439	0.86378	0.63715	0.62026	1.8803	NaN	NaN	NaN
3.3329	3.3863	3.4167	1.4812	1.34	1.2439	0.86378	0.63715	0.62026	1.8803	NaN	NaN	NaN
3.3329	3.3863	3.4167	1.4812	1.34	1.2439	0.86378	0.63715	0.62026	1.8803	NaN	NaN	NaN
3.3329	3.3863	3.4167	1.4812	1.34	1.2439	0.86378	0.63715	0.62026	1.8803	NaN	NaN	NaN
3.3329	3.3863	3.4167	1.4812	1.34	1.2439	0.86378	0.63715	0.62026	1.8803	NaN	NaN	NaN
3.3329	3.3863	3.4167	1.4812	1.34	1.2439	0.86378	0.63715	0.62026	1.8803	NaN	NaN	NaN
3.3329	3.3863	3.4167	1.4812	1.34	1.2439	0.86378	0.63715	0.62026	1.8803	NaN	NaN	NaN
3.3329	3.3863	3.4167	1.4812	1.34	1.2439	0.86378	0.63715	0.62026	1.8803	NaN	NaN	NaN
3.3329	3.3863	3.4167	1.4812	1.34	1.2439	0.86378	0.63715	0.62026	1.8803	NaN	NaN	NaN
3.3329	3.3863	3.4167	1.4812	1.34	1.2439	0.86378	0.63715	0.62026	1.8803	NaN	NaN	NaN
3.3329	3.3863	3.4167	1.4812	1.34	1.2439	0.86378	0.63715	0.62026	1.8803	NaN	NaN	NaN
3.5033	3.5126	3.4043	1.3136	1.2118	1.4962	0.63682	0.59101	0.61247	1.8142	2.6886	1.0637	0.45161
3.5033	3.5126	3.4043	1.3136	1.2118	1.4962	0.63682	0.59101	0.61247	1.8142	2.6886	1.0637	0.45161
3.5033	3.5126	3.4043	1.3136	1.2118	1.4962	0.63682	0.59101	0.61247	1.8142	2.6886	1.0637	0.45161
3.5033	3.5126	3.4043	1.3136	1.2118	1.4962	0.63682	0.59101	0.61247	1.8142	2.6886	1.0637	0.45161
3.5033	3.5126	3.4043	1.3136	1.2118	1.4962	0.63682	0.59101	0.61247	1.8142	2.6886	1.0637	0.45161
3.5033	3.5126	3.4043	1.3136	1.2118	1.4962	0.63682	0.59101	0.61247	1.8142	2.6886	1.0637	0.45161
3.5033	3.5126	3.4043	1.3136	1.2118	1.4962	0.63682	0.59101	0.61247	1.8142	2.6886	1.0637	0.45161
3.5033	3.5126	3.4043	1.3136	1.2118	1.4962	0.63682	0.59101	0.61247	1.8142	2.6886	1.0637	0.45161
3.5033	3.5126	3.4043	1.3136	1.2118	1.4962	0.63682	0.59101	0.61247	1.8142	2.6886	1.0637	0.45161
3.5033	3.5126	3.4043	1.3136	1.2118	1.4962	0.63682	0.59101	0.61247	1.8142	2.6886	1.0637	0.45161
3.5033	3.5126	3.4043	1.3136	1.2118	1.4962	0.63682	0.59101	0.61247	1.8142	2.6886	1.0637	0.45161
3.5033	3.5126	3.4043	1.3136	1.2118	1.4962	0.63682	0.59101	0.61247	1.8142	2.6886	1.0637	0.45161
3.5033	3.5126	3.4043	1.3136	1.2118	1.4962	0.63682	0.59101	0.61247	1.8142	2.6886	1.0637	0.45161
3.5033	3.5126	3.4043	1.3136	1.2118	1.4962	0.63682	0.59101	0.61247	1.8142	2.6886	1.0637	0.45161
3.5033	3.5126	3.4043	1.3136	1.2118	1.4962	0.63682	0.59101	0.61247	1.8142	2.6886	1.0637	0.45161
3.5033	3.5126	3.4043	1.3136	1.2118	1.4962	0.63682	0.59101	0.61247	1.8142	2.6886	1.0637	0.45161
3.5033	3.5126	3.4043	1.3136	1.2118	1.4962	0.63682	0.59101	0.61247	1.8142	2.6886	1.0637	0.45161
3.5033	3.5126	3.4043	1.3136	1.2118	1.4962	0.63682	0.59101	0.61247	1.8142	2.6886	1.0637	0.45161
3.5033	3.5126	3.4043	1.3136	1.2118	1.4962	0.63682	0.59101	0.61247	1.8142	2.6886	1.0637	0.45161
3.5033	3.5126	3.4043	1.3136	1.2118	1.4962	0.63682	0.59101	0.61247	1.8142	2.6886	1.0637	0.45161
3.5033	3.5126	3.4043	1.3136	1.2118	1.4962	0.63682	0.59101	0.61247	1.8142	2.6886	1.0637	0.45161
3.5033	3.5126	3.4043	1.3136	1.2118	1.4962	0.63682	0.59101	0.61247	1.8142	2.6886	1.0637	0.45161
3.5033	3.5126	3.4043	1.3136	1.2118	1.4962	0.63682	0.59101	0.61247	1.8142	2.6886	1.0637	0.45161
3.5033	3.5126	3.4043	1.3136	1.2118	1.4962	0.63682	0.59101	0.61247	1.8142	2.6886	1.0637	0.45161
3.5033	3.5126	3.4043	1.3136	1.2118	1.4962	0.63682	0.59101	0.61247	1.8142	2.6886	1.0637	0.45161
3.5033	3.5126	3.4043	1.3136	1.2118	1.4962	0.63682	0.59101	0.61247	1.8142	2.6886	1.0637	0.45161
3.5033	3.5126	3.4043	1.3136	1.2118	1.4962	0.63682	0.59101	0.61247	1.8142	2.6886	1.0637	0.45161
3.5033	3.5126	3.4043	1.3136	1.2118	1.4962	0.63682	0.59101	0.61247	1.8142	2.6886	1.0637	0.45161
3.5033	3.5126	3.4043	1.3136	1.2118	1.4962	0.63682	0.59101	0.61247	1.8142	2.6886	1.0637	0.45161
3.5033	3.5126	3.4043	1.3136	1.2118	1.4962	0.63682	0.59101	0.61247	1.8142	2.6886	1.0637	0.45161
3.5033	3.5126	3.4043	1.3136	1.2118	1.4962	0.63682	0.59101	0.61247	1.8142	2.6886	1.0637	0.45161
3.5033	3.5126	3.4043	1.3136	1.2118	1.4962	0.63682	0.59101	0.61247	1.8142	2.6886	1.0637	0.45161
3.5033	3.5126	3.4043	1.3136	1.2118	1.4962	0.63682	0.59101	0.61247	1.8142	2.6886	1.0637	0.45161
3.5033	3.5126	3.4043	1.3136	1.2118	1.4962	0.63682	0.59101	0.61247	1.8142	2.6886	1.0637	0.45161
3.5033	3.5126	3.4043	1.3136	1.2118	1.4962	0.63682	0.59101	0.61247	1.8142	2.6886	1.0637	0.45161
