1.575e+010
1.4519e+010
1.447e+010
1.5072e+010
1.5605e+010
1.6255e+010
1.6956e+010
1.7124e+010
1.6544e+010
1.6109e+010
1.6141e+010
1.6258e+010
1.652e+010
1.7232e+010
1.8195e+010
1.8778e+010
1.906e+010
1.8841e+010
1.8294e+010
1.7918e+010
1.791e+010
1.7651e+010
1.7427e+010
1.6902e+010
1.6832e+010
1.5909e+010
1.5406e+010
1.4862e+010
1.4763e+010
1.476e+010
1.4697e+010
1.3916e+010
1.3201e+010
1.2597e+010
1.2151e+010
1.1277e+010
1.0595e+010
9.912e+009
9.3118e+009
8.6472e+009
7.8186e+009
6.0674e+009
5.9392e+009
5.7788e+009
5.3715e+009
4.8479e+009
4.17e+009
3.6987e+009
3.4667e+009
3.3304e+009
2.9839e+009
2.3126e+009
1.7755e+009
1.9118e+009
2.5267e+009
4.6932e+009
7.6107e+009
9.8046e+009
1.0567e+010
