  2.8000000068518017e+002	
  2.8000000068684699e+002	
  2.8001361612923921e+002	
  2.8084857959385931e+002	
  2.8187834937576662e+002	
  2.8301697400344790e+002	
  2.8522558608278086e+002	
  2.8736351453442632e+002	
  2.8965391939910370e+002	
  2.9272293608488860e+002	
  2.9546723508516692e+002	
  2.9844245574264062e+002	
  3.0171894244898795e+002	
  3.0937469979072034e+002	
  3.1561938881816855e+002	
  3.2566911322533258e+002	
  3.3920722586722974e+002	
  3.5561486252614475e+002	
  3.8127384771683370e+002	
  4.1243641505677635e+002	
  4.4899276862860262e+002	
  4.8988749759873622e+002	
  5.3417772931601655e+002	
  6.0443237114780334e+002	
  6.8913612822572031e+002	
  7.9378280474277210e+002	
  9.2122959443451191e+002	
  1.0689039989170331e+003	
  1.2285683471024126e+003	
  1.3913219746466395e+003	
  1.5143455726638044e+003	
  1.6173852168104761e+003	
  1.6957575966011755e+003	
  1.7490347703527871e+003	
  1.7801114236840374e+003	
  1.7946976452651902e+003	
  1.7897472075631702e+003	
  1.7729261782919102e+003	
  1.7495578813025240e+003	
  1.7229426488726999e+003	
  1.6835517331700355e+003	
  1.6441885586235353e+003	
  1.6055733086183145e+003	
  1.5683532222753386e+003	
  1.5328662561330136e+003	
  1.5159261902299691e+003	
  1.4993736416724125e+003	
  1.4831828136896218e+003	
  1.4673395021586687e+003	
  1.4518325975421715e+003	
  1.4304854397492431e+003	
  1.4097576992129368e+003	
  1.3896234615312433e+003	
  1.3700603133047598e+003	
  1.3510486332662924e+003	
  1.3283259221585968e+003	
  1.3063862269543370e+003	
  1.2852028514983572e+003	
  1.2789916820506367e+003	
  1.2728458318394401e+003	
  1.2667647487450731e+003	
  1.2607478781681864e+003	
  1.2547946521496970e+003	
  1.2489044958820195e+003	
  1.2407902191435533e+003	
  1.2327960838983543e+003	
  1.2249205548465175e+003	
  1.2171620953205600e+003	
  1.2095191647741722e+003	
  1.1933829144129952e+003	
  1.1777637223746608e+003	
  1.1626458412601778e+003	
  1.1480135474023773e+003	
  1.1338512451238773e+003	
  1.1193579781110350e+003	
  1.1053559763868550e+003	
  1.0918277676382656e+003	
  1.0787566293165880e+003	
  1.0661267423585077e+003	
  1.0539230364392538e+003	
  1.0412473376501598e+003	
  1.0290309647650222e+003	
  1.0172569762429027e+003	
  1.0059092441596675e+003	
  9.9497249887673604e+002	
  9.8000626373973819e+002	
  9.6581093910848756e+002	
  9.5234710659203938e+002	
  9.4844483940086991e+002	
  9.4460402883514064e+002	
  9.4082369049456076e+002	
  9.3710284817925037e+002	
  9.3344054197805292e+002	
  9.2593264577994557e+002	
  9.1867016809064478e+002	
  9.1164524337340913e+002	
  9.0485040043728316e+002	
  8.9655352153039792e+002	
  8.8860195271362784e+002	
  8.8098276849960132e+002	
  8.7510355277239432e+002	
  8.6942352976362974e+002	
  8.6393632453060786e+002	
  8.5863567506150787e+002	
  8.5170296682188530e+002	
  8.4509079824320736e+002	
  8.3878437723085608e+002	
  8.3276960588395434e+002	
  8.2703298175822738e+002	
  8.1744452859884200e+002	
  8.1472184586988840e+002	
  8.1206691426646000e+002	
  8.0947787314488551e+002	
  8.0695284661194171e+002	
  8.0448997482532263e+002	
  8.0118555642292108e+002	
  7.9799165837387045e+002	
  7.9490374654388415e+002	
  7.9191749487081358e+002	
  7.8902881325067449e+002	
  7.8357680506654447e+002	
  7.7846491929389174e+002	
  7.7366716978843965e+002	
  7.6915745113446178e+002	
  7.6609899923161527e+002	
  7.6316940398374913e+002	
  7.6036152358782442e+002	
  7.5766853253256227e+002	
  7.5334617118729693e+002	
  7.4930625678219201e+002	
  7.4814686491665952e+002	
  7.4700957395014711e+002	
  7.4589383754988160e+002	
  7.4479909328576582e+002	
  7.4324167297654662e+002	
  7.4172566249613101e+002	
  7.4024931107149564e+002	
  7.3881091163884446e+002	
  7.3662751510329292e+002	
  7.3452750881183272e+002	
  7.3250540938864799e+002	
  7.3055602333740808e+002	
  7.2839076017853085e+002	
  7.2630930175900994e+002	
  7.2430506224394583e+002	
  7.2237220416019420e+002	
  7.2050559875345562e+002	
  7.1833411119877280e+002	
  7.1624502061187388e+002	
  7.1423142969898674e+002	
  7.1228692703116099e+002	
  7.1040555847941084e+002	
  7.0817768941392569e+002	
  7.0602730450087233e+002	
  7.0394621375547274e+002	
  7.0247149946725483e+002	
  7.0102702313356633e+002	
  6.9961036298609520e+002	
  6.9821921224771665e+002	
  6.9685140387910587e+002	
  6.9508371484756981e+002	
  6.9334886985959463e+002	
  6.9164321571011124e+002	
  6.8996356744459570e+002	
  6.8830716002385111e+002	
  6.8422855270702462e+002	
  6.8025242547263986e+002	
  6.7635749810950767e+002	
  6.7253009149666957e+002	
  6.6876145419975342e+002	
  6.6404009513271831e+002	
  6.5939694807041849e+002	
  6.5482709945051397e+002	
  6.5032741930068516e+002	
  6.4589560017283918e+002	
  6.3925227584702043e+002	
  6.3276071336709720e+002	
  6.2641966899633701e+002	
  6.2022951979257562e+002	
  6.1652719793747769e+002	
