2.2778	2.2984	2.3088	2.2946	2.3162	2.3367	2.3693	2.3993	2.4307	2.3543	NaN	NaN	NaN
2.2255	2.2494	2.2625	2.2467	2.2721	2.2958	2.3386	2.3764	2.4109	2.3189	NaN	NaN	NaN
2.209	2.2315	2.2423	2.23	2.2538	2.2749	2.3241	2.3627	2.394	2.3034	NaN	NaN	NaN
2.2078	2.2264	2.2322	2.226	2.2456	2.2608	2.3128	2.3485	2.3732	2.2935	NaN	NaN	NaN
2.215	2.2303	2.2312	2.231	2.2469	2.2564	2.3108	2.344	2.3628	2.2927	NaN	NaN	NaN
2.2305	2.2422	2.2377	2.2437	2.2556	2.2588	2.314	2.3433	2.3561	2.2975	NaN	NaN	NaN
2.2619	2.2706	2.2608	2.2727	2.2812	2.278	2.3338	2.3589	2.3662	2.3184	NaN	NaN	NaN
2.2584	2.2666	2.2514	2.2691	2.2768	2.267	2.328	2.353	2.3545	2.3114	NaN	NaN	NaN
2.2265	2.2358	2.2122	2.2402	2.2488	2.229	2.3087	2.336	2.3294	2.2844	NaN	NaN	NaN
2.2004	2.2118	2.1759	2.2173	2.2276	2.1931	2.2945	2.3217	2.3047	2.2609	NaN	NaN	NaN
2.1963	2.2086	2.1582	2.215	2.2258	2.1738	2.296	2.3151	2.288	2.2518	NaN	NaN	NaN
2.198	2.2101	2.1602	2.216	2.2266	2.1755	2.2941	2.3126	2.2873	2.2518	NaN	NaN	NaN
2.2045	2.2163	2.168	2.2211	2.2314	2.1824	2.2942	2.312	2.2889	2.2552	NaN	NaN	NaN
2.2326	2.2439	2.201	2.2459	2.2558	2.2129	2.3076	2.3236	2.3049	2.2763	NaN	NaN	NaN
2.2904	2.3004	2.2628	2.2995	2.3081	2.2715	2.3469	2.3601	2.3449	2.3239	NaN	NaN	NaN
2.319	2.3281	2.2942	2.3255	2.3331	2.3009	2.3642	2.3754	2.3632	2.3465	NaN	NaN	NaN
2.3549	2.3622	2.3312	2.36	2.3659	2.337	2.3945	2.4035	2.3944	2.3791	NaN	NaN	NaN
2.3308	2.3392	2.3053	2.3365	2.3435	2.3118	2.3729	2.3832	2.3731	2.3565	NaN	NaN	NaN
2.3069	2.3162	2.2788	2.3147	2.3223	2.287	2.3571	2.3688	2.3583	2.3373	NaN	NaN	NaN
2.2977	2.3071	2.2675	2.3068	2.3145	2.277	2.3532	2.3654	2.3554	2.3311	NaN	NaN	NaN
2.3026	2.3117	2.2723	2.3115	2.3188	2.2818	2.3571	2.3689	2.3604	2.3356	NaN	NaN	NaN
2.3073	2.3166	2.2754	2.3165	2.3241	2.2855	2.3638	2.3757	2.3679	2.3414	NaN	NaN	NaN
2.3142	2.3238	2.2809	2.3237	2.3313	2.2914	2.3721	2.3841	2.3771	2.349	NaN	NaN	NaN
2.3071	2.3172	2.2703	2.3182	2.3261	2.2823	2.3716	2.3844	2.3774	2.3454	NaN	NaN	NaN
2.2367	2.2417	2.2022	2.2503	2.2538	2.2159	2.3066	2.3202	2.3145	2.2788	2.2625	2.2503	2.3969
2.2096	2.2129	2.1695	2.2265	2.228	2.1861	2.2927	2.3088	2.3019	2.2585	2.2318	2.2207	2.381
2.2102	2.2132	2.1682	2.2286	2.2295	2.1863	2.2991	2.3165	2.3108	2.2627	2.2306	2.22	2.3828
2.2169	2.2191	2.1723	2.2371	2.2369	2.1921	2.3126	2.3314	2.3266	2.2733	2.2342	2.2246	2.3888
2.237	2.24	2.1913	2.2567	2.2573	2.2111	2.3313	2.3501	2.3462	2.2927	2.2545	2.2449	2.4035
2.2611	2.2654	2.2148	2.2801	2.2818	2.2341	2.3523	2.3708	2.3677	2.3152	2.2796	2.2698	2.4217
2.2849	2.29	2.2374	2.3033	2.3057	2.2567	2.374	2.3923	2.3899	2.3378	2.3037	2.2938	2.4401
2.2612	2.2622	2.211	2.2833	2.2814	2.2335	2.3637	2.3841	2.3845	2.322	2.2706	2.2633	2.4142
2.2377	2.2342	2.1832	2.2636	2.2569	2.2089	2.3531	2.3749	2.3772	2.3053	2.2372	2.2326	2.3862
2.2287	2.2224	2.1709	2.2577	2.248	2.1993	2.3548	2.3769	2.3825	2.3024	2.2223	2.2203	2.3747
2.2262	2.2204	2.1648	2.2576	2.2483	2.1953	2.3601	2.3824	2.39	2.3044	2.2195	2.2199	2.3729
2.2327	2.2317	2.1649	2.2687	2.2638	2.1995	2.3816	2.4055	2.4154	2.3205	2.2316	2.2355	2.3918
2.2633	2.2677	2.1916	2.3028	2.3029	2.2292	2.4217	2.4469	2.4598	2.3582	2.2703	2.2775	2.4339
2.2968	2.3016	2.2213	2.3399	2.3401	2.2621	2.4641	2.4904	2.506	2.3977	2.3036	2.3138	2.4707
2.3256	2.3304	2.2468	2.372	2.3718	2.2904	2.5003	2.5274	2.5459	2.4316	2.3314	2.3445	2.5007
2.3546	2.3596	2.2724	2.4045	2.4043	2.319	2.5376	2.5656	2.5872	2.4662	2.3598	2.376	2.5318
2.3881	2.3934	2.3021	2.4422	2.4418	2.3524	2.5811	2.6104	2.6354	2.5066	2.3926	2.4124	2.5689
2.5088	2.518	2.4153	2.5693	2.5719	2.4716	2.7198	2.7516	2.7822	2.6397	2.5196	2.5433	2.7087
2.5044	2.5134	2.4103	2.5654	2.5677	2.4673	2.7151	2.7468	2.7802	2.6357	2.5137	2.5382	2.6991
2.5011	2.51	2.4062	2.5627	2.5647	2.464	2.7118	2.7434	2.7796	2.6329	2.5088	2.5343	2.6911
2.5051	2.5142	2.4086	2.5683	2.5703	2.468	2.7187	2.7505	2.79	2.6393	2.5119	2.539	2.6933
2.5131	2.5224	2.4144	2.5784	2.5803	2.4759	2.7306	2.763	2.806	2.6504	2.519	2.548	2.7007
2.5313	2.5446	2.4304	2.5989	2.6045	2.4942	2.753	2.7866	2.834	2.6731	2.543	2.5743	2.7254
2.5437	2.5572	2.4404	2.6133	2.6188	2.5063	2.7692	2.8034	2.8545	2.6885	2.5545	2.5876	2.7373
2.5486	2.562	2.4439	2.6192	2.6245	2.5111	2.7753	2.8095	2.8642	2.6948	2.558	2.5923	2.7391
2.55	2.5632	2.4443	2.6214	2.6262	2.5125	2.7769	2.811	2.869	2.6968	2.5578	2.5931	2.7366
2.5654	2.5785	2.4573	2.6387	2.6431	2.5275	2.7957	2.8302	2.8923	2.715	2.5719	2.6089	2.751
2.6222	2.6402	2.5105	2.6984	2.7073	2.5838	2.8583	2.8948	2.9628	2.7776	2.6379	2.6777	2.8203
2.679	2.6978	2.5619	2.7589	2.7681	2.6391	2.9238	2.9619	3.0359	2.8408	2.6946	2.737	2.882
2.6677	2.6858	2.5518	2.7455	2.7541	2.6277	2.9055	2.9425	3.0183	2.8253	2.6812	2.7227	2.8618
2.6125	2.629	2.5021	2.6845	2.6922	2.5734	2.8336	2.868	2.9426	2.7594	2.623	2.6612	2.7899
2.4821	2.4944	2.3837	2.542	2.547	2.4446	2.6699	2.6988	2.7669	2.6067	2.4866	2.5174	2.6285
2.3683	2.3751	2.2808	2.4149	2.4162	2.3305	2.5206	2.5441	2.6039	2.4684	2.3648	2.3869	2.4822
2.2701	2.2718	2.1924	2.3056	2.3033	2.2329	2.3931	2.4123	2.4651	2.3501	2.2591	2.2736	2.3571
2.2342	2.2332	2.1601	2.2652	2.261	2.1972	2.345	2.3624	2.4136	2.306	2.2192	2.2309	2.3091
