2.7416	2.7416	2.7416	2.7416	2.7416	2.7416	2.7416	2.7416	2.7416	2.7416	2.7416	2.7416	2.7416
2.5865	2.5865	2.5865	2.5865	2.5865	2.5865	2.5865	2.5865	2.5865	2.5865	2.5865	2.5865	2.5865
2.7393	2.7393	2.7393	2.7393	2.7393	2.7393	2.7393	2.7393	2.7393	2.7393	2.7393	2.7393	2.7393
3.1391	3.1391	3.1391	3.1391	3.1391	3.1391	3.1391	3.1391	3.1391	3.1391	3.1391	3.1391	3.1391
3.4427	3.4427	3.4427	3.4427	3.4427	3.4427	3.4427	3.4427	3.4427	3.4427	3.4427	3.4427	3.4427
3.717	3.717	3.717	3.717	3.717	3.717	3.717	3.717	3.717	3.717	3.717	3.717	3.717
4.0075	4.0075	4.0075	4.0075	4.0075	4.0075	4.0075	4.0075	4.0075	4.0075	4.0075	4.0075	4.0075
4.1876	4.1876	4.1876	4.1876	4.1876	4.1876	4.1876	4.1876	4.1876	4.1876	4.1876	4.1876	4.1876
4.4125	4.4125	4.4125	4.4125	4.4125	4.4125	4.4125	4.4125	4.4125	4.4125	4.4125	4.4125	4.4125
4.623	4.623	4.623	4.623	4.623	4.623	4.623	4.623	4.623	4.623	4.623	4.623	4.623
4.9665	4.9665	4.9665	4.9665	4.9665	4.9665	4.9665	4.9665	4.9665	4.9665	4.9665	4.9665	4.9665
4.9773	4.9773	4.9773	4.9773	4.9773	4.9773	4.9773	4.9773	4.9773	4.9773	4.9773	4.9773	4.9773
4.9848	4.9848	4.9848	4.9848	4.9848	4.9848	4.9848	4.9848	4.9848	4.9848	4.9848	4.9848	4.9848
4.8781	4.8781	4.8781	4.8781	4.8781	4.8781	4.8781	4.8781	4.8781	4.8781	4.8781	4.8781	4.8781
4.9421	4.9421	4.9421	4.9421	4.9421	4.9421	4.9421	4.9421	4.9421	4.9421	4.9421	4.9421	4.9421
4.9773	4.9773	4.9773	4.9773	4.9773	4.9773	4.9773	4.9773	4.9773	4.9773	4.9773	4.9773	4.9773
4.9246	4.9246	4.9246	4.9246	4.9246	4.9246	4.9246	4.9246	4.9246	4.9246	4.9246	4.9246	4.9246
5.0572	5.0572	5.0572	5.0572	5.0572	5.0572	5.0572	5.0572	5.0572	5.0572	5.0572	5.0572	5.0572
5.0662	5.0662	5.0662	5.0662	5.0662	5.0662	5.0662	5.0662	5.0662	5.0662	5.0662	5.0662	5.0662
5.0358	5.0358	5.0358	5.0358	5.0358	5.0358	5.0358	5.0358	5.0358	5.0358	5.0358	5.0358	5.0358
5.0031	5.0031	5.0031	5.0031	5.0031	5.0031	5.0031	5.0031	5.0031	5.0031	5.0031	5.0031	5.0031
5.1538	5.1538	5.1538	5.1538	5.1538	5.1538	5.1538	5.1538	5.1538	5.1538	5.1538	5.1538	5.1538
5.3054	5.3054	5.3054	5.3054	5.3054	5.3054	5.3054	5.3054	5.3054	5.3054	5.3054	5.3054	5.3054
5.5121	5.5121	5.5121	5.5121	5.5121	5.5121	5.5121	5.5121	5.5121	5.5121	5.5121	5.5121	5.5121
4.091	4.091	4.091	4.091	4.091	4.091	4.091	4.091	4.091	4.091	4.091	4.091	4.091
4.2305	4.2305	4.2305	4.2305	4.2305	4.2305	4.2305	4.2305	4.2305	4.2305	4.2305	4.2305	4.2305
4.2304	4.2304	4.2304	4.2304	4.2304	4.2304	4.2304	4.2304	4.2304	4.2304	4.2304	4.2304	4.2304
4.2755	4.2755	4.2755	4.2755	4.2755	4.2755	4.2755	4.2755	4.2755	4.2755	4.2755	4.2755	4.2755
4.4532	4.4532	4.4532	4.4532	4.4532	4.4532	4.4532	4.4532	4.4532	4.4532	4.4532	4.4532	4.4532
4.7033	4.7033	4.7033	4.7033	4.7033	4.7033	4.7033	4.7033	4.7033	4.7033	4.7033	4.7033	4.7033
4.9424	4.9424	4.9424	4.9424	4.9424	4.9424	4.9424	4.9424	4.9424	4.9424	4.9424	4.9424	4.9424
4.5084	4.5084	4.5084	4.5084	4.5084	4.5084	4.5084	4.5084	4.5084	4.5084	4.5084	4.5084	4.5084
4.2242	4.2242	4.2242	4.2242	4.2242	4.2242	4.2242	4.2242	4.2242	4.2242	4.2242	4.2242	4.2242
3.901	3.901	3.901	3.901	3.901	3.901	3.901	3.901	3.901	3.901	3.901	3.901	3.901
3.8424	3.8424	3.8424	3.8424	3.8424	3.8424	3.8424	3.8424	3.8424	3.8424	3.8424	3.8424	3.8424
3.9411	3.9411	3.9411	3.9411	3.9411	3.9411	3.9411	3.9411	3.9411	3.9411	3.9411	3.9411	3.9411
3.9839	3.9839	3.9839	3.9839	3.9839	3.9839	3.9839	3.9839	3.9839	3.9839	3.9839	3.9839	3.9839
3.9204	3.9204	3.9204	3.9204	3.9204	3.9204	3.9204	3.9204	3.9204	3.9204	3.9204	3.9204	3.9204
3.8321	3.8321	3.8321	3.8321	3.8321	3.8321	3.8321	3.8321	3.8321	3.8321	3.8321	3.8321	3.8321
3.7435	3.7435	3.7435	3.7435	3.7435	3.7435	3.7435	3.7435	3.7435	3.7435	3.7435	3.7435	3.7435
3.6346	3.6346	3.6346	3.6346	3.6346	3.6346	3.6346	3.6346	3.6346	3.6346	3.6346	3.6346	3.6346
3.8973	3.8973	3.8973	3.8973	3.8973	3.8973	3.8973	3.8973	3.8973	3.8973	3.8973	3.8973	3.8973
3.8895	3.8895	3.8895	3.8895	3.8895	3.8895	3.8895	3.8895	3.8895	3.8895	3.8895	3.8895	3.8895
3.8643	3.8643	3.8643	3.8643	3.8643	3.8643	3.8643	3.8643	3.8643	3.8643	3.8643	3.8643	3.8643
3.8553	3.8553	3.8553	3.8553	3.8553	3.8553	3.8553	3.8553	3.8553	3.8553	3.8553	3.8553	3.8553
3.8555	3.8555	3.8555	3.8555	3.8555	3.8555	3.8555	3.8555	3.8555	3.8555	3.8555	3.8555	3.8555
3.9141	3.9141	3.9141	3.9141	3.9141	3.9141	3.9141	3.9141	3.9141	3.9141	3.9141	3.9141	3.9141
3.9285	3.9285	3.9285	3.9285	3.9285	3.9285	3.9285	3.9285	3.9285	3.9285	3.9285	3.9285	3.9285
3.9219	3.9219	3.9219	3.9219	3.9219	3.9219	3.9219	3.9219	3.9219	3.9219	3.9219	3.9219	3.9219
3.9061	3.9061	3.9061	3.9061	3.9061	3.9061	3.9061	3.9061	3.9061	3.9061	3.9061	3.9061	3.9061
3.9229	3.9229	3.9229	3.9229	3.9229	3.9229	3.9229	3.9229	3.9229	3.9229	3.9229	3.9229	3.9229
4.097	4.097	4.097	4.097	4.097	4.097	4.097	4.097	4.097	4.097	4.097	4.097	4.097
4.3039	4.3039	4.3039	4.3039	4.3039	4.3039	4.3039	4.3039	4.3039	4.3039	4.3039	4.3039	4.3039
4.3438	4.3438	4.3438	4.3438	4.3438	4.3438	4.3438	4.3438	4.3438	4.3438	4.3438	4.3438	4.3438
4.2545	4.2545	4.2545	4.2545	4.2545	4.2545	4.2545	4.2545	4.2545	4.2545	4.2545	4.2545	4.2545
4.0041	4.0041	4.0041	4.0041	4.0041	4.0041	4.0041	4.0041	4.0041	4.0041	4.0041	4.0041	4.0041
3.9599	3.9599	3.9599	3.9599	3.9599	3.9599	3.9599	3.9599	3.9599	3.9599	3.9599	3.9599	3.9599
3.9315	3.9315	3.9315	3.9315	3.9315	3.9315	3.9315	3.9315	3.9315	3.9315	3.9315	3.9315	3.9315
3.91	3.91	3.91	3.91	3.91	3.91	3.91	3.91	3.91	3.91	3.91	3.91	3.91
