-0.13029	-0.13029	-0.13029	-0.13029	-0.13029	-0.13029	-0.13029	-0.13036	-0.13045	-0.13045	-0.13045	-0.13045	-0.13045
-6.9849	-6.9849	-6.9877	-6.9877	-6.9877	-6.9877	-6.984	-6.9466	-6.942	-6.9414	-6.9412	-6.9411	-6.941
-8.5116	-8.5116	-8.518	-8.518	-8.518	-8.518	-8.5123	-8.468	-8.4637	-8.463	-8.4627	-8.4626	-8.4625
-8.6817	-8.6817	-8.6911	-8.6911	-8.6911	-8.6911	-8.6879	-8.6416	-8.6354	-8.6346	-8.6343	-8.6342	-8.6341
-8.66	-8.66	-8.672	-8.672	-8.672	-8.672	-8.6707	-8.627	-8.616	-8.615	-8.6147	-8.6146	-8.6145
-8.5621	-8.5621	-8.5765	-8.5765	-8.5765	-8.5765	-8.5764	-8.5447	-8.5202	-8.5191	-8.5188	-8.5187	-8.5186
-8.2441	-8.2441	-8.2603	-8.2603	-8.2603	-8.2603	-8.2603	-8.2506	-8.2065	-8.2042	-8.2038	-8.2036	-8.2035
-8.6079	-8.6079	-8.627	-8.627	-8.627	-8.627	-8.627	-8.6153	-8.5701	-8.5679	-8.5674	-8.5672	-8.5671
-9.0654	-9.0654	-9.0869	-9.0869	-9.0869	-9.0869	-9.0869	-9.0538	-9.0273	-9.0259	-9.0255	-9.0254	-9.0253
-8.6798	-8.6798	-8.7016	-8.7016	-8.7016	-8.7016	-8.7001	-8.6533	-8.6451	-8.6443	-8.644	-8.6439	-8.6438
-7.9444	-7.9444	-7.9659	-7.9659	-7.9659	-7.9659	-7.9646	-7.9242	-7.9139	-7.913	-7.9128	-7.9127	-7.9126
-7.4356	-7.4356	-7.457	-7.457	-7.457	-7.457	-7.4564	-7.4211	-7.4083	-7.4074	-7.4071	-7.407	-7.4069
-7.0802	-7.0802	-7.1019	-7.1019	-7.1019	-7.1019	-7.1018	-7.0745	-7.0552	-7.0542	-7.0539	-7.0538	-7.0537
-6.5848	-6.5848	-6.6062	-6.6062	-6.6062	-6.6062	-6.6062	-6.597	-6.5632	-6.5613	-6.5609	-6.5607	-6.5606
-5.9555	-5.9555	-5.9764	-5.9764	-5.9764	-5.9764	-5.9764	-5.9764	-5.9479	-5.9348	-5.9341	-5.9339	-5.9338
-6.1767	-6.1767	-6.2001	-6.2001	-6.2001	-6.2001	-6.2001	-6.2001	-6.1852	-6.1557	-6.1545	-6.1542	-6.154
-6.1985	-6.1985	-6.2229	-6.2229	-6.2229	-6.2229	-6.2229	-6.2229	-6.2214	-6.1855	-6.179	-6.1776	-6.1769
-6.9725	-6.9725	-7.0007	-7.0007	-7.0007	-7.0007	-7.0007	-7.0007	-6.9907	-6.9506	-6.9491	-6.9488	-6.9487
-7.1677	-7.1677	-7.1969	-7.1969	-7.1969	-7.1969	-7.1969	-7.1969	-7.1727	-7.146	-7.1448	-7.1446	-7.1444
-7.0133	-7.0133	-7.0423	-7.0423	-7.0423	-7.0423	-7.0423	-7.0423	-7.0098	-6.9927	-6.9919	-6.9917	-6.9916
-6.7556	-6.7556	-6.7841	-6.7841	-6.7841	-6.7841	-6.7841	-6.7841	-6.7557	-6.7366	-6.7356	-6.7355	-6.7354
-6.412	-6.412	-6.4401	-6.4401	-6.4401	-6.4401	-6.4401	-6.4401	-6.4121	-6.3943	-6.3934	-6.3932	-6.393
-6.0374	-6.0374	-6.0648	-6.0648	-6.0648	-6.0648	-6.0648	-6.0648	-6.0389	-6.021	-6.0201	-6.0199	-6.0198
-5.8317	-5.8317	-5.8592	-5.8592	-5.8592	-5.8592	-5.8592	-5.8591	-5.8266	-5.816	-5.8153	-5.8151	-5.815
-6.4614	-6.4614	-6.4918	-6.4918	-6.4918	-6.4918	-6.4919	-6.467	-6.4448	-6.4439	-6.4437	-6.4436	-6.4436
-5.9388	-5.9388	-5.9673	-5.9673	-5.9673	-5.9673	-5.9635	-5.927	-5.9238	-5.9233	-5.9231	-5.923	-5.923
-5.182	-5.182	-5.207	-5.207	-5.207	-5.207	-5.2003	-5.1712	-5.1694	-5.169	-5.1688	-5.1688	-5.1687
-4.6491	-4.6491	-4.6718	-4.6718	-4.6718	-4.6718	-4.6622	-4.6392	-4.638	-4.6377	-4.6376	-4.6376	-4.6375
-4.1998	-4.1998	-4.2209	-4.2209	-4.2209	-4.2209	-4.2144	-4.1913	-4.19	-4.1897	-4.1896	-4.1896	-4.1895
-3.8115	-3.8115	-3.8314	-3.8314	-3.8314	-3.8314	-3.828	-3.8045	-3.8027	-3.8023	-3.8022	-3.8022	-3.8021
-3.4984	-3.4984	-3.5175	-3.5175	-3.5175	-3.5175	-3.5157	-3.4909	-3.4903	-3.4899	-3.4898	-3.4898	-3.4897
-4.0313	-4.0313	-4.0523	-4.0523	-4.0523	-4.0521	-4.0391	-4.0233	-4.0225	-4.0223	-4.0222	-4.0222	-4.0222
-4.2005	-4.2005	-4.2215	-4.2215	-4.2215	-4.2175	-4.2038	-4.1918	-4.1917	-4.1917	-4.1917	-4.1917	-4.1917
-4.0703	-4.0703	-4.0898	-4.0898	-4.0894	-4.0794	-4.0638	-4.0628	-4.0626	-4.0625	-4.0624	-4.0624	-4.0624
-3.9128	-3.9128	-3.9302	-3.9311	-3.9296	-3.9132	-3.9063	-3.9059	-3.9057	-3.9057	-3.9056	-3.9056	-3.9056
-3.6247	-3.6245	-3.6337	-3.6414	-3.6376	-3.621	-3.6189	-3.6185	-3.6184	-3.6183	-3.6183	-3.6183	-3.6183
-3.1729	-3.1727	-3.1762	-3.1868	-3.1835	-3.17	-3.1682	-3.1679	-3.1678	-3.1677	-3.1677	-3.1677	-3.1677
-3.0047	-3.0044	-3.0039	-3.0175	-3.0142	-3.002	-3.0005	-3.0003	-3.0002	-3.0001	-3.0001	-3.0001	-3.0001
-2.9658	-2.9655	-2.9637	-2.9782	-2.9746	-2.9632	-2.9619	-2.9617	-2.9616	-2.9615	-2.9615	-2.9615	-2.9615
-2.9217	-2.9213	-2.9186	-2.9335	-2.9297	-2.9191	-2.9181	-2.9179	-2.9178	-2.9177	-2.9177	-2.9177	-2.9177
-2.8129	-2.8124	-2.8099	-2.8238	-2.8199	-2.8104	-2.8095	-2.8093	-2.8092	-2.8092	-2.8092	-2.8092	-2.8091
-1.5333	-1.533	-1.5319	-1.5394	-1.5382	-1.5328	-1.5315	-1.5314	-1.5313	-1.5313	-1.5313	-1.5313	-1.5313
-2.4436	-2.4432	-2.4411	-2.4535	-2.4515	-2.4427	-2.4409	-2.4407	-2.4406	-2.4406	-2.4405	-2.4405	-2.4405
-2.714	-2.7136	-2.7113	-2.7249	-2.7226	-2.7129	-2.7111	-2.7109	-2.7108	-2.7107	-2.7107	-2.7107	-2.7107
-2.62	-2.6196	-2.6174	-2.6306	-2.6284	-2.619	-2.6173	-2.617	-2.617	-2.6169	-2.6169	-2.6169	-2.6169
-2.405	-2.4046	-2.4025	-2.4148	-2.4128	-2.4042	-2.4026	-2.4023	-2.4022	-2.4022	-2.4022	-2.4022	-2.4021
-2.1081	-2.1077	-2.106	-2.117	-2.1154	-2.1077	-2.106	-2.1057	-2.1057	-2.1056	-2.1056	-2.1056	-2.1056
-2.0768	-2.0764	-2.0747	-2.0857	-2.0841	-2.0767	-2.0747	-2.0745	-2.0744	-2.0744	-2.0743	-2.0743	-2.0743
-2.0716	-2.0713	-2.0695	-2.0806	-2.0789	-2.0713	-2.0695	-2.0693	-2.0693	-2.0692	-2.0692	-2.0692	-2.0692
-2.107	-2.1066	-2.105	-2.1161	-2.1144	-2.1067	-2.105	-2.1048	-2.1047	-2.1046	-2.1046	-2.1046	-2.1046
-1.8725	-1.8722	-1.8705	-1.8808	-1.8792	-1.8721	-1.8705	-1.8704	-1.8704	-1.8704	-1.8704	-1.8704	-1.8704
-1.1621	-1.1619	-1.161	-1.1674	-1.1668	-1.1632	-1.161	-1.1609	-1.1608	-1.1608	-1.1607	-1.1607	-1.1607
-0.80723	-0.80714	-0.80647	-0.81167	-0.81121	-0.80854	-0.80653	-0.80635	-0.80627	-0.80622	-0.8062	-0.80618	-0.80616
-1.4063	-1.4062	-1.4051	-1.413	-1.4123	-1.4082	-1.4052	-1.405	-1.4049	-1.4048	-1.4048	-1.4048	-1.4048
-2.0141	-2.0139	-2.0124	-2.023	-2.0219	-2.0159	-2.0125	-2.0122	-2.0121	-2.0121	-2.012	-2.012	-2.012
-3.1185	-3.1183	-3.1164	-3.1317	-3.1297	-3.1189	-3.116	-3.1157	-3.1156	-3.1156	-3.1155	-3.1155	-3.1155
-3.5399	-3.5397	-3.537	-3.5554	-3.5519	-3.5386	-3.537	-3.5367	-3.5366	-3.5365	-3.5365	-3.5365	-3.5365
-3.77	-3.7699	-3.7711	-3.7873	-3.7822	-3.7679	-3.7667	-3.7665	-3.7664	-3.7663	-3.7663	-3.7663	-3.7662
-3.2969	-3.2968	-3.3013	-3.3125	-3.3077	-3.2949	-3.294	-3.2938	-3.2937	-3.2937	-3.2936	-3.2936	-3.2936
