  1.4832218106331194e+000	
  1.4683044920345882e+000	
  1.4295185617302018e+000	
  1.6279700673024136e+000	
  1.6233504208300669e+000	
  1.5761037929305355e+000	
  1.6609947929176510e+000	
  1.6793224954937629e+000	
  1.7214152348623979e+000	
  1.5795072679857856e+000	
  1.4795576250876294e+000	
  1.6045737885600466e+000	
  1.6452887476841362e+000	
  1.5880063957672776e+000	
  1.5706108081484660e+000	
  1.5275652433001996e+000	
  1.6095963977663479e+000	
  1.5915340938878462e+000	
  1.5576210216384669e+000	
  1.6567142076923413e+000	
  1.6667826798921888e+000	
  1.7074409878006556e+000	
  1.6329791081209655e+000	
  1.5520641555448846e+000	
  1.5594905414878049e+000	
  1.6255680700904585e+000	
  3.6335047841540437e-004	
  5.3116127540706786e-004	
  2.9423803299424264e-004	
  1.4782779366768115e-003	
  1.5507350811942544e-003	
  1.3019529520152851e-003	
  1.7342792124547634e-003	
  1.7490274910471647e-003	
  1.9946044449034982e-003	
  1.2621736484064742e-003	
  4.2590561489669944e-004	
  1.3937212419186172e-003	
  1.1716515821184902e-003	
  2.0048388056491063e+001	
  2.0040948843659383e+001	
  2.0017649136916614e+001	
  2.0067545013427566e+001	
  2.0059057290072477e+001	
  2.0040234887978411e+001	
  2.0093023927958903e+001	
  2.0098168776148306e+001	
  2.0120339757256250e+001	
  2.0077615586442821e+001	
  2.0030886099904045e+001	
  2.0041857910078210e+001	
  2.0073231151931047e+001	
  2.0762719564056309e-001	
  2.0751817627373353e-001	
  2.0699281101279471e-001	
  1.0819542766098628e-001	
  9.0774791270102906e-002	
  8.7706101452578275e-002	
  1.7652797588222022e-001	
  1.4743084456281155e-001	
  1.3470365302586890e-001	
  2.6073400284668713e-001	
  2.3475427911931640e-001	
  9.2020697192281328e-002	
  8.0080263001383115e-002	
  4.1733907426757622e-001	
  4.1718443205212302e-001	
  4.1670008462978714e-001	
  4.1773729740434512e-001	
  4.1756085980995539e-001	
  4.1716958553678540e-001	
  4.1826693769761442e-001	
  4.1837388663132430e-001	
  4.1883476484179516e-001	
  4.1794663795887538e-001	
  4.1697525361309851e-001	
  4.1720332913519448e-001	
  4.1785550013339906e-001	
  1.6336097180301996e-002	
  1.6171817116675577e-002	
  1.5741846999851140e-002	
  1.7907329650832127e-002	
  1.7854838946609365e-002	
  1.7331304425442874e-002	
  1.8280227505157249e-002	
  1.8477886234969473e-002	
  1.8937134347467809e-002	
  1.7399230643785162e-002	
  1.6304437372338203e-002	
  1.7651588993687670e-002	
  1.8099741470577295e-002	
  3.3786765819427978e+002	
  3.6907738958671468e+000	
  8.4366059541111538e-001	
  8.4366059541111538e-001	
  8.4366011645113836e-001	
  8.4366011645115668e-001	
  8.4366011645113836e-001	
  8.4366011644356576e-001	
  8.2930542630546933e-001	
  3.3348625039442847e-001	
  7.6148130889415924e-002	
  3.1285685438018816e-002	
  1.5647142279274048e-002	
  8.8462593917772534e-003	
  3.5041673050134909e-003	
  8.5846089697725980e-001	
  8.5846089697731520e-001	
  8.5846064012155754e-001	
  8.5846064012307621e-001	
  8.5846064012111578e-001	
  8.5487200713925204e-001	
  7.1822838946525946e-001	
  1.5780738685405393e-001	
  6.3572339008275289e-002	
  3.1223551372435120e-002	
  1.7370116657165431e-002	
  1.0531119341184501e-002	
  4.5469905939631546e-003	
  8.4577084274713932e-001	
  8.4577084274712044e-001	
  8.4577032862270851e-001	
  8.4577032862270729e-001	
  8.4577032862128909e-001	
  8.4331324126023255e-001	
  5.5809900003843238e-001	
  9.4405796617517732e-002	
  3.6038536567680107e-002	
  1.7227677415099972e-002	
  9.4290524984340530e-003	
  5.6550950318400885e-003	
  2.4089075718060592e-003	
  9.2873703976787784e-003	
  9.2873703976787784e-003	
  9.2873646927705937e-003	
  9.2873646927709736e-003	
  9.2873646927704671e-003	
  9.2873646926923247e-003	
  9.1293422574292207e-003	
  3.6711565774842350e-003	
  8.3827062479231371e-004	
  3.4440597419877422e-004	
  1.7225031879169092e-004	
  9.7383341609101859e-005	
  3.8575346585102790e-005	
  9.4503089755698065e-003	
  9.4503089755711041e-003	
  9.4503058753861568e-003	
  9.4503058754011032e-003	
  9.4503058753813585e-003	
  9.4108006555832097e-003	
  7.9065686094607450e-003	
  1.7372119801265984e-003	
  6.9983181306944406e-004	
  3.4372236356919398e-004	
  1.9121776023322195e-004	
  1.1593111861240486e-004	
  5.0055240012729791e-005	
  9.3089648483044799e-003	
  9.3089648483041364e-003	
  9.3089586545261373e-003	
  9.3089586545261390e-003	
  9.3089586545117738e-003	
  9.2819147649521993e-003	
  6.1427080759722218e-003	
  1.0390760698930177e-003	
  3.9665764741173839e-004	
  1.8961619036251420e-004	
  1.0378073447742791e-004	
  6.2242724430094964e-005	
  2.6513607536769870e-005	
  8.4366059541111049e-001	
  8.4366059541111049e-001	
  8.4366011645107342e-001	
  8.4366011645110195e-001	
  8.4366011645107331e-001	
  8.4366011644356032e-001	
  8.2930542630553050e-001	
  3.3348625040950669e-001	
  7.6148130889557797e-002	
  3.1285685438042048e-002	
  1.5647142279282576e-002	
  8.8462593917940559e-003	
  3.5041673050103879e-003	
  8.5846089697728933e-001	
  8.5846089697723138e-001	
  8.5846064012147494e-001	
  8.5846064012300760e-001	
  8.5846064012119105e-001	
  8.5487200714017053e-001	
  7.1822838946485601e-001	
  1.5780738685474460e-001	
  6.3572339008135123e-002	
  3.1223551372391523e-002	
  1.7370116657145752e-002	
  1.0531119341186251e-002	
  4.5469905939644981e-003	
  8.4577084274713921e-001	
  8.4577084274716008e-001	
  8.4577032862270851e-001	
  8.4577032862271639e-001	
  8.4577032862128898e-001	
  8.4331324125922758e-001	
  5.5809900002704516e-001	
  9.4405796618276999e-002	
  3.6038536567689704e-002	
  1.7227677415077178e-002	
  9.4290524984384956e-003	
  5.6550950318386053e-003	
  2.4089075718067743e-003	
  1.7537549666133304e-002	
  1.7537549666133304e-002	
  1.7537539330181231e-002	
  1.7537539330180450e-002	
  1.7537539330180270e-002	
  1.7537539330024689e-002	
  1.7239142002113010e-002	
  6.9323276569284156e-003	
  1.5829252167164226e-003	
  6.5034952059721978e-004	
  3.2526413721205066e-004	
  1.8389114621669163e-004	
  7.2842691326960188e-005	
  1.7845219424434212e-002	
  1.7845219424433206e-002	
  1.7845213841730875e-002	
  1.7845213841762408e-002	
  1.7845213841724893e-002	
  1.7770615290948030e-002	
  1.4930142028810631e-002	
  3.2804143567276918e-003	
  1.3215072997087149e-003	
  6.4905824940707105e-004	
  3.6108056305496843e-004	
  2.1891519651105781e-004	
  9.4520374063388144e-005	
  1.7581453811627696e-002	
  1.7581453811628095e-002	
  1.7581442687910710e-002	
  1.7581442687911758e-002	
  1.7581442687882351e-002	
  1.7530366012480664e-002	
  1.1601477906038445e-002	
  1.9624596611873611e-003	
  7.4915076016419556e-004	
  3.5812019195339336e-004	
  1.9600634545979671e-004	
  1.1755523798749333e-004	
  5.0075144857196568e-005	
  5.6372027019553905e-001	
  5.6338174085531134e-001	
  1.7659547604687750e-001	
  5.6371619052870803e-001	
  5.5878796839605605e-001	
  8.8795484229806459e-002	
  1.9095992414695076e-002	
  6.9780369934740131e-003	
  3.2797181847834837e-003	
  1.7701183664219451e-003	
  1.0479314381482553e-003	
  6.6362845869212647e-004	
  3.0333646156471670e-004	
  6.2089817138816323e-003	
  6.2052530517979878e-003	
  1.9450744591919284e-003	
  6.2089356059678857e-003	
  6.1546542126500684e-003	
  9.7801958360242301e-004	
  2.1032889939215564e-004	
  7.6858161451431666e-005	
  3.6123785513337867e-005	
  1.9496606974391553e-005	
  1.1542226674780882e-005	
  7.3094000506712209e-006	
  3.3410374754748077e-006	
  5.6372027019562565e-001	
  5.6338174085535020e-001	
  1.7659547731067665e-001	
  5.6371619052898669e-001	
  5.5878796843584211e-001	
  8.8795484280308465e-002	
  1.9095992414819206e-002	
  6.9780369934794835e-003	
  3.2797181847757950e-003	
  1.7701183664342872e-003	
  1.0479314381444059e-003	
  6.6362845869157342e-004	
  3.0333646156471676e-004	
  1.1718319431526011e-002	
  1.1711282262299994e-002	
  3.6709735358637415e-003	
  1.1718233755112164e-002	
  1.1615788507088186e-002	
  1.8458336509792335e-003	
  3.9695741139065681e-004	
  1.4505575007762507e-004	
  6.8177050632191536e-005	
  3.6796286358303733e-005	
  2.1783845653535703e-005	
  1.3795158146239572e-005	
  6.3055982667098319e-006	
