  1.2525333248509951e+000	
  1.2465226646670042e+000	
  1.1994773657347859e+000	
  1.4093558402307655e+000	
  1.4122254923625874e+000	
  1.3562988850546740e+000	
  1.4465065845288883e+000	
  1.4672430849099916e+000	
  1.5108575882272144e+000	
  1.3602309547068701e+000	
  1.2589766868620615e+000	
  1.3964093538964935e+000	
  1.4367379210409494e+000	
  1.3568741891339695e+000	
  1.3492788160745810e+000	
  1.2963257754982691e+000	
  1.3870902867896353e+000	
  1.3777111553515700e+000	
  1.3319273147176149e+000	
  1.4470263749813186e+000	
  1.4592573433021259e+000	
  1.5028405438814478e+000	
  1.4180062541295777e+000	
  1.3342478738552737e+000	
  1.3504509933937383e+000	
  1.4137047974848460e+000	
  3.8847157040802278e-004	
  5.6754614134668852e-004	
  3.1400293685730334e-004	
  1.5887405602860586e-003	
  1.6615523533340846e-003	
  1.3932060384079094e-003	
  1.8665707510117763e-003	
  1.8777256096829435e-003	
  2.1374475574445452e-003	
  1.3800319072264353e-003	
  4.5445269465333474e-004	
  1.4914314840114070e-003	
  1.2590400665410716e-003	
  1.9933010362150974e+001	
  1.9930555734903319e+001	
  1.9902177640581492e+001	
  1.9957120428402892e+001	
  1.9952976951131721e+001	
  1.9928072433452797e+001	
  1.9989172198929175e+001	
  1.9995371344529616e+001	
  2.0019110859427489e+001	
  1.9971013097174918e+001	
  1.9922192062943470e+001	
  1.9938070963632885e+001	
  1.9967954930047412e+001	
  2.0770201999991278e-001	
  2.0758144247726140e-001	
  2.0702079098855222e-001	
  1.0067517892438736e-001	
  8.2311819358146965e-002	
  7.9640214123393421e-002	
  1.7374680241050566e-001	
  1.4317803763199752e-001	
  1.3030468796364916e-001	
  2.6051870012643197e-001	
  2.3481768587986540e-001	
  8.2792239328805417e-002	
  6.9652567957677242e-002	
  4.1493852214757038e-001	
  4.1488749618924087e-001	
  4.1429758235241182e-001	
  4.1543971018351683e-001	
  4.1535357738134032e-001	
  4.1483587192833560e-001	
  4.1610598640556568e-001	
  4.1623485131379229e-001	
  4.1672833871953258e-001	
  4.1572850393092387e-001	
  4.1471363581597903e-001	
  4.1504371883000019e-001	
  4.1566493249488501e-001	
  1.3798658626834321e-002	
  1.3732283560149808e-002	
  1.3211480194693410e-002	
  1.5500164337781215e-002	
  1.5529976358865409e-002	
  1.4911555837730734e-002	
  1.5917423625688158e-002	
  1.6141609952036149e-002	
  1.6617374907345755e-002	
  1.4984079958037171e-002	
  1.3876636669513021e-002	
  1.5359070995525789e-002	
  1.5802753139270608e-002	
  2.6883056065780892e+002	
  2.9372118588370917e+000	
  8.5293205631448266e-001	
  8.5293205631448266e-001	
  8.5180912752641991e-001	
  8.5293205635791225e-001	
  8.5292612433801129e-001	
  7.8566813424365134e-001	
  1.8600578723680333e-001	
  6.6389285131944739e-002	
  3.0674109993292627e-002	
  1.6360653666233078e-002	
  9.6081408921604491e-003	
  6.0514846385567511e-003	
  2.7446669884784742e-003	
  8.6664200754269805e-001	
  8.6419978623198046e-001	
  7.8027960919245765e-001	
  8.6664200756600585e-001	
  8.4154514256711055e-001	
  5.0792786613446039e-001	
  1.2741555761313492e-001	
  5.8640972976514764e-002	
  3.1308362318653360e-002	
  1.8318699094555649e-002	
  1.1464561434765437e-002	
  7.5601033246667738e-003	
  3.6484417882764707e-003	
  8.5440195467080149e-001	
  8.5369377138874369e-001	
  7.9318517418193824e-001	
  8.5440195471801184e-001	
  8.3832875660041273e-001	
  3.8469851877347361e-001	
  8.7836693594068677e-002	
  3.7024354410297014e-002	
  1.8796077772611480e-002	
  1.0642735635155762e-002	
  6.5102159760455887e-003	
  4.2221087272284507e-003	
  1.9917263580914168e-003	
  9.3917130861473647e-003	
  9.3917130861473647e-003	
  9.3793484143480047e-003	
  9.3917130866847734e-003	
  9.3916477686696743e-003	
  8.6510638721485518e-003	
  2.0481267800377088e-003	
  7.3101850650026561e-004	
  3.3775543795892577e-004	
  1.8014865779450578e-004	
  1.0579612043225373e-004	
  6.6633452277646714e-005	
  3.0221779896714599e-005	
  9.5425648028666030e-003	
  9.5156735895193488e-003	
  8.5916314583065530e-003	
  9.5425648031604582e-003	
  9.2662241013241921e-003	
  5.5927759508395368e-003	
  1.4029682439044165e-003	
  6.4569370035247396e-004	
  3.4473528134675930e-004	
  2.0170655437016130e-004	
  1.2623588456992684e-004	
  8.3244033019469487e-005	
  4.0172864794316033e-005	
  9.4059886976672613e-003	
  9.3981924093856917e-003	
  8.7320619326408579e-003	
  9.4059886982591785e-003	
  9.2290411631923731e-003	
  4.2350908724058051e-003	
  9.6698157426775998e-004	
  4.0759581274048599e-004	
  2.0692332703929370e-004	
  1.1716435168378559e-004	
  7.1670034876670477e-005	
  4.6480590021432681e-005	
  2.1926630095596477e-005	
  8.5293205631448266e-001	
  8.5293205631448266e-001	
  8.5180912752641991e-001	
  8.5293205635791225e-001	
  8.5292612433801129e-001	
  7.8566813424365134e-001	
  1.8600578723680333e-001	
  6.6389285131944739e-002	
  3.0674109993292627e-002	
  1.6360653666233078e-002	
  9.6081408921604491e-003	
  6.0514846385567511e-003	
  2.7446669884784746e-003	
  8.6664200754269805e-001	
  8.6419978623198035e-001	
  7.8027960919245754e-001	
  8.6664200756600573e-001	
  8.4154514256711055e-001	
  5.0792786613446050e-001	
  1.2741555761313489e-001	
  5.8640972976514764e-002	
  3.1308362318653360e-002	
  1.8318699094555649e-002	
  1.1464561434765437e-002	
  7.5601033246667747e-003	
  3.6484417882764707e-003	
  8.5440195467080149e-001	
  8.5369377138874369e-001	
  7.9318517418193812e-001	
  8.5440195471801195e-001	
  8.3832875660041273e-001	
  3.8469851877347361e-001	
  8.7836693594068677e-002	
  3.7024354410297014e-002	
  1.8796077772611480e-002	
  1.0642735635155762e-002	
  6.5102159760455879e-003	
  4.2221087272284498e-003	
  1.9917263580914168e-003	
  1.7730331767345935e-002	
  1.7730331767345935e-002	
  1.7706988882484193e-002	
  1.7730331774356491e-002	
  1.7730208462446381e-002	
  1.6332082467354604e-002	
  3.8665967515963723e-003	
  1.3800677819807131e-003	
  6.3763830049322768e-004	
  3.4009721556581084e-004	
  1.9972930366037763e-004	
  1.2579528407583219e-004	
  5.7054786408815746e-005	
  1.8015330575240126e-002	
  1.7964562871997103e-002	
  1.6220071240984506e-002	
  1.8015330579630669e-002	
  1.7493629212892568e-002	
  1.0558556286669948e-002	
  2.6486523509937770e-003	
  1.2189998917516902e-003	
  6.5082293727572677e-004	
  3.8080016547765901e-004	
  2.3831970103067255e-004	
  1.5715573372318469e-004	
  7.5842025109892840e-005	
  1.7760925626595567e-002	
  1.7746204229321494e-002	
  1.6488378583323447e-002	
  1.7760925634603339e-002	
  1.7426803181671537e-002	
  7.9969407176316235e-003	
  1.8259098935239615e-003	
  7.6964571698234796e-004	
  3.9072445648631436e-004	
  2.2123642745447810e-004	
  1.3533145742518539e-004	
  8.7767307500343875e-005	
  4.1403116551630810e-005	
  5.8030705059570575e-001	
  4.8732417002682760e-001	
  1.3475315071976919e-002	
  4.8564997480297196e-002	
  1.5947259590051003e-002	
  7.0460852956386625e-003	
  3.6902338000584117e-003	
  2.1334930247186704e-003	
  1.3247709007599337e-003	
  8.6304978679518907e-004	
  5.8481194670241988e-004	
  4.0972616815860782e-004	
  2.1559204583633187e-004	
  6.3930363658201532e-003	
  5.3686770438614688e-003	
  1.4845275308574766e-004	
  5.3502330305803833e-004	
  1.7568528659040429e-004	
  7.7624215465634972e-005	
  4.0653993188472110e-005	
  2.3503933786848560e-005	
  1.4594529803213527e-005	
  9.5079125211868623e-006	
  6.4426652038685987e-006	
  4.5138074582684430e-006	
  2.3751008846051396e-006	
  5.8030705059570575e-001	
  4.8732417002682799e-001	
  1.3475315071976921e-002	
  4.8564997480297196e-002	
  1.5947259590051003e-002	
  7.0460852956386643e-003	
  3.6902338000584117e-003	
  2.1334930247186704e-003	
  1.3247709007599337e-003	
  8.6304978679518918e-004	
  5.8481194670241988e-004	
  4.0972616815860782e-004	
  2.1559204583633187e-004	
  1.2063146482320718e-002	
  1.0130262662362262e-002	
  2.8011842943945583e-004	
  1.0095460289948170e-003	
  3.3150403433076570e-004	
  1.4647066403692381e-004	
  7.6710822033192115e-005	
  4.4350036500514688e-005	
  2.7538706301244175e-005	
  1.7940667769997553e-005	
  1.2156792115865369e-005	
  8.5171923706751281e-006	
  4.4816247305549482e-006	
