  8.8633978580335160e-001	
  8.8094149345902795e-001	
  8.4518526399617144e-001	
  1.0156151530876616e+000	
  1.0172628541669739e+000	
  9.7278929007116777e-001	
  1.0545485149417262e+000	
  1.0711377750891538e+000	
  1.1088977341184363e+000	
  9.7846087876356669e-001	
  8.9284675843901917e-001	
  1.0025234273844568e+000	
  1.0325484432755483e+000	
  1.0041099041280057e+000	
  9.9668070275047194e-001	
  9.5512098760940967e-001	
  1.0287624673311575e+000	
  1.0202027731606160e+000	
  9.8394272312763342e-001	
  1.0768966036887304e+000	
  1.0869291378464374e+000	
  1.1217339458488247e+000	
  1.0543977254715069e+000	
  9.8330543636437950e-001	
  9.9736054816040098e-001	
  1.0458565025528626e+000	
  3.0437106647182712e-004	
  4.4714912583684679e-004	
  2.4858753779049008e-004	
  1.2327671371428510e-003	
  1.3030916364509737e-003	
  1.0983935911879909e-003	
  1.4444358067668501e-003	
  1.4677398191974111e-003	
  1.6814955619979923e-003	
  1.0017278252003933e-003	
  3.5894466339920166e-004	
  1.1722047322616359e-003	
  9.8375968985540138e-004	
  1.9755997347657082e+001	
  1.9753353582413553e+001	
  1.9731084512932675e+001	
  1.9775286599788693e+001	
  1.9771534186448232e+001	
  1.9751868926092268e+001	
  1.9800941182989661e+001	
  1.9806132230161740e+001	
  1.9825137802233940e+001	
  1.9786371434019298e+001	
  1.9746004415752225e+001	
  1.9759131422166703e+001	
  1.9781966061544889e+001	
  2.0746140180809242e-001	
  2.0737876700758925e-001	
  2.0693094099281381e-001	
  1.2497969963439255e-001	
  1.0990761086446464e-001	
  1.0582848538135309e-001	
  1.8275023556451173e-001	
  1.5709001107764173e-001	
  1.4459188613379620e-001	
  2.6121750139876676e-001	
  2.3461188261448707e-001	
  1.1302914183893202e-001	
  1.0419352712514426e-001	
  4.1125417605686998e-001	
  4.1119921811754456e-001	
  4.1073629738509532e-001	
  4.1165515209992865e-001	
  4.1157714819102176e-001	
  4.1116835500901527e-001	
  4.1218844765725177e-001	
  4.1229635669230297e-001	
  4.1269143735154701e-001	
  4.1188557845079993e-001	
  4.1104644646953759e-001	
  4.1131932490151313e-001	
  4.1179400086603252e-001	
  9.7591226977180676e-003	
  9.6995365907976382e-003	
  9.3037484486155290e-003	
  1.1159982580331816e-002	
  1.1176822831840320e-002	
  1.0685731679150913e-002	
  1.1591845379964587e-002	
  1.1771273921954638e-002	
  1.2182356806488189e-002	
  1.0769639476849245e-002	
  9.8352469596084229e-003	
  1.1017656311862540e-002	
  1.1348072068199285e-002	
  1.4760239510863241e+002	
  1.6116989321618931e+000	
  8.1818591889871928e-001	
  8.1818591889871928e-001	
  8.1817181119550608e-001	
  8.1735088939901879e-001	
  6.8895370313150628e-001	
  1.4641032847251181e-001	
  5.5499320257633315e-002	
  2.6352517856318435e-002	
  1.4358579089252380e-002	
  8.5264729575461103e-003	
  5.3935501684267053e-003	
  3.5837305940868711e-003	
  1.7477443420544525e-003	
  8.3597448657337459e-001	
  8.3302528777894580e-001	
  7.2003844621376578e-001	
  7.9745563101053452e-001	
  4.0326295621407765e-001	
  1.1243461605337848e-001	
  5.2842028273118888e-002	
  2.8452280232217495e-002	
  1.6809192134658032e-002	
  1.0561911556266170e-002	
  6.9628385903009087e-003	
  4.7732150437382681e-003	
  2.4329534202464274e-003	
  8.2226853020763968e-001	
  8.2212112841359064e-001	
  7.7424501631346609e-001	
  7.0051524912771712e-001	
  1.4839806691267099e-001	
  5.5332176645346023e-002	
  2.6233177311154265e-002	
  1.4227367572784559e-002	
  8.4507341547460611e-003	
  5.3317266502092330e-003	
  3.5260176755573438e-003	
  2.4231906139490244e-003	
  1.2396344562398741e-003	
  9.0042041580547186e-003	
  9.0042041580547186e-003	
  9.0040489109166465e-003	
  8.9950145981622185e-003	
  7.5819928683349665e-003	
  1.6112578545577449e-003	
  6.1077464013059406e-004	
  2.9001165303175780e-004	
  1.5801735832409142e-004	
  9.3834544782990024e-005	
  5.9356468652151272e-005	
  3.9439253557104024e-005	
  1.9234071995526036e-005	
  9.1998287061574729e-003	
  9.1673730221970492e-003	
  7.9239623648091565e-003	
  8.7759319546458475e-003	
  4.4378748160296020e-003	
  1.2373334651282380e-003	
  5.8152206359226232e-004	
  3.1311494382714781e-004	
  1.8498374148057778e-004	
  1.1623294571271972e-004	
  7.6625451326761573e-005	
  5.2528828905417493e-005	
  2.6774447154766537e-005	
  9.0469566855054615e-003	
  9.0453349067354857e-003	
  8.5185810677547089e-003	
  7.7073740362561148e-003	
  1.6327401985831655e-003	
  6.0878871914604488e-004	
  2.8862884821145455e-004	
  1.5653569778780341e-004	
  9.2978659682600487e-005	
  5.8661979971456569e-005	
  3.8794782972280850e-005	
  2.6660999069926217e-005	
  1.3638998473579858e-005	
  8.1818591889871983e-001	
  8.1818591889871939e-001	
  8.1817181119550642e-001	
  8.1735088939901257e-001	
  6.8895370313149074e-001	
  1.4641032847251204e-001	
  5.5499320257633239e-002	
  2.6352517856318453e-002	
  1.4358579089252371e-002	
  8.5264729575461103e-003	
  5.3935501684267053e-003	
  3.5837305940868698e-003	
  1.7477443420544532e-003	
  8.3597448657337448e-001	
  8.3302528777894624e-001	
  7.2003844621377255e-001	
  7.9745563101053396e-001	
  4.0326295621407499e-001	
  1.1243461605337852e-001	
  5.2842028273118929e-002	
  2.8452280232217478e-002	
  1.6809192134658035e-002	
  1.0561911556266172e-002	
  6.9628385903009070e-003	
  4.7732150437382690e-003	
  2.4329534202464274e-003	
  8.2226853020763879e-001	
  8.2212112841359108e-001	
  7.7424501631346809e-001	
  7.0051524912770924e-001	
  1.4839806691267116e-001	
  5.5332176645346030e-002	
  2.6233177311154265e-002	
  1.4227367572784559e-002	
  8.4507341547460559e-003	
  5.3317266502092278e-003	
  3.5260176755573447e-003	
  2.4231906139490240e-003	
  1.2396344562398732e-003	
  1.7008065702966972e-002	
  1.7008065702966955e-002	
  1.7007772547867301e-002	
  1.6990707609542140e-002	
  1.4321646977751321e-002	
  3.0435093387355555e-003	
  1.1536938767574749e-003	
  5.4780379912083182e-004	
  2.9847941732666789e-004	
  1.7724432650096205e-004	
  1.1211859485216218e-004	
  7.4496913162719417e-005	
  3.6331290832784594e-005	
  1.7377849347396210e-002	
  1.7316542772495322e-002	
  1.4967824824192793e-002	
  1.6577137325211069e-002	
  8.3828430342255712e-003	
  2.3372385751977880e-003	
  1.0984555397076706e-003	
  5.9145278594636118e-004	
  3.4942167855211363e-004	
  2.1955611162692782e-004	
  1.4474025450983725e-004	
  9.9223377261831687e-005	
  5.0575105639425758e-005	
  1.7092963247601865e-002	
  1.7089899122722067e-002	
  1.6094671266237408e-002	
  1.4562008658805631e-002	
  3.0848349502340089e-003	
  1.1502214003348739e-003	
  5.4532396462150811e-004	
  2.9575237488857427e-004	
  1.7567021326966403e-004	
  1.1083363179795956e-004	
  7.3297333191022596e-005	
  5.0372240345436714e-005	
  2.5768985902529227e-005	
  5.2078400946520087e-001	
  4.2270176617901789e-001	
  1.1657772995651149e-002	
  5.9283513692814850e-002	
  1.6474157277865498e-002	
  6.7143651381640019e-003	
  3.3538365490412862e-003	
  1.8810619656234088e-003	
  1.1434164221960947e-003	
  7.3368795369071322e-004	
  4.9144006526633205e-004	
  3.4109109729713559e-004	
  1.7701619972748322e-004	
  5.7338824138127055e-003	
  4.6539874098933034e-003	
  1.2835321043695415e-004	
  6.5271723042996681e-004	
  1.8138206813303942e-004	
  7.3925810859498328e-005	
  3.6926065424972899e-005	
  2.0710674535100705e-005	
  1.2589125616793503e-005	
  8.0779754717910933e-006	
  5.4108027440109078e-006	
  3.7554460363604775e-006	
  1.9489655136296047e-006	
  5.2078400946520087e-001	
  4.2270176617901772e-001	
  1.1657772995651156e-002	
  5.9283513692803491e-002	
  1.6474157277865480e-002	
  6.7143651381640053e-003	
  3.3538365490412853e-003	
  1.8810619656234088e-003	
  1.1434164221960947e-003	
  7.3368795369071322e-004	
  4.9144006526633205e-004	
  3.4109109729713581e-004	
  1.7701619972748325e-004	
  1.0825821725694955e-002	
  8.7869325475746878e-003	
  2.4233649619666631e-004	
  1.2323587883457160e-003	
  3.4245730761259751e-004	
  1.3957517634139907e-004	
  6.9718032619921533e-005	
  3.9102662744105397e-005	
  2.3768821840916562e-005	
  1.5251572322603618e-005	
  1.0215833120741846e-005	
  7.0904469847421644e-006	
  3.6797324513905230e-006	
