   3.2112203689260710e-01	   3.2016200730078381e-01	   3.2686130991765872e-01	   3.1944276094852952e-01	   3.1881684119428044e-01	   3.2418355307184399e-01	   3.1916471789728007e-01	   3.1884792460190603e-01	   3.1819808025423946e-01	   3.1982283534137679e-01	   3.1851365321511338e-01	   3.1828088760144091e-01	   3.1739535588881651e-01	
   3.2112105958526094e-01	   3.2016111193411412e-01	   3.2686045595209379e-01	   3.1944268552597244e-01	   3.1881678658285395e-01	   3.2418352299279363e-01	   3.1916473243120969e-01	   3.1884793837400061e-01	   3.1819808949484774e-01	   3.1982282108922178e-01	   3.1851308521058108e-01	   3.1828084161711345e-01	   3.1739543446263063e-01	
   3.2111929951295082e-01	   3.2015955867015222e-01	   3.2685884380456720e-01	   3.1944246724591174e-01	   3.1881663547217443e-01	   3.2418343291018559e-01	   3.1916476280180461e-01	   3.1884796738257393e-01	   3.1819810917954605e-01	   3.1982277030118134e-01	   3.1851211399769319e-01	   3.1828071568917871e-01	   3.1739556044740880e-01	
   3.2111702169723699e-01	   3.2015761790371577e-01	   3.2685668561605041e-01	   3.1944206446810064e-01	   3.1881636877550967e-01	   3.2418326168914824e-01	   3.1916480718008344e-01	   3.1884801014303576e-01	   3.1819813877675962e-01	   3.1982266283114846e-01	   3.1851090408685501e-01	   3.1828049451454454e-01	   3.1739569997801809e-01	
   3.2107796184144277e-01	   3.2012956882154775e-01	   3.2682167177644494e-01	   3.1942316060340481e-01	   3.1880622700852790e-01	   3.2417330010114931e-01	   3.1916498184059172e-01	   3.1884828016726097e-01	   3.1819882019412660e-01	   3.1981553565829657e-01	   3.1849160142560784e-01	   3.1827146648666371e-01	   3.1739328466340311e-01	
   3.2102683891599426e-01	   3.2009534747912127e-01	   3.2677773699574253e-01	   3.1939182012896694e-01	   3.1878973918586517e-01	   3.2415457936685321e-01	   3.1916377131091522e-01	   3.1884734250819946e-01	   3.1819958508605417e-01	   3.1980252248686725e-01	   3.1846612324981649e-01	   3.1825607161350966e-01	   3.1738533407010827e-01	
   3.2096815579318871e-01	   3.2005650616473424e-01	   3.2672685913737176e-01	   3.1935260872062443e-01	   3.1876832778254816e-01	   3.2412802998327273e-01	   3.1916039812318608e-01	   3.1884441221263771e-01	   3.1820012287675503e-01	   3.1978483220318488e-01	   3.1843556231980763e-01	   3.1823537350672559e-01	   3.1737175745294444e-01	
   3.2084333268311838e-01	   3.1997088518287420e-01	   3.2661219173824030e-01	   3.1926567965623320e-01	   3.1871621650880755e-01	   3.2405910026556128e-01	   3.1914708577307493e-01	   3.1883222645290310e-01	   3.1819982509162514e-01	   3.1974115090260824e-01	   3.1836487228131816e-01	   3.1818353476564809e-01	   3.1733236111852747e-01	
   3.2071349336693089e-01	   3.1987513615105989e-01	   3.2648140753033239e-01	   3.1917255976221526e-01	   3.1865224326232955e-01	   3.2397059405964157e-01	   3.1912390707100613e-01	   3.1881025985658340e-01	   3.1819683164791002e-01	   3.1968757484435173e-01	   3.1828200077765878e-01	   3.1811839377149376e-01	   3.1727740994780262e-01	
   3.2058453564132172e-01	   3.1977142457262353e-01	   3.2633900372158742e-01	   3.1907894177796159e-01	   3.1857850440175639e-01	   3.2386735526324095e-01	   3.1909091024040492e-01	   3.1877821346348867e-01	   3.1819023250823086e-01	   3.1962651484906957e-01	   3.1818935918259683e-01	   3.1804235142329773e-01	   3.1720980337568427e-01	
   3.2045816423864615e-01	   3.1966161608720789e-01	   3.2618919153803994e-01	   3.1898629676452295e-01	   3.1849677061002168e-01	   3.2375385361516074e-01	   3.1904900710499895e-01	   3.1873675166060877e-01	   3.1817943018697115e-01	   3.1955950723561166e-01	   3.1808911355413194e-01	   3.1795754265351306e-01	   3.1713213548800745e-01	
   3.2022674611886792e-01	   3.1944361178637415e-01	   3.2589769741453445e-01	   3.1881412472367643e-01	   3.1832697184319692e-01	   3.2352437098204234e-01	   3.1895075349397395e-01	   3.1863773247242655e-01	   3.1814714581379633e-01	   3.1942127337636350e-01	   3.1788597691018161e-01	   3.1778068839583007e-01	   3.1696620659760200e-01	
   3.2000263349463154e-01	   3.1921596298944976e-01	   3.2560358776012599e-01	   3.1864370303269496e-01	   3.1814191724111041e-01	   3.2328519243085552e-01	   3.1883212442851416e-01	   3.1851625857726162e-01	   3.1809829849405169e-01	   3.1927084278171591e-01	   3.1766977080294190e-01	   3.1758746259802351e-01	   3.1678136254265077e-01	
   3.1978538895915953e-01	   3.1898208668845740e-01	   3.2531100123067702e-01	   3.1847683818142514e-01	   3.1794705105658849e-01	   3.2304348468481514e-01	   3.1869916787075070e-01	   3.1837885523278153e-01	   3.1803350918702122e-01	   3.1911247458538128e-01	   3.1744512382614332e-01	   3.1738376560008774e-01	   3.1658442515736240e-01	
   3.1957716782837764e-01	   3.1874623292127424e-01	   3.2502239677945077e-01	   3.1831482238153797e-01	   3.1774654234895117e-01	   3.2280154365094127e-01	   3.1855635057853604e-01	   3.1823055252333532e-01	   3.1795426805536486e-01	   3.1894903629536842e-01	   3.1721667853479296e-01	   3.1717404931108639e-01	   3.1637986514465588e-01	
   3.1937223330014142e-01	   3.1850743719052943e-01	   3.2473416066225447e-01	   3.1815506788479553e-01	   3.1754196754785191e-01	   3.2255866609043338e-01	   3.1840661706539208e-01	   3.1807471048050928e-01	   3.1786237232789283e-01	   3.1878122997697211e-01	   3.1698444375538593e-01	   3.1696004214176732e-01	   3.1617068231426515e-01	
   3.1894309493663009e-01	   3.1799190270875854e-01	   3.2411753343675187e-01	   3.1781659776775051e-01	   3.1709404350999115e-01	   3.2203222275950516e-01	   3.1806750447338494e-01	   3.1772153436238071e-01	   3.1762928392220502e-01	   3.1840869729293786e-01	   3.1648099303205335e-01	   3.1649217963836129e-01	   3.1571132307472993e-01	
   3.1850864979898752e-01	   3.1748400958098166e-01	   3.2351171416200586e-01	   3.1746148546241137e-01	   3.1664500363293158e-01	   3.2150488923599063e-01	   3.1770946171327807e-01	   3.1735010766364979e-01	   3.1735606227845103e-01	   3.1802021476279307e-01	   3.1598213307604262e-01	   3.1602394416085922e-01	   3.1524864055820778e-01	
   3.1805181348132372e-01	   3.1697803573926819e-01	   3.2291308138865382e-01	   3.1707888574361576e-01	   3.1619431157259292e-01	   3.2097969459954356e-01	   3.1733345625517551e-01	   3.1696283676163617e-01	   3.1705057450093221e-01	   3.1761553148501598e-01	   3.1548534822434249e-01	   3.1555602202737454e-01	   3.1478635958714918e-01	
   3.1758605462584022e-01	   3.1647028858849957e-01	   3.2231876885613353e-01	   3.1668111703253565e-01	   3.1573823138031365e-01	   3.2045434302530040e-01	   3.1694059500808613e-01	   3.1656096102383735e-01	   3.1671852379111520e-01	   3.1719769163163214e-01	   3.1498675353658356e-01	   3.1508434082838654e-01	   3.1432030477929196e-01	
   3.1711480277096804e-01	   3.1596152657775711e-01	   3.2172789812490166e-01	   3.1627045734716752e-01	   3.1527730289893086e-01	   3.1992755390053418e-01	   3.1653328072533959e-01	   3.1614633443988183e-01	   3.1636433666792918e-01	   3.1676850111272969e-01	   3.1448596861549660e-01	   3.1460837575902900e-01	   3.1384893712527173e-01	
   3.1661322379572532e-01	   3.1543693632030134e-01	   3.2112247800308857e-01	   3.1582533950547109e-01	   3.1479843351078785e-01	   3.1938390364638636e-01	   3.1609957684830547e-01	   3.1570660749125068e-01	   3.1597930201998636e-01	   3.1631352677807811e-01	   3.1396873916755830e-01	   3.1411482172982730e-01	   3.1335936788279284e-01	
   3.1609698017764920e-01	   3.1491275623851678e-01	   3.2052293987727687e-01	   3.1536082681227207e-01	   3.1431637274148549e-01	   3.1884182512165182e-01	   3.1565288011603521e-01	   3.1525534652376841e-01	   3.1557656489034080e-01	   3.1584756518721058e-01	   3.1345143608052517e-01	   3.1361931956230826e-01	   3.1286744721414905e-01	
   3.1557480990196396e-01	   3.1438810841888376e-01	   3.1992951202375330e-01	   3.1488656121081426e-01	   3.1383090717862494e-01	   3.1830231235963069e-01	   3.1519560713810790e-01	   3.1479461018935062e-01	   3.1515860724762312e-01	   3.1537399266556854e-01	   3.1293327992965025e-01	   3.1312142298922652e-01	   3.1237282355545126e-01	
   3.1505108496876488e-01	   3.1386292648782899e-01	   3.1934160113999965e-01	   3.1440732592380449e-01	   3.1334244824288149e-01	   3.1776528840765650e-01	   3.1473087178679471e-01	   3.1432701290756704e-01	   3.1472815639710383e-01	   3.1489518544702833e-01	   3.1241399372605727e-01	   3.1262109354690537e-01	   3.1187533131071810e-01	
   3.1452482704219520e-01	   3.1333804317612568e-01	   3.1875910993628409e-01	   3.1392247764894243e-01	   3.1285201001174379e-01	   3.1723087555413088e-01	   3.1426070659446026e-01	   3.1385434355479802e-01	   3.1428770847408138e-01	   3.1441210593685653e-01	   3.1189439776602157e-01	   3.1211925216645398e-01	   3.1137585712093241e-01	
   3.1346954839039931e-01	   3.1229167470780972e-01	   3.1760496998756160e-01	   3.1294720916830165e-01	   3.1187233673235504e-01	   3.1617139394279903e-01	   3.1331996104322357e-01	   3.1290960700935955e-01	   3.1339888581349840e-01	   3.1344511621878013e-01	   3.1086026393056798e-01	   3.1111933232708111e-01	   3.1038174924780115e-01	
   3.1256116596845018e-01	   3.1139345549768827e-01	   3.1663530268932760e-01	   3.1209342352123137e-01	   3.1101957476820097e-01	   3.1526637100354193e-01	   3.1248407198036787e-01	   3.1207065253835431e-01	   3.1259798620819623e-01	   3.1259604524902507e-01	   3.0996633016266983e-01	   3.1024878607222028e-01	   3.0951178412541580e-01	
   3.1165615670802893e-01	   3.1050183912895157e-01	   3.1568630046630020e-01	   3.1124144483141158e-01	   3.1017245491615775e-01	   3.1438203440803392e-01	   3.1165088320217471e-01	   3.1123486223760821e-01	   3.1178988120994511e-01	   3.1175145191020270e-01	   3.0908044863764417e-01	   3.0938579518191567e-01	   3.0865034961791160e-01	
   3.1075997953733392e-01	   3.0961982536159560e-01	   3.1475401570135730e-01	   3.1039499806362336e-01	   3.0933216348261183e-01	   3.1351093278209063e-01	   3.1082292411999113e-01	   3.1040462675036018e-01	   3.1098069257318173e-01	   3.1091268885674594e-01	   3.0820358445415863e-01	   3.0853034380351474e-01	   3.0779606480724198e-01	
   3.0987706992546826e-01	   3.0875086126647133e-01	   3.1383891789760199e-01	   3.0955872523352745e-01	   3.0850233809154304e-01	   3.1265353424703157e-01	   3.1000224614285976e-01	   3.0958185603924271e-01	   3.1017460059046265e-01	   3.1008278470068262e-01	   3.0733894320977839e-01	   3.0768574361150769e-01	   3.0695193063068338e-01	
   3.0884326260238737e-01	   3.0773326213506813e-01	   3.1276692027248920e-01	   3.0857902218683897e-01	   3.0753015234230574e-01	   3.1164897251723112e-01	   3.0903937455017960e-01	   3.0861673194393369e-01	   3.0922596840943228e-01	   3.0910943409834246e-01	   3.0632683596554244e-01	   3.0669676356587239e-01	   3.0596362654256026e-01	
   3.0784182836662843e-01	   3.0674662491869675e-01	   3.1173011888951940e-01	   3.0762634299708047e-01	   3.0658437090735902e-01	   3.1067277071739063e-01	   3.0809512246610105e-01	   3.0767046290125499e-01	   3.0829045183233816e-01	   3.0815864223021627e-01	   3.0534354427325106e-01	   3.0573428862168406e-01	   3.0500023299206980e-01	
   3.0687208948831923e-01	   3.0579045989775899e-01	   3.1072504813489665e-01	   3.0670333581417353e-01	   3.0566736442327880e-01	   3.0972603812529087e-01	   3.0717566829507881e-01	   3.0674931534258043e-01	   3.0737398109637049e-01	   3.0723428662393637e-01	   3.0439071868082479e-01	   3.0480139398236794e-01	   3.0406623401701971e-01	
   3.0593605123474532e-01	   3.0486493174897156e-01	   3.0974844008535563e-01	   3.0581269845475489e-01	   3.0477975595899487e-01	   3.0880604493366270e-01	   3.0628387967790438e-01	   3.0585606970290335e-01	   3.0648122599230554e-01	   3.0633813716907099e-01	   3.0346852409457448e-01	   3.0389846086231742e-01	   3.0316205075209268e-01	
   3.0483427003935581e-01	   3.0377042212736960e-01	   3.0858425567781289e-01	   3.0476662666800713e-01	   3.0373162412056232e-01	   3.0771147660568765e-01	   3.0523320872277715e-01	   3.0480370595764583e-01	   3.0542889184825839e-01	   3.0528075857083614e-01	   3.0237926726295328e-01	   3.0283260333741069e-01	   3.0209515452361835e-01	
   3.0379375053279922e-01	   3.0272871498548959e-01	   3.0747333609948413e-01	   3.0377705157169643e-01	   3.0273194794139258e-01	   3.0666319886862858e-01	   3.0422612691127782e-01	   3.0379481802111918e-01	   3.0441664164970739e-01	   3.0427054620174587e-01	   3.0134110745905218e-01	   3.0181578222476801e-01	   3.0107561321224274e-01	
   3.0280830283335725e-01	   3.0173436748626159e-01	   3.0640914932433816e-01	   3.0284102484468001e-01	   3.0177823332322440e-01	   3.0565990167574775e-01	   3.0326592709939426e-01	   3.0283274998765819e-01	   3.0344795175007988e-01	   3.0330769763153853e-01	   3.0035112196280522e-01	   3.0084648977490858e-01	   3.0010368422628275e-01	
   3.0187005395920785e-01	   3.0078200598060434e-01	   3.0538500569443627e-01	   3.0195067424076960e-01	   3.0086517008753866e-01	   3.0469483218054094e-01	   3.0234939938722505e-01	   3.0191432832782361e-01	   3.0252288371457325e-01	   3.0238752916922351e-01	   2.9940403446349073e-01	   2.9991950445640292e-01	   2.9917404495782840e-01	
   3.0090904573354393e-01	   2.9980370485183094e-01	   3.0432862705898067e-01	   3.0103904041034468e-01	   2.9992741355977515e-01	   3.0369969235199967e-01	   3.0141215183054904e-01	   3.0097510504489833e-01	   3.0158019361770094e-01	   3.0144478060023516e-01	   2.9843287312347755e-01	   2.9896921897920592e-01	   2.9822102221221947e-01	
   2.9998302908662566e-01	   2.9886026501202423e-01	   3.0331025764640529e-01	   3.0015831002105919e-01	   2.9902120042146763e-01	   3.0273760027998975e-01	   3.0050786443402977e-01	   3.0006905025281583e-01	   3.0067418161650039e-01	   3.0053498966253755e-01	   2.9749787672228578e-01	   2.9805385279146890e-01	   2.9730225280855116e-01	
   2.9907688565189439e-01	   2.9793995971405529e-01	   3.0231836615635110e-01	   2.9929418339058600e-01	   2.9813558442803867e-01	   3.0179820166598148e-01	   2.9962682479078850e-01	   2.9918669173123469e-01	   2.9979572108707053e-01	   2.9964723169362273e-01	   2.9658849937641563e-01	   2.9716327843098966e-01	   2.9640823043752818e-01	
   2.9817447010072051e-01	   2.9702925676722280e-01	   3.0133853599401128e-01	   2.9843015293984365e-01	   2.9725676915348664e-01	   3.0086651845206980e-01	   2.9875557522052176e-01	   2.9831481028663731e-01	   2.9893304373951324e-01	   2.9876735717770941e-01	   2.9569200234225157e-01	   2.9628478802878888e-01	   2.9552616035521950e-01	
   2.9698555075130528e-01	   2.9584206554500447e-01	   3.0006215596412034e-01	   2.9728683025953551e-01	   2.9610787192213550e-01	   2.9964811231941724e-01	   2.9762408443012589e-01	   2.9718363578545848e-01	   2.9782621964091760e-01	   2.9761968038366504e-01	   2.9452851851274886e-01	   2.9514369908101301e-01	   2.9438141817661467e-01	
   2.9608171375961057e-01	   2.9494496263837711e-01	   2.9911692226591846e-01	   2.9640427622124044e-01	   2.9522866374653844e-01	   2.9872869688074566e-01	   2.9675540599316541e-01	   2.9631563412002571e-01	   2.9698124638266599e-01	   2.9674160161485830e-01	   2.9364628382277935e-01	   2.9427370074142090e-01	   2.9350739825662053e-01	
   2.9512837873468811e-01	   2.9399773911742422e-01	   2.9813164543912585e-01	   2.9547405171737040e-01	   2.9430087633364188e-01	   2.9777256595475698e-01	   2.9585034483115003e-01	   2.9540996365762240e-01	   2.9610540396474150e-01	   2.9582330988575656e-01	   2.9270693964322803e-01	   2.9334521290991233e-01	   2.9257961891215878e-01	
   2.9413874388439787e-01	   2.9300518550345878e-01	   2.9711672916032938e-01	   2.9450402422726008e-01	   2.9332453645736223e-01	   2.9678235600183456e-01	   2.9490376498442217e-01	   2.9446053137860417e-01	   2.9519142186318348e-01	   2.9486424651326004e-01	   2.9171289793672450e-01	   2.9235912955360988e-01	   2.9159461900696293e-01	
   2.9311986722135863e-01	   2.9198005546438033e-01	   2.9608017246607332e-01	   2.9350138535844117e-01	   2.9231279734065474e-01	   2.9576612445048056e-01	   2.9392022416319108e-01	   2.9347319104156000e-01	   2.9423853279464396e-01	   2.9387089732813010e-01	   2.9068470923965251e-01	   2.9133760535016151e-01	   2.9057287523071018e-01	
   2.9200065094436845e-01	   2.9085475936119209e-01	   2.9494701087218189e-01	   2.9239722688112479e-01	   2.9119989943904301e-01	   2.9465171907561150e-01	   2.9283366374466269e-01	   2.9238285360833061e-01	   2.9317997171918186e-01	   2.9277555684337209e-01	   2.8955639120087362e-01	   2.9021556019159789e-01	   2.8945060434870662e-01	
   2.9085940670414701e-01	   2.8970895445734612e-01	   2.9379578816723928e-01	   2.9126795384182280e-01	   2.9006390875796484e-01	   2.9351504707197940e-01	   2.9171864560417760e-01	   2.9126475194951595e-01	   2.9208762372290309e-01	   2.9165363348915285e-01	   2.8840807893848464e-01	   2.8907258360533206e-01	   2.8830684271241580e-01	
   2.8969966251568557e-01	   2.8854555277302296e-01	   2.9262853747002993e-01	   2.9011816224455700e-01	   2.8890862718311539e-01	   2.9235968846630378e-01	   2.9058052407715529e-01	   2.9012408992756811e-01	   2.9096773036729751e-01	   2.9050988619250262e-01	   2.8724230701371312e-01	   2.8791143032713684e-01	   2.8714487142011969e-01	
   2.8911019442023900e-01	   2.8795386555735547e-01	   2.9204167029228678e-01	   2.8952879208010707e-01	   2.8831681246566099e-01	   2.9177176370254188e-01	   2.8999230424764377e-01	   2.8953475161808129e-01	   2.9038548345727833e-01	   2.8992174189812481e-01	   2.8664771445385817e-01	   2.8731759107669674e-01	   2.8654931055349664e-01	
   2.8907206635686578e-01	   2.8791524394966572e-01	   2.9200477322666174e-01	   2.8948779929560686e-01	   2.8827560522626250e-01	   2.9173101171564575e-01	   2.8995037150769676e-01	   2.8949273947609377e-01	   2.9034384464998730e-01	   2.8988034541255203e-01	   2.8660730293905701e-01	   2.8727617135415606e-01	   2.8650713943689787e-01	
   2.8903303507799016e-01	   2.8787567000443381e-01	   2.9196717971413655e-01	   2.8944734431091135e-01	   2.8823487271067982e-01	   2.9169105392545802e-01	   2.8990850005561342e-01	   2.8945078404540858e-01	   2.9030217009995418e-01	   2.8983932714554683e-01	   2.8656689086670184e-01	   2.8723534478491963e-01	   2.8646555324329803e-01	
   2.8899402396120877e-01	   2.8783616912053667e-01	   2.9192947775480427e-01	   2.8940710569269612e-01	   2.8819435191484999e-01	   2.9165163154876161e-01	   2.8986673661290929e-01	   2.8940893857387628e-01	   2.9026048057279041e-01	   2.8979853035937531e-01	   2.8652687003494215e-01	   2.8719492713391581e-01	   2.8642451755556131e-01	
   2.8895566634545844e-01	   2.8779730240824364e-01	   2.9189263447038094e-01	   2.8936708150628654e-01	   2.8815408201876558e-01	   2.9161267191080142e-01	   2.8982509183728133e-01	   2.8936722084904609e-01	   2.9021877965473841e-01	   2.8975792671426248e-01	   2.8648741416748003e-01	   2.8715489044972564e-01	   2.8638394895441621e-01	
   2.8888949982919243e-01	   2.8773025733830337e-01	   2.9183026575707594e-01	   2.8929734909066696e-01	   2.8808406334346337e-01	   2.9154556430288636e-01	   2.8975193902724961e-01	   2.8929398750987545e-01	   2.9014504034696742e-01	   2.8968699518183705e-01	   2.8641927528028077e-01	   2.8708550922718068e-01	   2.8631366713516293e-01	
   2.8882497180826583e-01	   2.8766492762088980e-01	   2.9177052778694978e-01	   2.8922873873193922e-01	   2.8801530692579291e-01	   2.9148032058112783e-01	   2.8967933576140581e-01	   2.8922135089270995e-01	   2.9007134305825133e-01	   2.8961700652807565e-01	   2.8635277425714811e-01	   2.8701757948423889e-01	   2.8624477306338214e-01	
   2.8876179004022617e-01	   2.8760106286096487e-01	   2.9171303732411502e-01	   2.8916120772759513e-01	   2.8794778159269008e-01	   2.9141691273548709e-01	   2.8960737278560522e-01	   2.8914940151003599e-01	   2.8999774479743223e-01	   2.8954797733038440e-01	   2.8628778421868617e-01	   2.8695107015641597e-01	   2.8617727841484530e-01	
   2.8865958860890828e-01	   2.8749803866845447e-01	   2.9162155987139116e-01	   2.8905179084337540e-01	   2.8783867953618980e-01	   2.9131556968131633e-01	   2.8949025985314236e-01	   2.8903239944644277e-01	   2.8987691310056185e-01	   2.8943603273390295e-01	   2.8618317765105594e-01	   2.8684394841271832e-01	   2.8606864149094413e-01	
   2.8856034422264365e-01	   2.8739830355406504e-01	   2.9153476324683680e-01	   2.8894484169827983e-01	   2.8773242776880537e-01	   2.9121818804633826e-01	   2.8937510152959867e-01	   2.8891746861647860e-01	   2.8975665651786997e-01	   2.8932642761980709e-01	   2.8608190597201322e-01	   2.8673998884398699e-01	   2.8596320355855909e-01	
   2.8846385926728502e-01	   2.8730163543499998e-01	   2.9145210439618374e-01	   2.8884043034782536e-01	   2.8762905240542480e-01	   2.9112456349267291e-01	   2.8926210857749268e-01	   2.8880481581539108e-01	   2.8963719173269453e-01	   2.8921924070379745e-01	   2.8598382687539114e-01	   2.8663915219540037e-01	   2.8586092814464337e-01	
   2.8836985672442417e-01	   2.8720773150925361e-01	   2.9137284540370345e-01	   2.8873847128108032e-01	   2.8752841472989843e-01	   2.9103425682541761e-01	   2.8915139082519303e-01	   2.8869454176261300e-01	   2.8951872455640348e-01	   2.8911441726564568e-01	   2.8588866848133776e-01	   2.8654123593208070e-01	   2.8576165221738670e-01	
   2.8818312306011507e-01	   2.8702191242357955e-01	   2.9121694260991760e-01	   2.8853599888289949e-01	   2.8732928778385514e-01	   2.9085645109261371e-01	   2.8893125706086487e-01	   2.8847558365296955e-01	   2.8927962269342800e-01	   2.8890593571628820e-01	   2.8570082754386661e-01	   2.8634794088611137e-01	   2.8556593596928970e-01	
   2.8800633192038738e-01	   2.8684653486754641e-01	   2.9107122311189393e-01	   2.8834297392599240e-01	   2.8714016831221656e-01	   2.9068806447285489e-01	   2.8872023928872004e-01	   2.8826602824705283e-01	   2.8904639741300642e-01	   2.8870630193944535e-01	   2.8552335613829527e-01	   2.8616484681376342e-01	   2.8538041271120029e-01	
   2.8783887930505792e-01	   2.8668081255589506e-01	   2.9093429295246054e-01	   2.8815914731716852e-01	   2.8696060437805038e-01	   2.9052819998409696e-01	   2.8851799806584033e-01	   2.8806546310922165e-01	   2.8881972127559052e-01	   2.8851526209328071e-01	   2.8535569123433469e-01	   2.8599152046182574e-01	   2.8520461928427387e-01	
   2.8767944714180871e-01	   2.8652344898172366e-01	   2.9080433794570482e-01	   2.8798370849858479e-01	   2.8678972645335143e-01	   2.9037581020663339e-01	   2.8832420856295116e-01	   2.8787351649639525e-01	   2.8860008746978139e-01	   2.8833230708147362e-01	   2.8519669454762919e-01	   2.8582701840296210e-01	   2.8503783341649047e-01	
   2.8730293162970710e-01	   2.8615353212235739e-01	   2.9049720516738375e-01	   2.8756771561533334e-01	   2.8638653391355184e-01	   2.9001337227763102e-01	   2.8786244576273212e-01	   2.8741712443047795e-01	   2.8806864721753200e-01	   2.8789630387526799e-01	   2.8482358799419849e-01	   2.8544030636656892e-01	   2.8464595858701536e-01	
   2.8697623409978945e-01	   2.8583342789656463e-01	   2.9023667451766322e-01	   2.8720142361216006e-01	   2.8603307585761684e-01	   2.8969737305062360e-01	   2.8745047877110075e-01	   2.8701064733427373e-01	   2.8758770714798487e-01	   2.8750961261092556e-01	   2.8450010081115806e-01	   2.8510318185426264e-01	   2.8430333833706634e-01	
   2.8669391813163081e-01	   2.8555774451022309e-01	   2.9001735928502193e-01	   2.8688116917319206e-01	   2.8572548248595453e-01	   2.8942497719208760e-01	   2.8708614448169634e-01	   2.8665175713737945e-01	   2.8715614369945186e-01	   2.8716950311769018e-01	   2.8422151137363905e-01	   2.8481153340864651e-01	   2.8400640953418765e-01	
   2.8630379931415817e-01	   2.8517828259588818e-01	   2.8972403712024253e-01	   2.8643228990166136e-01	   2.8529667775667455e-01	   2.8904960186548756e-01	   2.8656879195043672e-01	   2.8614308024232926e-01	   2.8653309903736712e-01	   2.8668950342858324e-01	   2.8383801996967328e-01	   2.8440777036853326e-01	   2.8359444141434764e-01	
   2.8601138359540812e-01	   2.8489575348422669e-01	   2.8951986153913367e-01	   2.8608547640596171e-01	   2.8496854207138433e-01	   2.8876965757396178e-01	   2.8615857214786544e-01	   2.8574099125289187e-01	   2.8602488446183294e-01	   2.8631366072606745e-01	   2.8355190252260520e-01	   2.8410288678615281e-01	   2.8328177657099829e-01	
   2.8581232998359241e-01	   2.8470574444194874e-01	   2.8940126959153822e-01	   2.8583642176660540e-01	   2.8473667888162524e-01	   2.8858157224131986e-01	   2.8585117744306388e-01	   2.8544109537076423e-01	   2.8562755751893043e-01	   2.8603783716230069e-01	   2.8335883284524854e-01	   2.8389251895388767e-01	   2.8306398366173546e-01	
   2.8569499813491106e-01	   2.8459668529712268e-01	   2.8935509108207746e-01	   2.8567480524510636e-01	   2.8459061439822797e-01	   2.8847399185827349e-01	   2.8563764188627161e-01	   2.8523437307081956e-01	   2.8533292454535619e-01	   2.8585222883759087e-01	   2.8324736776097481e-01	   2.8376575674338156e-01	   2.8293069754603550e-01	
   2.8566885715197721e-01	   2.8458471139081176e-01	   2.8945219461506966e-01	   2.8557078629476429e-01	   2.8451368374193819e-01	   2.8846339147969857e-01	   2.8544247139694612e-01	   2.8505116014709841e-01	   2.8499614604160506e-01	   2.8570591780630039e-01	   2.8323118796724778e-01	   2.8372266191412088e-01	   2.8287569214269226e-01	
   2.8587310049110748e-01	   2.8479982051332620e-01	   2.8974637719136886e-01	   2.8571765788720782e-01	   2.8468110890478293e-01	   2.8867851577207837e-01	   2.8552173707940831e-01	   2.8513960601705968e-01	   2.8496841801239903e-01	   2.8582100608653960e-01	   2.8344388815892962e-01	   2.8391553122575353e-01	   2.8305990490462563e-01	
   2.8625232269385847e-01	   2.8518677064348630e-01	   2.9019213399483768e-01	   2.8605376281309880e-01	   2.8503231283094621e-01	   2.8906497595304614e-01	   2.8580721586113356e-01	   2.8543190621288517e-01	   2.8517479433753934e-01	   2.8613329303395219e-01	   2.8382892815259630e-01	   2.8428567463301135e-01	   2.8342328413111240e-01	
   2.8676059472942939e-01	   2.8570050698184524e-01	   2.9074997425126980e-01	   2.8653003099732288e-01	   2.8551960162026546e-01	   2.8957887331415577e-01	   2.8624584705938538e-01	   2.8587556654136037e-01	   2.8555489711790116e-01	   2.8659189436108790e-01	   2.8434125125564869e-01	   2.8478699223355441e-01	   2.8391943266115049e-01	
   2.8752118550201544e-01	   2.8646552835143169e-01	   2.9155454067941733e-01	   2.8726237553677869e-01	   2.8626137620868519e-01	   2.9034464685118166e-01	   2.8694497783465778e-01	   2.8657907693574458e-01	   2.8620251628019844e-01	   2.8730865035719866e-01	   2.8510490006050659e-01	   2.8554101437627821e-01	   2.8466866291587678e-01	
   2.8837479874632699e-01	   2.8732180790136397e-01	   2.9243629183972608e-01	   2.8809812329311235e-01	   2.8710307887358510e-01	   2.9120181273767365e-01	   2.8775953589499359e-01	   2.8739650389431048e-01	   2.8698327128928725e-01	   2.8813430168672660e-01	   2.8596040877615359e-01	   2.8639052229628703e-01	   2.8551509637719796e-01	
   2.8928892319157740e-01	   2.8823719182913266e-01	   2.9336968591642254e-01	   2.8900002260767721e-01	   2.8800856971744615e-01	   2.9211830334263666e-01	   2.8864708990572474e-01	   2.8828588085128004e-01	   2.8784879476795311e-01	   2.8902943970243733e-01	   2.8687500444424252e-01	   2.8730107977814612e-01	   2.8642328045558330e-01	
   2.9024537009347817e-01	   2.8919414633921114e-01	   2.9434071014966534e-01	   2.8994755844258258e-01	   2.8895839678511059e-01	   2.9307703648906447e-01	   2.8958414166657676e-01	   2.8922415926824208e-01	   2.8877019279494043e-01	   2.8997213665959976e-01	   2.8783127981246714e-01	   2.8825448760172456e-01	   2.8737470253514807e-01	
   2.9122515311552633e-01	   2.9017397239972098e-01	   2.9532939247545187e-01	   2.9092243946893248e-01	   2.8993442597813335e-01	   2.9405876723509472e-01	   2.9055307440861711e-01	   2.9019383655426445e-01	   2.8972910282365483e-01	   2.9094413751740156e-01	   2.8881063469010648e-01	   2.8923243442990909e-01	   2.8835149770389812e-01	
   2.9302187842028538e-01	   2.9196972258938025e-01	   2.9713815855392234e-01	   2.9271264272345832e-01	   2.9172523398934835e-01	   2.9585819584609929e-01	   2.9233563342900837e-01	   2.9197706166605997e-01	   2.9150054437798723e-01	   2.9273083646685905e-01	   2.9060525020763173e-01	   2.9102528743552014e-01	   2.9014218109901790e-01	
   2.9482545474968092e-01	   2.9377161829491349e-01	   2.9894363819704672e-01	   2.9451620297038517e-01	   2.9352761880718781e-01	   2.9766337056891246e-01	   2.9413890297247391e-01	   2.9378022942272430e-01	   2.9330257040416363e-01	   2.9453411988722422e-01	   2.9240665151375467e-01	   2.9282717649703471e-01	   2.9194331358750603e-01	
   2.9662722883005976e-01	   2.9557125300527787e-01	   3.0074665494361774e-01	   2.9631830769027978e-01	   2.9532800286924399e-01	   2.9946653392998179e-01	   2.9594138684085891e-01	   2.9558234610460588e-01	   2.9510635835849897e-01	   2.9633646398452562e-01	   2.9420551210601609e-01	   2.9462663526036437e-01	   2.9374183860730874e-01	
   2.9841932480545452e-01	   2.9736120217016548e-01	   3.0253941082292179e-01	   2.9811115058397952e-01	   2.9711904468565642e-01	   3.0126009274877852e-01	   2.9773499845076046e-01	   2.9737555166264862e-01	   2.9690159509909719e-01	   2.9812969662734723e-01	   2.9599470477204015e-01	   2.9641660914281331e-01	   2.9553095547285579e-01	
   3.0216222466594722e-01	   3.0109948197010183e-01	   3.0628176157199150e-01	   3.0185658128889514e-01	   3.0086040488708221e-01	   3.0500551046186430e-01	   3.0148316085387705e-01	   3.0112273461946337e-01	   3.0065479756702373e-01	   3.0187639205014882e-01	   2.9973141038852624e-01	   3.0015530013671743e-01	   2.9926797627966018e-01	
   3.0576900235845805e-01	   3.0470147588679275e-01	   3.0987849575714321e-01	   3.0547083854015611e-01	   3.0446959306029697e-01	   3.0861251119862487e-01	   3.0510580737641568e-01	   3.0474397751079074e-01	   3.0429028233314170e-01	   3.0549427662185380e-01	   3.0333268588655926e-01	   3.0376009810706428e-01	   3.0287265152595388e-01	
   3.0930864026634808e-01	   3.0823582821648543e-01	   3.1341868616219237e-01	   3.0901139771843944e-01	   3.0800558281640633e-01	   3.1215404531770297e-01	   3.0864738743763276e-01	   3.0828449118747159e-01	   3.0783640480613883e-01	   3.0903534608262007e-01	   3.0686449108552338e-01	   3.0729306627641506e-01	   3.0640391535352585e-01	
   3.1026052280047622e-01	   3.0918232844356908e-01	   3.1436664866846264e-01	   3.0996655442350196e-01	   3.0895489043492042e-01	   3.1310673197593175e-01	   3.0960583806405317e-01	   3.0924158039624672e-01	   3.0879977983233609e-01	   3.0999121918928729e-01	   3.0780688936582479e-01	   3.0823596896367711e-01	   3.0734826212541755e-01	
   3.1122182904552709e-01	   3.1013353007902644e-01	   3.1533535059935502e-01	   3.1092443569713524e-01	   3.0990308690248547e-01	   3.1407102792235797e-01	   3.1055983144057109e-01	   3.1019333919801717e-01	   3.0975428610213740e-01	   3.1094668487385846e-01	   3.0874867601471401e-01	   3.0917518510209518e-01	   3.0828750343037115e-01	
   3.1217624206103523e-01	   3.1107643821104425e-01	   3.1629647487863011e-01	   3.1187733769022508e-01	   3.1084454541674411e-01	   3.1503041591540715e-01	   3.1151027954656740e-01	   3.1114111985908188e-01	   3.1070448621139946e-01	   3.1189732784708823e-01	   3.0968132454178843e-01	   3.1010565852684913e-01	   3.0921892327651079e-01	
   3.1311440797709977e-01	   3.1199617766430876e-01	   3.1723974208874850e-01	   3.1281463478927130e-01	   3.1176305952107519e-01	   3.1597284654183433e-01	   3.1244573954181121e-01	   3.1207232662255890e-01	   3.1164317557363930e-01	   3.1283157092931724e-01	   3.1058466344235924e-01	   3.1100571195330495e-01	   3.1012154559784122e-01	
   3.1414116573147410e-01	   3.1299934198480983e-01	   3.1827205725876162e-01	   3.1383967612819141e-01	   3.1276412450931268e-01	   3.1700322601713182e-01	   3.1346774908369568e-01	   3.1308892618797657e-01	   3.1267042567084680e-01	   3.1385241089143534e-01	   3.1156883815564029e-01	   3.1198581020630556e-01	   3.1110410088497353e-01	
   3.1514126456011482e-01	   3.1397459465987154e-01	   3.1927721428237632e-01	   3.1483712075908166e-01	   3.1373643132748263e-01	   3.1800509702861746e-01	   3.1446121234912638e-01	   3.1407700807073446e-01	   3.1366898011397915e-01	   3.1484487307831266e-01	   3.1252529774872251e-01	   3.1293782117058910e-01	   3.1205863469807582e-01	
   3.1611297406231031e-01	   3.1492225010043562e-01	   3.2025586529327299e-01	   3.1580466318104072e-01	   3.1467990423283965e-01	   3.1897845954498294e-01	   3.1542482536295324e-01	   3.1503550561140514e-01	   3.1463708892420783e-01	   3.1580780591378144e-01	   3.1345469924581870e-01	   3.1386232843599871e-01	   3.1298547313074465e-01	
   3.1705559867711841e-01	   3.1584309147580925e-01	   3.2120845864569425e-01	   3.1674156030381262e-01	   3.1559534553715629e-01	   3.1992376296341440e-01	   3.1635848982958237e-01	   3.1596451546023196e-01	   3.1557455162212200e-01	   3.1674121679881040e-01	   3.1435850199090787e-01	   3.1476092511528719e-01	   3.1388607069171570e-01	
   3.1881828076163465e-01	   3.1757131766041446e-01	   3.2300031099685711e-01	   3.1848834086178890e-01	   3.1730938886420645e-01	   3.2169534340953376e-01	   3.1810070945459401e-01	   3.1769930931302426e-01	   3.1732109838000788e-01	   3.1848460094408004e-01	   3.1605758260910832e-01	   3.1644903435879002e-01	   3.1557691220096551e-01	
   3.2045455377271992e-01	   3.1918342168690828e-01	   3.2467175207750998e-01	   3.2010666088755357e-01	   3.1890601733874924e-01	   3.2334439226833211e-01	   3.1972158768067693e-01	   3.1931457719203138e-01	   3.1894789851527605e-01	   3.2010600443999060e-01	   3.1764650016485874e-01	   3.1802723091245433e-01	   3.1715759429018497e-01	
   3.2200093450240885e-01	   3.2071420351398316e-01	   3.2626683098180287e-01	   3.2162800517987478e-01	   3.2041573065999529e-01	   3.2490804192808476e-01	   3.2124423204749064e-01	   3.2083351610179278e-01	   3.2047040229876700e-01	   3.2163274106333795e-01	   3.1915786580283267e-01	   3.1952624594300261e-01	   3.1865719970602946e-01	
   3.2347269044419313e-01	   3.2217684862589913e-01	   3.2779583857456274e-01	   3.2307096776129640e-01	   3.2185443292687133e-01	   3.2640106122050483e-01	   3.2268961440706789e-01	   3.2227654597916100e-01	   3.2191154658955945e-01	   3.2308360518840118e-01	   3.2060395692457000e-01	   3.2095924761810224e-01	   3.2009000899480000e-01	
   3.2403607233466580e-01	   3.2273858548292900e-01	   3.2837906941107775e-01	   3.2362591617851599e-01	   3.2240930243387922e-01	   3.2697441826723406e-01	   3.2325328436000333e-01	   3.2283922538089982e-01	   3.2247940103724559e-01	   3.2364610601054444e-01	   3.2116041828289532e-01	   3.2151156939930203e-01	   3.2064370566464717e-01	
   3.2461916170434257e-01	   3.2331945230823500e-01	   3.2899378296180615e-01	   3.2419140351724884e-01	   3.2297554607474410e-01	   3.2756683380030793e-01	   3.2381453950902639e-01	   3.2340003192943279e-01	   3.2303547037981772e-01	   3.2421353657019480e-01	   3.2173440482474724e-01	   3.2207831607244941e-01	   3.2120843627714279e-01	
   3.2519957648680098e-01	   3.2389882188943453e-01	   3.2960481752386528e-01	   3.2475675984211527e-01	   3.2354249965194093e-01	   3.2815905052396843e-01	   3.2437879730484731e-01	   3.2396409369783719e-01	   3.2359197359332903e-01	   3.2478192278362350e-01	   3.2230776472452760e-01	   3.2264536951531753e-01	   3.2177486585305282e-01	
   3.2576835578024266e-01	   3.2446728850232809e-01	   3.3020162434027611e-01	   3.2531171707073092e-01	   3.2409962139912096e-01	   3.2873877988670586e-01	   3.2493610055484012e-01	   3.2452109922131989e-01	   3.2414531852098527e-01	   3.2534178566612226e-01	   3.2287063939273608e-01	   3.2320242793781873e-01	   3.2233148991500649e-01	
   3.2689837527999366e-01	   3.2559843496526852e-01	   3.3139257246328491e-01	   3.2641209757300338e-01	   3.2520651812473211e-01	   3.2989345084510902e-01	   3.2604289224624772e-01	   3.2562735130103881e-01	   3.2524740358153004e-01	   3.2645448280033129e-01	   3.2399097126467602e-01	   3.2431048300440857e-01	   3.2343832657089067e-01	
   3.2794187858731227e-01	   3.2664599206833067e-01	   3.3249716848660071e-01	   3.2742677309571810e-01	   3.2623068005532829e-01	   3.3096346746219751e-01	   3.2706906312141015e-01	   3.2665324977010357e-01	   3.2627256765094259e-01	   3.2748504630131237e-01	   3.2502932008915408e-01	   3.2533695521763661e-01	   3.2446425279597513e-01	
   3.2893888812268735e-01	   3.2764819592934202e-01	   3.3356047097243824e-01	   3.2839145315399776e-01	   3.2720662432139669e-01	   3.3198789672628237e-01	   3.2804180905321445e-01	   3.2762619019943706e-01	   3.2724002838313559e-01	   3.2846448651802085e-01	   3.2602222209043852e-01	   3.2631677955308191e-01	   3.2544266856282533e-01	
   3.3027894390991186e-01	   3.2899779761974557e-01	   3.3499877410081425e-01	   3.2968326795113079e-01	   3.2851713477244360e-01	   3.3336857784727059e-01	   3.2934453464950053e-01	   3.2892970578246583e-01	   3.2853235390817304e-01	   3.2977772565567776e-01	   3.2735906979186602e-01	   3.2763432074611742e-01	   3.2675782944302512e-01	
   3.3150894443600976e-01	   3.3024032544393123e-01	   3.3632826935359184e-01	   3.3086465785436836e-01	   3.2972048492507788e-01	   3.3464091648971461e-01	   3.3054047422842459e-01	   3.3012681244826148e-01	   3.2972008768838990e-01	   3.3098345842086374e-01	   3.2859011607144772e-01	   3.2884603913996280e-01	   3.2796747921914893e-01	
   3.3267663424774163e-01	   3.3142135853969634e-01	   3.3759947488598563e-01	   3.3198048579752282e-01	   3.3085971784663215e-01	   3.3585137415359512e-01	   3.3166735091705313e-01	   3.3125525876709361e-01	   3.3083456909421827e-01	   3.3212229737511478e-01	   3.2975930394263386e-01	   3.2999475186468175e-01	   3.2911323983220164e-01	
   3.3310351446869113e-01	   3.3185705507099428e-01	   3.3806598500318863e-01	   3.3238965310777857e-01	   3.3128149450289968e-01	   3.3629832323156528e-01	   3.3209181005200428e-01	   3.3168035295960685e-01	   3.3126282853634947e-01	   3.3254746584354677e-01	   3.3019228746566931e-01	   3.3042074895783813e-01	   3.2953977670602264e-01	
   3.3359861099135912e-01	   3.3235558415523059e-01	   3.3861198856333097e-01	   3.3285594308907207e-01	   3.3175648887695530e-01	   3.3680985450423861e-01	   3.3255103992324564e-01	   3.3214053993080306e-01	   3.3170742534527342e-01	   3.3301747038039231e-01	   3.3068340644382133e-01	   3.3090049778516928e-01	   3.3001610415728244e-01	
   3.3408367531095884e-01	   3.3284650900511359e-01	   3.3914278071622839e-01	   3.3331741401765314e-01	   3.3222840718494240e-01	   3.3731322401853170e-01	   3.3301459391532617e-01	   3.3260504063248320e-01	   3.3216094963206544e-01	   3.3348715999004241e-01	   3.3116898907525893e-01	   3.3137683883488478e-01	   3.3049076327285043e-01	
   3.3491104302174612e-01	   3.3368668858546613e-01	   3.4005060293185174e-01	   3.3410435774205993e-01	   3.3303624706260138e-01	   3.3817484790299446e-01	   3.3381299952561783e-01	   3.3340496045974888e-01	   3.3295101016128648e-01	   3.3429415036656529e-01	   3.3200072977690454e-01	   3.3219283810215217e-01	   3.3130436756589887e-01	
   3.3565199051155403e-01	   3.3444195404941368e-01	   3.4087074128463790e-01	   3.3480569978916463e-01	   3.3376000405782591e-01	   3.3895058592525729e-01	   3.3452958981095016e-01	   3.3412311803227013e-01	   3.3366366158626981e-01	   3.3501816983494415e-01	   3.3274850666309419e-01	   3.3292517157268442e-01	   3.3203491964739484e-01	
   3.3634977889596129e-01	   3.3515345738877045e-01	   3.4164963427829598e-01	   3.3546122594030336e-01	   3.3443779107522609e-01	   3.3968204142098557e-01	   3.3519578446261633e-01	   3.3479111767764635e-01	   3.3432174387493241e-01	   3.3569391805876592e-01	   3.3345182090638303e-01	   3.3361197815784394e-01	   3.3271926033995314e-01	
   3.3703694236963955e-01	   3.3585511173139793e-01	   3.4242117724625487e-01	   3.3610364916114577e-01	   3.3510379058654394e-01	   3.4040369494259259e-01	   3.3584833606292719e-01	   3.3544571877097695e-01	   3.3496439068692041e-01	   3.3635683375599079e-01	   3.3414493481132013e-01	   3.3428763727982869e-01	   3.3339222129025181e-01	
