1.9897	2.0058	2.0131	2.1598	2.2011	2.2381	2.2622	2.3394	2.3869	2.1985	NaN	NaN	NaN
1.9364	1.9539	1.9626	2.1194	2.1629	2.1997	2.223	2.3068	2.3529	2.1521	NaN	NaN	NaN
1.9126	1.929	1.9361	2.0947	2.1365	2.1693	2.202	2.2863	2.326	2.1275	NaN	NaN	NaN
1.9161	1.9302	1.9338	2.0903	2.1282	2.1544	2.2019	2.2834	2.3142	2.1264	NaN	NaN	NaN
1.9245	1.9365	1.9364	2.0927	2.1266	2.1451	2.2081	2.2868	2.3081	2.1305	NaN	NaN	NaN
1.9452	1.9552	1.9511	2.1068	2.1363	2.1456	2.2255	2.3	2.3114	2.1463	NaN	NaN	NaN
1.9683	1.9765	1.9677	2.1245	2.1499	2.1478	2.2454	2.3154	2.3159	2.1637	NaN	NaN	NaN
1.9725	1.9802	1.9665	2.1307	2.1533	2.1378	2.2534	2.3197	2.3086	2.165	NaN	NaN	NaN
1.9398	1.9484	1.9283	2.11	2.1314	2.0983	2.2341	2.2974	2.2726	2.1322	NaN	NaN	NaN
1.924	1.9339	1.9051	2.1072	2.1278	2.071	2.2335	2.2887	2.2487	2.1154	NaN	NaN	NaN
1.9218	1.9336	1.8943	2.115	2.1351	2.0497	2.2437	2.2824	2.2283	2.1083	NaN	NaN	NaN
1.9303	1.9416	1.9023	2.1218	2.1411	2.0569	2.2479	2.2855	2.2341	2.1146	NaN	NaN	NaN
1.944	1.9549	1.9161	2.132	2.1504	2.0681	2.2554	2.2918	2.2434	2.1256	NaN	NaN	NaN
1.9806	1.991	1.9539	2.1597	2.1771	2.0986	2.2806	2.3152	2.2707	2.158	NaN	NaN	NaN
2.0391	2.0487	2.0161	2.2068	2.223	2.1513	2.3263	2.3587	2.3197	2.2133	NaN	NaN	NaN
2.0763	2.0851	2.0537	2.2369	2.2519	2.1832	2.3544	2.3852	2.3493	2.2472	NaN	NaN	NaN
2.0956	2.1044	2.0734	2.2529	2.2674	2.2003	2.3683	2.3982	2.3647	2.2644	NaN	NaN	NaN
2.0929	2.1016	2.07	2.2524	2.2666	2.1991	2.3657	2.3953	2.3634	2.2611	NaN	NaN	NaN
2.078	2.0867	2.0535	2.2436	2.2575	2.1883	2.3547	2.3843	2.3534	2.2467	NaN	NaN	NaN
2.0703	2.0789	2.0445	2.24	2.2536	2.1834	2.3488	2.3782	2.3487	2.2389	NaN	NaN	NaN
2.0761	2.0845	2.0503	2.2456	2.2587	2.1894	2.3522	2.381	2.3538	2.2434	NaN	NaN	NaN
2.0841	2.0926	2.0571	2.2568	2.2697	2.1995	2.361	2.3896	2.3638	2.2512	NaN	NaN	NaN
2.0936	2.1024	2.0656	2.2692	2.282	2.211	2.371	2.3993	2.3751	2.2605	NaN	NaN	NaN
2.0885	2.0975	2.0584	2.2704	2.2832	2.2101	2.3694	2.3978	2.3748	2.2558	NaN	NaN	NaN
2.0279	2.0339	1.9997	2.199	2.2148	2.1424	2.2951	2.3245	2.3027	2.1861	2.1103	2.227	2.4992
2.0135	2.0186	1.9823	2.1954	2.2102	2.1353	2.2882	2.3191	2.2973	2.1732	2.0921	2.22	2.4976
2.0016	2.0068	1.9687	2.1889	2.2035	2.1273	2.2783	2.3102	2.2892	2.1608	2.0779	2.2117	2.4828
2.0037	2.0089	1.9688	2.1975	2.2119	2.1339	2.2838	2.3168	2.2965	2.1635	2.0781	2.2185	2.4856
2.0307	2.037	1.9954	2.2257	2.2408	2.1621	2.3102	2.3433	2.3246	2.1906	2.1061	2.2471	2.5017
2.0545	2.0616	2.0193	2.2492	2.2649	2.1863	2.3317	2.3647	2.348	2.2137	2.1303	2.2707	2.5101
2.0756	2.0834	2.0401	2.2708	2.2869	2.2081	2.351	2.384	2.369	2.2341	2.1515	2.2922	2.5189
2.0491	2.0544	2.0103	2.2541	2.268	2.1882	2.3307	2.3652	2.351	2.2081	2.1178	2.2699	2.4995
2.0387	2.0414	1.998	2.2536	2.2649	2.1857	2.3271	2.363	2.3508	2.1995	2.0999	2.2633	2.4936
2.0239	2.0239	1.9813	2.2471	2.2558	2.1775	2.3174	2.3545	2.3442	2.1856	2.0768	2.2504	2.4768
2.0013	1.9982	1.9575	2.2305	2.2363	2.1602	2.2973	2.335	2.3273	2.1627	2.0452	2.2271	2.4457
1.9739	1.9682	1.9274	2.2151	2.2186	2.1423	2.2777	2.3167	2.3118	2.1369	2.01	2.2062	2.4241
1.981	1.9777	1.9316	2.2321	2.2381	2.1566	2.2922	2.3325	2.3297	2.1472	2.0207	2.2269	2.445
1.9994	1.9982	1.9463	2.261	2.2692	2.182	2.3185	2.3602	2.3593	2.169	2.0412	2.2581	2.4773
2.0172	2.018	1.9605	2.2879	2.2982	2.2059	2.3427	2.3857	2.3869	2.1896	2.0606	2.2873	2.5051
2.0466	2.049	1.9864	2.3278	2.3398	2.2426	2.3796	2.4242	2.4275	2.2225	2.0913	2.3288	2.5475
2.0659	2.0695	2.0028	2.3596	2.3731	2.272	2.4067	2.4532	2.4592	2.245	2.1107	2.3619	2.5789
2.1453	2.1533	2.0771	2.4653	2.4841	2.3727	2.5042	2.5559	2.5646	2.3324	2.1976	2.4755	2.7035
2.1543	2.1625	2.085	2.4775	2.4967	2.3848	2.5144	2.5665	2.578	2.3426	2.206	2.4875	2.7094
2.1334	2.1407	2.064	2.4596	2.4783	2.368	2.4921	2.5443	2.5597	2.3209	2.182	2.4684	2.6765
2.1078	2.1164	2.0394	2.4406	2.4608	2.351	2.4678	2.5214	2.5407	2.2961	2.1563	2.4513	2.6481
2.1271	2.1358	2.0557	2.4687	2.4896	2.3772	2.4924	2.5473	2.5696	2.3179	2.1752	2.4798	2.6754
2.1339	2.1463	2.0612	2.4853	2.5103	2.3935	2.5046	2.5618	2.5875	2.3281	2.1876	2.5026	2.6955
2.134	2.1472	2.0601	2.4931	2.5195	2.4014	2.508	2.5667	2.5959	2.3299	2.1878	2.5119	2.6999
2.1333	2.1467	2.0586	2.4967	2.5237	2.4056	2.5082	2.5677	2.6004	2.3299	2.1863	2.516	2.6975
2.1289	2.1423	2.0539	2.4952	2.5226	2.4053	2.5036	2.5635	2.5998	2.3258	2.1808	2.5147	2.6884
2.1402	2.1541	2.0632	2.513	2.5416	2.4226	2.5177	2.579	2.6187	2.3387	2.192	2.5337	2.7047
2.1569	2.175	2.078	2.5385	2.5725	2.4483	2.5367	2.6011	2.6441	2.3562	2.2173	2.5693	2.7389
2.152	2.1717	2.073	2.5447	2.5815	2.457	2.5332	2.6007	2.6486	2.3504	2.2129	2.5801	2.7408
2.1479	2.1669	2.0699	2.5352	2.5716	2.4502	2.5226	2.589	2.64	2.3436	2.2069	2.5698	2.7206
2.1543	2.1708	2.0767	2.5256	2.5591	2.4423	2.5179	2.5806	2.6331	2.3463	2.2093	2.5552	2.6982
2.1325	2.1427	2.0603	2.4673	2.4928	2.3896	2.4707	2.5244	2.5772	2.3147	2.1776	2.4844	2.6085
2.0937	2.0965	2.0297	2.3849	2.4012	2.3155	2.3996	2.443	2.4949	2.2616	2.1268	2.3878	2.4915
2.0759	2.0691	2.0157	2.3339	2.34	2.269	2.3536	2.3893	2.4407	2.2297	2.0955	2.3226	2.4105
2.0731	2.0627	2.0154	2.3187	2.3212	2.2572	2.3386	2.3713	2.424	2.2208	2.0874	2.3024	2.3811
