2.775e+012
3.024e+012
3.0012e+012
2.8303e+012
2.683e+012
2.5051e+012
2.34e+012
2.2958e+012
2.4176e+012
2.522e+012
2.5421e+012
2.5142e+012
2.4546e+012
2.298e+012
2.0934e+012
1.9667e+012
1.9072e+012
1.9474e+012
2.0548e+012
2.1289e+012
2.127e+012
2.186e+012
2.2384e+012
2.3561e+012
2.6037e+012
2.833e+012
2.9551e+012
3.0946e+012
3.118e+012
3.1149e+012
3.1283e+012
3.3439e+012
3.5527e+012
3.7324e+012
3.8703e+012
4.1333e+012
4.3366e+012
4.5507e+012
4.7419e+012
4.9546e+012
5.2189e+012
5.7781e+012
5.8489e+012
5.9294e+012
6.0852e+012
6.2776e+012
6.4907e+012
6.6684e+012
6.7739e+012
6.8495e+012
7.0035e+012
7.2244e+012
7.5193e+012
7.4273e+012
7.0846e+012
6.2904e+012
5.3654e+012
4.6791e+012
4.4326e+012
