3.15e+10
3.4082e+10
3.3828e+10
3.3165e+10
3.2572e+10
3.188e+10
3.1236e+10
3.0972e+10
3.1225e+10
3.1455e+10
3.1451e+10
3.1283e+10
3.102e+10
3.0457e+10
2.9724e+10
2.9206e+10
2.8906e+10
2.8929e+10
2.9163e+10
2.9287e+10
2.9168e+10
2.9401e+10
2.9613e+10
3.0024e+10
3.3071e+10
3.4018e+10
3.4038e+10
3.4287e+10
3.4356e+10
3.4551e+10
3.4757e+10
3.5197e+10
3.6068e+10
3.672e+10
3.7894e+10
3.9188e+10
3.9287e+10
4.0272e+10
4.1263e+10
4.2377e+10
4.3625e+10
4.4693e+10
4.573e+10
4.6717e+10
4.7912e+10
4.9349e+10
5.086e+10
5.2641e+10
5.4141e+10
5.5438e+10
5.707e+10
5.769e+10
6.211e+10
6.1615e+10
5.9853e+10
5.6308e+10
5.3177e+10
5.0754e+10
4.9853e+10
