  4.2721836920096568e+000	  4.2721836920096568e+000	  4.2721836920089906e+000	  4.2721836920092127e+000	  4.2721836920089906e+000	  4.2721836920087686e+000	  4.2721836920087686e+000	  4.2721836920089906e+000	  4.2721836920092127e+000	  4.2721836920087686e+000	  4.2721836920089906e+000	  4.2721836920089906e+000	  4.2721836920087686e+000	
  4.2721674060477444e+000	  4.2720450332667248e+000	  4.2720158055336022e+000	  4.2718917577830862e+000	  4.2718197618383247e+000	  4.2717434235293172e+000	  4.2716670134388401e+000	  4.2715923974883108e+000	  4.2715221713278684e+000	  4.2714579212215220e+000	  4.2714010536704095e+000	  4.2713511553045258e+000	  4.2712722801285796e+000	
  4.2721326627248590e+000	  4.2717672158270048e+000	  4.2716846317543133e+000	  4.2713543186831959e+000	  4.2711776015877945e+000	  4.2710022624103949e+000	  4.2708391702472870e+000	  4.2706918962616136e+000	  4.2705641115432513e+000	  4.2704563984123922e+000	  4.2703683955431782e+000	  4.2702968501000527e+000	  4.2701945746432823e+000	
  4.2720811192671349e+000	  4.2713824111331178e+000	  4.2712335195933537e+000	  4.2706729866135440e+000	  4.2703971001696317e+000	  4.2701407859480067e+000	  4.2699186065768835e+000	  4.2697319466766803e+000	  4.2695810784196819e+000	  4.2694620795735716e+000	  4.2693704327305682e+000	  4.2692995642397147e+000	  4.2692036061646732e+000	
  4.2709174687369789e+000	  4.2662579900552000e+000	  4.2657220281583363e+000	  4.2643325854110348e+000	  4.2638828516503580e+000	  4.2635522352287847e+000	  4.2633165783734217e+000	  4.2631467602658457e+000	  4.2630241454544304e+000	  4.2629345107436656e+000	  4.2628685732803984e+000	  4.2628187783058102e+000	  4.2627519658877677e+000	
  4.2691375263717024e+000	  4.2607012619577667e+000	  4.2600117591189424e+000	  4.2584824268439014e+000	  4.2580593050463023e+000	  4.2577656548561382e+000	  4.2575621508125217e+000	  4.2574163763493544e+000	  4.2573103204868179e+000	  4.2572318043805346e+000	  4.2571732817506813e+000	  4.2571286024397637e+000	  4.2570680420588314e+000	
  4.2668511558545674e+000	  4.2551534195385265e+000	  4.2544264508734830e+000	  4.2529284629251318e+000	  4.2525313807759701e+000	  4.2522551792569807e+000	  4.2520617234096392e+000	  4.2519215546701350e+000	  4.2518186429905125e+000	  4.2517420067389455e+000	  4.2516846854185886e+000	  4.2516408246862092e+000	  4.2515812901111616e+000	
  4.2612922227431849e+000	  4.2443579670230491e+000	  4.2436361124411626e+000	  4.2422165650941590e+000	  4.2418420724883443e+000	  4.2415791784804480e+000	  4.2413937460457074e+000	  4.2412588627693815e+000	  4.2411596817346631e+000	  4.2410857614454400e+000	  4.2410304650650765e+000	  4.2409881606528810e+000	  4.2409307447246469e+000	
  4.2545335214183577e+000	  4.2338828684032048e+000	  4.2331966736979254e+000	  4.2318336109641308e+000	  4.2314684836703975e+000	  4.2312116859215543e+000	  4.2310307350812426e+000	  4.2308991903334814e+000	  4.2308025073478639e+000	  4.2307304156594672e+000	  4.2306764396708996e+000	  4.2306351553980104e+000	  4.2305790504517660e+000	
  4.2468927313445981e+000	  4.2236970509925698e+000	  4.2230351522758447e+000	  4.2217100727968138e+000	  4.2213544663212144e+000	  4.2211047300226845e+000	  4.2209288699583958e+000	  4.2208010181525868e+000	  4.2207070555433379e+000	  4.2206369747392891e+000	  4.2205845076535020e+000	  4.2205443844041124e+000	  4.2204898770055177e+000	
  4.2386465199537593e+000	  4.2137647558897484e+000	  4.2131206828330825e+000	  4.2118331132416920e+000	  4.2114873859462332e+000	  4.2112445649891139e+000	  4.2110734926223969e+000	  4.2109491039445945e+000	  4.2108576890405036e+000	  4.2107894992662320e+000	  4.2107384679956894e+000	  4.2106994309334400e+000	  4.2106464236519869e+000	
  4.2161372717026691e+000	  4.1894313499033498e+000	  4.1888081739558380e+000	  4.1875686159833503e+000	  4.1872325975012004e+000	  4.1869963470213545e+000	  4.1868296700737773e+000	  4.1867086122340247e+000	  4.1866195573689868e+000	  4.1865533589691140e+000	  4.1865039024606698e+000	  4.1864659510300051e+000	  4.1864145624561644e+000	
  4.1930199310535876e+000	  4.1657721670049774e+000	  4.1651721093753924e+000	  4.1639833342241861e+000	  4.1636588990399126e+000	  4.1634307199283072e+000	  4.1632696880111730e+000	  4.1631527665049184e+000	  4.1630667034115998e+000	  4.1630028042083378e+000	  4.1629550728199405e+000	  4.1629184003595388e+000	  4.1628687659220898e+000	
  4.1697881058351260e+000	  4.1425659603604448e+000	  4.1419818795795926e+000	  4.1408256760326889e+000	  4.1405081354388695e+000	  4.1402845979872094e+000	  4.1401267359417737e+000	  4.1400120872605584e+000	  4.1399276328004664e+000	  4.1398649635220330e+000	  4.1398181432614756e+000	  4.1397821366899734e+000	  4.1397334052915014e+000	
  4.1180799134064028e+000	  4.0916907443444561e+000	  4.0911396549705437e+000	  4.0900241701409268e+000	  4.0897193187212633e+000	  4.0895040684791883e+000	  4.0893518956961472e+000	  4.0892406519803526e+000	  4.0891587605009772e+000	  4.0890970876574784e+000	  4.0890506349084976e+000	  4.0890152862975704e+000	  4.0889668615182728e+000	
  4.0672044539598051e+000	  4.0416292254741304e+000	  4.0410830171617729e+000	  4.0399708682410385e+000	  4.0396668858473372e+000	  4.0394521342541623e+000	  4.0393002847922688e+000	  4.0391892197342294e+000	  4.0391074938774807e+000	  4.0390458662880047e+000	  4.0389994296154974e+000	  4.0389641444109614e+000	  4.0389157879290316e+000	
  4.0171692892825295e+000	  3.9920100616097631e+000	  3.9914673580876414e+000	  3.9903668229552824e+000	  3.9900650434117058e+000	  3.9898519534067312e+000	  3.9897013816085902e+000	  3.9895913168646047e+000	  3.9895103668849963e+000	  3.9894493552918853e+000	  3.9894034147638369e+000	  3.9893685120777622e+000	  3.9893207235577322e+000	
  3.9676991103851922e+000	  3.9427761942434358e+000	  3.9422385408380833e+000	  3.9411523829437911e+000	  3.9408531178164452e+000	  3.9406418364016371e+000	  3.9404926126684892e+000	  3.9403836125599945e+000	  3.9403034534646331e+000	  3.9402431316757358e+000	  3.9401977602329108e+000	  3.9401632628897065e+000	  3.9401161022241116e+000	
  3.8693901384021512e+000	  3.8446451852311991e+000	  3.8441123288410761e+000	  3.8430800746587224e+000	  3.8427836694547857e+000	  3.8425744677135221e+000	  3.8424265039092020e+000	  3.8423195280046230e+000	  3.8422400650819366e+000	  3.8421822680823059e+000	  3.8421393234371326e+000	  3.8421055498680801e+000	  3.8420601837036994e+000	
  3.7724341420373175e+000	  3.7482995062676494e+000	  3.7477799320027039e+000	  3.7467890769233847e+000	  3.7464971708267569e+000	  3.7462909159933222e+000	  3.7461445848729902e+000	  3.7460392266701614e+000	  3.7459602925731250e+000	  3.7459038885891971e+000	  3.7458621221271304e+000	  3.7458285024793980e+000	  3.7457835280592100e+000	
  3.6772603251880032e+000	  3.6539302704381438e+000	  3.6534142760829003e+000	  3.6524127984975951e+000	  3.6521207527169253e+000	  3.6519143552620204e+000	  3.6517677524809944e+000	  3.6516620426871871e+000	  3.6515827824015190e+000	  3.6515259292912994e+000	  3.6514836989980370e+000	  3.6514496969497490e+000	  3.6514039665505038e+000	
  3.5842001141808133e+000	  3.5614740192042582e+000	  3.5609566753866950e+000	  3.5599356681215166e+000	  3.5596436072760085e+000	  3.5594374783103344e+000	  3.5592914165549772e+000	  3.5591858662693543e+000	  3.5591070222769083e+000	  3.5590499176676449e+000	  3.5590073900260144e+000	  3.5589734746659385e+000	  3.5589276335123987e+000	
  3.4931283014001391e+000	  3.4708992759646673e+000	  3.4703819171952865e+000	  3.4693501256306547e+000	  3.4690595939759206e+000	  3.4688549244439315e+000	  3.4687104015096448e+000	  3.4686058284132404e+000	  3.4685280635857740e+000	  3.4684712972883336e+000	  3.4684289755329001e+000	  3.4683955654368770e+000	  3.4683502941206257e+000	
  3.3250261855015673e+000	  3.3038617782319424e+000	  3.3033411596103956e+000	  3.3022578905916866e+000	  3.3019491034389503e+000	  3.3017287187060429e+000	  3.3015708117680731e+000	  3.3014557204786854e+000	  3.3013675241084783e+000	  3.3013041011613620e+000	  3.3012564325387572e+000	  3.3012164035084446e+000	  3.3011609170161549e+000	
  3.1634033590250965e+000	  3.1436520484997565e+000	  3.1431304250180148e+000	  3.1419618430446050e+000	  3.1416280261249430e+000	  3.1413857933939582e+000	  3.1412088064635135e+000	  3.1410779705240977e+000	  3.1409746702397712e+000	  3.1409002328144364e+000	  3.1408433758803866e+000	  3.1407931817537538e+000	  3.1407214194076882e+000	
  3.0083119831885163e+000	  2.9897017061466524e+000	  2.9891761037914577e+000	  2.9879540569961449e+000	  2.9876132410890932e+000	  2.9873655440684210e+000	  2.9871843879747395e+000	  2.9870495942936337e+000	  2.9869430910700601e+000	  2.9868651942270841e+000	  2.9868052769426168e+000	  2.9867525889004654e+000	  2.9866763687897979e+000	
  2.8595624497729233e+000	  2.8416434744913399e+000	  2.8411177707974300e+000	  2.8399234786566918e+000	  2.8396005233923827e+000	  2.8393687549592705e+000	  2.8392017441660755e+000	  2.8390780831837326e+000	  2.8389821844090335e+000	  2.8389112995477195e+000	  2.8388570260868828e+000	  2.8388107605221702e+000	  2.8387442431545562e+000	
  2.7178982515148054e+000	  2.7006560513573863e+000	  2.7001475961814236e+000	  2.6990054415139131e+000	  2.6987418987858280e+000	  2.6985643699533046e+000	  2.6984428707452768e+000	  2.6983551953991824e+000	  2.6982952036100905e+000	  2.6982463349838337e+000	  2.6982087829714452e+000	  2.6981844120084197e+000	  2.6981505622851731e+000	
  2.4485549105561777e+000	  2.4317183936224396e+000	  2.4312043058252186e+000	  2.4301673316116101e+000	  2.4299174219573061e+000	  2.4297584978476561e+000	  2.4296586401177933e+000	  2.4295952961996825e+000	  2.4295571231205404e+000	  2.4295332568675665e+000	  2.4295195333408071e+000	  2.4295148991972937e+000	  2.4295176198747548e+000	
  2.1985673400168881e+000	  2.1827355442829433e+000	  2.1822789320999902e+000	  2.1811212568667582e+000	  2.1808574057389229e+000	  2.1807129784032764e+000	  2.1806386795373278e+000	  2.1806096292744659e+000	  2.1806011009455339e+000	  2.1806144031979446e+000	  2.1806337838958800e+000	  2.1806547209648475e+000	  2.1807014224259902e+000	
  1.9697847170918603e+000	  1.9549287609010868e+000	  1.9545741292095187e+000	  1.9533699158351681e+000	  1.9531907446332930e+000	  1.9531369913958763e+000	  1.9531378733383953e+000	  1.9531724825871954e+000	  1.9532211162929247e+000	  1.9532748568704683e+000	  1.9533253116641447e+000	  1.9533771777378028e+000	  1.9534688581190895e+000	
  1.7597995088389773e+000	  1.7475881388049341e+000	  1.7473089917636742e+000	  1.7458952745412759e+000	  1.7456910448787610e+000	  1.7455930076799575e+000	  1.7455330544864367e+000	  1.7455004738653468e+000	  1.7454801811627174e+000	  1.7454668993923672e+000	  1.7454539938452918e+000	  1.7454449394946892e+000	  1.7454282428603918e+000	
  1.6761791662569525e+000	  1.6640901159890031e+000	  1.6635626488581412e+000	  1.6623507091291234e+000	  1.6620762063281891e+000	  1.6618943479260739e+000	  1.6617727379086844e+000	  1.6616879899886694e+000	  1.6616277615519870e+000	  1.6615844024057136e+000	  1.6615528488035380e+000	  1.6615291603430116e+000	  1.6614979514970596e+000	
  1.6570715531374347e+000	  1.6522516673878052e+000	  1.6522664818998667e+000	  1.6524097948058536e+000	  1.6524677231963825e+000	  1.6525104767404208e+000	  1.6525408006435871e+000	  1.6525620437051192e+000	  1.6525769521831268e+000	  1.6525870676644683e+000	  1.6525939911820053e+000	  1.6525987947795251e+000	  1.6526039745787813e+000	
  1.6551698296656259e+000	  1.6540396657787060e+000	  1.6542045084197987e+000	  1.6545772371010514e+000	  1.6546576992655382e+000	  1.6547071876207298e+000	  1.6547378687670200e+000	  1.6547579619234920e+000	  1.6547715362573712e+000	  1.6547809518565604e+000	  1.6547876161960851e+000	  1.6547925258412199e+000	  1.6547989191539880e+000	
  1.6554950634402044e+000	  1.6565493620792626e+000	  1.6566755348415008e+000	  1.6569195676030546e+000	  1.6569612514176768e+000	  1.6569893009859005e+000	  1.6570093600682956e+000	  1.6570252012200193e+000	  1.6570376986702051e+000	  1.6570481583613184e+000	  1.6570566925038221e+000	  1.6570634984667265e+000	  1.6570739376702281e+000	
  1.6569819822340737e+000	  1.6588099710812543e+000	  1.6588930916718869e+000	  1.6591305432622772e+000	  1.6591949728494981e+000	  1.6592431709405719e+000	  1.6592778959194643e+000	  1.6593037978449576e+000	  1.6593226173708953e+000	  1.6593371124724587e+000	  1.6593479407247536e+000	  1.6593560599362789e+000	  1.6593671972382484e+000	
  1.6587389488602611e+000	  1.6606682492654734e+000	  1.6607650588660317e+000	  1.6610209590204317e+000	  1.6610792423426002e+000	  1.6611132492554415e+000	  1.6611326481157374e+000	  1.6611436408977553e+000	  1.6611497415206511e+000	  1.6611529517951418e+000	  1.6611544789737476e+000	  1.6611552102767657e+000	  1.6611549617531196e+000	
  1.6603758624591514e+000	  1.6622170192679420e+000	  1.6623199781491405e+000	  1.6625090140547361e+000	  1.6625411914532595e+000	  1.6625598615596093e+000	  1.6625722206160543e+000	  1.6625811026089732e+000	  1.6625880179605979e+000	  1.6625934123253305e+000	  1.6625977004400827e+000	  1.6626012974694238e+000	  1.6626066352718460e+000	
  1.6627474301318390e+000	  1.6645586826464775e+000	  1.6646526806380901e+000	  1.6648536474752618e+000	  1.6648990930490104e+000	  1.6649301269426875e+000	  1.6649513180877484e+000	  1.6649662930054987e+000	  1.6649769970735750e+000	  1.6649847245651106e+000	  1.6649903219212447e+000	  1.6649945194711080e+000	  1.6650000216775762e+000	
  1.6651266389040575e+000	  1.6670016461104442e+000	  1.6670976511579116e+000	  1.6673233882535943e+000	  1.6673739474224458e+000	  1.6674070924833639e+000	  1.6674288821569849e+000	  1.6674438547554793e+000	  1.6674543556909338e+000	  1.6674618446299583e+000	  1.6674672424583648e+000	  1.6674712724802365e+000	  1.6674765450350737e+000	
  1.6675798982248580e+000	  1.6695429339181889e+000	  1.6696445111945568e+000	  1.6698764853286807e+000	  1.6699262575419205e+000	  1.6699582555121939e+000	  1.6699792840009220e+000	  1.6699937276343224e+000	  1.6700039048545001e+000	  1.6700111526692929e+000	  1.6700164042491306e+000	  1.6700203121036150e+000	  1.6700253798296316e+000	
  1.6701028555847763e+000	  1.6721161674602136e+000	  1.6722187341631223e+000	  1.6724517488384549e+000	  1.6725023443089349e+000	  1.6725354585960250e+000	  1.6725573770375313e+000	  1.6725725375759115e+000	  1.6725832291200060e+000	  1.6725908835264480e+000	  1.6725964208430533e+000	  1.6726005544311917e+000	  1.6726059639087243e+000	
  1.6766211950798304e+000	  1.6787622941643043e+000	  1.6788728524856911e+000	  1.6791267870606141e+000	  1.6791818847445850e+000	  1.6792178602913488e+000	  1.6792415322206544e+000	  1.6792577954900523e+000	  1.6792692111962104e+000	  1.6792772963927227e+000	  1.6792830967486960e+000	  1.6792874206823516e+000	  1.6792930100115733e+000	
  1.6834963970198125e+000	  1.6857489074617593e+000	  1.6858669121200265e+000	  1.6861341033131971e+000	  1.6861913890258151e+000	  1.6862285691341405e+000	  1.6862529329908504e+000	  1.6862695910673242e+000	  1.6862812596947219e+000	  1.6862894618774327e+000	  1.6862953199736630e+000	  1.6862996869679847e+000	  1.6863052899191988e+000	
  1.6906599457167104e+000	  1.6929954679865133e+000	  1.6931184686950207e+000	  1.6933957370950381e+000	  1.6934549301224067e+000	  1.6934933354919579e+000	  1.6935185156576882e+000	  1.6935357430165610e+000	  1.6935478133914827e+000	  1.6935563099420570e+000	  1.6935623850475867e+000	  1.6935669120647923e+000	  1.6935727292799463e+000	
  1.6980403245727693e+000	  1.7004316108333306e+000	  1.7005579799769244e+000	  1.7008453406452961e+000	  1.7009064387982775e+000	  1.7009460860180070e+000	  1.7009720914253901e+000	  1.7009899085387303e+000	  1.7010023950099207e+000	  1.7010112180599890e+000	  1.7010175411265038e+000	  1.7010222506605999e+000	  1.7010283286893468e+000	
  1.7121090789378179e+000	  1.7145963144655774e+000	  1.7147286615493140e+000	  1.7150184403591506e+000	  1.7150800185059545e+000	  1.7151197255127482e+000	  1.7151456183588376e+000	  1.7151631899150477e+000	  1.7151754613573544e+000	  1.7151839633369192e+000	  1.7151899901632905e+000	  1.7151944808060371e+000	  1.7152001593305766e+000	
  1.7265111866404670e+000	  1.7290372431133516e+000	  1.7291715897991278e+000	  1.7294619486023510e+000	  1.7295241225516733e+000	  1.7295643108075076e+000	  1.7295905817211743e+000	  1.7296084819846680e+000	  1.7296210149169156e+000	  1.7296297686315576e+000	  1.7296360137080136e+000	  1.7296406734010894e+000	  1.7296466334586480e+000	
  1.7410754270978934e+000	  1.7435991509437976e+000	  1.7437335850711833e+000	  1.7440339061236543e+000	  1.7440978125822237e+000	  1.7441392558079638e+000	  1.7441664372608301e+000	  1.7441850767192513e+000	  1.7441981484220825e+000	  1.7442074131366336e+000	  1.7442140729939659e+000	  1.7442190362262355e+000	  1.7442254784798550e+000	
  1.7556914269516444e+000	  1.7582036184666805e+000	  1.7583378658518889e+000	  1.7586460652136982e+000	  1.7587110483721080e+000	  1.7587532493272828e+000	  1.7587809732746429e+000	  1.7588000545951665e+000	  1.7588134467620975e+000	  1.7588230187970399e+000	  1.7588299288704423e+000	  1.7588350739958791e+000	  1.7588418059744093e+000	
  1.7809068842589149e+000	  1.7834063187156524e+000	  1.7835404204420424e+000	  1.7838484237844288e+000	  1.7839136928528010e+000	  1.7839562246309004e+000	  1.7839842670839268e+000	  1.7840036949008375e+000	  1.7840173600398579e+000	  1.7840272740430319e+000	  1.7840344942094966e+000	  1.7840398660826651e+000	  1.7840470050303203e+000	
  1.8059827483525304e+000	  1.8084561536033661e+000	  1.8085884993983559e+000	  1.8088935187887678e+000	  1.8089584330516217e+000	  1.8090008287912074e+000	  1.8090288515206776e+000	  1.8090483285460035e+000	  1.8090620390387446e+000	  1.8090720627588208e+000	  1.8090793866842869e+000	  1.8090848318699226e+000	  1.8090921129192417e+000	
  1.8308346731050751e+000	  1.8332779542582500e+000	  1.8334082142512642e+000	  1.8337149018936572e+000	  1.8337795143870128e+000	  1.8338216749811398e+000	  1.8338495183363168e+000	  1.8338688438730433e+000	  1.8338824329626746e+000	  1.8338923417726694e+000	  1.8338995620728049e+000	  1.8339049270801322e+000	  1.8339120717616453e+000	
  1.8554366520930898e+000	  1.8578578202126383e+000	  1.8579865048979904e+000	  1.8582905532249505e+000	  1.8583542421093391e+000	  1.8583957374878057e+000	  1.8584230859863826e+000	  1.8584420135943081e+000	  1.8584553150127192e+000	  1.8584649368558193e+000	  1.8584719210521516e+000	  1.8584771148031365e+000	  1.8584839809914211e+000	
  1.9229821051334195e+000	  1.9254946891067437e+000	  1.9256231917155198e+000	  1.9258337379026713e+000	  1.9258809491440321e+000	  1.9259102242987769e+000	  1.9259284544210775e+000	  1.9259398047297704e+000	  1.9259474274158084e+000	  1.9259515963148122e+000	  1.9259540402691844e+000	  1.9259558266393473e+000	  1.9259571467626913e+000	
  1.9885890440769494e+000	  1.9910395090785293e+000	  1.9911635716005627e+000	  1.9913572291709869e+000	  1.9914025805094493e+000	  1.9914309438242572e+000	  1.9914487626540023e+000	  1.9914599824595314e+000	  1.9914675888412781e+000	  1.9914718722446878e+000	  1.9914744635372017e+000	  1.9914763821591297e+000	  1.9914779820029427e+000	
  2.0523023252276840e+000	  2.0546755076331635e+000	  2.0547946766695802e+000	  2.0549872071828901e+000	  2.0550319316765542e+000	  2.0550599868147668e+000	  2.0550776811976146e+000	  2.0550888794217403e+000	  2.0550964937897653e+000	  2.0551008533931103e+000	  2.0551035207829749e+000	  2.0551055087472125e+000	  2.0551072505206047e+000	
  2.1849441050301177e+000	  2.1875506337445394e+000	  2.1876671541565251e+000	  2.1876424602955691e+000	  2.1876522317398894e+000	  2.1876545134991154e+000	  2.1876530147431072e+000	  2.1876480285576427e+000	  2.1876436894689988e+000	  2.1876361412760392e+000	  2.1876287757949253e+000	  2.1876234640201275e+000	  2.1876131460067949e+000	
  2.3095479237791317e+000	  2.3120010181199024e+000	  2.3121074012979470e+000	  2.3120703327412784e+000	  2.3120805902805408e+000	  2.3120839909467339e+000	  2.3120837083672185e+000	  2.3120799634153144e+000	  2.3120768032245387e+000	  2.3120703191563674e+000	  2.3120638811309213e+000	  2.3120594351786483e+000	  2.3120505482652209e+000	
  2.4264764850889797e+000	  2.4287224249179840e+000	  2.4288183616023584e+000	  2.4288137972336976e+000	  2.4288289251723771e+000	  2.4288362356386095e+000	  2.4288390154321160e+000	  2.4288379183672326e+000	  2.4288368900291513e+000	  2.4288323757055696e+000	  2.4288275858757036e+000	  2.4288245049981505e+000	  2.4288178496600921e+000	
  2.5361871619056231e+000	  2.5382457592255658e+000	  2.5383326646144511e+000	  2.5383527297633268e+000	  2.5383716691016467e+000	  2.5383821824398467e+000	  2.5383875568134595e+000	  2.5383887657792759e+000	  2.5383896223609703e+000	  2.5383868885902050e+000	  2.5383836089880596e+000	  2.5383817825044286e+000	  2.5383772035825203e+000	
  2.6158318653610735e+000	  2.6174715934301762e+000	  2.6175510918222678e+000	  2.6177537418834440e+000	  2.6177959917466076e+000	  2.6178240687986243e+000	  2.6178429591787733e+000	  2.6178564612941990e+000	  2.6178659850599750e+000	  2.6178733705735091e+000	  2.6178789319291074e+000	  2.6178829727319108e+000	  2.6178886201058127e+000	
