  1.1334923057804147e+000	  1.0924540654866366e+000	  9.1941402432560437e-001	 -1.1509284264895614e+000	 -1.3354211111987757e+000	 -1.5023132926204052e+000	 -3.7057717189847850e-001	 -7.2997622559844988e-001	 -1.0029671987096256e+000	  9.3174364816950295e-001	  1.6594596403356476e+000	 -1.1399522265992390e+000	 -1.3288359726920662e+000	
  1.1194504824214579e+000	  1.0788527341485388e+000	  9.0452972705157286e-001	 -1.1517908119508258e+000	 -1.3359172517712903e+000	 -1.5026114873124552e+000	 -3.8560253167430059e-001	 -7.3005199487363726e-001	 -1.0029887832144757e+000	  9.2477232205268045e-001	  1.6465585716456399e+000	 -1.1406180737880689e+000	 -1.3295575977746443e+000	
  1.1013307382736759e+000	  1.0615295866229779e+000	  8.8515485693752005e-001	 -1.1537271245877223e+000	 -1.3370935831487074e+000	 -1.5033360526642836e+000	 -4.0053452678234791e-001	 -7.3024517999953353e-001	 -1.0030437397063885e+000	  9.1504433218592141e-001	  1.6302772916940711e+000	 -1.1421830706724867e+000	 -1.3312571375759807e+000	
  1.0833201051205776e+000	  1.0444621537688548e+000	  8.6589505576317727e-001	 -1.1566979120568588e+000	 -1.3389324899518718e+000	 -1.5044931660790350e+000	 -4.1538440285693312e-001	 -7.3056794786685586e-001	 -1.0031354280998217e+000	  9.0476698535724154e-001	  1.6142539812005197e+000	 -1.1446140351044631e+000	 -1.3339023718229592e+000	
  9.6698265609695966e-001	  9.3559076266092056e-001	  7.4572319751031735e-001	 -1.2021426588143536e+000	 -1.3665672414365782e+000	 -1.5233958334136544e+000	 -5.3175693430651538e-001	 -7.3703382141077078e-001	 -1.0049733017645224e+000	  8.3234048588276544e-001	  1.5098373076041227e+000	 -1.1805202002763693e+000	 -1.3733582148358625e+000	
  8.8705806186051284e-001	  8.6282593989395195e-001	  6.7005758716387476e-001	 -1.2736936390765896e+000	 -1.4089172932995053e+000	 -1.5546019993806226e+000	 -6.4157573064838047e-001	 -7.4963085776758032e-001	 -1.0085831207558016e+000	  7.7493441341958125e-001	  1.4366758985566719e+000	 -1.2346157593007279e+000	 -1.4333115862968926e+000	
  8.2299266904328761e-001	  8.0564198639820894e-001	  6.1344351076542125e-001	 -1.3531987556183456e+000	 -1.4546134201338656e+000	 -1.5909361437570491e+000	 -7.4436858892690250e-001	 -7.6691126118733077e-001	 -1.0136234893891594e+000	  7.2594447362450687e-001	  1.3775537534757021e+000	 -1.2917096046529686e+000	 -1.4970257653504904e+000	
  7.6368595043030396e-001	  7.5314650184066245e-001	  5.6175026862170796e-001	 -1.4321825856780102e+000	 -1.4993705251344913e+000	 -1.6289673542659866e+000	 -8.4033187929577480e-001	 -7.8784419140653927e-001	 -1.0198918743032914e+000	  6.7950138688277484e-001	  1.3233852996485940e+000	 -1.3461253162091458e+000	 -1.5578892860846905e+000	
  6.7588484272462779e-001	  6.7534798369783822e-001	  4.8483495386597575e-001	 -1.5494657349469643e+000	 -1.5666117381913924e+000	 -1.6893875981003337e+000	 -9.7753389155930126e-001	 -8.2629068245809734e-001	 -1.0318869762242500e+000	  6.0971877877524783e-001	  1.2439594333342185e+000	 -1.4250235459037919e+000	 -1.6456713450517801e+000	
  5.9027166470149162e-001	  5.9850155959195739e-001	  4.0826176933372871e-001	 -1.6570400387928563e+000	 -1.6313975927545465e+000	 -1.7495374136798914e+000	 -1.1016685972016216e+000	 -8.7010185232994086e-001	 -1.0463454006061079e+000	  5.4152533835871708e-001	  1.1666605482369974e+000	 -1.4980892090439291e+000	 -1.7257020452274840e+000	
  5.0835722255238025e-001	  5.2388191655494687e-001	  3.3420289692553951e-001	 -1.7569196254408892e+000	 -1.6958102607067538e+000	 -1.8094224952244220e+000	 -1.2148644966410993e+000	 -9.1791235177851593e-001	 -1.0630746646018707e+000	  4.7555420981937324e-001	  1.0920596578645192e+000	 -1.5687932407776328e+000	 -1.8017400293836028e+000	
  4.3026519678313058e-001	  4.5176670820157305e-001	  2.6310407480245601e-001	 -1.8506946940278768e+000	 -1.7603707100299903e+000	 -1.8689903563590127e+000	 -1.3188316175444248e+000	 -9.6869015405309788e-001	 -1.0818940480171735e+000	  4.1179734719754002e-001	  1.0201501513511513e+000	 -1.6383783014999320e+000	 -1.8754937994482912e+000	
  3.5503938397729584e-001	  3.8142752906500377e-001	  1.9401199997104435e-001	 -1.9388977878671554e+000	 -1.8246437669392490e+000	 -1.9279553507977054e+000	 -1.4149155022009641e+000	 -1.0216151793617234e+000	 -1.1026275051329026e+000	  3.4978217959302782e-001	  9.5021369648451426e-001	 -1.7066265429507288e+000	 -1.9470575741772356e+000	
  2.4072702264765766e-001	  2.7300773261007549e-001	  8.7808059078264833e-002	 -2.0682352773366830e+000	 -1.9251528071748680e+000	 -2.0196844366611177e+000	 -1.5534691871796902e+000	 -1.1083042489692385e+000	 -1.1389835051820452e+000	  2.5464323748591866e-001	  8.4282222363940562e-001	 -1.8116376002039747e+000	 -2.0559237485758830e+000	
  1.3070472259091304e-001	  1.6712188610168432e-001	 -1.5771927417196352e-002	 -2.1874092913984899e+000	 -2.0241588162949187e+000	 -2.1095191585215334e+000	 -1.6786920563770513e+000	 -1.1969048362762136e+000	 -1.1792028417028089e+000	  1.6242008165301414e-001	  7.3823475929901683e-001	 -1.9136935872599015e+000	 -2.1606260468857164e+000	
  2.5401175480332938e-002	  6.4589786082924761e-002	 -1.1579356679136676e-001	 -2.2986886789758687e+000	 -2.1216048697898504e+000	 -2.1976483168295591e+000	 -1.7934740276904781e+000	 -1.2861318137254996e+000	 -1.2228149851261083e+000	  7.3213757410650615e-002	  6.3706546834052524e-001	 -2.0132893041387989e+000	 -2.2620352950603051e+000	
 -7.5789642304924243e-002	 -3.4837574020452067e-002	 -2.1262557070833576e-001	 -2.4035719925280530e+000	 -2.2171787345428573e+000	 -2.2841348377430348e+000	 -1.8999683320520822e+000	 -1.3751219281442628e+000	 -1.2693970839878777e+000	 -1.3230941309783084e-002	  5.3903576879599235e-001	 -2.1103639647083172e+000	 -2.3603374937770649e+000	
 -1.7356296305093277e-001	 -1.3157299000787770e-001	 -3.0682108500679206e-001	 -2.5031609509437169e+000	 -2.3106561879439047e+000	 -2.3690231433214359e+000	 -1.9998112859411776e+000	 -1.4632975685614502e+000	 -1.3185719364151582e+000	 -9.7308562733378068e-002	  4.4373534732145004e-001	 -2.2048447954374772e+000	 -2.4556245465664484e+000	
 -3.0100061302851255e-001	 -2.5845928421308617e-001	 -4.3038105915771396e-001	 -2.6312311507280528e+000	 -2.4338761142623788e+000	 -2.4815976433395504e+000	 -2.1267915812808180e+000	 -1.5808366203248214e+000	 -1.3887523537753355e+000	 -2.0767347466243979e-001	  3.1883820162170728e-001	 -2.3288369928027297e+000	 -2.5802222115592910e+000	
 -4.2429442479907653e-001	 -3.8186230416503708e-001	 -5.5075437849017028e-001	 -2.7534260491803852e+000	 -2.5535284611605258e+000	 -2.5917706500376836e+000	 -2.2465773459297012e+000	 -1.6956974353664611e+000	 -1.4623688326961259e+000	 -3.1483340567339813e-001	  1.9739128206763823e-001	 -2.4489527232592900e+000	 -2.7006190900960014e+000	
 -5.2500610976857764e-001	 -4.8302085440488085e-001	 -6.4950721150369706e-001	 -2.8529353958487436e+000	 -2.6518904425090195e+000	 -2.6830346873329969e+000	 -2.3430828779444912e+000	 -1.7903267157306502e+000	 -1.5266205729573823e+000	 -4.0278719448039180e-001	  9.7806711658598999e-002	 -2.5476342848078648e+000	 -2.7994165224779488e+000	
 -6.2254697822561322e-001	 -5.8120798956462494e-001	 -7.4535193815605805e-001	 -2.9494723451211069e+000	 -2.7478524831832107e+000	 -2.7727659562173379e+000	 -2.4360474052514958e+000	 -1.8829191901521547e+000	 -1.5925443658578731e+000	 -4.8852535348009596e-001	  1.1750452335590467e-003	 -2.6437846398800202e+000	 -2.8955936555107309e+000	
 -7.1811958312573143e-001	 -6.7748177474269422e-001	 -8.3948783884713052e-001	 -3.0433343430539272e+000	 -2.8416324278882632e+000	 -2.8610784701443848e+000	 -2.5258074199931979e+000	 -1.9735372165475829e+000	 -1.6598859837768654e+000	 -5.7275099247489081e-001	 -9.3540550867854400e-002	 -2.7376796441925810e+000	 -2.9894611575680408e+000	
 -8.1188301034196275e-001	 -7.7195156762677186e-001	 -9.3198878081390824e-001	 -3.1348152970764875e+000	 -2.9335206116216650e+000	 -2.9481582157686592e+000	 -2.6127076163965368e+000	 -2.0623056327940814e+000	 -1.7284224134953563e+000	 -6.5566842586495255e-001	 -1.8648458938330670e-001	 -2.8296891152786996e+000	 -3.0814338945770459e+000	
 -9.2165495977591938e-001	 -8.8256174221001960e-001	 -1.0403940447107907e+000	 -3.2414023298075190e+000	 -3.0412191511528519e+000	 -3.0509182099341947e+000	 -2.7134558929924335e+000	 -2.1663234031040757e+000	 -1.8118000268433354e+000	 -7.5322514616693592e-001	 -2.9531302619700828e-001	 -2.9375434840693826e+000	 -3.1892561966140320e+000	
 -1.0297961714604842e+000	 -9.9149584515645373e-001	 -1.1473849900914823e+000	 -3.3452770201392035e+000	 -3.1468185004203120e+000	 -3.1523300884060967e+000	 -2.8112323687353724e+000	 -2.2681182582654502e+000	 -1.8963218280587668e+000	 -8.4954822828875454e-001	 -4.0255161773228298e-001	 -3.0434183791677727e+000	 -3.2951618407438543e+000	
 -1.1357108184583131e+000	 -1.0981959375523376e+000	 -1.2522633021139207e+000	 -3.4467867353811243e+000	 -3.2505154539449466e+000	 -3.2525319929382901e+000	 -2.9066203891698894e+000	 -2.3679398315858968e+000	 -1.9817318090010749e+000	 -9.4438900232818312e-001	 -5.0765568942701123e-001	 -3.1474982584277500e+000	 -3.3993416263425891e+000	
 -1.2397068214849982e+000	 -1.2029705317360140e+000	 -1.3553494605605954e+000	 -3.5461750016290150e+000	 -3.3523706210949467e+000	 -3.3515316609099566e+000	 -3.0000259626028480e+000	 -2.4659702136548001e+000	 -2.0678099677577944e+000	 -1.0378780294957313e+000	 -6.1089970734196086e-001	 -3.2497810781392245e+000	 -3.5017672463384386e+000	
 -1.3420671464233758e+000	 -1.3060845960179979e+000	 -1.4569154667293249e+000	 -3.6437312784746156e+000	 -3.4525235765582307e+000	 -3.4493676587327160e+000	 -3.0917378946133667e+000	 -2.5623623826908082e+000	 -2.1543778981168993e+000	 -1.1302038326123087e+000	 -7.1253682369465388e-001	 -3.3503897006090799e+000	 -3.6025434515034593e+000	
 -1.4991646191123698e+000	 -1.4643407818339949e+000	 -1.6128963887277470e+000	 -3.7935617534800015e+000	 -3.6064930082650992e+000	 -3.6006778159937136e+000	 -3.2327657059392223e+000	 -2.7107307679431480e+000	 -2.2910443951976722e+000	 -1.2726642777154407e+000	 -8.6849647202835722e-001	 -3.5049879977659959e+000	 -3.7573986772611034e+000	
 -1.6548923523459491e+000	 -1.6211202523767065e+000	 -1.7678448808859937e+000	 -3.9407622600835523e+000	 -3.7577898937858345e+000	 -3.7500032867734401e+000	 -3.3709756062739737e+000	 -2.8560303284680399e+000	 -2.4281454044338124e+000	 -1.4138671742758291e+000	 -1.0231911065309296e+000	 -3.6572171522110120e+000	 -3.9100123579951518e+000	
 -1.8064499699608216e+000	 -1.7737596226771180e+000	 -1.9186309449661376e+000	 -4.0854981633643428e+000	 -3.9064640711774512e+000	 -3.8973792762314607e+000	 -3.5070095303996185e+000	 -2.9987527234354161e+000	 -2.5653234217651866e+000	 -1.5523004214200720e+000	 -1.1739488719579860e+000	 -3.8069247822428709e+000	 -4.0601843336793841e+000	
 -1.9551957678419774e+000	 -1.9235466444682547e+000	 -2.0667155238468515e+000	 -4.2277175031852909e+000	 -4.0523917489736494e+000	 -4.0425558325993816e+000	 -3.6409525054527103e+000	 -3.1390983848363918e+000	 -2.7022360812003487e+000	 -1.6885457974444851e+000	 -1.3218845659693779e+000	 -3.9537738969774860e+000	 -4.2074779342354818e+000	
 -2.0024087209405961e+000	 -1.9709650672743440e+000	 -2.1140058210945556e+000	 -4.2705879188973395e+000	 -4.0963689078017396e+000	 -4.0861423823405074e+000	 -3.6809169973833766e+000	 -3.1809324605874822e+000	 -2.7432582736253153e+000	 -1.7308448996410375e+000	 -1.3688458422841387e+000	 -3.9982887646217158e+000	 -4.2522021423101464e+000	
 -2.0445666439725674e+000	 -2.0135062344552868e+000	 -2.1557682170446624e+000	 -4.3131330457443218e+000	 -4.1400338095670675e+000	 -4.1295285283891037e+000	 -3.7207507969817533e+000	 -3.2226434144962957e+000	 -2.7842437344455240e+000	 -1.7704871728696503e+000	 -1.4110047685889082e+000	 -4.0424188327704558e+000	 -4.2965478957732728e+000	
 -2.0870139229346441e+000	 -2.0563038560212910e+000	 -2.1979184698710519e+000	 -4.3548474767129974e+000	 -4.1828463288423601e+000	 -4.1723115203745609e+000	 -3.7602679016556229e+000	 -3.2640712188597432e+000	 -2.8251419863934979e+000	 -1.8097454586779582e+000	 -1.4532762745048666e+000	 -4.0854085373639437e+000	 -4.3396715457010293e+000	
 -2.1305725765633499e+000	 -2.1001197017380679e+000	 -2.2413391434947805e+000	 -4.3961391185086685e+000	 -4.2252097850271619e+000	 -4.2146775726601415e+000	 -3.7994744609126663e+000	 -3.3052281168501896e+000	 -2.8659480725506947e+000	 -1.8497356297932921e+000	 -1.4964647721850133e+000	 -4.1278417278958202e+000	 -4.3821774015138093e+000	
 -2.1740359506318141e+000	 -2.1438301209244504e+000	 -2.2846509172472773e+000	 -4.4374132073098371e+000	 -4.2675602208254171e+000	 -4.2569102448796192e+000	 -3.8384527614350183e+000	 -3.3462036975188125e+000	 -2.9066762552060199e+000	 -1.8896809458012198e+000	 -1.5395770148964871e+000	 -4.1703324019540799e+000	 -4.4247407163900965e+000	
 -2.2573783161871086e+000	 -2.2276818514932462e+000	 -2.3676151155048730e+000	 -4.5172905122379259e+000	 -4.3496095171551286e+000	 -4.3386800666300740e+000	 -3.9137171202316967e+000	 -3.4254908444156795e+000	 -2.9857336347570707e+000	 -1.9665742222363392e+000	 -1.6223071538445932e+000	 -4.2526796295755398e+000	 -4.5072529401906092e+000	
 -2.3412298563977307e+000	 -2.3120170596070411e+000	 -2.4511875720065746e+000	 -4.5969191787160746e+000	 -4.4315511863142198e+000	 -4.4202582608234842e+000	 -3.9884054751478937e+000	 -3.5042907771485332e+000	 -3.0645069070421860e+000	 -2.0437021897113938e+000	 -1.7056263331108878e+000	 -4.3351163771666590e+000	 -4.5899582940465145e+000	
 -2.4240080564260635e+000	 -2.3952977068300019e+000	 -2.5336735178109748e+000	 -4.6760422043259364e+000	 -4.5130611466588366e+000	 -4.5015153690062260e+000	 -4.0626250154810473e+000	 -3.5825891297968093e+000	 -3.1429920193835059e+000	 -2.1202411741230165e+000	 -1.7879707917669574e+000	 -4.4171871808083019e+000	 -4.6723503666826760e+000	
 -2.5060452815620637e+000	 -2.4778314741702445e+000	 -2.6154339979903574e+000	 -4.7544935466516947e+000	 -4.5938833872272156e+000	 -4.5822425980294179e+000	 -4.1363680637793721e+000	 -3.6603146735235681e+000	 -3.2211663846043459e+000	 -2.1961921112088056e+000	 -1.8695753701568618e+000	 -4.4985413728063639e+000	 -4.7540187780104048e+000	
 -2.5874996512331716e+000	 -2.5597643404294823e+000	 -2.6966348332241319e+000	 -4.8323402202349319e+000	 -4.6740447030835242e+000	 -4.6623932330867035e+000	 -4.2096255314900688e+000	 -3.7374431823907761e+000	 -3.2990097041497579e+000	 -2.2717036147845704e+000	 -1.9505914260589119e+000	 -4.5792230601626738e+000	 -4.8350003058792446e+000	
 -2.7352791117414288e+000	 -2.7084154350652812e+000	 -2.8439140077501923e+000	 -4.9742046495737657e+000	 -4.8199839118180376e+000	 -4.8085724200831459e+000	 -4.3434523071116393e+000	 -3.8781149581678109e+000	 -3.4417085740078290e+000	 -2.4092012580368971e+000	 -2.0975141579298029e+000	 -4.7259663143753849e+000	 -4.9822369818499634e+000	
 -2.8833648798515243e+000	 -2.8572861721432030e+000	 -2.9916936841395403e+000	 -5.1151683174600615e+000	 -4.9647813870399293e+000	 -4.9535284432838944e+000	 -4.4761281295279121e+000	 -4.0171244805115025e+000	 -3.5832068590271327e+000	 -2.5466456081638666e+000	 -2.2448504474401609e+000	 -4.8718895471656642e+000	 -5.1287658965784022e+000	
 -3.0279983931785770e+000	 -3.0027510195769214e+000	 -3.1359129866106450e+000	 -5.2548149467769312e+000	 -5.1080067757132142e+000	 -5.0970740866227437e+000	 -4.6077367679450143e+000	 -4.1546788117046152e+000	 -3.7234887698148755e+000	 -2.6818024972629084e+000	 -2.3889552520899304e+000	 -5.0162833195831480e+000	 -5.2738063871154983e+000	
 -3.1706971028955255e+000	 -3.1462333983154345e+000	 -3.2782206315095097e+000	 -5.3927046193722461e+000	 -5.2492344684255121e+000	 -5.2387848631038070e+000	 -4.7380342343729120e+000	 -4.2906877273574118e+000	 -3.8624913139051475e+000	 -2.8153068161005379e+000	 -2.5310391495353413e+000	 -5.1584959447608103e+000	 -5.4165893737511128e+000	
 -3.1478483183835504e+000	 -3.1268563466407828e+000	 -3.2540173001490702e+000	 -5.4091891756062882e+000	 -5.2807026839998272e+000	 -5.2757090814889995e+000	 -4.6865136060610935e+000	 -4.3322215739621805e+000	 -3.9085730484066383e+000	 -2.8106827269501755e+000	 -2.5133295186094973e+000	 -5.1854915754289133e+000	 -5.4416449668862610e+000	
 -3.0951267947675332e+000	 -3.0801340889771156e+000	 -3.2030370516278328e+000	 -5.3777886589947421e+000	 -5.2839079052825477e+000	 -5.2900292831371543e+000	 -4.5855843135699237e+000	 -4.3600372801141374e+000	 -3.9479649121563209e+000	 -2.7786076814710903e+000	 -2.4671449235600384e+000	 -5.1783658382612563e+000	 -5.4292750800601919e+000	
 -3.0500113791380734e+000	 -3.0417768964478009e+000	 -3.1631885674330285e+000	 -5.3189063685027405e+000	 -5.2715034711667830e+000	 -5.2895365328328170e+000	 -4.4779613288783437e+000	 -4.3768249794563507e+000	 -3.9836963693031802e+000	 -2.7475626258220975e+000	 -2.4276940852995255e+000	 -5.1538708530456390e+000	 -5.3976006373797070e+000	
 -3.0147656923020794e+000	 -3.0130091429890760e+000	 -3.1343180361794731e+000	 -5.2543138283431823e+000	 -5.2544401567035104e+000	 -5.2817718309273731e+000	 -4.3813958802759734e+000	 -4.3846792471964324e+000	 -4.0160536486014697e+000	 -2.7219714516419913e+000	 -2.3974759625587927e+000	 -5.1265739305732527e+000	 -5.3632030013157639e+000	
 -2.9846914263724766e+000	 -2.9886551800505368e+000	 -3.1100910652225311e+000	 -5.1953293207199769e+000	 -5.2375849595245327e+000	 -5.2715516600982948e+000	 -4.2990396043597334e+000	 -4.3860088229877858e+000	 -4.0454296823750902e+000	 -2.6997719296872891e+000	 -2.3720832544968928e+000	 -5.1023048795271198e+000	 -5.3330748567799180e+000	
 -2.9397164780545770e+000	 -2.9512437795323754e+000	 -3.0728922748189946e+000	 -5.1140272899689032e+000	 -5.2108484661369525e+000	 -5.2539248035383679e+000	 -4.1874681101869982e+000	 -4.3791490150024703e+000	 -4.0887401484204222e+000	 -2.6666819995476709e+000	 -2.3338231231934126e+000	 -5.0675459668901857e+000	 -5.2915429428088689e+000	
 -2.9009994186194321e+000	 -2.9178993963454580e+000	 -3.0401024713520020e+000	 -5.0499836373409934e+000	 -5.1848111469181557e+000	 -5.2367252349666549e+000	 -4.1016424375304172e+000	 -4.3646267041269615e+000	 -4.1257014762734467e+000	 -2.6382323790488105e+000	 -2.3002760471028116e+000	 -5.0369996670961426e+000	 -5.2570229448513084e+000	
 -2.8668834305987101e+000	 -2.8874963592856462e+000	 -3.0105830596828254e+000	 -4.9986215360042774e+000	 -5.1592235493423955e+000	 -5.2206952280207108e+000	 -4.0346869757837966e+000	 -4.3460521749000280e+000	 -4.1572048986744381e+000	 -2.6132936790806971e+000	 -2.2699652008085769e+000	 -5.0088155265037848e+000	 -5.2265928923802552e+000	
 -2.8366939122719259e+000	 -2.8598577925410540e+000	 -2.9840711785132923e+000	 -4.9564488814358709e+000	 -5.1345047704745017e+000	 -5.2059456220178157e+000	 -3.9815486067595884e+000	 -4.3257297958418928e+000	 -4.1840090619054138e+000	 -2.5913295410174841e+000	 -2.2425494283742076e+000	 -4.9826074204022408e+000	 -5.1991275067864162e+000	
 -2.7945956179679099e+000	 -2.8204139222757219e+000	 -2.9466146617858069e+000	 -4.9018109114615793e+000	 -5.0977267364443746e+000	 -5.1846143015158441e+000	 -3.9154902702551730e+000	 -4.2929198262189328e+000	 -4.2191167600421631e+000	 -2.5609690378898264e+000	 -2.2035877689523531e+000	 -4.9447073333213076e+000	 -5.1602705716179420e+000	
 -2.7595232629078481e+000	 -2.7867929460586582e+000	 -2.9150149483661014e+000	 -4.8599250960383866e+000	 -5.0653025327683787e+000	 -5.1660485418865143e+000	 -3.8673699527753680e+000	 -4.2618967541999675e+000	 -4.2458266350048346e+000	 -2.5360144934272189e+000	 -2.1705562602543083e+000	 -4.9121939598844033e+000	 -5.1276548312043646e+000	
 -2.7297474133809452e+000	 -2.7578219182229358e+000	 -2.8879175400254864e+000	 -4.8269428873173315e+000	 -5.0372474280114821e+000	 -5.1498236227458527e+000	 -3.8311293310290262e+000	 -4.2340326190490885e+000	 -4.2658844835018472e+000	 -2.5152017718359510e+000	 -2.1422124288440481e+000	 -4.8845039277621849e+000	 -5.1002656451080153e+000	
 -2.7041629834458902e+000	 -2.7327034811392981e+000	 -2.8644784993208106e+000	 -4.8002708741110567e+000	 -5.0131397145414258e+000	 -5.1355201013185692e+000	 -3.8028821862815532e+000	 -4.2096861581479850e+000	 -4.2807006573754025e+000	 -2.4976535182323900e+000	 -2.1177105095513404e+000	 -4.8608877282767526e+000	 -5.0770923715567351e+000	
 -2.6602519108900324e+000	 -2.6893626165800377e+000	 -2.8240349223281891e+000	 -4.7574323136883034e+000	 -4.9727547554659912e+000	 -5.1102327130028158e+000	 -3.7591113461249437e+000	 -4.1688248982451048e+000	 -4.3000398296175746e+000	 -2.4683726874720202e+000	 -2.0755783144951190e+000	 -4.8213903929189561e+000	 -5.0384695191397766e+000	
 -2.6252448440505782e+000	 -2.6546573836514487e+000	 -2.7915180293942576e+000	 -4.7266005203757677e+000	 -4.9422330829285155e+000	 -5.0892629178352911e+000	 -3.7293631628501078e+000	 -4.1383897967524064e+000	 -4.3077725893235774e+000	 -2.4459805695711268e+000	 -2.0419167866259080e+000	 -4.7913440410369823e+000	 -5.0090627215563233e+000	
 -2.5963977552124762e+000	 -2.6260433744587086e+000	 -2.7646279596932333e+000	 -4.7030017113784961e+000	 -4.9184106345048217e+000	 -5.0712506801270374e+000	 -3.7074235387313248e+000	 -4.1151793713485318e+000	 -4.3083252187311460e+000	 -2.4281744570133768e+000	 -2.0142393184223728e+000	 -4.7676677786290256e+000	 -4.9857750566150161e+000	
 -2.5710294233920461e+000	 -2.6009363438929123e+000	 -2.7408928190421067e+000	 -4.6836016790144930e+000	 -4.8987403656671757e+000	 -5.0551060295371819e+000	 -3.6898662254509773e+000	 -4.0965789917384310e+000	 -4.3045759256660210e+000	 -2.4129444682514656e+000	 -1.9900103979180184e+000	 -4.7478918881896925e+000	 -4.9661916394093675e+000	
 -2.5344019771057491e+000	 -2.5647539274321618e+000	 -2.7064692573433025e+000	 -4.6573715236624125e+000	 -4.8720626141209866e+000	 -5.0312863741068803e+000	 -3.6667101465032159e+000	 -4.0721323477995730e+000	 -4.2930601208270858e+000	 -2.3913340227688096e+000	 -1.9551711679166583e+000	 -4.7207615100828271e+000	 -4.9391396984101998e+000	
 -2.4998067931611967e+000	 -2.5306272729507251e+000	 -2.6737733200851155e+000	 -4.6335153013640218e+000	 -4.8477382039834316e+000	 -5.0085174225973361e+000	 -3.6459617651840581e+000	 -4.0504780742279811e+000	 -4.2786665673982816e+000	 -2.3707448488143879e+000	 -1.9221711380792428e+000	 -4.6956495352227234e+000	 -4.9139093039034520e+000	
 -2.4673136824010511e+000	 -2.4985671113005870e+000	 -2.6430692486624219e+000	 -4.6111352046781517e+000	 -4.8248369290816440e+000	 -4.9866604759309929e+000	 -3.6262778633523451e+000	 -4.0299074816394498e+000	 -4.2631057544114670e+000	 -2.3511458286479270e+000	 -1.8912006466669240e+000	 -4.6720501655216351e+000	 -4.8902247829519796e+000	
 -2.4355747778765924e+000	 -2.4672596148762604e+000	 -2.6129629005327004e+000	 -4.5896823096310824e+000	 -4.8028618246236388e+000	 -4.9654630013499235e+000	 -3.6073417806540276e+000	 -4.0101040025463108e+000	 -4.2468500048957747e+000	 -2.3317117989632985e+000	 -1.8609599936336707e+000	 -4.6494217009097616e+000	 -4.8675477115329713e+000	
 -2.4045472291488457e+000	 -2.4366489076327325e+000	 -2.5834462755688348e+000	 -4.5687412869200861e+000	 -4.7814382992937832e+000	 -4.9445672152068632e+000	 -3.5887877040058358e+000	 -3.9907971858434976e+000	 -4.2300921663646074e+000	 -2.3123377936034029e+000	 -1.8313375565759404e+000	 -4.6273191773444911e+000	 -4.8453879784322584e+000	
 -2.3618330665959864e+000	 -2.3945007416288355e+000	 -2.5427142972673789e+000	 -4.5398072810191037e+000	 -4.7519247333206449e+000	 -4.9155180541832211e+000	 -3.5627920590994844e+000	 -3.9639268630516922e+000	 -4.2059595107447612e+000	 -2.2850469753074032e+000	 -1.7904981683887211e+000	 -4.5969167245033526e+000	 -4.8149505510628465e+000	
 -2.3197373736871807e+000	 -2.3529521582810187e+000	 -2.5024694015104432e+000	 -4.5110427599046599e+000	 -4.7226184631493640e+000	 -4.8866660938964301e+000	 -3.5366474651614688e+000	 -3.9370462267248607e+000	 -4.1815052493977545e+000	 -2.2574795030845252e+000	 -1.7501120605790677e+000	 -4.5666963018222706e+000	 -4.7847181210268763e+000	
 -2.2788075137875063e+000	 -2.3125360354173674e+000	 -2.4633096318038561e+000	 -4.4827802582537712e+000	 -4.6938784925504295e+000	 -4.8583530290532417e+000	 -3.5105678878440960e+000	 -3.9103192799762043e+000	 -4.1569400804930545e+000	 -2.2300861362192226e+000	 -1.7108212517381594e+000	 -4.5371779123077882e+000	 -4.7552670624331217e+000	
 -2.2383014708784454e+000	 -2.2725387571496114e+000	 -2.4244425298436401e+000	 -4.4547754542321183e+000	 -4.6654685802519635e+000	 -4.8303270089451456e+000	 -3.4845413918610513e+000	 -3.8837472116206584e+000	 -4.1323174521908923e+000	 -2.2024618004382601e+000	 -1.6718994511948360e+000	 -4.5080327731857883e+000	 -4.7262211083503036e+000	
 -2.1985088635794181e+000	 -2.2332278665365690e+000	 -2.3861781703353735e+000	 -4.4270006571430764e+000	 -4.6373353900627245e+000	 -4.8025133839325607e+000	 -3.4584649400357659e+000	 -3.8572225251988224e+000	 -4.1076246918450021e+000	 -2.1747462110273119e+000	 -1.6335639012706737e+000	 -4.4791964598384082e+000	 -4.6975102830206783e+000	
 -2.1525785275727793e+000	 -2.1878494636946577e+000	 -2.3419449222727984e+000	 -4.3947184361605718e+000	 -4.6046601856295499e+000	 -4.7702025417870608e+000	 -3.4278012220450016e+000	 -3.8261248849038587e+000	 -4.0785328558551326e+000	 -2.1421349693295788e+000	 -1.5892551322082005e+000	 -4.4457623372159416e+000	 -4.6642710813713517e+000	
 -2.1074345817190254e+000	 -2.1432396714474722e+000	 -2.2983963331649759e+000	 -4.3627534282033587e+000	 -4.5723070250796027e+000	 -4.7382424727921979e+000	 -3.3971516059039253e+000	 -3.7951277824616048e+000	 -4.0493876016951535e+000	 -2.1094797106872010e+000	 -1.5456243745062270e+000	 -4.4126777542466966e+000	 -4.6314092017342157e+000	
 -2.0631857873008030e+000	 -2.0995004808744833e+000	 -2.2556449863553318e+000	 -4.3311848088251059e+000	 -4.5404072265826656e+000	 -4.7067066915794653e+000	 -3.3666048432445805e+000	 -3.7643259629168702e+000	 -4.0202582785392460e+000	 -2.0769134522833355e+000	 -1.5028105108252365e+000	 -4.3801191841438269e+000	 -4.5991127113651498e+000	
 -2.0195903703125184e+000	 -2.0563979745162886e+000	 -2.2134402805190634e+000	 -4.2998888603080765e+000	 -4.5088497585146214e+000	 -4.6754894563866278e+000	 -3.3361271000555970e+000	 -3.7336813169724925e+000	 -3.9911702008037508e+000	 -2.0443314021585390e+000	 -1.4605709734588634e+000	 -4.3479438413492888e+000	 -4.5672248892407730e+000	
 -1.9767570029489701e+000	 -2.0140328622061388e+000	 -2.1719103683250918e+000	 -4.2688849155390063e+000	 -4.4776236466984587e+000	 -4.6445992217591936e+000	 -3.3057115504308010e+000	 -3.7031700535689049e+000	 -3.9621297165789437e+000	 -2.0118231473839066e+000	 -1.4189954405326999e+000	 -4.3161379598293248e+000	 -4.5357303644425473e+000	
 -1.9112786581766406e+000	 -1.9492512906504889e+000	 -2.1083222961664205e+000	 -4.2211071295200631e+000	 -4.4295316611454583e+000	 -4.5970700819845112e+000	 -3.2584715851331492e+000	 -3.6558897987392092e+000	 -3.9169650425178171e+000	 -1.9612986857211467e+000	 -1.3553448036841553e+000	 -4.2672068022955312e+000	 -4.4873188852260215e+000	
 -1.8473136854402217e+000	 -1.8859495351417621e+000	 -2.0461044756124869e+000	 -4.1739099925295342e+000	 -4.3820029173856634e+000	 -4.5502142407410906e+000	 -3.2115166511089699e+000	 -3.6089772030288847e+000	 -3.8719937441713537e+000	 -1.9110980996254190e+000	 -1.2930301005295020e+000	 -4.2188407050161025e+000	 -4.4394740221825879e+000	
 -1.7850693209301438e+000	 -1.8243298050378831e+000	 -1.9854552541532788e+000	 -4.1276223839703530e+000	 -4.3355048541177110e+000	 -4.5042880106279659e+000	 -3.1650687753608242e+000	 -3.5626865560839382e+000	 -3.8273692302265294e+000	 -1.8614049335951011e+000	 -1.2323751625560320e+000	 -4.1716870888685031e+000	 -4.3929075923363481e+000	
 -1.7238970327747571e+000	 -1.7637544348464429e+000	 -1.9257145688772459e+000	 -4.0818121817847164e+000	 -4.2895545134488122e+000	 -4.4588556690629000e+000	 -3.1188927734709937e+000	 -3.5167752788692885e+000	 -3.7830442749936521e+000	 -1.8118671582023627e+000	 -1.1726436382129002e+000	 -4.1250954114611105e+000	 -4.3469082465449338e+000	
 -1.6641726112057720e+000	 -1.7045905090360414e+000	 -1.8673414232814878e+000	 -4.0366042845109140e+000	 -4.2442128849980998e+000	 -4.4140511847262642e+000	 -3.0730780652977741e+000	 -3.4712761275795811e+000	 -3.7390118699869301e+000	 -1.7628830287302888e+000	 -1.1142326082241860e+000	 -4.0791496754685186e+000	 -4.3015653824938216e+000	
 -1.5818112739584000e+000	 -1.6229837134075220e+000	 -1.7867534432491894e+000	 -3.9737043011082163e+000	 -4.1811281532645461e+000	 -4.3517839791649138e+000	 -3.0091764102366803e+000	 -3.4078593677762115e+000	 -3.6773981090898467e+000	 -1.6945948884661277e+000	 -1.0336160253345827e+000	 -4.0152616827908716e+000	 -4.2385152029480455e+000	
 -1.5017427478750678e+000	 -1.5436253996793381e+000	 -1.7082996989322696e+000	 -3.9119207573703463e+000	 -4.1191864570658820e+000	 -4.2906402489393258e+000	 -2.9463078663498621e+000	 -3.3455067033258956e+000	 -3.6166532116906902e+000	 -1.6274465749384071e+000	 -9.5517005429290869e-001	 -3.9525749357856022e+000	 -4.1766381042220857e+000	
 -1.4238454910945331e+000	 -1.4663933107367244e+000	 -1.6318630668850087e+000	 -3.8512578005113207e+000	 -4.0584459086259184e+000	 -4.2305795419460557e+000	 -2.8844105918771623e+000	 -3.2841793112864393e+000	 -3.5568079197260127e+000	 -1.5613779027063845e+000	 -8.7878786911421702e-001	 -3.8911903345155707e+000	 -4.1160600049070517e+000	
 -1.3478883342316061e+000	 -1.3910642099744797e+000	 -1.5572667310193022e+000	 -3.7914971803196806e+000	 -3.9985876258535891e+000	 -4.1714227913040025e+000	 -2.8234400967140916e+000	 -3.2237763146990561e+000	 -3.4977954543519152e+000	 -1.4964441779411475e+000	 -8.0421083290049822e-001	 -3.8306676716188814e+000	 -4.0562938184507402e+000	
 -1.2740244242488430e+000	 -1.3177891514881690e+000	 -1.4846935302207376e+000	 -3.7328346958583891e+000	 -3.9398218379537164e+000	 -4.1133541331750401e+000	 -2.7636016736044544e+000	 -3.1644784359935452e+000	 -3.4397059207487146e+000	 -1.4328577564651779e+000	 -7.3165804850228167e-001	 -3.7712879960439816e+000	 -3.9976336619772512e+000	
 -1.1586057412049655e+000	 -1.2032686266425507e+000	 -1.3712008743937965e+000	 -3.6400687173718804e+000	 -3.8468286756651038e+000	 -4.0214938890686946e+000	 -2.6693557309498406e+000	 -3.0709893684488510e+000	 -3.3480444607423276e+000	 -1.3329578844050172e+000	 -6.1822284758372703e-001	 -3.6772721341437054e+000	 -3.9046328035379219e+000	
 -1.0479122100616189e+000	 -1.0933909966405198e+000	 -1.2622421492770597e+000	 -3.5498455018657671e+000	 -3.7564130314979849e+000	 -3.9320587338762536e+000	 -2.5778999065289021e+000	 -2.9802134574427042e+000	 -3.2588888663750426e+000	 -1.2363054445959643e+000	 -5.0936672529755533e-001	 -3.5859347345488235e+000	 -3.8142034035987260e+000	
 -9.4154069721874567e-001	 -9.8776800577493606e-001	 -1.1574304223634924e+000	 -3.4620228771369277e+000	 -3.6684293436978210e+000	 -3.8449092127991191e+000	 -2.4891062760847849e+000	 -2.8920360051323257e+000	 -3.1721621102173136e+000	 -1.1427148908217388e+000	 -4.0470067202336146e-001	 -3.4970917036798443e+000	 -3.7261631137770479e+000	
 -8.3934833942511666e-001	 -8.8626120971702083e-001	 -1.0566949122572389e+000	 -3.3764309991999308e+000	 -3.5825821391275436e+000	 -3.7599281588327482e+000	 -2.4030132596444265e+000	 -2.8064057077007432e+000	 -3.0878477040499064e+000	 -1.0523604934367103e+000	 -3.0406869159094185e-001	 -3.4103383249355357e+000	 -3.6400585082823067e+000	
 -6.8196936183406720e-001	 -7.2987376957289740e-001	 -9.0150757454388053e-001	 -3.2419670109674614e+000	 -3.4474849269270358e+000	 -3.6262952802789128e+000	 -2.2689922399715678e+000	 -2.6727189245472349e+000	 -2.9560806475835699e+000	 -9.1258158547702362e-001	 -1.4901855875815162e-001	 -3.2736936045644205e+000	 -3.5041129769617374e+000	
 -6.3804072021123037e-001	 -6.8619682352544231e-001	 -8.5803540956075341e-001	 -3.2043312317344697e+000	 -3.4100122422471291e+000	 -3.5887089156582119e+000	 -2.2310401200844598e+000	 -2.6350246378850084e+000	 -2.9187350040298377e+000	 -8.7272253603698502e-001	 -1.0584606252517226e-001	 -3.2361805915536168e+000	 -3.4669160107000385e+000	
 -5.9422133395514720e-001	 -6.4262569357886878e-001	 -8.1466665615026468e-001	 -3.1664627832002079e+000	 -3.3721076791850546e+000	 -3.5509621363229993e+000	 -2.1931535856427598e+000	 -2.5973559393072110e+000	 -2.8816330447758443e+000	 -8.3311795665597099e-001	 -6.2537323563649494e-002	 -3.1978661949851883e+000	 -3.4288022635163840e+000	
 -5.5172402587921887e-001	 -6.0036273807406726e-001	 -7.7270058757128446e-001	 -3.1293392436338996e+000	 -3.3348592887675332e+000	 -3.5140067586141299e+000	 -2.1560772099062930e+000	 -2.5603980808927007e+000	 -2.8450465580442952e+000	 -7.9469268544152261e-001	 -2.0602560283911053e-002	 -3.1602561613298663e+000	 -3.3913771236793178e+000	
 -5.0986523142493301e-001	 -5.5873671007122816e-001	 -7.3133017579440907e-001	 -3.0927485083649398e+000	 -3.2981529923664654e+000	 -3.4775728345569634e+000	 -2.1197014914146051e+000	 -2.5241070968755608e+000	 -2.8090746140465583e+000	 -7.5686640584649023e-001	  2.0665397255648088e-002	 -3.1232072143314582e+000	 -3.3544809894320293e+000	
 -4.5325637321846912e-001	 -5.0242841967718110e-001	 -6.7536463847872596e-001	 -3.0427358320669340e+000	 -3.2479323077813094e+000	 -3.4277310074218859e+000	 -2.0702341851318584e+000	 -2.4746817316058101e+000	 -2.7601846582011591e+000	 -7.0561366769716916e-001	  7.6523679385820387e-002	 -3.0724597770028783e+000	 -3.3038744687333699e+000	
 -3.9825456421982430e-001	 -4.4770352767031785e-001	 -6.2097665969751414e-001	 -2.9937187909742091e+000	 -3.1987003766762445e+000	 -3.3788484842691702e+000	 -2.0218961123892321e+000	 -2.4263371346503471e+000	 -2.7123422293500177e+000	 -6.5566572001207746e-001	  1.3080302420709344e-001	 -3.0227221615096722e+000	 -3.2542377109434639e+000	
 -3.4472982774624850e-001	 -3.9443825091656226e-001	 -5.6801543722717618e-001	 -2.9457016739772302e+000	 -3.1504972397847775e+000	 -3.3309188602869133e+000	 -1.9746094269776915e+000	 -2.3790332857980268e+000	 -2.6654954381784002e+000	 -6.0685571034213570e-001	  1.8363068244187097e-001	 -2.9740542123907199e+000	 -3.2056514741776176e+000	
 -2.4924234493861608e-001	 -2.9938660719719401e-001	 -4.7353137437367021e-001	 -2.8585084918799630e+000	 -3.0627614858071972e+000	 -3.2438420364874210e+000	 -1.8895298742924727e+000	 -2.2936674127703727e+000	 -2.5809317765611572e+000	 -5.1960666164196923e-001	  2.7793300220291250e-001	 -2.8853156715524797e+000	 -3.1168624164308323e+000	
 -1.8425281623113410e-001	 -2.3466375418101926e-001	 -4.0910983646913479e-001	 -2.7988039847993695e+000	 -3.0028713814812535e+000	 -3.1840947610525250e+000	 -1.8310615015342258e+000	 -2.2350960294285072e+000	 -2.5227988926388445e+000	 -4.5954767682843123e-001	  3.4211522963878416e-001	 -2.8249359262150220e+000	 -3.0564923938759536e+000	
 -1.2153651131596721e-001	 -1.7219030824899839e-001	 -3.4693360740412071e-001	 -2.7405363135006855e+000	 -2.9443264367509103e+000	 -3.1257841691098021e+000	 -1.7742835762047937e+000	 -2.1781337213361285e+000	 -2.4662491800344633e+000	 -4.0146854731337722e-001	  4.0411475770163463e-001	 -2.7658107150849709e+000	 -2.9972960717704611e+000	
 -6.1142683818626864e-002	 -1.1201151603401627e-001	 -2.8702591661278198e-001	 -2.6839301580005026e+000	 -2.8874614088321149e+000	 -3.0690951592907689e+000	 -1.7192308943549950e+000	 -2.1228710390731598e+000	 -2.4113226672685117e+000	 -3.4525308021826628e-001	  4.6382963583857517e-001	 -2.7084172006243135e+000	 -2.9398034172680720e+000	
  1.5105570857709694e-002	 -3.6010773555750220e-002	 -2.1140276824938020e-001	 -2.6112511319061893e+000	 -2.8142645447734038e+000	 -2.9962907794194305e+000	 -1.6492145395395896e+000	 -2.0523665640850286e+000	 -2.3412501936130869e+000	 -2.7421753171774643e-001	  5.3926558875394548e-001	 -2.6343960627469576e+000	 -2.8654888396516531e+000	
  3.8540909235385001e-002	 -1.2640722910961522e-002	 -1.8809455293000710e-001	 -2.5889867921319309e+000	 -2.7919974833652272e+000	 -2.9739158121523390e+000	 -1.6275052515234423e+000	 -2.0305980143305868e+000	 -2.3195430914331183e+000	 -2.5201868650970294e-001	  5.6241415375613002e-001	 -2.6120525261100758e+000	 -2.8431209795537482e+000	
  6.1875458081894763e-002	  1.0612964516099055e-002	 -1.6487489198546701e-001	 -2.5667275088018249e+000	 -2.7696908253503905e+000	 -2.9515665585353457e+000	 -1.6058853266872619e+000	 -2.0089129965964458e+000	 -2.2979943235236222e+000	 -2.2995650554868963e-001	  5.8550657109246451e-001	 -2.5895685217131037e+000	 -2.8205793413975666e+000	
  8.4608534705932215e-002	  3.3290061250523806e-002	 -1.4228170493602033e-001	 -2.5448523825198910e+000	 -2.7477127357498077e+000	 -2.9296098622330069e+000	 -1.5846916246731180e+000	 -1.9876170599907317e+000	 -2.2767514463857275e+000	 -2.0848582285493134e-001	  6.0802883691191134e-001	 -2.5673902690354078e+000	 -2.7983378994587138e+000	
  1.2868193596049515e-001	  7.7257995346302621e-002	 -9.8502760880525564e-002	 -2.5022175946159964e+000	 -2.7048238600096974e+000	 -2.8868442775453751e+000	 -1.5436292793826745e+000	 -1.9462853647967959e+000	 -2.2355634567428062e+000	 -1.6688424083910469e-001	  6.5169173172430206e-001	 -2.5240733186480124e+000	 -2.7548300490907174e+000	
  1.7138236099145665e-001	  1.1985543903825224e-001	 -5.6087044641883743e-002	 -2.4604478311917033e+000	 -2.6627351580742475e+000	 -2.8449349839174687e+000	 -1.5036786324778006e+000	 -1.9059769141145377e+000	 -2.1954204188618931e+000	 -1.2659646746304709e-001	  6.9398575506895988e-001	 -2.4815148030562506e+000	 -2.7120205148530863e+000	
  2.1267252993895092e-001	  1.6106367227153306e-001	 -1.4992161681326444e-002	 -2.4199438600701617e+000	 -2.6220718497688145e+000	 -2.8042097269749267e+000	 -1.4647228299429216e+000	 -1.8667576755695414e+000	 -2.1562936916762476e+000	 -8.7184106609017320e-002	  7.3487412731521040e-001	 -2.4405540110932211e+000	 -2.6708662504877356e+000	
  2.5594709079479472e-001	  2.0425312063099277e-001	  2.8027253479168124e-002	 -2.3768267969457302e+000	 -2.5785723368189073e+000	 -2.7609032283568702e+000	 -1.4237710194661135e+000	 -1.8253546398981912e+000	 -2.1150418022961581e+000	 -4.6122577733509473e-002	  7.7777732222727991e-001	 -2.3965230878820742e+000	 -2.6264991726255849e+000	
  2.8935432406229644e-001	  2.3761855797999054e-001	  6.1330702531448011e-002	 -2.3436098420447360e+000	 -2.5452851982303848e+000	 -2.7274412466598008e+000	 -1.3918260164677010e+000	 -1.7932001091082173e+000	 -2.0828941594158712e+000	 -1.3836989918081244e-002	  8.1087355684994478e-001	 -2.3630731484931555e+000	 -2.5928840700876199e+000	
  3.2204340158714650e-001	  2.7025386765977544e-001	  9.3857626232818347e-002	 -2.3105994742778080e+000	 -2.5119623903466781e+000	 -2.6942616681999709e+000	 -1.3605973447096131e+000	 -1.7615987255797938e+000	 -2.0513912688319147e+000	  1.7361981480723543e-002	  8.4331442418128510e-001	 -2.3293158796435787e+000	 -2.5588320056265657e+000	
  3.5358875898450215e-001	  3.0177650886331620e-001	  1.2531904624890622e-001	 -2.2787868622495822e+000	 -2.4800547611621981e+000	 -2.6621983804169247e+000	 -1.3301373727082622e+000	 -1.7308953081740519e+000	 -2.0206588606148657e+000	  4.8024286520620407e-002	  8.7459178323046061e-001	 -2.2972393959346249e+000	 -2.5265588326424115e+000	
  3.8478890241488983e-001	  3.3293778846554822e-001	  1.5638573749132689e-001	 -2.2468488720998048e+000	 -2.4477985784052692e+000	 -2.6300721209775446e+000	 -1.3000613344189560e+000	 -1.7004184479401108e+000	 -1.9902506549971388e+000	  7.7967884531293663e-002	  9.0556698741917074e-001	 -2.2645606965607801e+000	 -2.4935580592910789e+000	
  4.1487040182097701e-001	  3.6301308919006736e-001	  1.8641385671780419e-001	 -2.2160992289516068e+000	 -2.4169525874944142e+000	 -2.5990510797765376e+000	 -1.2707279549506456e+000	 -1.6708199373631771e+000	 -1.9605992743878531e+000	  1.0740790494123686e-001	  9.3541125627161215e-001	 -2.2335574992968787e+000	 -2.4623341213243499e+000	
  4.4430986368970693e-001	  3.9242798989347349e-001	  2.1575056827205508e-001	 -2.1855401626712512e+000	 -2.3860756281083306e+000	 -2.5682859927229629e+000	 -1.2420751569899302e+000	 -1.6417486112952906e+000	 -1.9315718037462570e+000	  1.3583139297024260e-001	  9.6465458724015463e-001	 -2.2022720631774684e+000	 -2.4307060205759345e+000	
  4.7266607439744313e-001	  4.2079458050059415e-001	  2.4408327392988483e-001	 -2.1561607898874513e+000	 -2.3566051825645307e+000	 -2.5386186219289453e+000	 -1.2141373953632462e+000	 -1.6135339016500883e+000	 -1.9032774988978485e+000	  1.6379247668951713e-001	  9.9280632327025664e-001	 -2.1726627989385738e+000	 -2.4008596657784098e+000	
  5.0042995027244075e-001	  4.4854648877157288e-001	  2.7177245523302140e-001	 -2.1269358701785368e+000	 -2.3270625346053508e+000	 -2.5091733824683660e+000	 -1.1868538338316581e+000	 -1.5858172814907645e+000	 -1.8755816449261831e+000	  1.9075940550372650e-001	  1.0204010376044792e+000	 -2.1427235358949526e+000	 -2.3705596115184413e+000	
  5.2714083351546037e-001	  4.7528324152268375e-001	  2.9848668027243619e-001	 -2.0988852074224074e+000	 -2.2989261128308902e+000	 -2.4808213088763909e+000	 -1.1602612627741316e+000	 -1.5589384170482390e+000	 -1.8485980691140824e+000	  2.1730103313077898e-001	  1.0469383554876366e+000	 -2.1144658739176148e+000	 -2.3420510458247445e+000	
  5.5330991161106624e-001	  5.0145143185553742e-001	  3.2460661015276671e-001	 -2.0709518011375883e+000	 -2.2706756962986852e+000	 -2.4526559237988410e+000	 -1.1342961046370004e+000	 -1.5325281643562283e+000	 -1.8221880055593331e+000	  2.4287177237991564e-001	  1.0729626352246058e+000	 -2.0858301684336666e+000	 -2.3130388789981415e+000	
  5.7845467206329992e-001	  5.2663635724670144e-001	  3.4977897845367423e-001	 -2.0441868708276356e+000	 -2.2438305853553775e+000	 -2.4255786442909377e+000	 -1.1089984813310583e+000	 -1.5069371045204338e+000	 -1.7964697100054661e+000	  2.6805278659791654e-001	  1.0979626323111003e+000	 -2.0588805793487763e+000	 -2.2858268405211435e+000	
  6.0310673560048933e-001	  5.5129722400248937e-001	  3.7440499840823982e-001	 -2.0175023216814081e+000	 -2.2168302095560977e+000	 -2.3986527240928979e+000	 -1.0843018241250002e+000	 -1.4817855140002445e+000	 -1.7713002207505602e+000	  2.9228575658946099e-001	  1.1224918879368939e+000	 -2.0315056657540520e+000	 -2.2580620181706923e+000	
  6.2676183115106809e-001	  5.7500566559398614e-001	  3.9810949406060558e-001	 -1.9919802355199412e+000	 -2.1912337114621261e+000	 -2.3728095364757840e+000	 -1.0602499360213846e+000	 -1.4574349839243661e+000	 -1.7468023550335499e+000	  3.1616325181893501e-001	  1.1460290069162937e+000	 -2.0058206289131908e+000	 -2.2321050260603048e+000	
  6.4997187625648323e-001	  5.9823289489457920e-001	  4.2131427975933278e-001	 -1.9665020108131648e+000	 -2.1654412151738134e+000	 -2.3470825693390207e+000	 -1.0367729153785143e+000	 -1.4334951271064433e+000	 -1.7228288449377960e+000	  3.3911511454065568e-001	  1.1691359727683537e+000	 -1.9796637408925344e+000	 -2.2055467863908440e+000	
  6.7221093657887643e-001	  6.2053743811762985e-001	  4.4362220801796859e-001	 -1.9421801559511565e+000	 -2.1410508531136685e+000	 -2.3224327930554400e+000	 -1.0139185997259936e+000	 -1.4103386817366781e+000	 -1.6995072202736772e+000	  3.6174448671899562e-001	  1.1912819201960190e+000	 -1.9551999743143700e+000	 -2.1808034092227757e+000	
  6.9405111873321879e-001	  6.4240195500553376e-001	  4.6547573080202298e-001	 -1.9178660113147172e+000	 -2.1164242826875457e+000	 -2.2978643404275578e+000	 -9.9161341986220286e-001	 -1.3875644738432502e+000	 -1.6766857833191429e+000	  3.8347016786155486e-001	  1.2130366133895620e+000	 -1.9302185374920899e+000	 -2.1554109904686758e+000	
  7.1494492691348555e-001	  6.6337240885316895e-001	  4.8645570309613362e-001	 -1.8947021943981346e+000	 -2.0931979547392787e+000	 -2.2743674815939308e+000	 -9.6990961026732769e-001	 -1.3655565718965201e+000	 -1.6544969453623493e+000	  4.0490511507584870e-001	  1.2338603499209011e+000	 -1.9069331594574468e+000	 -2.1318400266974180e+000	
  7.3548454462213364e-001	  6.8394235972268902e-001	  5.0702521409862200e-001	 -1.8715103090155560e+000	 -2.0696957108994329e+000	 -2.2509173347107225e+000	 -9.4872958692426845e-001	 -1.3439028403963160e+000	 -1.6327844340361386e+000	  4.2545780599745342e-001	  1.2543300544152203e+000	 -1.8830849498276958e+000	 -2.1075728445935082e+000	
  7.5510105677967232e-001	  7.0364577529358208e-001	  5.2674316717671310e-001	 -1.8494628718138673e+000	 -2.0475918108624480e+000	 -2.2285332136682268e+000	 -9.2813036418692985e-001	 -1.3229989137875098e+000	 -1.6116857354395719e+000	  4.4575031805926812e-001	  1.2738978189239525e+000	 -1.8609356013209455e+000	 -2.0851334573469549e+000	
  7.7440654378735374e-001	  7.2298651788904600e-001	  5.4609318561205100e-001	 -1.8273519695323204e+000	 -2.0251727822648835e+000	 -2.2061615380829513e+000	 -9.0802995891436922e-001	 -1.3024214559994585e+000	 -1.5910398227633182e+000	  4.6518148408525306e-001	  1.2931470739070416e+000	 -1.8381788923048648e+000	 -2.0619512708004439e+000	
  7.9281094640659688e-001	  7.4148724430456170e-001	  5.6461243891514634e-001	 -1.8063798781490226e+000	 -2.0041502885758122e+000	 -2.1848503826673582e+000	 -8.8849060179529982e-001	 -1.2825779724746633e+000	 -1.5709894918328748e+000	  4.8438182655630158e-001	  1.3115224454183227e+000	 -1.8171238196433848e+000	 -2.0406030768448380e+000	
  8.1094585069796388e-001	  7.5966132374105655e-001	  5.8280472229133018e-001	 -1.7853093451899449e+000	 -1.9827739866856708e+000	 -2.1635178686997270e+000	 -8.6942543965973229e-001	 -1.2630335990397867e+000	 -1.5513687202781679e+000	  5.0274123291393913e-001	  1.3296130160460606e+000	 -1.7954175379283344e+000	 -2.0184661662748793e+000	
  8.2820067353872595e-001	  7.7702111970778809e-001	  6.0018609500223086e-001	 -1.7653722464026078e+000	 -1.9627925090957010e+000	 -2.1432403597773098e+000	 -8.5090248161157067e-001	 -1.2442081215848777e+000	 -1.5323259280054513e+000	  5.2089791808329622e-001	  1.3468570345427366e+000	 -1.7754156189877524e+000	 -1.9981692590965716e+000	
  8.4522558718025387e-001	  7.9408819444393153e-001	  6.1727955185153505e-001	 -1.7453022618413305e+000	 -1.9424192274435370e+000	 -2.1229084068341564e+000	 -8.3282934113082518e-001	 -1.2256546810192059e+000	 -1.5136897390866100e+000	  5.3823368915240088e-001	  1.3638478261737141e+000	 -1.7547195426347306e+000	 -1.9770386578334964e+000	
  8.6139091769599219e-001	  8.1036644186571749e-001	  6.3358159186521767e-001	 -1.7263604877523209e+000	 -1.9234389832557541e+000	 -2.1036256405497777e+000	 -8.1528064863845007e-001	 -1.2078059320534962e+000	 -1.4956146727592712e+000	  5.5539341324251090e-001	  1.3800192236428366e+000	 -1.7357302139164865e+000	 -1.9577535131323209e+000	
  8.7736328444232292e-001	  8.2638308607685396e-001	  6.4963205547896585e-001	 -1.7072521985269651e+000	 -1.9040300270933841e+000	 -2.0842566318221012e+000	 -7.9815740091071508e-001	 -1.1902023058293354e+000	 -1.4779234053492463e+000	  5.7175215669658108e-001	  1.3959660593252377e+000	 -1.7160052808110615e+000	 -1.9375913739482220e+000	
  8.9249718660266986e-001	  8.4163720950058973e-001	  6.6491149619074541e-001	 -1.6892666762631237e+000	 -1.8860116830300422e+000	 -2.0659299188886537e+000	 -7.8154230776694700e-001	 -1.1732902530703360e+000	 -1.4607773669891300e+000	  5.8795965714897314e-001	  1.4111217150545308e+000	 -1.6979882695339343e+000	 -1.9192785217799768e+000	
  9.0747083177733501e-001	  8.5665643521637413e-001	  6.7997118520080058e-001	 -1.6710824835148852e+000	 -1.8675297667906099e+000	 -2.0474877065570496e+000	 -7.6532775509885465e-001	 -1.1565962978702382e+000	 -1.4439921985412996e+000	  6.0338672063875443e-001	  1.4260768049192407e+000	 -1.6791971408665063e+000	 -1.9000487930883603e+000	
  9.1917341838065880e-001	  8.6846918851279931e-001	  6.9180096602172725e-001	 -1.6569775319064117e+000	 -1.8534137509703674e+000	 -2.0330954173584104e+000	 -7.5231587686064305e-001	 -1.1433450123794486e+000	 -1.4305300414887423e+000	  6.1606145055481676e-001	  1.4378076581755828e+000	 -1.6651107826640699e+000	 -1.8857240389393848e+000	
  9.3092804605587887e-001	  8.8025976126671068e-001	  7.0364967144453949e-001	 -1.6426010034787941e+000	 -1.8388315251977039e+000	 -2.0184969693561872e+000	 -7.3947495210013869e-001	 -1.1301432615420381e+000	 -1.4172519361785874e+000	  6.2829729938407297e-001	  1.4495515103338796e+000	 -1.6503015449930158e+000	 -1.8705711444421125e+000	
  9.4204277983944706e-001	  8.9147794910471312e-001	  7.1487101444245305e-001	 -1.6289649399010564e+000	 -1.8251106365326786e+000	 -2.0046001567669558e+000	 -7.2705662197991572e-001	 -1.1174397413452608e+000	 -1.4043578839122439e+000	  6.4026299585862034e-001	  1.4607079718507165e+000	 -1.6365339618238384e+000	 -1.8565301795963052e+000	
  9.5638300783074115e-001	  9.0589357678494409e-001	  7.2934416857850515e-001	 -1.6111960370300826e+000	 -1.8071332004749863e+000	 -1.9865282496605019e+000	 -7.1115118115772091e-001	 -1.1010939169230349e+000	 -1.3878616001149480e+000	  6.5544052750010628e-001	  1.4750486585999312e+000	 -1.6183540847315436e+000	 -1.8379313479559567e+000	
  9.7007401765281109e-001	  9.1969957778736955e-001	  7.4318196175560125e-001	 -1.5941348903979469e+000	 -1.7899276111010831e+000	 -1.9691352031252496e+000	 -6.9577558587963217e-001	 -1.0853230147693793e+000	 -1.3718844509201800e+000	  6.7016482873838434e-001	  1.4887854496128394e+000	 -1.6010337351952675e+000	 -1.8202286663417944e+000	
  9.8333021055418968e-001	  9.3304430091256663e-001	  7.5656967644111006e-001	 -1.5773809784973558e+000	 -1.7729725428523579e+000	 -1.9520862803805716e+000	 -6.8083386038120253e-001	 -1.0699453213293131e+000	 -1.3563419264136511e+000	  6.8435969920521700e-001	  1.5020614176550762e+000	 -1.5838995358288255e+000	 -1.8026817119616290e+000	
  1.0034573727737417e+000	  9.5334870303864783e-001	  7.7693748966534137e-001	 -1.5517107576206168e+000	 -1.7470326972831574e+000	 -1.9258896736367159e+000	 -6.5795438433202680e-001	 -1.0463993799069149e+000	 -1.3324911688756824e+000	  7.0610716162877729e-001	  1.5222679006681172e+000	 -1.5577367753396576e+000	 -1.7758763704800451e+000	
  1.0222467351432840e+000	  9.7229535343479334e-001	  7.9594011198502734e-001	 -1.5271193677806050e+000	 -1.7221560236000411e+000	 -1.9008546643001223e+000	 -6.3614960741154025e-001	 -1.0239142942278789e+000	 -1.3097163108128917e+000	  7.2667809839566111e-001	  1.5411025192493266e+000	 -1.5326397957009519e+000	 -1.7501371639706553e+000	
  1.0368549829433693e+000	  9.8706104641643755e-001	  8.1084181836299507e-001	 -1.5084901797768335e+000	 -1.7033691157031239e+000	 -1.8816354253726741e+000	 -6.1966937590440807e-001	 -1.0069494870484919e+000	 -1.2924894522503561e+000	  7.4239608499437892e-001	  1.5558339172270230e+000	 -1.5136870741707664e+000	 -1.7306766185251066e+000	
  1.0407838369677069e+000	  9.9099223607601594e-001	  8.1467608661389690e-001	 -1.5023844429606914e+000	 -1.6972286578393891e+000	 -1.8757651786430740e+000	 -6.1385334047892037e-001	 -1.0010273739567976e+000	 -1.2865830404042988e+000	  7.4785097341334428e-001	  1.5596869002723057e+000	 -1.5076005738042797e+000	 -1.7245310389240043e+000	
  1.0458298111086783e+000	  9.9612421120620631e-001	  8.1986375279163859e-001	 -1.4963382529900038e+000	 -1.6910658526424482e+000	 -1.8693918828285305e+000	 -6.0892800010248216e-001	 -9.9586028408404914e-001	 -1.2811421434093528e+000	  7.5228933169557699e-001	  1.5648205548708383e+000	 -1.5012948779908886e+000	 -1.7179666879791888e+000	
  1.0503279495708284e+000	  1.0006478111967976e+000	  8.2446080985087988e-001	 -1.4903310018179461e+000	 -1.6850455747423609e+000	 -1.8632261343213274e+000	 -6.0348999872295028e-001	 -9.9028927285882418e-001	 -1.2755792274646849e+000	  7.5768837823630975e-001	  1.5693052214331704e+000	 -1.4952734433261172e+000	 -1.7118069288828419e+000	
  1.0598110089472534e+000	  1.0102291583384826e+000	  8.3410978074760500e-001	 -1.4777070633178457e+000	 -1.6723013499291284e+000	 -1.8502962497434217e+000	 -5.9231309741336613e-001	 -9.7877384937139489e-001	 -1.2638810688945235e+000	  7.6815284924136584e-001	  1.5788589848992896e+000	 -1.4824219386274651e+000	 -1.6986161735165206e+000	
  1.0689534376422394e+000	  1.0194741728470902e+000	  8.4337586263072417e-001	 -1.4653576758880682e+000	 -1.6597750571186731e+000	 -1.8376917505941170e+000	 -5.8149451302735855e-001	 -9.6757871348029934e-001	 -1.2525160812765224e+000	  7.7828112854105846e-001	  1.5880707652711212e+000	 -1.4697524854955235e+000	 -1.6855801615245358e+000	
  1.0777551567378030e+000	  1.0283830604760347e+000	  8.5232550484182212e-001	 -1.4534469105910164e+000	 -1.6477550697550081e+000	 -1.8255012269503545e+000	 -5.7099532632243211e-001	 -9.5674405550760788e-001	 -1.2414931223783121e+000	  7.8816924475466621e-001	  1.5969320284312527e+000	 -1.4576589262019768e+000	 -1.6731523758583000e+000	
  1.0926843846563727e+000	  1.0434730588604335e+000	  8.6749758810555910e-001	 -1.4327430080762760e+000	 -1.6267537294527568e+000	 -1.8043285652509233e+000	 -5.5304414507462152e-001	 -9.3811290087386645e-001	 -1.2225793198317181e+000	  8.0484711971284817e-001	  1.6119443539541756e+000	 -1.4364211065749366e+000	 -1.6512599124636207e+000	
  1.1066657596325857e+000	  1.0576500653418641e+000	  8.8176109648108181e-001	 -1.4132607074207604e+000	 -1.6070982681297696e+000	 -1.7843334557602342e+000	 -5.3598800856646811e-001	 -9.2048421913104583e-001	 -1.2046202969890896e+000	  8.2082339454103703e-001	  1.6260571107746813e+000	 -1.4166482842782324e+000	 -1.6309043781130850e+000	
  1.1118363628710437e+000	  1.0628561026335692e+000	  8.8696749423000654e-001	 -1.4056936518191954e+000	 -1.5992838803344789e+000	 -1.7766704921466925e+000	 -5.2968501334571538e-001	 -9.1383951338896985e-001	 -1.1979299782919339e+000	  8.2644991310076854e-001	  1.6312533765547865e+000	 -1.4086104212410744e+000	 -1.6225587470313219e+000	
  1.1154060656455300e+000	  1.0665351568170944e+000	  8.9064838970154270e-001	 -1.4006689982209997e+000	 -1.5943250983131430e+000	 -1.7714307153470221e+000	 -5.2515706767808368e-001	 -9.0919714982706790e-001	 -1.1930846069841960e+000	  8.3080660171486187e-001	  1.6348730342594653e+000	 -1.4037875679127065e+000	 -1.6176206786675529e+000	
  1.1194291051810357e+000	  1.0705523376834947e+000	  8.9479493786104314e-001	 -1.3950972024227015e+000	 -1.5887258722153685e+000	 -1.7657124811837344e+000	 -5.2031980376909814e-001	 -9.0421626149761458e-001	 -1.1881102498036977e+000	  8.3538949455741474e-001	  1.6388713146202605e+000	 -1.3981135715961379e+000	 -1.6117757445636149e+000	
  1.1229513693742366e+000	  1.0741503265105923e+000	  8.9837948931181799e-001	 -1.3899172778774060e+000	 -1.5834731323844942e+000	 -1.7603880850589615e+000	 -5.1579294736225911e-001	 -8.9952166331896954e-001	 -1.1832843883177180e+000	  8.3950312213509903e-001	  1.6424781044168668e+000	 -1.3928165554520922e+000	 -1.6063157156057661e+000	
  1.1324126413865265e+000	  1.0837538102164146e+000	  9.0803519149518230e-001	 -1.3762278546425311e+000	 -1.5696010180012987e+000	 -1.7463550318500554e+000	 -5.0399301489523207e-001	 -8.8726275084438644e-001	 -1.1707826601780047e+000	  8.5043426185493765e-001	  1.6520422107451083e+000	 -1.3788109114085678e+000	 -1.5918459956202335e+000	
  1.1413577231087491e+000	  1.0928247764447896e+000	  9.1715776215939293e-001	 -1.3629707458577833e+000	 -1.5561159576006345e+000	 -1.7327579072679011e+000	 -4.9275434831985709e-001	 -8.7551606988323094e-001	 -1.1588249874802115e+000	  8.6069603679450601e-001	  1.6610643799197522e+000	 -1.3651539642918209e+000	 -1.5776992581032490e+000	
  1.1497895382557299e+000	  1.1014053883871000e+000	  9.2581348274745068e-001	 -1.3504737000163969e+000	 -1.5435430884052082e+000	 -1.7198833369953537e+000	 -4.8191586914736462e-001	 -8.6429233322793397e-001	 -1.1473455251783671e+000	  8.7077197618334878e-001	  1.6695952249536905e+000	 -1.3525521589625722e+000	 -1.5646939519916581e+000	
  1.1565258826491398e+000	  1.1082196986544890e+000	  9.3267489675774584e-001	 -1.3400833031115278e+000	 -1.5328588842102864e+000	 -1.7092403566000280e+000	 -4.7339021577641471e-001	 -8.5527572274113339e-001	 -1.1382035688581871e+000	  8.7834284931442852e-001	  1.6763853273287221e+000	 -1.3416152717794505e+000	 -1.5532988914970236e+000	
  1.1582602519866203e+000	  1.1100427317358719e+000	  9.3447995485806956e-001	 -1.3373088147911050e+000	 -1.5302030417080337e+000	 -1.7063381625841423e+000	 -4.7075243103134046e-001	 -8.5260739325188073e-001	 -1.1353646742731094e+000	  8.8093298352887039e-001	  1.6781407686434768e+000	 -1.3391582882334996e+000	 -1.5508141786361174e+000	
  1.1608319003597600e+000	  1.1125940551257596e+000	  9.3716690065637209e-001	 -1.3337991430251162e+000	 -1.5266690858488641e+000	 -1.7027128092392818e+000	 -4.6783044290510389e-001	 -8.4959203019785434e-001	 -1.1323922701452771e+000	  8.8370312472663137e-001	  1.6807047902340777e+000	 -1.3355160716409520e+000	 -1.5470331213063293e+000	
  1.1626616709661253e+000	  1.1144866112584584e+000	  9.3902185676619787e-001	 -1.3307288413211271e+000	 -1.5235309531135277e+000	 -1.6995444026939310e+000	 -4.6516284587894141e-001	 -8.4680575688422799e-001	 -1.1295126993866589e+000	  8.8601738852500667e-001	  1.6826236945717277e+000	 -1.3323413172686704e+000	 -1.5437503417851106e+000	
  1.1668948716592187e+000	  1.1188071136505329e+000	  9.4335059400196819e-001	 -1.3242411743495941e+000	 -1.5169287712454294e+000	 -1.6928891688071657e+000	 -4.5968275719820983e-001	 -8.4107517605591653e-001	 -1.1236377339579606e+000	  8.9103045060312525e-001	  1.6869288707777041e+000	 -1.3256613815793017e+000	 -1.5368148609029575e+000	
  1.1710032370091383e+000	  1.1229777236518856e+000	  9.4756080518632047e-001	 -1.3178544589783625e+000	 -1.5104397419976046e+000	 -1.6863200494058317e+000	 -4.5433375470105286e-001	 -8.3546921475763369e-001	 -1.1179132033375394e+000	  8.9587824215531242e-001	  1.6910681523270021e+000	 -1.3190981696818982e+000	 -1.5299989746576648e+000	
  1.1749340267288577e+000	  1.1269829937528009e+000	  9.5159955385604178e-001	 -1.3116664152776902e+000	 -1.5041682543494028e+000	 -1.6799419407035332e+000	 -4.4912483046322116e-001	 -8.3001870006715883e-001	 -1.1123392345797622e+000	  9.0061109022299135e-001	  1.6950486457705249e+000	 -1.3127748943745354e+000	 -1.5234350557219445e+000	
  1.1858746656816521e+000	  1.1381375043417741e+000	  9.6285171821675064e-001	 -1.2938315138839585e+000	 -1.4860269414950222e+000	 -1.6615490734616101e+000	 -4.3434969867583995e-001	 -8.1447547954438537e-001	 -1.0964577510836904e+000	  9.1385516417608059e-001	  1.7061385002192786e+000	 -1.2944213967703844e+000	 -1.5043237407268428e+000	
  1.1956221648219412e+000	  1.1481135193847081e+000	  9.7289823972501743e-001	 -1.2772060233364746e+000	 -1.4690847599827528e+000	 -1.6443744107167424e+000	 -4.2075559309928678e-001	 -8.0010889180326394e-001	 -1.0817605509129136e+000	  9.2590084357024871e-001	  1.7160596661460747e+000	 -1.2772706835809666e+000	 -1.4864147396566052e+000	
  1.1990808445292434e+000	  1.1516692448250154e+000	  9.7651419253752536e-001	 -1.2713561943376028e+000	 -1.4632470809299303e+000	 -1.6382768027219941e+000	 -4.1576711438662262e-001	 -7.9492921231727465e-001	 -1.0764123258421021e+000	  9.3048210520918495e-001	  1.7195844890176559e+000	 -1.2714759046460467e+000	 -1.4804062365928461e+000	
  1.2025506324464530e+000	  1.1551888235517005e+000	  9.8010746089771672e-001	 -1.2653679457541589e+000	 -1.4571267879691652e+000	 -1.6320891213229549e+000	 -4.1091991236652525e-001	 -7.8979970933212851e-001	 -1.0711739090728534e+000	  9.3472166794650313e-001	  1.7230935165302164e+000	 -1.2652340645428195e+000	 -1.4738790070056851e+000	
  1.2056942370501922e+000	  1.1584469322081237e+000	  9.8336278811728128e-001	 -1.2598347892092132e+000	 -1.4515358403115464e+000	 -1.6263484071735723e+000	 -4.0630349349468631e-001	 -7.8495713928228295e-001	 -1.0661595789491773e+000	  9.3886787991204201e-001	  1.7263390607573648e+000	 -1.2596346680517900e+000	 -1.4680448622985676e+000	
  1.2105522298933025e+000	  1.1634030120215577e+000	  9.8839824506646856e-001	 -1.2511573179652125e+000	 -1.4426749739916422e+000	 -1.6173723090859848e+000	 -3.9933675571557359e-001	 -7.7755991809047575e-001	 -1.0585916213649016e+000	  9.4495608766376193e-001	  1.7312618160925108e+000	 -1.2506336037646504e+000	 -1.4586151814021120e+000	
  1.2149886414876132e+000	  1.1679851012280640e+000	  9.9301554113018220e-001	 -1.2430829736560511e+000	 -1.4345009341164561e+000	 -1.6089786702654374e+000	 -3.9272683796620633e-001	 -7.7059220543640450e-001	 -1.0514059735596826e+000	  9.5082275001256988e-001	  1.7358199887214099e+000	 -1.2424161775423936e+000	 -1.4500266798568306e+000	
  1.2191719282153013e+000	  1.1722661985349436e+000	  9.9734945082974313e-001	 -1.2350674757253266e+000	 -1.4262470620720613e+000	 -1.6006899066655089e+000	 -3.8649147119573790e-001	 -7.6388838598240305e-001	 -1.0445551042027601e+000	  9.5610952659197501e-001	  1.7400728943957056e+000	 -1.2339818221245302e+000	 -1.4411428208750410e+000	
  1.2205079557610077e+000	  1.1736867142484453e+000	  9.9877515294388708e-001	 -1.2324818414439775e+000	 -1.4237308398920012e+000	 -1.5979491777285970e+000	 -3.8424132094683205e-001	 -7.6156805777760628e-001	 -1.0420982917405119e+000	  9.5821847816091044e-001	  1.7414585168222807e+000	 -1.2315794497245180e+000	 -1.4386583324418334e+000	
  1.2222324059902867e+000	  1.1754075270806741e+000	  1.0005946698876667e+000	 -1.2294362798637160e+000	 -1.4206249507218160e+000	 -1.5947849575602691e+000	 -3.8184405647867514e-001	 -7.5903082725470306e-001	 -1.0395577110529075e+000	  9.6031035042698498e-001	  1.7431839124106840e+000	 -1.2283760656414122e+000	 -1.4352933882856300e+000	
  1.2234274148577029e+000	  1.1766644792010617e+000	  1.0018338913782010e+000	 -1.2268547001591523e+000	 -1.4179689051811994e+000	 -1.5920678242780095e+000	 -3.7982282678505896e-001	 -7.5685398155822536e-001	 -1.0372221403354143e+000	  9.6193167870750607e-001	  1.7444305684555239e+000	 -1.2256870053368729e+000	 -1.4324708748651993e+000	
  1.2274616404501781e+000	  1.1808343625878681e+000	  1.0060376512581737e+000	 -1.2190166210902520e+000	 -1.4099677997768678e+000	 -1.5839577616112432e+000	 -3.7362139930940952e-001	 -7.5024250712008023e-001	 -1.0304877858330341e+000	  9.6736909816397265e-001	  1.7485854061776163e+000	 -1.2175783399810403e+000	 -1.4239307679810853e+000	
  1.2309579465967779e+000	  1.1844568618468720e+000	  1.0096971795916510e+000	 -1.2116568673385952e+000	 -1.4024307744280318e+000	 -1.5762976604801748e+000	 -3.6791990252582618e-001	 -7.4411033996202303e-001	 -1.0241633067674671e+000	  9.7216107712139177e-001	  1.7521805599032270e+000	 -1.2099315888970397e+000	 -1.4158622488419370e+000	
  1.2341947315896995e+000	  1.1878196539332198e+000	  1.0131345696946514e+000	 -1.2047851883461025e+000	 -1.3954832772418158e+000	 -1.5690927476993410e+000	 -3.6248709925290612e-001	 -7.3833020213387446e-001	 -1.0181695219594333e+000	  9.7685053570750746e-001	  1.7555089397427448e+000	 -1.2029575182554986e+000	 -1.4085232018699045e+000	
  1.2375643696134198e+000	  1.1913309889131085e+000	  1.0166515831147027e+000	 -1.1969075256910156e+000	 -1.3872936249931245e+000	 -1.5609056663458132e+000	 -3.5671381701996019e-001	 -7.3198799230578260e-001	 -1.0116648861961952e+000	  9.8147107302648529e-001	  1.7590048096869371e+000	 -1.1945409899083437e+000	 -1.3995640671340404e+000	
  1.2382298330153585e+000	  1.1920445732132023e+000	  1.0174534900526666e+000	 -1.1952556912691037e+000	 -1.3858347232549306e+000	 -1.5590768860291870e+000	 -3.5514774140465999e-001	 -7.3043270178552167e-001	 -1.0099578004552079e+000	  9.8305051804148391e-001	  1.7596311512009244e+000	 -1.1933181679075755e+000	 -1.3983352794502135e+000	
  1.2394039792376077e+000	  1.1932524123829946e+000	  1.0186822489743896e+000	 -1.1929488323449977e+000	 -1.3834101539683674e+000	 -1.5566843388282736e+000	 -3.5343499944917589e-001	 -7.2859154431736961e-001	 -1.0081407230899675e+000	  9.8444223116556095e-001	  1.7609269202563116e+000	 -1.1907141408752375e+000	 -1.3955656960085161e+000	
  1.2401264543124846e+000	  1.1940136694008618e+000	  1.0194278989537064e+000	 -1.1910318540598874e+000	 -1.3814300519717770e+000	 -1.5546840503618542e+000	 -3.5197764887218153e-001	 -7.2699998981762270e-001	 -1.0064459592867836e+000	  9.8557332478743653e-001	  1.7616649019687181e+000	 -1.1887174054051597e+000	 -1.3934487279279040e+000	
  1.2420828075525581e+000	  1.1960607094099185e+000	  1.0215103702035933e+000	 -1.1863683660039426e+000	 -1.3766476060903532e+000	 -1.5498085167686693e+000	 -3.4849065583408834e-001	 -7.2321272403985670e-001	 -1.0025146831306175e+000	  9.8846975518518398e-001	  1.7636875542419439e+000	 -1.1838635808475440e+000	 -1.3882936363635023e+000	
  1.2438601970858887e+000	  1.1979285124901207e+000	  1.0234059596394562e+000	 -1.1818613932796929e+000	 -1.3720144152752356e+000	 -1.5450865494971433e+000	 -3.4516334721268471e-001	 -7.1957988856474753e-001	 -9.9876230421425127e-001	  9.9116471104321313e-001	  1.7655373158780296e+000	 -1.1791509298922920e+000	 -1.3832776597155760e+000	
  1.2454773179826351e+000	  1.1996363165498458e+000	  1.0251571003974114e+000	 -1.1776035631015924e+000	 -1.3676790921804960e+000	 -1.5405965863601878e+000	 -3.4198100550697497e-001	 -7.1612871607951156e-001	 -9.9517514900560045e-001	  9.9377605158745830e-001	  1.7672214176911449e+000	 -1.1747800744240644e+000	 -1.3786312463488493e+000	
  1.2478563752356120e+000	  1.2021674489024470e+000	  1.0277228409931727e+000	 -1.1705957435836911e+000	 -1.3604333084781262e+000	 -1.5332328735597756e+000	 -3.3699647534546351e-001	 -7.1061181509846083e-001	 -9.8946293265167462e-001	  9.9764852347195010e-001	  1.7697278002533068e+000	 -1.1673791777800924e+000	 -1.3707067102864956e+000	
  1.2499237774197258e+000	  1.2043852232435093e+000	  1.0300433045760116e+000	 -1.1643465044716139e+000	 -1.3541453205311305e+000	 -1.5265709346714562e+000	 -3.3230692588259725e-001	 -7.0555663231286481e-001	 -9.8414677525493488e-001	  1.0015122522566422e+000	  1.7719081415412674e+000	 -1.1611042355250678e+000	 -1.3640313299452256e+000	
  1.2505591206448674e+000	  1.2050278318656016e+000	  1.0306365430716724e+000	 -1.1629999425279980e+000	 -1.3525376996563754e+000	 -1.5252611982903286e+000	 -3.3160613328864219e-001	 -7.0467896487502735e-001	 -9.8337959963867849e-001	  1.0018352976728373e+000	  1.7726709390453177e+000	 -1.1591739127226885e+000	 -1.3619129296650323e+000	
  1.2502557420543958e+000	  1.2047518225635212e+000	  1.0303003331211258e+000	 -1.1625439145305227e+000	 -1.3520780533571308e+000	 -1.5247676216766370e+000	 -3.3129290061872929e-001	 -7.0426787760569098e-001	 -9.8280653717452982e-001	  1.0018978708221660e+000	  1.7722684595038452e+000	 -1.1588566219020713e+000	 -1.3615680673346731e+000	
  1.2506148265380990e+000	  1.2051300626731987e+000	  1.0307367099231524e+000	 -1.1617620274609886e+000	 -1.3513238515692194e+000	 -1.5239365136660021e+000	 -3.3076444837254471e-001	 -7.0369433137706938e-001	 -9.8220258198744581e-001	  1.0024975108713363e+000	  1.7726136055233876e+000	 -1.1581345013704780e+000	 -1.3607919548557224e+000	
  1.2510324433945286e+000	  1.2055819141130186e+000	  1.0312335557600694e+000	 -1.1603914410899252e+000	 -1.3499673105863419e+000	 -1.5224441709996706e+000	 -3.2975394584233708e-001	 -7.0260990293491421e-001	 -9.8111757316421411e-001	  1.0033341662247786e+000	  1.7730727897924403e+000	 -1.1567818686338827e+000	 -1.3593480460749596e+000	
  1.2513845967210280e+000	  1.2059687731225122e+000	  1.0316440146218575e+000	 -1.1590749183630900e+000	 -1.3486465127368064e+000	 -1.5210228933904002e+000	 -3.2877431947853086e-001	 -7.0155207195810032e-001	 -9.8002408582231748e-001	  1.0041021683555584e+000	  1.7734611857895821e+000	 -1.1554617311593240e+000	 -1.3579399958127958e+000	
  1.2517315865105960e+000	  1.2063491261635750e+000	  1.0320394164322622e+000	 -1.1577755274727597e+000	 -1.3473236935664934e+000	 -1.5196348530558401e+000	 -3.2783575323458436e-001	 -7.0052617794003069e-001	 -9.7894451685565098e-001	  1.0048235861723764e+000	  1.7738423912274648e+000	 -1.1541238971632950e+000	 -1.3565070093803921e+000	
  1.2527282413759000e+000	  1.2074486514537242e+000	  1.0331780563879178e+000	 -1.1537801091218158e+000	 -1.3432230200334239e+000	 -1.5153839602198849e+000	 -3.2504956896983739e-001	 -6.9743501442010025e-001	 -9.7568027842909189e-001	  1.0069299391672892e+000	  1.7749282933052779e+000	 -1.1499633889818783e+000	 -1.3520296974842694e+000	
  1.2535581004313734e+000	  1.2083786358292326e+000	  1.0341269559759336e+000	 -1.1499154693904723e+000	 -1.3391951091278331e+000	 -1.5112911197129320e+000	 -3.2250751842299863e-001	 -6.9454125994194982e-001	 -9.7265440681171267e-001	  1.0087320352867302e+000	  1.7758439544766080e+000	 -1.1458305424599802e+000	 -1.3475510694298531e+000	
  1.2542474402952308e+000	  1.2091681733021886e+000	  1.0349838811289924e+000	 -1.1464513614496408e+000	 -1.3357103893495426e+000	 -1.5075503209203145e+000	 -3.2007063581440676e-001	 -6.9186086916372957e-001	 -9.6980355432196852e-001	  1.0106193189158841e+000	  1.7766033497748079e+000	 -1.1423651786870437e+000	 -1.3438192969696949e+000	
  1.2546036136900085e+000	  1.2095585085969418e+000	  1.0353371813514034e+000	 -1.1448129877219548e+000	 -1.3338724676855707e+000	 -1.5058750241241370e+000	 -3.1916649468310965e-001	 -6.9074358914356093e-001	 -9.6869196744109320e-001	  1.0110769433615552e+000	  1.7770332752555795e+000	 -1.1403387994408654e+000	 -1.3415921924112562e+000	
  1.2546336984677886e+000	  1.2096306244142596e+000	  1.0354434829908943e+000	 -1.1437064598767144e+000	 -1.3328230859166457e+000	 -1.5046417401812784e+000	 -3.1837783156618560e-001	 -6.8987284307753249e-001	 -9.6770262880641056e-001	  1.0117140065148966e+000	  1.7770318590311085e+000	 -1.1394070362664710e+000	 -1.3405875020150448e+000	
  1.2549270842348026e+000	  1.2099641637000058e+000	  1.0358094304745435e+000	 -1.1423027545990339e+000	 -1.3313797240120939e+000	 -1.5031378411891616e+000	 -3.1743789433580361e-001	 -6.8882774422329707e-001	 -9.6664517077893475e-001	  1.0124240865674317e+000	  1.7773850759792431e+000	 -1.1379153024461131e+000	 -1.3389737752121933e+000	
  1.2551822400181933e+000	  1.2102867070926671e+000	  1.0361508995067048e+000	 -1.1400466528200814e+000	 -1.3290530872660522e+000	 -1.5007094461400028e+000	 -3.1598042902669654e-001	 -6.8716360659626385e-001	 -9.6486871788159512e-001	  1.0133994600824980e+000	  1.7776960849709145e+000	 -1.1355537937401960e+000	 -1.3364021640229762e+000	
  1.2554113210512252e+000	  1.2105825525035030e+000	  1.0364664700459603e+000	 -1.1378471549353675e+000	 -1.3267665538069240e+000	 -1.4983502408815186e+000	 -3.1461034918611741e-001	 -6.8557765650134606e-001	 -9.6318854659305231e-001	  1.0143078485638224e+000	  1.7779819721346346e+000	 -1.1332151850907968e+000	 -1.3338456706714075e+000	
  1.2555642629148434e+000	  1.2108017537648674e+000	  1.0367123838679326e+000	 -1.1357730277237188e+000	 -1.3246290605566369e+000	 -1.4961097248059607e+000	 -3.1331477745144554e-001	 -6.8408282673948495e-001	 -9.6159754990388091e-001	  1.0151705578258508e+000	  1.7781861592574000e+000	 -1.1310489030730286e+000	 -1.3314755281991220e+000	
  1.2554292554203261e+000	  1.2108678182600752e+000	  1.0368233057997944e+000	 -1.1299166475793321e+000	 -1.3184808312736163e+000	 -1.4897815031724715e+000	 -3.1001232866123551e-001	 -6.8009868988283539e-001	 -9.5736689511605189e-001	  1.0170127651287775e+000	  1.7782190667585684e+000	 -1.1247302268901915e+000	 -1.3244840102250022e+000	
  1.2550673459357231e+000	  1.2106658454220653e+000	  1.0367151927659357e+000	 -1.1258223601923190e+000	 -1.3143190659897774e+000	 -1.4852592554868149e+000	 -3.0757896534272522e-001	 -6.7726239253829146e-001	 -9.5427089386834751e-001	  1.0185100749939835e+000	  1.7779860075097798e+000	 -1.1205658407674735e+000	 -1.3198828171293586e+000	
  1.2553332823657115e+000	  1.2109411734348985e+000	  1.0369181944083206e+000	 -1.1247883209984932e+000	 -1.3129869970492924e+000	 -1.4842744596018642e+000	 -3.0725022640198940e-001	 -6.7672358883386075e-001	 -9.5383610858468248e-001	  1.0183927289217909e+000	  1.7783740820640492e+000	 -1.1188955561142189e+000	 -1.3180049265735239e+000	
  1.2547177117694375e+000	  1.2103551860682682e+000	  1.0363044886978479e+000	 -1.1247052051386319e+000	 -1.3129528797914958e+000	 -1.4841412361134010e+000	 -3.0725170766909837e-001	 -6.7665340512967909e-001	 -9.5360417242562612e-001	  1.0182604367139358e+000	  1.7776386813816991e+000	 -1.1190595219597865e+000	 -1.3181635872974162e+000	
  1.2547846095687376e+000	  1.2104419905136776e+000	  1.0364598892780297e+000	 -1.1242081112469160e+000	 -1.3125023619692255e+000	 -1.4835745749537388e+000	 -3.0697176087290945e-001	 -6.7634794355442285e-001	 -9.5329899791141148e-001	  1.0185990168851689e+000	  1.7777133562286718e+000	 -1.1186389609557645e+000	 -1.3176943232640070e+000	
  1.2546696606769991e+000	  1.2103569523354007e+000	  1.0364110164744478e+000	 -1.1234620150805119e+000	 -1.3117736046891482e+000	 -1.4827094328579982e+000	 -3.0651364809752835e-001	 -6.7583267808701830e-001	 -9.5277815266781030e-001	  1.0188676378994899e+000	  1.7776470504990982e+000	 -1.1179125694762426e+000	 -1.3168910170204828e+000	
  1.2545146547728869e+000	  1.2102328448682087e+000	  1.0363021614452350e+000	 -1.1227567762764901e+000	 -1.3110564491779497e+000	 -1.4819143952417013e+000	 -3.0610525975094394e-001	 -6.7535333381785190e-001	 -9.5225549971611478e-001	  1.0190732642829659e+000	  1.7775288682257973e+000	 -1.1171885238708823e+000	 -1.3160867836269352e+000	
  1.2543550318229180e+000	  1.2101029977253930e+000	  1.0361822907112295e+000	 -1.1220737945637493e+000	 -1.3103488364663018e+000	 -1.4811561603563783e+000	 -3.0573836422342904e-001	 -6.7490726962915470e-001	 -9.5175351751808357e-001	  1.0192426818709244e+000	  1.7773985642266510e+000	 -1.1164679965529611e+000	 -1.3152807026017843e+000	
  1.2537924193685157e+000	  1.2096317822776204e+000	  1.0357422100371050e+000	 -1.1199984211297531e+000	 -1.3081745779509601e+000	 -1.4788597347068499e+000	 -3.0471594537184732e-001	 -6.7361298653523249e-001	 -9.5031337382933678e-001	  1.0196519069154419e+000	  1.7769167515684359e+000	 -1.1142423578929250e+000	 -1.3127732985220852e+000	
  1.2531137203086740e+000	  1.2090422838539894e+000	  1.0351678638877981e+000	 -1.1180176757881188e+000	 -1.3060522628428606e+000	 -1.4766781402635321e+000	 -3.0387016380517551e-001	 -6.7246023138378686e-001	 -9.4905189228211562e-001	  1.0198367545948273e+000	  1.7763158594170658e+000	 -1.1120361433021309e+000	 -1.3102647412313040e+000	
  1.2523701695519307e+000	  1.2083866006034061e+000	  1.0345728683656130e+000	 -1.1163661191136987e+000	 -1.3043912315272577e+000	 -1.4747817240789995e+000	 -3.0306700112314733e-001	 -6.7145570917892528e-001	 -9.4790044926496009e-001	  1.0201602219719330e+000	  1.7756373580404272e+000	 -1.1104027884690781e+000	 -1.3084073056890411e+000	
  1.2521851411639862e+000	  1.2082290339390234e+000	  1.0343653962163746e+000	 -1.1154586750035111e+000	 -1.3032730866612274e+000	 -1.4738632910590299e+000	 -3.0283855398227644e-001	 -6.7102097557880658e-001	 -9.4748611189732213e-001	  1.0199598402500509e+000	  1.7755221513620079e+000	 -1.1090869222343258e+000	 -1.3069004128154482e+000	
  1.2516592414300032e+000	  1.2077401506622731e+000	  1.0339196268840389e+000	 -1.1151202378437697e+000	 -1.3030240638490787e+000	 -1.4734057095766584e+000	 -3.0268035729308362e-001	 -6.7081889974451858e-001	 -9.4717505895913767e-001	  1.0200437139014085e+000	  1.7749520962235810e+000	 -1.1089897836485951e+000	 -1.3067687188798027e+000	
  1.2514665489173904e+000	  1.2075774311577359e+000	  1.0337786054406273e+000	 -1.1144163811793728e+000	 -1.3022710629025935e+000	 -1.4726191490158635e+000	 -3.0238691688899699e-001	 -6.7043148979228917e-001	 -9.4678814485971152e-001	  1.0201191530088138e+000	  1.7748223970799337e+000	 -1.1081689145486795e+000	 -1.3058342525386069e+000	
  1.2509441654842135e+000	  1.2071000866142878e+000	  1.0333111177260879e+000	 -1.1136540394719452e+000	 -1.3014679771645721e+000	 -1.4717454111313755e+000	 -3.0210695380672448e-001	 -6.7002282257844215e-001	 -9.4630634381021039e-001	  1.0200885845152996e+000	  1.7743336102524765e+000	 -1.1073562122982938e+000	 -1.3048921266179958e+000	
  1.2504569096587481e+000	  1.2066557753300788e+000	  1.0328799345589168e+000	 -1.1128904877100165e+000	 -1.3006511914294139e+000	 -1.4708785519372825e+000	 -3.0185657200498817e-001	 -6.6963808394748803e-001	 -9.4586127900153638e-001	  1.0200415561973930e+000	  1.7738848314514666e+000	 -1.1065095531087588e+000	 -1.3039078734147225e+000	
  1.2501119558816498e+000	  1.2063394504504554e+000	  1.0325744638759460e+000	 -1.1124164899027900e+000	 -1.3001507216801045e+000	 -1.4703330720803320e+000	 -3.0170520862959904e-001	 -6.6940272042648186e-001	 -9.4558434004710090e-001	  1.0200053289093347e+000	  1.7735619445276019e+000	 -1.1059999081094452e+000	 -1.3033122565241362e+000	
