  8.6869178433517380e-001	  8.6760781054713509e-001	  7.9297330263066368e-001	  8.6869178433517380e-001	  8.6869178433517380e-001	  8.5545339577900115e-001	  4.8625471950068377e-001	  1.0264998555117225e-001	  4.3519832059464851e-002	  2.2036960392718775e-002	  1.2508687481232961e-002	  7.6950742058683411e-003	  3.3838213664467982e-003	
  8.6869203893521363e-001	  8.6760802966031181e-001	  7.9297318317141874e-001	  8.6869181624775293e-001	  8.6869181624775293e-001	  8.5545062977662489e-001	  4.8621249244240783e-001	  1.0258481253351688e-001	  4.3470586220355961e-002	  2.2000092870877910e-002	  1.2480831423077656e-002	  7.6739025832158565e-003	  3.3717255874782322e-003	
  8.6869259966808143e-001	  8.6760847346500458e-001	  7.9297274081305125e-001	  8.6869188678169518e-001	  8.6869188678169518e-001	  8.5544442523912634e-001	  4.8612082437328374e-001	  1.0244558205440807e-001	  4.3367100367238627e-002	  2.1924351591126948e-002	  1.2425334186138984e-002	  7.6333490001580899e-003	  3.3508178401990998e-003	
  8.6869346915979440e-001	  8.6760909918675932e-001	  7.9297176667159630e-001	  8.6869199657157503e-001	  8.6869199657157503e-001	  8.5543446751429986e-001	  4.8597812716346145e-001	  1.0223255899201099e-001	  4.3211596186656119e-002	  2.1813296462368854e-002	  1.2346571641719158e-002	  7.5780779534378286e-003	  3.3249934411380424e-003	
  8.6870966884139889e-001	  8.6761425308213591e-001	  7.9292383188309457e-001	  8.6869409813239606e-001	  8.6869240688842453e-001	  8.5519864669697454e-001	  4.8312485759485846e-001	  9.8503379278175526e-002	  4.0806690407426877e-002	  2.0320513861119934e-002	  1.1433529014068132e-002	  7.0221508897862338e-003	  3.1177609072190779e-003	
  8.6874237631276974e-001	  8.6761353868521052e-001	  7.9277890284853969e-001	  8.6869844988164346e-001	  8.6867069307380484e-001	  8.5464560474921625e-001	  4.7708956172746747e-001	  9.1645726064183822e-002	  3.6913733768713514e-002	  1.8222246174405741e-002	  1.0322561105480070e-002	  6.4303754908607656e-003	  2.9369185018469656e-003	
  8.6879041949884583e-001	  8.6759687713412281e-001	  7.9250149251013491e-001	  8.6870502320431131e-001	  8.6859126038561274e-001	  8.5373031877450634e-001	  4.6788539154845982e-001	  8.2879692556303453e-002	  3.2638635416271544e-002	  1.6253374738153338e-002	  9.4173958271039949e-003	  5.9942501453985097e-003	  2.8100889475450451e-003	
  8.6885270418002369e-001	  8.6755793581972462e-001	  7.9207218529702117e-001	  8.6871379651252112e-001	  8.6842245881151747e-001	  8.5243079636504604e-001	  4.5562559110051842e-001	  7.3429968102728768e-002	  2.8745923206629481e-002	  1.4720082691234506e-002	  8.7819370657042425e-003	  5.6949958049490202e-003	  2.7152418219339195e-003	
  8.6897732479263401e-001	  8.6744699255367330e-001	  7.9107925370789745e-001	  8.6872683865615752e-001	  8.6793431322779802e-001	  8.4961834707885475e-001	  4.3056686073397377e-001	  5.9313270760487542e-002	  2.4095285700261117e-002	  1.3165127533524876e-002	  8.1469176963019970e-003	  5.3647125592433328e-003	  2.5974558146643714e-003	
  8.6913145479288734e-001	  8.6727700491506121e-001	  7.8970595596624837e-001	  8.6871835067835002e-001	  8.6713606959331313e-001	  8.4590077633420713e-001	  3.9913819779207582e-001	  4.8115280864526239e-002	  2.1341966724140952e-002	  1.2303490495815762e-002	  7.7149805172817033e-003	  5.1066908322652746e-003	  2.5081901771293650e-003	
  8.6931193733015477e-001	  8.6705914154916686e-001	  7.8798526034873706e-001	  8.6866020113797560e-001	  8.6601861942356761e-001	  8.4134521821254760e-001	  3.6223090438414407e-001	  4.0393775097726188e-002	  1.9677400418527918e-002	  1.1598158005768473e-002	  7.3201768525508618e-003	  4.9016527397824370e-003	  2.4488111886043430e-003	
  8.6951585103000029e-001	  8.6680651993780256e-001	  7.8595173974625709e-001	  8.6853111347312228e-001	  8.6459213189250039e-001	  8.3602175707418747e-001	  3.2084567712434198e-001	  3.5410120931483560e-002	  1.8350953614001183e-002	  1.0905783344775686e-002	  7.0069013936016455e-003	  4.7726187967383378e-003	  2.4081212436657079e-003	
  8.6974045703868619e-001	  8.6652977073374005e-001	  7.8363072109390752e-001	  8.6832033715779489e-001	  8.6287207255430853e-001	  8.2998993689596756e-001	  2.7614563179352131e-001	  3.2089228350991664e-002	  1.7195720150928680e-002	  1.0413514840300920e-002	  6.8462781848295500e-003	  4.6973245505201018e-003	  2.3716893701608678e-003	
  8.7016242432392477e-001	  8.6602124690509841e-001	  7.7906639795837507e-001	  8.6776546937429822e-001	  8.5930134110697631e-001	  8.1820386070639506e-001	  1.9709055752900070e-001	  2.8611229693638073e-002	  1.6054035295749367e-002	  1.0014502060544004e-002	  6.6395898010111580e-003	  4.5569092228176164e-003	  2.3217654222318189e-003	
  8.7062572959729700e-001	  8.6548440730658271e-001	  7.7377536573488637e-001	  8.6693387417321799e-001	  8.5492204905023350e-001	  8.0449602433601275e-001	  1.2958423439218067e-001	  2.6330596517691929e-002	  1.5366377910404906e-002	  9.7303701673471400e-003	  6.4380357418752079e-003	  4.4317717297556345e-003	  2.2813030092756399e-003	
  8.7112127268027961e-001	  8.6492338302635752e-001	  7.6776796301461847e-001	  8.6577780271046156e-001	  8.4968034216371457e-001	  7.8871742392924415e-001	  8.3429403517359599e-002	  2.4581825868903558e-002	  1.4709287736332370e-002	  9.3673055361690859e-003	  6.2393827067024231e-003	  4.3256012156331330e-003	  2.2439747677045403e-003	
  8.7164128192945711e-001	  8.6432855435551004e-001	  7.6100589450740541e-001	  8.6424875878730745e-001	  8.4351013444865697e-001	  7.7067419753633781e-001	  5.6843769064190114e-002	  2.3197431738474366e-002	  1.4075704775247701e-002	  9.0378738260032242e-003	  6.0728131828354888e-003	  4.2329651393516275e-003	  2.2112939274934545e-003	
  8.7218021512385036e-001	  8.6369610245576445e-001	  7.5345938503255572e-001	  8.6233556188518268e-001	  8.3641683041662429e-001	  7.5032144454951577e-001	  4.3942824990059026e-002	  2.2109608572434047e-002	  1.3565519872710497e-002	  8.7900982888298642e-003	  5.9430272865256114e-003	  4.1595786059532439e-003	  2.1864596453488646e-003	
  8.7263663185028706e-001	  8.6315030369796830e-001	  7.4663168073251518e-001	  8.6047856302841119e-001	  8.2990099380878579e-001	  7.3180611535950835e-001	  3.9308765906691294e-002	  2.1421319447783773e-002	  1.3254175406664181e-002	  8.6407187102749954e-003	  5.8642039443891980e-003	  4.1164079093053115e-003	  2.1730028146564693e-003	
  8.7310021872143895e-001	  8.6258984696173435e-001	  7.3927043699625172e-001	  8.5839157206245420e-001	  8.2284042747722097e-001	  7.1180673756296575e-001	  3.6973855970520796e-002	  2.0888024165574372e-002	  1.3016717085639637e-002	  8.5242566259822305e-003	  5.8034027308472022e-003	  4.0836561297273579e-003	  2.1631898019467779e-003	
  8.7356871082574217e-001	  8.6202244823099938e-001	  7.3138544370975100e-001	  8.5609512181335712e-001	  8.1527885073234274e-001	  6.9037567441266368e-001	  3.5578428255008294e-002	  2.0476736436160266e-002	  1.2833344969739117e-002	  8.4346740292766485e-003	  5.7578999524075533e-003	  4.0599243499278579e-003	  2.1569490985418457e-003	
  8.7404012425541366e-001	  8.6145598969511383e-001	  7.2298927148951553e-001	  8.5360763249410920e-001	  8.0725348915036776e-001	  6.6755753553644337e-001	  3.4592744930885697e-002	  2.0157678392491128e-002	  1.2691238467619917e-002	  8.3669241410212186e-003	  5.7246741347016334e-003	  4.0434770598634252e-003	  2.1535941893142982e-003	
  8.7492258341813622e-001	  8.6040561222352774e-001	  7.0589202453150957e-001	  8.4846599809205570e-001	  7.9104106454902778e-001	  6.2112669192050640e-001	  3.3307308667139886e-002	  1.9681463745302451e-002	  1.2473361326725736e-002	  8.2613586954908419e-003	  5.6719699722043654e-003	  4.0169376977356669e-003	  2.1478423979681030e-003	
  8.7580088781033283e-001	  8.5940464412194417e-001	  6.8707330572042546e-001	  8.4274757474472994e-001	  7.7338266127146427e-001	  5.7005706961212776e-001	  3.2508255537158921e-002	  1.9374057463971667e-002	  1.2343544888500601e-002	  8.2068750666164456e-003	  5.6509786887163627e-003	  4.0111283991414804e-003	  2.1518518494669666e-003	
  8.7666988957982628e-001	  8.5847517404977480e-001	  6.6657931889004407e-001	  8.3651198218414302e-001	  7.5435216550005180e-001	  5.1459920586584240e-001	  3.1946543572521212e-002	  1.9169781316816147e-002	  1.2264627642583693e-002	  8.1791291949337847e-003	  5.6448117384521081e-003	  4.0139285831910241e-003	  2.1590735643275735e-003	
  8.7752651802191595e-001	  8.5761921474599212e-001	  6.4441096847885704e-001	  8.2980831373833697e-001	  7.3396550117959325e-001	  4.5510538107729825e-001	  3.1488953440947445e-002	  1.9011678906566042e-002	  1.2205755508930285e-002	  8.1609559224635319e-003	  5.6436590086351886e-003	  4.0195836828865149e-003	  2.1673857237282210e-003	
  8.7836913912729608e-001	  8.5682620473516924e-001	  6.2053583205724072e-001	  8.2265214777230988e-001	  7.1219372024314465e-001	  3.9215803170944141e-001	  3.1069557025289195e-002	  1.8871461379777868e-002	  1.2154748933369265e-002	  8.1468844191418446e-003	  5.6448516681648995e-003	  4.0266512323058681e-003	  2.1762449870729094e-003	
  8.7919714030502660e-001	  8.5608045679442257e-001	  5.9490413046475021e-001	  8.1503585179098470e-001	  6.8897702562486773e-001	  3.2672106671922474e-001	  3.0707652230425250e-002	  1.8743274825302574e-002	  1.2108985048972051e-002	  8.1352105964601386e-003	  5.6471656730915070e-003	  4.0342517108891652e-003	  2.1852198644672985e-003	
  8.8043641464342659e-001	  8.5495095181220793e-001	  5.5192989873962117e-001	  8.0234850539164593e-001	  6.5023224146207292e-001	  2.2569057715565050e-001	  3.0124886625376594e-002	  1.8501530682986149e-002	  1.2006935550709546e-002	  8.0950985050088596e-003	  5.6351627256501788e-003	  4.0348463917344963e-003	  2.1931190079231291e-003	
  8.8115372122395941e-001	  8.5433016154155172e-001	  5.2457942984619976e-001	  7.9430910807569299e-001	  6.2560761425934130e-001	  1.7045678617189353e-001	  2.9893616712503197e-002	  1.8434159159573693e-002	  1.1999712313224289e-002	  8.1089952558343666e-003	  5.6550521169158614e-003	  4.0548985383179210e-003	  2.2087318546864516e-003	
  8.8186119331048929e-001	  8.5371494931311487e-001	  4.9570802566357242e-001	  7.8579983434335821e-001	  5.9953150258936183e-001	  1.2458886536999082e-001	  2.9612393423724022e-002	  1.8322381051385384e-002	  1.1955487549322005e-002	  8.0938978664144273e-003	  5.6528414210945625e-003	  4.0582340691785327e-003	  2.2147554471270642e-003	
  8.8255892340286457e-001	  8.5307247406808717e-001	  4.6524891378627309e-001	  7.7675627091640975e-001	  5.7186075583806384e-001	  8.9340287352602923e-002	  2.9260793612207594e-002	  1.8167744985562655e-002	  1.1886239197305255e-002	  8.0645113501727188e-003	  5.6424479843664990e-003	  4.0567883787602415e-003	  2.2190348527495185e-003	
  8.8324669668508993e-001	  8.5238737153526789e-001	  4.3320733456270621e-001	  7.6713822549585209e-001	  5.4251869839914646e-001	  6.4506335263631157e-002	  2.8893113002614726e-002	  1.8009534893666711e-002	  1.1817700932407565e-002	  8.0366285502524795e-003	  5.6333256606055189e-003	  4.0562271258773718e-003	  2.2236725168636893e-003	
  8.8413155687775213e-001	  8.5141262435623322e-001	  3.8899670439264850e-001	  7.5363777038426361e-001	  5.0154629672531648e-001	  5.0036855545050454e-002	  2.8442934136041213e-002	  1.7818570093862413e-002	  1.1735066043667117e-002	  8.0025577804699270e-003	  5.6217226313058522e-003	  4.0549911608809613e-003	  2.2289218758682144e-003	
  8.8476572827890410e-001	  8.5068052160574992e-001	  3.5545505403577954e-001	  7.4320358521070706e-001	  4.7004896067617419e-001	  4.7575214973134224e-002	  2.8223978788227830e-002	  1.7745949657485653e-002	  1.1717042224416165e-002	  8.0054712005477226e-003	  5.6321236897075621e-003	  4.0673014961491822e-003	  2.2396528349768480e-003	
  8.8539157602839325e-001	  8.4993532705347785e-001	  3.2106937897170773e-001	  7.3227824177913803e-001	  4.3729317820778824e-001	  4.7101810440843030e-002	  2.8052869030586056e-002	  1.7689202010907519e-002	  1.1702415610934921e-002	  8.0071159981672732e-003	  5.6397605411892451e-003	  4.0766152669534407e-003	  2.2479972120055835e-003	
  8.8600918491059744e-001	  8.4917553466474227e-001	  2.8615021837740118e-001	  7.2086679942282339e-001	  4.0341873711930154e-001	  4.6871163802876085e-002	  2.7904165531171053e-002	  1.7638933376623176e-002	  1.1689989846198800e-002	  8.0097795422076502e-003	  5.6480447383074738e-003	  4.0864165525080001e-003	  2.2566421164591020e-003	
  8.8661857301458857e-001	  8.4840117313703456e-001	  2.5111071310025712e-001	  7.0897123772259252e-001	  3.6860699068343089e-001	  4.6511071002725918e-002	  2.7772972656300101e-002	  1.7597385336516922e-002	  1.1682808419354493e-002	  8.0157168977473114e-003	  5.6583840182564561e-003	  4.0975202324805057e-003	  2.2658265873473186e-003	
  8.8783050149313181e-001	  8.4668142433059901e-001	  1.8366322835704088e-001	  6.8311677568162499e-001	  2.9587684866296776e-001	  4.5664506197044402e-002	  2.7447172920324555e-002	  1.7467976374519665e-002	  1.1635520558827345e-002	  8.0041870267734561e-003	  5.6622953126035033e-003	  4.1075340923376908e-003	  2.2774898144224181e-003	
  8.8864859887699410e-001	  8.4544834414534065e-001	  1.4445608327410253e-001	  6.6412707117899827e-001	  2.4535058594574918e-001	  4.5291581507847782e-002	  2.7368509680039774e-002	  1.7477537137594607e-002	  1.1671078913769239e-002	  8.0439385006920265e-003	  5.6989890384234005e-003	  4.1391572442252347e-003	  2.2992095178475907e-003	
  8.8945545629562439e-001	  8.4414479591321290e-001	  1.1446364626009248e-001	  6.4413223219646265e-001	  1.9615413967352036e-001	  4.4977603942952554e-002	  2.7281694214426111e-002	  1.7466396302392388e-002	  1.1684887133715686e-002	  8.0647362828818372e-003	  5.7203116948921781e-003	  4.1586507841761891e-003	  2.3135630212501334e-003	
  8.9025194823874776e-001	  8.4277512150085765e-001	  9.7050648506357820e-002	  6.2302056089837132e-001	  1.5276588782265718e-001	  4.4585917202093747e-002	  2.7133278589757913e-002	  1.7416146371871472e-002	  1.1675147175903889e-002	  8.0715351410961915e-003	  5.7332255462048884e-003	  4.1729792753054940e-003	  2.3258376046812299e-003	
  8.9103819152995878e-001	  8.4138599663459679e-001	  8.8423791511311037e-002	  6.0068181416776156e-001	  1.1708755998079684e-001	  4.4113230416408279e-002	  2.6945367281396029e-002	  1.7347003253852269e-002	  1.1655969680727588e-002	  8.0732471199138917e-003	  5.7431521778007685e-003	  4.1854311560948531e-003	  2.3372721975616320e-003	
  8.9181409862084793e-001	  8.4002899392730357e-001	  8.4571668253257598e-002	  5.7705258604013032e-001	  9.2422860818460031e-002	  4.3626112436265102e-002	  2.6757761434174174e-002	  1.7280005172117259e-002	  1.1638316338148349e-002	  8.0758105154874905e-003	  5.7535130186737943e-003	  4.1981085873850823e-003	  2.3487720295771457e-003	
  8.9211017791250702e-001	  8.3957883454394211e-001	  8.3900001847768621e-002	  5.6798218605686013e-001	  8.8445209969685495e-002	  4.4712159128871408e-002	  2.7580566778008804e-002	  1.7866892936884527e-002	  1.2046292622737539e-002	  8.3559002474789864e-003	  5.9458445465369290e-003	  4.3312854361887117e-003	  2.4143036531124418e-003	
  8.9235088655960892e-001	  8.3939680799636984e-001	  8.4024787972192094e-002	  5.6110986358387638e-001	  8.9752350584136609e-002	  4.7848614107146234e-002	  2.9668956902060374e-002	  1.9201005278275479e-002	  1.2886688901676291e-002	  8.8841229657521687e-003	  6.2815665332126864e-003	  4.5487388924232127e-003	  2.5102770500346678e-003	
  8.9255059928009284e-001	  8.3955547570219913e-001	  8.4974273381778154e-002	  5.5666629114381572e-001	  9.5240007141336375e-002	  5.2759097861719624e-002	  3.2698729849999032e-002	  2.0994103105337437e-002	  1.3941808732077838e-002	  9.5113133435351365e-003	  6.6636603110967734e-003	  4.7887193832238098e-003	  2.6121812692327679e-003	
  8.9271017972716260e-001	  8.4007167193819077e-001	  8.6651194090936148e-002	  5.5508622280615738e-001	  1.0366431955142520e-001	  5.8770570857039447e-002	  3.6159624769114301e-002	  2.2907443123523250e-002	  1.5007609625225101e-002	  1.0120860972274512e-002	  7.0259319088808612e-003	  5.0127191320231248e-003	  2.7055856833386282e-003	
  8.9283334897897892e-001	  8.4088833646971772e-001	  8.8831005258818915e-002	  5.5598049094430246e-001	  1.1390100187902666e-001	  6.5315469278103888e-002	  3.9694594409271401e-002	  2.4751612383634485e-002	  1.5994533289288595e-002	  1.0672015625553302e-002	  7.3489902643005213e-003	  5.2106206390001245e-003	  2.7869785844099912e-003	
  8.9295731880806473e-001	  8.4241572606175319e-001	  9.2381250313888816e-002	  5.6028109084386257e-001	  1.3043689355321506e-001	  7.5098932848815372e-002	  4.4647915172122944e-002	  2.7205788679580029e-002	  1.7268299392317849e-002	  1.1370576384246812e-002	  7.7531380710574175e-003	  5.4554647507214513e-003	  2.8858222452904435e-003	
  8.9302488702926963e-001	  8.4417647823581798e-001	  9.6046120255456849e-002	  5.6700226288400002e-001	  1.4802120907345584e-001	  8.4823757771819608e-002	  4.9259310811545061e-002	  2.9382971222194711e-002	  1.8367480813332667e-002	  1.1962313490535004e-002	  8.0905157137463220e-003	  5.6574456551708122e-003	  2.9659515055485194e-003	
  8.9304653260023115e-001	  8.4601781036354196e-001	  9.9585201007378804e-002	  5.7513016727072030e-001	  1.6593319873743079e-001	  9.4220489064378757e-002	  5.3470263898213216e-002	  3.1297170015648468e-002	  1.9312272300740899e-002	  1.2462123566953516e-002	  8.3715248010686662e-003	  5.8238374728410251e-003	  3.0308579782100716e-003	
  8.9303145504805403e-001	  8.4784482104166503e-001	  1.0290973269236957e-001	  5.8401888388007073e-001	  1.8377131041700950e-001	  1.0317145059138408e-001	  5.7285967438122531e-002	  3.2976260004055472e-002	  2.0123636773114125e-002	  1.2884428336490733e-002	  8.6061118903400704e-003	  5.9614492053214887e-003	  3.0837304194803804e-003	
  8.9294261241114270e-001	  8.5085430963289310e-001	  1.0822757752418118e-001	  6.0018756878685331e-001	  2.1486263681232240e-001	  1.1770456616263730e-001	  6.3107280036013624e-002	  3.5434321911687001e-002	  2.1280521202373375e-002	  1.3476032066941398e-002	  8.9307175588479830e-003	  6.1500245873400148e-003	  3.1549863476631758e-003	
  8.9279523714539943e-001	  8.5356891505390242e-001	  1.1301566753449414e-001	  6.1649152361655479e-001	  2.4595651242552702e-001	  1.3086094385314695e-001	  6.8012850970024366e-002	  3.7417269829503635e-002	  2.2191969656517541e-002	  1.3935609206247349e-002	  9.1801870157757690e-003	  6.2935572473301459e-003	  3.2081989157050966e-003	
  8.9261236621951534e-001	  8.5596242382954590e-001	  1.1741438443643296e-001	  6.3236967887578677e-001	  2.7669790014972223e-001	  1.4281866955377842e-001	  7.2247352369861545e-002	  3.9091086836637368e-002	  2.2954424219366238e-002	  1.4316914149746590e-002	  9.3849527209502320e-003	  6.4099826558886592e-003	  3.2502911354729087e-003	
  8.9241044244237977e-001	  8.5805264218777277e-001	  1.2154516965684822e-001	  6.4755396503476415e-001	  3.0667842331411593e-001	  1.5382281866310460e-001	  7.6028941603165992e-002	  4.0574953568977307e-002	  2.3625631025236328e-002	  1.4648351067454655e-002	  9.5603738457648683e-003	  6.5083986196307151e-003	  3.2850246244364627e-003	
  8.9198746267095297e-001	  8.6156734085857278e-001	  1.2953795333763632e-001	  6.7588419351118800e-001	  3.6432071871413951e-001	  1.7407741099856297e-001	  8.2780795883985181e-002	  4.3195729473449095e-002	  2.4795695308315081e-002	  1.5218929771036666e-002	  9.8600109682608107e-003	  6.6758545601431560e-003	  3.3438912650175950e-003	
  8.9156877724086037e-001	  8.6426979281770866e-001	  1.3711359318789798e-001	  7.0090200046103512e-001	  4.1725893614929899e-001	  1.9244951167494820e-001	  8.8762667994148933e-002	  4.5474496921398135e-002	  2.5790936732457637e-002	  1.5695951920505616e-002	  1.0106740056513058e-002	  6.8114149085971160e-003	  3.3893953797432368e-003	
  8.9117353307537817e-001	  8.6639375999498658e-001	  1.4447537668126156e-001	  7.2281069841556600e-001	  4.6536745777461541e-001	  2.1081543161083663e-001	  9.4539883706068042e-002	  4.7633096930486570e-002	  2.6715716646677778e-002	  1.6133400041871741e-002	  1.0329786590332004e-002	  6.9320149652525500e-003	  3.4285924963385543e-003	
  8.9080757638017705e-001	  8.6811956889482556e-001	  1.5177494758376325e-001	  7.4193179695244871e-001	  5.0884070847020113e-001	  2.3117464012166269e-001	  1.0043079594205322e-001	  4.9785197936804838e-002	  2.7621484723763644e-002	  1.6555526743082218e-002	  1.0542068550093067e-002	  7.0456592049646487e-003	  3.4651813052053006e-003	
  8.9038905479148134e-001	  8.6989929997482818e-001	  1.6101270400718828e-001	  7.6249674024378333e-001	  5.5733780572152647e-001	  2.6211416921835140e-001	  1.0827304477604614e-001	  5.2564621295725936e-002	  2.8768484756951235e-002	  1.7081003404497693e-002	  1.0803805065481908e-002	  7.1854776966284728e-003	  3.5103694609526126e-003	
  8.9001023309505556e-001	  8.7137754865738093e-001	  1.7027862191559465e-001	  7.7981342415566701e-001	  5.9972388653982600e-001	  2.9656985175015632e-001	  1.1585343231010532e-001	  5.5116152368581008e-002	  2.9792071030237646e-002	  1.7543872206676102e-002	  1.1032747940460308e-002	  7.3065515980055250e-003	  3.5483607927705432e-003	
  8.8966332071328735e-001	  8.7263045362881086e-001	  1.7956092339597626e-001	  7.9444096023535304e-001	  6.3667863706186134e-001	  3.3191524364175934e-001	  1.2312529201181686e-001	  5.7539565413508166e-002	  3.0768656925910624e-002	  1.7988017391888156e-002	  1.1252803666696303e-002	  7.4229673177506027e-003	  3.5850177819407897e-003	
  8.8934262047997059e-001	  8.7370846306724037e-001	  1.8892469021132843e-001	  8.0685995903566510e-001	  6.6887301694065293e-001	  3.6695462959488567e-001	  1.3049549607524166e-001	  6.0035613813211007e-002	  3.1774157915924958e-002	  1.8440047777350688e-002	  1.1474018470100418e-002	  7.5391333681889992e-003	  3.6213961673499809e-003	
  8.8904536303625892e-001	  8.7464582588463802e-001	  1.9841405399319667e-001	  8.1745555139795756e-001	  6.9689460540350501e-001	  4.0145263313697416e-001	  1.3822160622283261e-001	  6.2612008389684379e-002	  3.2778885620188034e-002	  1.8880454871452113e-002	  1.1686564702360873e-002	  7.6498726028539007e-003	  3.6557895946286493e-003	
  8.8864046919776329e-001	  8.7583882620612485e-001	  2.1527118287947458e-001	  8.3055255957538698e-001	  7.3221201483333764e-001	  4.5201727851557622e-001	  1.5029432835384571e-001	  6.6454496954308592e-002	  3.4246199619432371e-002	  1.9524506699107880e-002	  1.1999496822292781e-002	  7.8139909168569877e-003	  3.7076042224111613e-003	
  8.8827600129103956e-001	  8.7679819348983323e-001	  2.3597007762590144e-001	  8.4100463177322438e-001	  7.6079947965973271e-001	  5.0003071417430911e-001	  1.6234839049710850e-001	  7.0059431436497316e-002	  3.5582983393709043e-002	  2.0097048670969175e-002	  1.2270395932701432e-002	  7.9523015310019336e-003	  3.7487811002235765e-003	
  8.8794403890005003e-001	  8.7757355572809392e-001	  2.5946656274730795e-001	  8.4939924530860444e-001	  7.8394043379619105e-001	  5.4450781381633639e-001	  1.7412283116688257e-001	  7.3506517671756644e-002	  3.6853038763798640e-002	  2.0636572138616922e-002	  1.2524918584689244e-002	  8.0825187714889425e-003	  3.7880505221597745e-003	
  8.8764105692140249e-001	  8.7822226543848347e-001	  2.8403461248915385e-001	  8.5616821175934466e-001	  8.0268855790043203e-001	  5.8499032027376163e-001	  1.8595582557677184e-001	  7.6997015094484880e-002	  3.8127889290577935e-002	  2.1174572972298945e-002	  1.2777948742139354e-002	  8.2117389913833935e-003	  3.8270657062046752e-003	
  8.8736574972946070e-001	  8.7877649097643751e-001	  3.0859469643710447e-001	  8.6164031072924474e-001	  8.1790385536227284e-001	  6.2143856556271948e-001	  1.9812296602641405e-001	  8.0517702692173634e-002	  3.9375380793932178e-002	  2.1691783262769836e-002	  1.3018316629494306e-002	  8.3335704947317801e-003	  3.8636305291191086e-003	
  8.8704514072408769e-001	  8.7936894293524404e-001	  3.4034548289576605e-001	  8.6722786961433085e-001	  8.3349313990930018e-001	  6.6303667222087215e-001	  2.1732160437715939e-001	  8.4846001009536487e-002	  4.0868734969117027e-002	  2.2304233982046305e-002	  1.3301521932279271e-002	  8.4767749927889841e-003	  3.9064988205254458e-003	
  8.8675901372823807e-001	  8.7982240937318057e-001	  3.7130100416205042e-001	  8.7148839356818963e-001	  8.4541233785010250e-001	  6.9834195622104622e-001	  2.4082201873852624e-001	  8.8668826327462785e-002	  4.2149590735502694e-002	  2.2817930934795606e-002	  1.3534138435740280e-002	  8.5919281913670979e-003	  3.9393391153120811e-003	
  8.8650101051860775e-001	  8.8017261250176004e-001	  4.0112907299232670e-001	  8.7474528354950787e-001	  8.5454521716516041e-001	  7.2799461847959179e-001	  2.6679051503705342e-001	  9.2227756179437265e-002	  4.3348054688640066e-002	  2.3299603442883485e-002	  1.3752941281441526e-002	  8.7007645301821826e-003	  3.9708759454698418e-003	
  8.8626863332027528e-001	  8.8045853964307952e-001	  4.2966224131953235e-001	  8.7723441156945214e-001	  8.6154206855392024e-001	  7.5278645457076954e-001	  2.9293673094710659e-001	  9.5812078428674383e-002	  4.4542401596015281e-002	  2.3773650287494057e-002	  1.3966398461765570e-002	  8.8064045899142549e-003	  4.0014425067252044e-003	
  8.8605992665057309e-001	  8.8069536942597659e-001	  4.5673927201785336e-001	  8.7913293750767041e-001	  8.6689943390359003e-001	  7.7346361391104967e-001	  3.1796350209088931e-001	  9.9349909374935541e-002	  4.5671184219794859e-002	  2.4210955004282535e-002	  1.4160715502767205e-002	  8.9018142478830796e-003	  4.0287807177275441e-003	
  8.8578673083063963e-001	  8.8096052325488405e-001	  4.9397323612704541e-001	  8.8113793038189581e-001	  8.7262943981154673e-001	  7.9801116989226528e-001	  3.5429284760892393e-001	  1.0386401185802216e-001	  4.7080843238474689e-002	  2.4757171992265466e-002	  1.4403546879017537e-002	  9.0208495740019320e-003	  4.0626143323989157e-003	
  8.8554615033289208e-001	  8.8112761973558196e-001	  5.2709191106539399e-001	  8.8246037506922392e-001	  8.7651534704191791e-001	  8.1662837279021627e-001	  3.8826496790379145e-001	  1.0745012503721731e-001	  4.8170628649029164e-002	  2.5166631130177509e-002	  1.4579439159696618e-002	  9.1039013076694084e-003	  4.0840586194173575e-003	
  8.8533321481016025e-001	  8.8124222964180188e-001	  5.5628276941271115e-001	  8.8332394244516876e-001	  8.7916667954276750e-001	  8.3072698502168307e-001	  4.1954747766945355e-001	  1.1077460570747660e-001	  4.9205837242194822e-002	  2.5561539613837444e-002	  1.4752342904904254e-002	  9.1875204071787363e-003	  4.1072241984890694e-003	
  8.8514673917227771e-001	  8.8132953628847344e-001	  5.8196850892613672e-001	  8.8387443923442255e-001	  8.8096768639415246e-001	  8.4142860109909479e-001	  4.4823318860278155e-001	  1.1395318771131355e-001	  5.0164743507667184e-002	  2.5919914347431596e-002	  1.4907169457337546e-002	  9.2617038352134085e-003	  4.1275253237781882e-003	
  8.8498156000016082e-001	  8.8138472807763057e-001	  6.0444192109904371e-001	  8.8421028209256092e-001	  8.8217599150487669e-001	  8.4956418514551191e-001	  4.7422426994631828e-001	  1.1663002479978789e-001	  5.0931197551369212e-002	  2.6199579287338810e-002	  1.5025772263608019e-002	  9.3174550420297274e-003	  4.1420215930590620e-003	
  8.8472747502626237e-001	  8.8140995972477942e-001	  6.3661013448376569e-001	  8.8446077857061822e-001	  8.8334168793049650e-001	  8.5922695437245378e-001	  5.1263895192466680e-001	  1.2008768644683823e-001	  5.1907382252009179e-002	  2.6549638108363888e-002	  1.5170622128163846e-002	  9.3834045891071725e-003	  4.1575609133367520e-003	
  8.8449864740310558e-001	  8.8136988437293462e-001	  6.6123282675118644e-001	  8.8449040632216180e-001	  8.8386521666346307e-001	  8.6517806542413200e-001	  5.4250974504663174e-001	  1.2226402281883651e-001	  5.2497961739190045e-002	  2.6748239945845402e-002	  1.5245900154553552e-002	  9.4136379349240538e-003	  4.1615416925772607e-003	
  8.8430363660206535e-001	  8.8133952207398070e-001	  6.8038751537300779e-001	  8.8442242612880528e-001	  8.8407784166690107e-001	  8.6897579187164087e-001	  5.6658418298478352e-001	  1.2475740614871782e-001	  5.3258210272246372e-002	  2.7033505753970299e-002	  1.5369581217919209e-002	  9.4731550019452465e-003	  4.1780830039731334e-003	
  8.8413048692174767e-001	  8.8127925646866934e-001	  6.9523269133948251e-001	  8.8430868288903608e-001	  8.8412434812800766e-001	  8.7142267123766981e-001	  5.8596079673518964e-001	  1.2658004418840024e-001	  5.3680041996953365e-002	  2.7158292418898770e-002	  1.5411355811921452e-002	  9.4873719139096351e-003	  4.1781406148572869e-003	
  8.8396370936689095e-001	  8.8118552503775593e-001	  7.0658811976297287e-001	  8.8417055411236689e-001	  8.8407338531608159e-001	  8.7295510975452517e-001	  6.0105303314053538e-001	  1.2729084878564792e-001	  5.3828778907656354e-002	  2.7200154948749656e-002	  1.5422460180951858e-002	  9.4884221074222567e-003	  4.1750531970184881e-003	
  8.8372330252446296e-001	  8.8103192725080115e-001	  7.1882093447416817e-001	  8.8394122745887937e-001	  8.8389949443575522e-001	  8.7417775868865388e-001	  6.1721506250187430e-001	  1.2809729237086184e-001	  5.4029550426785179e-002	  2.7251916268462986e-002	  1.5432578869543336e-002	  9.4863010481564935e-003	  4.1693204438581662e-003	
  8.8349936780584204e-001	  8.8088003983033392e-001	  7.2714014307707486e-001	  8.8371232598570604e-001	  8.8369206241888798e-001	  8.7476061230527058e-001	  6.2800002330706217e-001	  1.2894648887556992e-001	  5.4233872289974068e-002	  2.7305747129272567e-002	  1.5445465737922799e-002	  9.4868227043040151e-003	  4.1653720480466609e-003	
  8.8328566989459922e-001	  8.8071517203323668e-001	  7.3295966999857043e-001	  8.8349219766039855e-001	  8.8348351560396166e-001	  8.7504277367240191e-001	  6.3525937288128076e-001	  1.2928855399561714e-001	  5.4244181496549242e-002	  2.7283437605626265e-002	  1.5423804954629503e-002	  9.4697062438296800e-003	  4.1556795419995778e-003	
  8.8307502635030299e-001	  8.8053966889625168e-001	  7.3708380501821147e-001	  8.8327846158096412e-001	  8.8327608242082589e-001	  8.7514185084440843e-001	  6.4003474595842336e-001	  1.2922379375887127e-001	  5.4175970466987453e-002	  2.7237806705761980e-002	  1.5393271191179937e-002	  9.4487055078175102e-003	  4.1450855733190083e-003	
  8.8286927937625714e-001	  8.8036749164492378e-001	  7.4005641951292156e-001	  8.8306900326705617e-001	  8.8306888442404441e-001	  8.7512577443126349e-001	  6.4310636490829653e-001	  1.2929542042122277e-001	  5.4165884465916220e-002	  2.7215220476309521e-002	  1.5373783202188542e-002	  9.4337881720295020e-003	  4.1368450240014598e-003	
  8.8251289955336754e-001	  8.8003772049371365e-001	  7.4286967197646125e-001	  8.8272190393957517e-001	  8.8272189497783438e-001	  8.7481433283303611e-001	  6.4333774463958993e-001	  1.2812981552968941e-001	  5.3675022210441167e-002	  2.6977527871909122e-002	  1.5243811788611906e-002	  9.3557738675840822e-003	  4.1035672286832475e-003	
  8.8219598875168059e-001	  8.7978927506140558e-001	  7.4544422709386915e-001	  8.8238752988158542e-001	  8.8238709335202470e-001	  8.7459330014553260e-001	  6.4415266777648306e-001	  1.2897565641961553e-001	  5.3938958300122616e-002	  2.7070201023465024e-002	  1.5279529061966841e-002	  9.3701724195199166e-003	  4.1054882381583984e-003	
  8.8191481312184961e-001	  8.7949443604914779e-001	  7.4641186519690184e-001	  8.8212306978839028e-001	  8.8212290001681848e-001	  8.7422880121383240e-001	  6.4153231162862834e-001	  1.2680350134387083e-001	  5.3070440876877879e-002	  2.6673262020236226e-002	  1.5073506536160557e-002	  9.2519335334977637e-003	  4.0584153425218816e-003	
  8.8184093468276137e-001	  8.7948887779642160e-001	  7.4731837306699533e-001	  8.8203235504880950e-001	  8.8203229132925398e-001	  8.7421470766854192e-001	  6.4229346074619675e-001	  1.2894558043837603e-001	  5.4023847916690744e-002	  2.7110200658233777e-002	  1.5294429230478433e-002	  9.3744123047106772e-003	  4.1039552159365987e-003	
  8.8177953973258560e-001	  8.7944411742402306e-001	  7.4825324736205112e-001	  8.8194992787093418e-001	  8.8194990503415116e-001	  8.7425617361300134e-001	  6.4389990140286157e-001	  1.2947962874522362e-001	  5.3909727708737094e-002	  2.6991743472830947e-002	  1.5217792164834567e-002	  9.3264667409053443e-003	  4.0837708366738704e-003	
  8.8169069809983658e-001	  8.7931439336894768e-001	  7.4859860326277472e-001	  8.8186728285820704e-001	  8.8186726356700718e-001	  8.7418743239239227e-001	  6.4395516659459207e-001	  1.2770374406517371e-001	  5.3264024606064234e-002	  2.6742138980118235e-002	  1.5103688938804729e-002	  9.2665579667649597e-003	  4.0624490897835245e-003	
  8.8159216198762580e-001	  8.7921959692018758e-001	  7.4879682926394497e-001	  8.8178105557312392e-001	  8.8178103680052922e-001	  8.7406342462773412e-001	  6.4319461024891045e-001	  1.2733437608359108e-001	  5.3342790125910096e-002	  2.6795961162553675e-002	  1.5130568773125687e-002	  9.2803113382648843e-003	  4.0666795204156803e-003	
  8.8150501595186181e-001	  8.7916176270914292e-001	  7.4913470465362375e-001	  8.8169362895499670e-001	  8.8169361580769279e-001	  8.7396318734916423e-001	  6.4270818908778737e-001	  1.2792118517403295e-001	  5.3479804685243396e-002	  2.6823674768472461e-002	  1.5135691760061956e-002	  9.2801332089502316e-003	  4.0651372002447044e-003	
  8.8140413394810579e-001	  8.7906613946728274e-001	  7.4947725651404962e-001	  8.8159218888208779e-001	  8.8159218078975676e-001	  8.7384587510577105e-001	  6.4206066380327309e-001	  1.2758510501611431e-001	  5.3275053476743377e-002	  2.6729766224736294e-002	  1.5087627134087131e-002	  9.2526756164466682e-003	  4.0541647028227391e-003	
  8.8130016544649703e-001	  8.7896526399425534e-001	  7.4980870527875887e-001	  8.8148990985546649e-001	  8.8148989891554885e-001	  8.7372063754662455e-001	  6.4127441282635744e-001	  1.2712643022289749e-001	  5.3130593162329147e-002	  2.6671175681772821e-002	  1.5057885754981709e-002	  9.2354316140925170e-003	  4.0470303837232460e-003	
  8.8119595150882679e-001	  8.7887106047603092e-001	  7.5013980999788399e-001	  8.8138711264658065e-001	  8.8138710434136636e-001	  8.7359542100435483e-001	  6.4044806976479818e-001	  1.2695621490698830e-001	  5.3079796323749269e-002	  2.6643277010159252e-002	  1.5040830982326807e-002	  9.2243725904130828e-003	  4.0418534312824444e-003	
  8.8109280843533588e-001	  8.7877882018221609e-001	  7.5047504858617931e-001	  8.8128421241646793e-001	  8.8128420920230399e-001	  8.7346999379817980e-001	  6.3958404575546979e-001	  1.2681715778354150e-001	  5.3007750174889526e-002	  2.6604309815965458e-002	  1.5018381139395465e-002	  9.2104581885128888e-003	  4.0356925286097562e-003	
  8.8101583300849229e-001	  8.7866703349488562e-001	  7.5017533221427324e-001	  8.8122561897794882e-001	  8.8122561715626824e-001	  8.7328728451989379e-001	  6.3735788738410160e-001	  1.2497944182586000e-001	  5.2280897071451199e-002	  2.6280001959212894e-002	  1.4854202264913350e-002	  9.1184292407581139e-003	  4.0004790969685646e-003	
  8.8096359610849995e-001	  8.7865046820798531e-001	  7.5042986040827331e-001	  8.8117017476699055e-001	  8.8117017235872486e-001	  8.7321870657020040e-001	  6.3678008301399203e-001	  1.2590662254515073e-001	  5.2764875383842100e-002	  2.6513344288497796e-002	  1.4974675045194768e-002	  9.1858691788749940e-003	  4.0257417316227643e-003	
  8.8092046212130914e-001	  8.7863301016871109e-001	  7.5080677564913278e-001	  8.8111774865998971e-001	  8.8111774713811197e-001	  8.7319159644604150e-001	  6.3681570368583729e-001	  1.2660097326938055e-001	  5.2960571118225122e-002	  2.6578273959003449e-002	  1.5000819179786053e-002	  9.1980993286098368e-003	  4.0292755873392889e-003	
  8.8084754983238689e-001	  8.7857172585324073e-001	  7.5132047114920586e-001	  8.8103588213135042e-001	  8.8103588130369148e-001	  8.7314357505896789e-001	  6.3685723997301691e-001	  1.2669916102898285e-001	  5.2927051369741129e-002	  2.6553271316921239e-002	  1.4985669807658027e-002	  9.1886382751345079e-003	  4.0251108391917501e-003	
  8.8076735320326771e-001	  8.7849312522595724e-001	  7.5170183955906922e-001	  8.8095412516821181e-001	  8.8095412548614505e-001	  8.7306447803666376e-001	  6.3647760080481020e-001	  1.2636839555061652e-001	  5.2789731753900129e-002	  2.6490763343032353e-002	  1.4953062738375577e-002	  9.1697525858161297e-003	  4.0174564310064068e-003	
  8.8068591604663815e-001	  8.7841700943272083e-001	  7.5204432377647568e-001	  8.8087250970130793e-001	  8.8087250811737727e-001	  8.7297659863324983e-001	  6.3597424858563878e-001	  1.2614570694157867e-001	  5.2714828956807007e-002	  2.6457021102206008e-002	  1.4934988896223068e-002	  9.1589480592949944e-003	  4.0128337826431989e-003	
  8.8042283670751098e-001	  8.7817447872541110e-001	  7.5291391546724551e-001	  8.8061321424137640e-001	  8.8061321328513442e-001	  8.7263799898273464e-001	  6.3335331703490771e-001	  1.2539676017584292e-001	  5.2429454404182313e-002	  2.6321855879229923e-002	  1.4861583860584933e-002	  9.1150049373097466e-003	  3.9941444385780123e-003	
  8.8012963972451397e-001	  8.7789734972786215e-001	  7.5347888752998415e-001	  8.8033500336418824e-001	  8.8033500370514073e-001	  8.7214431674169746e-001	  6.2812867585248200e-001	  1.2392412006664057e-001	  5.1891588517646338e-002	  2.6077772254501450e-002	  1.4733334993803181e-002	  9.0401830563938204e-003	  3.9634343851379797e-003	
  8.8011845026841007e-001	  8.7793616422044907e-001	  7.5396648612546080e-001	  8.8030845626482579e-001	  8.8030845598415397e-001	  8.7218698022276864e-001	  6.2902399887490446e-001	  1.2576265480812926e-001	  5.2712278915433161e-002	  2.6459949111052813e-002	  1.4929222948262079e-002	  9.1500021917684769e-003	  4.0049966114395217e-003	
  8.8010547798907535e-001	  8.7793789747321571e-001	  7.5433844412569306e-001	  8.8028326901293064e-001	  8.8028326953951919e-001	  8.7222005596045304e-001	  6.2977732534901154e-001	  1.2629703050189744e-001	  5.2744978060749854e-002	  2.6429073556438643e-002	  1.4901331291946518e-002	  9.1305810439342230e-003	  3.9961648689747845e-003	
  8.8008659616683871e-001	  8.7791438756525686e-001	  7.5458513155669982e-001	  8.8025825358459675e-001	  8.8025825196151219e-001	  8.7222916104514892e-001	  6.3018466962580277e-001	  1.2609925583480494e-001	  5.2574032425212580e-002	  2.6347126142469125e-002	  1.4860720583556140e-002	  9.1085325145846135e-003	  3.9881527799115754e-003	
  8.8004403562017652e-001	  8.7786153953217472e-001	  7.5486724713954600e-001	  8.8021419785493527e-001	  8.8021419575084869e-001	  8.7221038409268048e-001	  6.3039897279794221e-001	  1.2558618144257555e-001	  5.2389880046297896e-002	  2.6276063585312846e-002	  1.4827482203739702e-002	  9.0906269490288998e-003	  3.9815324146013822e-003	
  8.7999622662934796e-001	  8.7780661792091430e-001	  7.5505843737231582e-001	  8.8016905782597898e-001	  8.8016905628391862e-001	  8.7216430643165344e-001	  6.3022054092946256e-001	  1.2511316233541289e-001	  5.2239986760751707e-002	  2.6213724264517391e-002	  1.4796393876951320e-002	  9.0731818504229070e-003	  3.9747762349208512e-003	
  8.7994752270463361e-001	  8.7775705430354189e-001	  7.5522045595675014e-001	  8.8012322316698122e-001	  8.8012322071411164e-001	  8.7210778046479465e-001	  6.2988138797133297e-001	  1.2484250455251855e-001	  5.2163282704649316e-002	  2.6181835032828286e-002	  1.4780268245645411e-002	  9.0639566777707768e-003	  3.9710610357463483e-003	
  8.7979811793069651e-001	  8.7762010883681640e-001	  7.5571977867100792e-001	  8.7997767933284199e-001	  8.7997767742552691e-001	  8.7192145127128262e-001	  6.2860733800774138e-001	  1.2449064963950687e-001	  5.2039106659253501e-002	  2.6122463823523845e-002	  1.4747514881867476e-002	  9.0440716549456523e-003	  3.9624329248837921e-003	
  8.7963281284960504e-001	  8.7745858573243429e-001	  7.5598100677056124e-001	  8.7982333892364228e-001	  8.7982333829291337e-001	  8.7164732575072223e-001	  6.2587881381196797e-001	  1.2354248086663823e-001	  5.1690304540305383e-002	  2.5965519046084639e-002	  1.4665952006774759e-002	  8.9969778686699465e-003	  3.9434255526550688e-003	
  8.7952255950958658e-001	  8.7738097680093752e-001	  7.5666204264173775e-001	  8.7970269977499749e-001	  8.7970269849715188e-001	  8.7154689169105104e-001	  6.2552676241189642e-001	  1.2416176724422458e-001	  5.1913977969230585e-002	  2.6057166430175735e-002	  1.4708761452849347e-002	  9.0191899860223457e-003	  3.9508029825632025e-003	
  8.7939062637824228e-001	  8.7724673176030499e-001	  7.5696212018018283e-001	  8.7957702254521686e-001	  8.7957702291151574e-001	  8.7134475200613382e-001	  6.2360771832731032e-001	  1.2324852715780077e-001	  5.1549603854409529e-002	  2.5890977787865900e-002	  1.4622701987719236e-002	  8.9699146950146264e-003	  3.9312665755644486e-003	
  8.7927982622543277e-001	  8.7716290647874096e-001	  7.5761397014653808e-001	  8.7945783544890987e-001	  8.7945783470349237e-001	  8.7123922468482207e-001	  6.2316180789734399e-001	  1.2365759804403245e-001	  5.1706595432194913e-002	  2.5956164158094274e-002	  1.4653002156531458e-002	  8.9854245142819388e-003	  3.9362261816568529e-003	
  8.7914249196397587e-001	  8.7702544476455935e-001	  7.5795176656953789e-001	  8.7932665450060177e-001	  8.7932665513965036e-001	  8.7102997368319490e-001	  6.2118140006875533e-001	  1.2278868302179534e-001	  5.1365591019838432e-002	  2.5800665232997302e-002	  1.4572271638264318e-002	  8.9390632782401051e-003	  3.9177490097493653e-003	
  8.7902617895850665e-001	  8.7693596329792822e-001	  7.5862508235204018e-001	  8.7920209631429191e-001	  8.7920209573785724e-001	  8.7091591178194394e-001	  6.2065623083998356e-001	  1.2315536260545794e-001	  5.1502911891496479e-002	  2.5856464302927734e-002	  1.4597662662689578e-002	  8.9517685999434150e-003	  3.9216118857955456e-003	
  8.7889000070282819e-001	  8.7679956802647518e-001	  7.5895393078742690e-001	  8.7907239229884815e-001	  8.7907239300302698e-001	  8.7070412573842693e-001	  6.1861193523753399e-001	  1.2227822218477055e-001	  5.1161528125083185e-002	  2.5701343441235529e-002	  1.4517265506305102e-002	  8.9056430004947444e-003	  3.9032469127570505e-003	
  8.7877028564322990e-001	  8.7670815931154733e-001	  7.5966622886539714e-001	  8.7894355747777064e-001	  8.7894355677686320e-001	  8.7058847118197924e-001	  6.1810532458493328e-001	  1.2268256826247297e-001	  5.1311230154801178e-002	  2.5762147055459431e-002	  1.4545034186754178e-002	  8.9196198365859899e-003	  3.9075644448197970e-003	
  8.7862756727762248e-001	  8.7656430078888503e-001	  7.5998867318602970e-001	  8.7880848236211195e-001	  8.7880848317969595e-001	  8.7035901781132674e-001	  6.1582134318504467e-001	  1.2171119313915045e-001	  5.0936640257307861e-002	  2.5592714151898368e-002	  1.4457463172356360e-002	  8.8694778131515068e-003	  3.8876536407958552e-003	
  8.7851428667971165e-001	  8.7648296757534605e-001	  7.6075966278946938e-001	  8.7868320881892359e-001	  8.7868320795211030e-001	  8.7026569729628533e-001	  6.1564266494789299e-001	  1.2231490727860604e-001	  5.1158496968861711e-002	  2.5684763750428243e-002	  1.4500859737230583e-002	  8.8921673925805092e-003	  3.8952939114515277e-003	
  8.7836971851120438e-001	  8.7633183306138485e-001	  7.6101005255992982e-001	  8.7854926378353992e-001	  8.7854926494720686e-001	  8.7001815847689867e-001	  6.1305406430406018e-001	  1.2110550882074993e-001	  5.0695187018433861e-002	  2.5476865398088248e-002	  1.4394178767034803e-002	  8.8314684834326605e-003	  3.8714308375918105e-003	
  8.7828758761205683e-001	  8.7628361909857677e-001	  7.6168971848149325e-001	  8.7845382393260807e-001	  8.7845382335353517e-001	  8.6996759455958994e-001	  6.1323575803356500e-001	  1.2196158663209354e-001	  5.1022555950930124e-002	  2.5617426703077678e-002	  1.4462641245689172e-002	  8.8684333544959016e-003	  3.8846649448389769e-003	
  8.7818169376417332e-001	  8.7617076375784475e-001	  7.6194301719876989e-001	  8.7835378816020027e-001	  8.7835378934279829e-001	  8.6980405161152974e-001	  6.1167553365968164e-001	  1.2104072471586719e-001	  5.0646023591258568e-002	  2.5445360034979325e-002	  1.4373966635916171e-002	  8.8180065475330291e-003	  3.8649373705200770e-003	
  8.7809170181165064e-001	  8.7610162766510924e-001	  7.6245032127660139e-001	  8.7825799024357321e-001	  8.7825798994353166e-001	  8.6971039504832237e-001	  6.1118605788691294e-001	  1.2132187902247298e-001	  5.0767981593698289e-002	  2.5498569709114183e-002	  1.4399395029336823e-002	  8.8312789166907022e-003	  3.8693143238802655e-003	
  8.7796763245223119e-001	  8.7598195723521144e-001	  7.6283662016331100e-001	  8.7813704779887036e-001	  8.7813704869746168e-001	  8.6952881748467403e-001	  6.0954513770713015e-001	  1.2071625429009131e-001	  5.0525461000101128e-002	  2.5386185981607332e-002	  1.4340396841693193e-002	  8.7971218443681394e-003	  3.8555488715397478e-003	
  8.7785443450552303e-001	  8.7588743083490028e-001	  7.6337708108757019e-001	  8.7801958873032793e-001	  8.7801958865715557e-001	  8.6939340719516600e-001	  6.0860391197452901e-001	  1.2075747758793713e-001	  5.0541600320785703e-002	  2.5389784907248008e-002	  1.4340050830668595e-002	  8.7957148287985606e-003	  3.8541985772612385e-003	
  8.7773273069770885e-001	  8.7577241985711540e-001	  7.6376539611705951e-001	  8.7790024074790785e-001	  8.7790024127913069e-001	  8.6921312778573301e-001	  6.0694545479896189e-001	  1.2024312055074664e-001	  5.0341046647429381e-002	  2.5297243183330931e-002	  1.4291317934005373e-002	  8.7673531529113315e-003	  3.8426495668217502e-003	
  8.7755414697711032e-001	  8.7561698400175880e-001	  7.6451014485616964e-001	  8.7771836655127344e-001	  8.7771836602754161e-001	  8.6897460021841799e-001	  6.0497567080929893e-001	  1.2001893177117279e-001	  5.0253517012579192e-002	  2.5252704478612012e-002	  1.4265497019834945e-002	  8.7510659533537004e-003	  3.8352091674680065e-003	
  8.7736819812819189e-001	  8.7544655272247662e-001	  7.6512998672827326e-001	  8.7753447724476785e-001	  8.7753447755545733e-001	  8.6869078999631089e-001	  6.0224078336219544e-001	  1.1938698316811837e-001	  5.0013138335982532e-002	  2.5141171448052200e-002	  1.4206070226945523e-002	  8.7160591209586320e-003	  3.8206639928064349e-003	
  8.7721455352936228e-001	  8.7532517610060512e-001	  7.6611993603311623e-001	  8.7736638145677970e-001	  8.7736638030085834e-001	  8.6855883994360705e-001	  6.0193512793463055e-001	  1.1980988717253972e-001	  5.0146954550923696e-002	  2.5191130655741013e-002	  1.4227418537802900e-002	  8.7261234590655865e-003	  3.8233466472883514e-003	
  8.7717306667361306e-001	  8.7525279439883419e-001	  7.6595518195126910e-001	  8.7733711638806278e-001	  8.7733711612783782e-001	  8.6845126835097497e-001	  6.0053843526203587e-001	  1.1835171188786843e-001	  4.9520244108782821e-002	  2.4901824031893716e-002	  1.4079035706921292e-002	  8.6426174533940584e-003	  3.7914284931730583e-003	
  8.7713916058393404e-001	  8.7522486719430570e-001	  7.6597257847289035e-001	  8.7730799325116327e-001	  8.7730799190774333e-001	  8.6837919073803138e-001	  5.9967669066140961e-001	  1.1834482623071188e-001	  4.9650120552614890e-002	  2.4988501081042443e-002	  1.4129698726313381e-002	  8.6727630523483999e-003	  3.8033954475105319e-003	
  8.7711289248175661e-001	  8.7521597378092819e-001	  7.6611020369914395e-001	  8.7727993464401532e-001	  8.7727993361083645e-001	  8.6834165487080106e-001	  5.9933904735383237e-001	  1.1880514252364488e-001	  4.9849491197047791e-002	  2.5070534359614195e-002	  1.4167693382372492e-002	  8.6925273696017383e-003	  3.8101592056655159e-003	
  8.7707435090423391e-001	  8.7519549304042443e-001	  7.6640205393063143e-001	  8.7723439959855798e-001	  8.7723439924417101e-001	  8.6830696869212509e-001	  5.9921598760024697e-001	  1.1923118337984927e-001	  4.9956273362265158e-002	  2.5104471937747831e-002	  1.4181324863106790e-002	  8.6989382309981423e-003	  3.8120138271165167e-003	
  8.7703605989663114e-001	  8.7516574246142542e-001	  7.6667904745399695e-001	  8.7719035223444042e-001	  8.7719035276789792e-001	  8.6827787643533016e-001	  5.9919437235567319e-001	  1.1933624029881917e-001	  4.9961804324240661e-002	  2.5102304449879494e-002	  1.4179035957474943e-002	  8.6971701300559232e-003	  3.8110631187541003e-003	
  8.7699601571085606e-001	  8.7512919584032844e-001	  7.6692340012350879e-001	  8.7714701282171692e-001	  8.7714701396227346e-001	  8.6824198387641249e-001	  5.9907782546625177e-001	  1.1925697297611138e-001	  4.9920639276083249e-002	  2.5082639627472071e-002	  1.4168524451182028e-002	  8.6909895575476796e-003	  3.8085125324366885e-003	
  8.7686218044197317e-001	  8.7500517517042076e-001	  7.6753313342557383e-001	  8.7701060854367019e-001	  8.7701060930534380e-001	  8.6808611368783972e-001	  5.9807814745596277e-001	  1.1891036008828237e-001	  4.9791009969282506e-002	  2.5022836216968148e-002	  1.4136612264707766e-002	  8.6721232414110790e-003	  3.8006234371823389e-003	
  8.7670946821469242e-001	  8.7485610522938606e-001	  7.6785745666436656e-001	  8.7686650192956939e-001	  8.7686650304546943e-001	  8.6782028881736983e-001	  5.9527549172804872e-001	  1.1803185414947337e-001	  4.9475186816996371e-002	  2.4882143399863336e-002	  1.4063930899404282e-002	  8.6303457634718268e-003	  3.7838695301203860e-003	
  8.7662351002924177e-001	  8.7480087797601336e-001	  7.6853465310810976e-001	  8.7676655898500144e-001	  8.7676655822223915e-001	  8.6776675561811090e-001	  5.9549687112487182e-001	  1.1877306535119814e-001	  4.9741266408651633e-002	  2.4993250087726376e-002	  1.4117206731303540e-002	  8.6588019721265137e-003	  3.7939051749747020e-003	
  8.7652485121234480e-001	  8.7468983864256911e-001	  7.6863241056437293e-001	  8.7667810648185140e-001	  8.7667810768091492e-001	  8.6758116648105799e-001	  5.9343303621755772e-001	  1.1764349645779458e-001	  4.9302824304712931e-002	  2.4797355933281674e-002	  1.4017486874256028e-002	  8.6025538050366179e-003	  3.7721290010097083e-003	
  8.7645521428502915e-001	  8.7464852132788140e-001	  7.6916419163693917e-001	  8.7659742392190687e-001	  8.7659742278440855e-001	  8.6753144533470461e-001	  5.9349630346487547e-001	  1.1836230964130791e-001	  4.9590162500467341e-002	  2.4923181102780096e-002	  1.4079463398542956e-002	  8.6362717460625148e-003	  3.7843314752719821e-003	
  8.7636603077330766e-001	  8.7455473069391221e-001	  7.6936839858834072e-001	  8.7651299541330896e-001	  8.7651299629785939e-001	  8.6738735819300805e-001	  5.9207226573363636e-001	  1.1762539089644275e-001	  4.9287619334214897e-002	  2.4784384773169549e-002	  1.4007795724040404e-002	  8.5954855985536874e-003	  3.7683706253691658e-003	
  8.7628627337302212e-001	  8.7449206722003869e-001	  7.6978410829126487e-001	  8.7642805186456085e-001	  8.7642805128812351e-001	  8.6729729987290516e-001	  5.9153023936856375e-001	  1.1782888140940247e-001	  4.9376460683210513e-002	  2.4823079910844859e-002	  1.4026189544124887e-002	  8.6050124342896880e-003	  3.7714546520806079e-003	
  8.7619725072907051e-001	  8.7440559596611156e-001	  7.7004136761852648e-001	  8.7634131535272775e-001	  8.7634131576513496e-001	  8.6716024617017995e-001	  5.9023738045775354e-001	  1.1737334391975578e-001	  4.9194385090615807e-002	  2.4739034723042733e-002	  1.3982250055850402e-002	  8.5796757759172247e-003	  3.7613116442424483e-003	
  8.7611686667989586e-001	  8.7433908138069805e-001	  7.7041387252165405e-001	  8.7625722785148419e-001	  8.7625722753523294e-001	  8.6706066415689464e-001	  5.8952410436908409e-001	  1.1743631475681471e-001	  4.9221281279445611e-002	  2.4748977683679060e-002	  1.3985904081067637e-002	  8.5809268230789375e-003	  3.7612493393591510e-003	
  8.7597062453740793e-001	  8.7420259369727504e-001	  7.7086366223070069e-001	  8.7611291276565118e-001	  8.7611291379215628e-001	  8.6683342017023013e-001	  5.8734675450545704e-001	  1.1688405625935293e-001	  4.9008874801517228e-002	  2.4650989957116690e-002	  1.3934176603146943e-002	  8.5507393560419077e-003	  3.7488984337916914e-003	
  8.7583608549107250e-001	  8.7408707936479135e-001	  7.7144128024911240e-001	  8.7597359211492820e-001	  8.7597359202305014e-001	  8.6665550296529748e-001	  5.8592563558533151e-001	  1.1680953920508313e-001	  4.8976320810939604e-002	  2.4631996199285442e-002	  1.3922110056088892e-002	  8.5426509707955452e-003	  3.7449336587652301e-003	
  8.7569143740139788e-001	  8.7395169092282154e-001	  7.7185779172760638e-001	  8.7583164023415339e-001	  8.7583164099836397e-001	  8.6641846124390476e-001	  5.8352225759553400e-001	  1.1622066865862364e-001	  4.8755122061802825e-002	  2.4530987036573089e-002	  1.3869043801574835e-002	  8.5117631475077598e-003	  3.7323278396525082e-003	
  8.7551741731651023e-001	  8.7380500315374476e-001	  7.7270294034790665e-001	  8.7564795016478381e-001	  8.7564794891538689e-001	  8.6621063182966151e-001	  5.8211070210092364e-001	  1.1627304801379350e-001	  4.8761269012890650e-002	  2.4526485660040363e-002	  1.3863303358610394e-002	  8.5067592047848133e-003	  3.7292707847843285e-003	
  8.7542408485832224e-001	  8.7369434026323722e-001	  7.7259539624040874e-001	  8.7557122565742118e-001	  8.7557122612560834e-001	  8.6597880872916966e-001	  5.7909065227888834e-001	  1.1490467850297634e-001	  4.8255459847907599e-002	  2.4304257520152767e-002	  1.3751020273049749e-002	  8.4436846443242692e-003	  3.7049534913131195e-003	
  8.7541330328110334e-001	  8.7371728911853885e-001	  7.7287350151932410e-001	  8.7555026139491354e-001	  8.7555026080101983e-001	  8.6599626779891425e-001	  5.7957110441096238e-001	  1.1615714886964047e-001	  4.8830790098176827e-002	  2.4574930031722297e-002	  1.3890446308715955e-002	  8.5220522497782159e-003	  3.7346962530151297e-003	
  8.7540212495522540e-001	  8.7371846620428306e-001	  7.7309895918678828e-001	  8.7553044652546697e-001	  8.7553044706089178e-001	  8.6601396455917778e-001	  5.8005468573504149e-001	  1.1656642939463728e-001	  4.8883278648379602e-002	  2.4570103819048981e-002	  1.3880286078738525e-002	  8.5139314342868484e-003	  3.7306626019184808e-003	
  8.7538760323750975e-001	  8.7370375545601164e-001	  7.7325854907929004e-001	  8.7551098402651661e-001	  8.7551098453771747e-001	  8.6601680219082255e-001	  5.8030709444556117e-001	  1.1649031987655281e-001	  4.8799865174419400e-002	  2.4529496319013591e-002	  1.3860056642247303e-002	  8.5029029851046919e-003	  3.7266220220961133e-003	
  8.7534908914692300e-001	  8.7366206278320102e-001	  7.7349658546427535e-001	  8.7546956538981857e-001	  8.7546956537621323e-001	  8.6599136468787019e-001	  5.8037125866144967e-001	  1.1620677641938532e-001	  4.8696973503365361e-002	  2.4488565030737479e-002	  1.3840468541943436e-002	  8.4921945597184988e-003	  3.7225962493839899e-003	
  8.7530554293228158e-001	  8.7361614307115432e-001	  7.7365532228715395e-001	  8.7542735218225110e-001	  8.7542735214102241e-001	  8.6593866575447875e-001	  5.8001290367338543e-001	  1.1590339554299048e-001	  4.8596009901112625e-002	  2.4445216689174914e-002	  1.3818543360584287e-002	  8.4797947119972482e-003	  3.7177481774045848e-003	
  8.7526218409063872e-001	  8.7357522287894540e-001	  7.7381033757640594e-001	  8.7538491912137262e-001	  8.7538491775984395e-001	  8.6588001382842816e-001	  5.7955480083664668e-001	  1.1576673201824153e-001	  4.8556396382927705e-002	  2.4428264588015270e-002	  1.3809726463696900e-002	  8.4746263675374908e-003	  3.7155887929986283e-003	
  8.7510594657433227e-001	  8.7343332922697481e-001	  7.7432181635211061e-001	  8.7522975680427217e-001	  8.7522975587290497e-001	  8.6565234130752500e-001	  5.7759211382579367e-001	  1.1539240699593399e-001	  4.8416242748028089e-002	  2.4362171065448354e-002	  1.3773929395024710e-002	  8.4532470322765396e-003	  3.7065322339508342e-003	
  8.7493007590977967e-001	  8.7326539611991982e-001	  7.7460737776675159e-001	  8.7506334949089604e-001	  8.7506335026185467e-001	  8.6530237316648984e-001	  5.7352115239966917e-001	  1.1445060746455271e-001	  4.8077276232500785e-002	  2.4210563050352983e-002	  1.3695276948105463e-002	  8.4078711104456950e-003	  3.6882263418116837e-003	
  8.7492342274951340e-001	  8.7328976926113755e-001	  7.7491162091318155e-001	  8.7504449438482090e-001	  8.7504449424360187e-001	  8.6533874571130065e-001	  5.7430769080880606e-001	  1.1565824853435618e-001	  4.8596519531096831e-002	  2.4449092367297028e-002	  1.3816880784279784e-002	  8.4758787677991585e-003	  3.7139310341021093e-003	
  8.7491307798449913e-001	  8.7328519193865983e-001	  7.7511643848348610e-001	  8.7502636739950967e-001	  8.7502636836641401e-001	  8.6536048382592146e-001	  5.7486128953250648e-001	  1.1583973742552248e-001	  4.8557422614986703e-002	  2.4406435628477961e-002	  1.3788843988827156e-002	  8.4582561194192982e-003	  3.7065212829767210e-003	
  8.7489775305083473e-001	  8.7326481883741724e-001	  7.7523880795702016e-001	  8.7500815249254438e-001	  8.7500815330167003e-001	  8.6535889970552393e-001	  5.7504836383207192e-001	  1.1558422593663038e-001	  4.8423995063446267e-002	  2.4347853155560414e-002	  1.3760522994285630e-002	  8.4429998387891107e-003	  3.7009930857509052e-003	
  8.7486024370426985e-001	  8.7322148762702778e-001	  7.7539749512545297e-001	  8.7497106841113503e-001	  8.7497106853519113e-001	  8.6532268301145499e-001	  5.7491180779044826e-001	  1.1520437841907684e-001	  4.8305469962388235e-002	  2.4302182083244236e-002	  1.3738901156058098e-002	  8.4312434710500025e-003	  3.6965980681842050e-003	
  8.7481901671377948e-001	  8.7317793555492584e-001	  7.7549992204051554e-001	  8.7493281399388179e-001	  8.7493281403237044e-001	  8.6526338116245527e-001	  5.7440904783612212e-001	  1.1490525604894741e-001	  4.8210596524329165e-002	  2.4261599707488368e-002	  1.3718343725767527e-002	  8.4195922557266656e-003	  3.6920241374367728e-003	
  8.7477878053256442e-001	  8.7314040078568078e-001	  7.7561122287194262e-001	  8.7489420396867357e-001	  8.7489420276704211e-001	  8.6520184367560060e-001	  5.7385985573755027e-001	  1.1478967547408768e-001	  4.8178260065370362e-002	  2.4247662645158714e-002	  1.3711007008095221e-002	  8.4152426274690887e-003	  3.6901743321220053e-003	
  8.7464331725971700e-001	  8.7301842249303563e-001	  7.7601480646161358e-001	  8.7475977035648789e-001	  8.7475976950782153e-001	  8.6499418513103976e-001	  5.7197615855337247e-001	  1.1449025286729576e-001	  4.8064570441187157e-002	  2.4193457800570209e-002	  1.3681428357617249e-002	  8.3974816482466925e-003	  3.6825963351081585e-003	
  8.7449372727402641e-001	  8.7287605182127614e-001	  7.7625999877219465e-001	  8.7461736042745108e-001	  8.7461736097356146e-001	  8.6469783804670231e-001	  5.6855538640278402e-001	  1.1372734116235450e-001	  4.7788644391160748e-002	  2.4069768200912788e-002	  1.3617172014575777e-002	  8.3603764085786528e-003	  3.6676089805209528e-003	
  8.7447047869762229e-001	  8.7288106374241214e-001	  7.7667028185366827e-001	  8.7457917092841042e-001	  8.7457917024406906e-001	  8.6472618794821843e-001	  5.6943395739848968e-001	  1.1475184189242925e-001	  4.8178466753050729e-002	  2.4239599597431587e-002	  1.3701474729943035e-002	  8.4067998314733567e-003	  3.6848562969776927e-003	
  8.7443144721904120e-001	  8.7283481421675368e-001	  7.7681679184918917e-001	  8.7453972621170895e-001	  8.7453972738021013e-001	  8.6468286954881879e-001	  5.6917647847173469e-001	  1.1426326481630554e-001	  4.7938464439108118e-002	  2.4124751975832151e-002	  1.3641674413333889e-002	  8.3728674477104269e-003	  3.6717666229601938e-003	
  8.7439240362746296e-001	  8.7279624351060114e-001	  7.7697305516107751e-001	  8.7450045620390304e-001	  8.7450044980256780e-001	  8.6462536258555878e-001	  5.6868535210376903e-001	  1.1405515856583152e-001	  4.7887619980434996e-002	  2.4108253912722501e-002	  1.3634660366101158e-002	  8.3692545745218411e-003	  3.6704452196243526e-003	
  8.7428443700984992e-001	  8.7269700757002211e-001	  7.7730502936246970e-001	  8.7439430005043073e-001	  8.7439429441271510e-001	  8.6446532553498345e-001	  5.6726033797035857e-001	  1.1377988595359899e-001	  4.7788027095465105e-002	  2.4060992136227886e-002	  1.3608868361291994e-002	  8.3537703827000053e-003	  3.6638529318060663e-003	
  8.7417336764143583e-001	  8.7259359638531220e-001	  7.7756404812523472e-001	  8.7428580565203295e-001	  8.7428580289038327e-001	  8.6427273171892582e-001	  5.6526286408849880e-001	  1.1337311727068734e-001	  4.7637958024645745e-002	  2.3992538094658698e-002	  1.3572819630032202e-002	  8.3327218644006287e-003	  3.6552123064247542e-003	
  8.7408166507102902e-001	  8.7252002246268978e-001	  7.7803440169342808e-001	  8.7418556707929895e-001	  8.7418556466094155e-001	  8.6417540125474512e-001	  5.6479547554942111e-001	  1.1359220133802241e-001	  4.7709378117421999e-002	  2.4019527990211065e-002	  1.3584432274362136e-002	  8.3382231399466086e-003	  3.6566922556605466e-003	
  8.7394952710602214e-001	  8.7238652726901700e-001	  7.7817525732714987e-001	  8.7406334766499361e-001	  8.7406334882455328e-001	  8.6389896306216929e-001	  5.6149968392599836e-001	  1.1261879117279225e-001	  4.7353962280207648e-002	  2.3861930319413482e-002	  1.3503724615485817e-002	  8.2922652114561061e-003	  3.6385537542799893e-003	
  8.7393646522423840e-001	  8.7240483399737800e-001	  7.7857958513969527e-001	  8.7403386179159614e-001	  8.7403386145571593e-001	  8.6394926709137221e-001	  5.6265987172883902e-001	  1.1384441600259268e-001	  4.7832974208184519e-002	  2.4073275425200318e-002	  1.3609415155263897e-002	  8.3507634086715781e-003	  3.6604403408447323e-003	
  8.7390697099311143e-001	  8.7236704421911460e-001	  7.7871009589571627e-001	  8.7400318623433171e-001	  8.7400318791832909e-001	  8.6392594391110511e-001	  5.6264306304151090e-001	  1.1337238578295566e-001	  4.7580435544466837e-002	  2.3949346194634562e-002	  1.3544311357108785e-002	  8.3137174343849100e-003	  3.6461519855266206e-003	
  8.7387426005108948e-001	  8.7233090632895494e-001	  7.7880006224154430e-001	  8.7397189035735456e-001	  8.7397189111530749e-001	  8.6387980085692984e-001	  5.6226302847441301e-001	  1.1307817903533859e-001	  4.7495006505064392e-002	  2.3918498190205490e-002	  1.3530441867190343e-002	  8.3064072988499604e-003	  3.6434838030492338e-003	
  8.7380411278103898e-001	  8.7226541969306481e-001	  7.7899322029154805e-001	  8.7390363016417549e-001	  8.7390363041042418e-001	  8.6377299870183699e-001	  5.6131102421537860e-001	  1.1286942985351757e-001	  4.7432323514572092e-002	  2.3890488767925641e-002	  1.3515434535155775e-002	  8.2974622857285088e-003	  3.6396947937828764e-003	
  8.7373287835659996e-001	  8.7219927909753858e-001	  7.7916084249495909e-001	  8.7383419604401746e-001	  8.7383419633722681e-001	  8.6365197441137720e-001	  5.6010284029110802e-001	  1.1263148475886944e-001	  4.7344092358134082e-002	  2.3849842576895573e-002	  1.3493910622107471e-002	  8.2848531198701642e-003	  3.6344996210520364e-003	
  8.7366773733645486e-001	  8.7214373476925977e-001	  7.7939879057854600e-001	  8.7376661657438115e-001	  8.7376661643325959e-001	  8.6355871673735229e-001	  5.5932553222286552e-001	  1.1262665500024838e-001	  4.7340157136876948e-002	  2.3845930166338208e-002	  1.3490779684025548e-002	  8.2824818664445944e-003	  3.6331896720782388e-003	
  8.7353225535270917e-001	  8.7201753510005986e-001	  7.7973260571722391e-001	  8.7363289021770452e-001	  8.7363289139770961e-001	  8.6332112613906076e-001	  5.5684379300489850e-001	  1.1212779252692019e-001	  4.7153289872915165e-002	  2.3760451243083017e-002	  1.3445773672271068e-002	  8.2562371447577349e-003	  3.6224485239823370e-003	
  8.7341663265701164e-001	  8.7191984545930123e-001	  7.8025048011382070e-001	  8.7350933223115446e-001	  8.7350933160526356e-001	  8.6317988973865478e-001	  5.5591591443342159e-001	  1.1220234456880288e-001	  4.7171970290493311e-002	  2.3764092523404348e-002	  1.3445440499536797e-002	  8.2549383117893338e-003	  3.6212457800507375e-003	
  8.7334592694754931e-001	  8.7183584970753769e-001	  7.8014161910443258e-001	  8.7345203048132602e-001	  8.7345203134728311e-001	  8.6298912074011813e-001	  5.5335582480195467e-001	  1.1115721365940079e-001	  4.6787233545995212e-002	  2.3595250537071129e-002	  1.3360186139350723e-002	  8.2070792078966660e-003	  3.6028148650811068e-003	
  8.7333843957567392e-001	  8.7185443618609804e-001	  7.8035906371999197e-001	  8.7343527483178729e-001	  8.7343527455597259e-001	  8.6300818427437465e-001	  5.5384222229539526e-001	  1.1216342779271553e-001	  4.7234164255043287e-002	  2.3802806661709475e-002	  1.3466499894518435e-002	  8.2666691522896418e-003	  3.6253804176914219e-003	
  8.7332904897833541e-001	  8.7185204115586323e-001	  7.8051621421629602e-001	  8.7341934898355622e-001	  8.7341934982644609e-001	  8.6302267559363655e-001	  5.5425242009907794e-001	  1.1238415197836940e-001	  4.7237424162806865e-002	  2.3784600563098890e-002	  1.3452148794721621e-002	  8.2570619898959738e-003	  3.6211289885583384e-003	
  8.7331645413871695e-001	  8.7183771537906640e-001	  7.8061840677253647e-001	  8.7340360561193564e-001	  8.7340360635267733e-001	  8.6302082369898159e-001	  5.5440090266207176e-001	  1.1225529106103664e-001	  4.7159415361468254e-002	  2.3749529263698665e-002	  1.3435057593937212e-002	  8.2478148826386575e-003	  3.6177584492468190e-003	
  8.7328058459746782e-001	  8.7179954248680858e-001	  7.8078010474138759e-001	  8.7336656315271011e-001	  8.7336656315317729e-001	  8.6298614897353376e-001	  5.5427632850167408e-001	  1.1200855317463336e-001	  4.7079343321011512e-002	  2.3717808434195416e-002	  1.3419747445073363e-002	  8.2393740745948883e-003	  3.6145428474346174e-003	
  8.7324062736743757e-001	  8.7175874604647274e-001	  7.8088159035208926e-001	  8.7332851327648420e-001	  8.7332851324860838e-001	  8.6292659862727883e-001	  5.5375272974091694e-001	  1.1176971377451071e-001	  4.6999384131620206e-002	  2.3682939014021687e-002	  1.3401935082187608e-002	  8.2292274131943715e-003	  3.6105330349320230e-003	
  8.7320232675576115e-001	  8.7172398693600595e-001	  7.8099776585610214e-001	  8.7329053909584053e-001	  8.7329053756649611e-001	  8.6286825551358581e-001	  5.5323915888967012e-001	  1.1170816696370597e-001	  4.6982292077132247e-002	  2.3675180762435199e-002	  1.3397619572551728e-002	  8.2265516541854301e-003	  3.6093235863129689e-003	
  8.7306684617461172e-001	  8.7160027559276587e-001	  7.8136251921661071e-001	  8.7315571842719331e-001	  8.7315571796590019e-001	  8.6264644075860941e-001	  5.5110696869925269e-001	  1.1134843042691098e-001	  4.6846378301908971e-002	  2.3611690223300077e-002	  1.3363565481767354e-002	  8.2063835894328144e-003	  3.6008828312570681e-003	
  8.7292087010579189e-001	  8.7146349659007249e-001	  7.8162097758691251e-001	  8.7301435960551665e-001	  8.7301436035146596e-001	  8.6234835347837691e-001	  5.4764064812383417e-001	  1.1070926349697817e-001	  4.6615756949091695e-002	  2.3507724768894334e-002	  1.3309212285953298e-002	  8.1748197102274652e-003	  3.5880208917358062e-003	
  8.7291866014595954e-001	  8.7148801059666525e-001	  7.8191216148105547e-001	  8.7299874335269323e-001	  8.7299874303185654e-001	  8.6240125776929877e-001	  5.4869752303029495e-001	  1.1181439897516576e-001	  4.7065106260746475e-002	  2.3709776731226092e-002	  1.3411288403342738e-002	  8.2316682084245651e-003	  3.6094472306926716e-003	
  8.7290852015009812e-001	  8.7147654605444047e-001	  7.8205705007998361e-001	  8.7298330624493958e-001	  8.7298330736161478e-001	  8.6242097829143538e-001	  5.4921461928876025e-001	  1.1172704228687222e-001	  4.6943125733314370e-002	  2.3638319758896839e-002	  1.3371166620393464e-002	  8.2081272427138273e-003	  3.6001361480458073e-003	
  8.7289288366138018e-001	  8.7145392624036044e-001	  7.8212404691246662e-001	  8.7296739190783612e-001	  8.7296739268375223e-001	  8.6241037660555975e-001	  5.4924503586641693e-001	  1.1139326844159408e-001	  4.6813436619891985e-002	  2.3585554265750097e-002	  1.3346307057221292e-002	  8.1948722365438893e-003	  3.5953689071162782e-003	
  8.7286063153904447e-001	  8.7141799162162936e-001	  7.8220259461008634e-001	  8.7293761291790295e-001	  8.7293761298047945e-001	  8.6236681574441743e-001	  5.4891205978715496e-001	  1.1111001647214808e-001	  4.6736058185758135e-002	  2.3556060965166468e-002	  1.3332198145542580e-002	  8.1871040616695884e-003	  3.5924021591424312e-003	
  8.7282740969857575e-001	  8.7138519225598177e-001	  7.8226429669674036e-001	  8.7290691280020327e-001	  8.7290691277652899e-001	  8.6231263244459611e-001	  5.4840258360500593e-001	  1.1095275160793799e-001	  4.6687285410355502e-002	  2.3534620090517922e-002	  1.3321070427939861e-002	  8.1806706055188496e-003	  3.5897991777500385e-003	
  8.7279562400167099e-001	  8.7135638947315797e-001	  7.8233796590599458e-001	  8.7287604775594574e-001	  8.7287604716254308e-001	  8.6226050787573172e-001	  5.4791696395881051e-001	  1.1089956489665312e-001	  4.6670029662286935e-002	  2.3526444411979337e-002	  1.3316526642464079e-002	  8.1778841881664059e-003	  3.5885674589814899e-003	
  8.7265291204558204e-001	  8.7122667224098627e-001	  7.8269720940573029e-001	  8.7273368864632495e-001	  8.7273368876370283e-001	  8.6202024117035547e-001	  5.4557769435824477e-001	  1.1054999142052604e-001	  4.6537581719634021e-002	  2.3464319210696815e-002	  1.3283069303799579e-002	  8.1580007892357916e-003	  3.5802019704176641e-003	
  8.7248676994770047e-001	  8.7106797755638099e-001	  7.8286651493733417e-001	  8.7257659938964149e-001	  8.7257659962811418e-001	  8.6162824706318786e-001	  5.4063707916587622e-001	  1.0962267476651248e-001	  4.6206861869428885e-002	  2.3316747960967686e-002	  1.3206576367399425e-002	  8.1138982837736292e-003	  3.5624202381725266e-003	
  8.7249514076097756e-001	  8.7111355533361301e-001	  7.8313586932461143e-001	  8.7257171568805703e-001	  8.7257171479645312e-001	  8.6169541959930740e-001	  5.4182472348893718e-001	  1.1126415181255560e-001	  4.7008867860461920e-002	  2.3711764920816121e-002	  1.3415754864706274e-002	  8.2334999894914680e-003	  3.6087239512541587e-003	
  8.7250002065506560e-001	  8.7113713057484432e-001	  7.8334686081150562e-001	  8.7256708945336958e-001	  8.7256709941642063e-001	  8.6176646151375036e-001	  5.4307501410945747e-001	  1.1212005107202504e-001	  4.7197932002414449e-002	  2.3740136022719197e-002	  1.3411425204799567e-002	  8.2244188604668669e-003	  3.6024394213330763e-003	
  8.7250581699989771e-001	  8.7114389927639946e-001	  7.8348060037920930e-001	  8.7256332811310056e-001	  8.7256334108203026e-001	  8.6181943782674864e-001	  5.4402110340984344e-001	  1.1219955733696883e-001	  4.7081281602158770e-002	  2.3668573854378535e-002	  1.3374550008338900e-002	  8.2047922161468598e-003	  3.5958285442349884e-003	
  8.7250714812264851e-001	  8.7113380418108988e-001	  7.8360867524101019e-001	  8.7255695826600288e-001	  8.7255696985404030e-001	  8.6186372249107646e-001	  5.4486082852055795e-001	  1.1176199359079078e-001	  4.6857532415200305e-002	  2.3577203015960828e-002	  1.3332268831288359e-002	  8.1825639520851437e-003	  3.5879945941251490e-003	
  8.7249963025685728e-001	  8.7111233879736194e-001	  7.8366362305596826e-001	  8.7254957534222555e-001	  8.7254958499066804e-001	  8.6186998812349613e-001	  5.4508080523884039e-001	  1.1115235677535658e-001	  4.6646690453320483e-002	  2.3492850177922287e-002	  1.3291883835041682e-002	  8.1607122263174132e-003	  3.5800323465423728e-003	
  8.7248742945587932e-001	  8.7108895163433864e-001	  7.8367073531429388e-001	  8.7254124532760402e-001	  8.7254125268668903e-001	  8.6185448313150737e-001	  5.4495653584008019e-001	  1.1069460434460478e-001	  4.6516527300501993e-002	  2.3443362039103011e-002	  1.3268863593327018e-002	  8.1484792453423369e-003	  3.5756504555571416e-003	
  8.7245753299867701e-001	  8.7105156452533883e-001	  7.8365759364732057e-001	  8.7252004439756192e-001	  8.7252004926508220e-001	  8.6180185859991565e-001	  5.4440854423407414e-001	  1.1031903545938868e-001	  4.6428928934962511e-002	  2.3410658547378213e-002	  1.3253301230755866e-002	  8.1399292920130428e-003	  3.5723897648439699e-003	
  8.7242765478660589e-001	  8.7102013580173820e-001	  7.8363226834593835e-001	  8.7249689690310350e-001	  8.7249690062153651e-001	  8.6173755443476208e-001	  5.4366275661473695e-001	  1.1010237608628261e-001	  4.6361672573733123e-002	  2.3381189755335322e-002	  1.3238159168854924e-002	  8.1312653428795654e-003	  3.5689424076657795e-003	
  8.7240058427671052e-001	  8.7099609745377427e-001	  7.8363949183550030e-001	  8.7247302500525148e-001	  8.7247302770839619e-001	  8.6168019035735466e-001	  5.4301687224427775e-001	  1.1005340765407608e-001	  4.6349714857486138e-002	  2.3375871854022446e-002	  1.3235161918312205e-002	  8.1293670044455379e-003	  3.5680527749432345e-003	
  8.7233004957991389e-001	  8.7093391596267855e-001	  7.8375219873924551e-001	  8.7240415110176583e-001	  8.7240415270621607e-001	  8.6154579752263316e-001	  5.4159650449503183e-001	  1.0993924190077692e-001	  4.6303014062082044e-002	  2.3352607318323650e-002	  1.3222116809576830e-002	  8.1213909157796336e-003	  3.5645700003524784e-003	
  8.7225682276327332e-001	  8.7086583166474318e-001	  7.8386317133501870e-001	  8.7233313715555005e-001	  8.7233314076323676e-001	  8.6139655273064730e-001	  5.3989428308727061e-001	  1.0963596609948245e-001	  4.6191410566516537e-002	  2.3302052167648791e-002	  1.3195644665597190e-002	  8.1060056916188849e-003	  3.5582977432426551e-003	
  8.7220060773577646e-001	  8.7082203383687795e-001	  7.8414852620004138e-001	  8.7226928930609593e-001	  8.7226929062723368e-001	  8.6133768594643823e-001	  5.3966652710407037e-001	  1.0987301618304977e-001	  4.6272235425044966e-002	  2.3334692970853159e-002	  1.3210845560113102e-002	  8.1139013451824518e-003	  3.5609404037446183e-003	
  8.7210848400961050e-001	  8.7072652235725212e-001	  7.8416772556541270e-001	  8.7218587653981250e-001	  8.7218587950468018e-001	  8.6111693764947728e-001	  5.3687858690263512e-001	  1.0909809373062382e-001	  4.5989620216039445e-002	  2.3209790428099581e-002	  1.3147123553985047e-002	  8.0777552067743674e-003	  3.5467660824742946e-003	
  8.7210403224320776e-001	  8.7074770540803259e-001	  7.8449036287893903e-001	  8.7216611001716404e-001	  8.7216611097346264e-001	  8.6117798036187099e-001	  5.3813733397965946e-001	  1.1016938873434468e-001	  4.6403900492275128e-002	  2.3392343036020967e-002	  1.3238502746306256e-002	  8.1284052932959587e-003	  3.5657749955065234e-003	
  8.7208131892346064e-001	  8.7071472964516361e-001	  7.8454264206688473e-001	  8.7214439159253121e-001	  8.7214439442793734e-001	  8.6115397490203116e-001	  5.3800803881915515e-001	  1.0964382743912060e-001	  4.6148088865055080e-002	  2.3270235912396315e-002	  1.3175107642081551e-002	  8.0925607844358188e-003	  3.5520419176858376e-003	
  8.7205750867768284e-001	  8.7068865400266271e-001	  7.8458625692092732e-001	  8.7212216401163278e-001	  8.7212216544379295e-001	  8.6111412488854611e-001	  5.3762556506482162e-001	  1.0943922560751741e-001	  4.6099150767901338e-002	  2.3255096299727097e-002	  1.3168995471234882e-002	  8.0895373979446919e-003	  3.5509931641733296e-003	
  8.7199890160833160e-001	  8.7063441822851584e-001	  7.8471268326481869e-001	  8.7206529830324764e-001	  8.7206529913762909e-001	  8.6101466587741748e-001	  5.3666406487312024e-001	  1.0928602942819768e-001	  4.6051273444737757e-002	  2.3232925005716151e-002	  1.3156905348087496e-002	  8.0822674015641541e-003	  3.5478880819575262e-003	
  8.7193943326148049e-001	  8.7057905118816459e-001	  7.8482224565819647e-001	  8.7200725248746869e-001	  8.7200725317001515e-001	  8.6090201938123545e-001	  5.3546187923870059e-001	  1.0908312344705685e-001	  4.5975599062835278e-002	  2.3198174782991961e-002	  1.3138556200810357e-002	  8.0715433927013858e-003	  3.5434834483071120e-003	
  8.7188873602373806e-001	  8.7053702714704506e-001	  7.8502562801964959e-001	  8.7195263479386453e-001	  8.7195263465591932e-001	  8.6083531218470377e-001	  5.3499951650723765e-001	  1.0915606131348203e-001	  4.5998928580958005e-002	  2.3206429780189625e-002	  1.3141756244698908e-002	  8.0728393367329957e-003	  3.5436640327964142e-003	
  8.7179180593931738e-001	  8.7044317154750583e-001	  7.8516634498681237e-001	  8.7185966796269199e-001	  8.7185966965237105e-001	  8.6063405303269780e-001	  5.3267676252063012e-001	  1.0864536015287193e-001	  4.5811566991931972e-002	  2.3122434014651409e-002	  1.3098283345237277e-002	  8.0478563411776217e-003	  3.5336614005433606e-003	
  8.7174885295565940e-001	  8.7041785927641979e-001	  7.8560047953206991e-001	  8.7180223723022066e-001	  8.7180223597117767e-001	  8.6065822498265820e-001	  5.3384662554044404e-001	  1.0925068266305649e-001	  4.6022317586499550e-002	  2.3211272639125445e-002	  1.3141674014366904e-002	  8.0715108781357642e-003	  3.5423465666503443e-003	
  8.7172557474090784e-001	  8.7036756516121760e-001	  7.8541598716413852e-001	  8.7179093741290947e-001	  8.7179093733077273e-001	  8.6056990575093895e-001	  5.3252147335588640e-001	  1.0798761640239937e-001	  4.5473320397365097e-002	  2.2955973242950067e-002	  1.3010254322981786e-002	  7.9974593902572087e-003	  3.5140384375743797e-003	
  8.7170785466454659e-001	  8.7034885909380444e-001	  7.8534369883231803e-001	  8.7177944422881204e-001	  8.7177944272281538e-001	  8.6050505107120967e-001	  5.3157876019606654e-001	  1.0784481999173096e-001	  4.5530510107197504e-002	  2.3008037792775708e-002	  1.3043404759665691e-002	  8.0179869353788902e-003	  3.5225166989526378e-003	
  8.7169594742690937e-001	  8.7034691974594314e-001	  7.8535699743507847e-001	  8.7176845611669340e-001	  8.7176845484225951e-001	  8.6047340303153486e-001	  5.3117057145573066e-001	  1.0816129635509171e-001	  4.5686223777292111e-002	  2.3075495355893243e-002	  1.3075595745093871e-002	  8.0350850750250963e-003	  3.5285489657948216e-003	
  8.7168245211537376e-001	  8.7034593333876653e-001	  7.8544329359486831e-001	  8.7175096705489186e-001	  8.7175096666613983e-001	  8.6045414697045308e-001	  5.3102839661886780e-001	  1.0854406488675489e-001	  4.5797607403618830e-002	  2.3115007177490106e-002	  1.3092943243774630e-002	  8.0439193681334387e-003	  3.5315167132351378e-003	
  8.7167146464381129e-001	  8.7034168928321509e-001	  7.8554923652379682e-001	  8.7173487832248830e-001	  8.7173487817587925e-001	  8.6045003482471305e-001	  5.3112951015514431e-001	  1.0873194719208971e-001	  4.5842433154926483e-002	  2.3131336732015926e-002	  1.3100433292821675e-002	  8.0478526630617785e-003	  3.5328887878928409e-003	
  8.7165938361967299e-001	  8.7033185663112156e-001	  7.8563927558697910e-001	  8.7171943984255640e-001	  8.7171944040810190e-001	  8.6044550973764122e-001	  5.3122905797284725e-001	  1.0874232310849519e-001	  4.5834064170057649e-002	  2.3126314277047564e-002	  1.3097571570344765e-002	  8.0461281747142895e-003	  3.5321695006096535e-003	
  8.7161041639214709e-001	  8.7028505328519723e-001	  7.8584805295492910e-001	  8.7166707903730800e-001	  8.7166707963473733e-001	  8.6039280787865335e-001	  5.3098654920297961e-001	  1.0861289020639063e-001	  4.5784204933565643e-002	  2.3103872212782994e-002	  1.3085898332542917e-002	  8.0393808255357375e-003	  3.5294424724057511e-003	
  8.7155083817393941e-001	  8.7022516395639904e-001	  7.8592145921909751e-001	  8.7161128342319993e-001	  8.7161128424046841e-001	  8.6027146896558493e-001	  5.2961720233059983e-001	  1.0824112966272627e-001	  4.5652530291278283e-002	  2.3045818559406201e-002	  1.3056172680315455e-002	  8.0224324282453987e-003	  3.5227329491325041e-003	
  8.7151022643472020e-001	  8.7019670914840452e-001	  7.8619300403421266e-001	  8.7156288124095094e-001	  8.7156288027882078e-001	  8.6025200936495450e-001	  5.2991287631754302e-001	  1.0856678066064068e-001	  4.5768230441474947e-002	  2.3094346953546542e-002	  1.3079615436182817e-002	  8.0350498559720231e-003	  3.5272504960707275e-003	
  8.7144496460384702e-001	  8.7012207844134226e-001	  7.8609762124475069e-001	  8.7150937129755324e-001	  8.7150937294669584e-001	  8.6006856832434253e-001	  5.2744114186809998e-001	  1.0771855501344248e-001	  4.5457986802141817e-002	  2.2958165043363288e-002	  1.3010745058073233e-002	  7.9963249926323313e-003	  3.5122921346671726e-003	
  8.7144499914612106e-001	  8.7014628140877337e-001	  7.8634455337799103e-001	  8.7149671354692160e-001	  8.7149671363433900e-001	  8.6012091604964558e-001	  5.2847375859717460e-001	  1.0874265646821428e-001	  4.5872080632938982e-002	  2.3143925320073037e-002	  1.3104518784645003e-002	  8.0485369390843071e-003	  3.5319740010659861e-003	
  8.7143406013180735e-001	  8.7013087455501992e-001	  7.8642040282740377e-001	  8.7148350827954035e-001	  8.7148351007016256e-001	  8.6012600387500637e-001	  5.2872519249694139e-001	  1.0851180555313433e-001	  4.5716916476800290e-002	  2.3062889291056432e-002	  1.3060878825350935e-002	  8.0234280990030167e-003	  3.5222102386130651e-003	
  8.7141929976854193e-001	  8.7011116564653290e-001	  7.8644762662552714e-001	  8.7146973313147658e-001	  8.7146973424614316e-001	  8.6010455504265815e-001	  5.2854735458913393e-001	  1.0824877795922364e-001	  4.5629581753279642e-002	  2.3029493896264908e-002	  1.3045583760951189e-002	  8.0153773174918095e-003	  3.5193373285364602e-003	
  8.7138846562176864e-001	  8.7008023099417309e-001	  7.8649808536027654e-001	  8.7144111420376635e-001	  8.7144111445032091e-001	  8.6005101887486979e-001	  5.2802393437765860e-001	  1.0809133557823855e-001	  4.5589449857734853e-002	  2.3013603677641284e-002	  1.3037601809878943e-002	  8.0107955672652584e-003	  3.5174771645527770e-003	
  8.7135798056869718e-001	  8.7005185542560248e-001	  7.8654929399270956e-001	  8.7141190290316151e-001	  8.7141190304374594e-001	  8.5999504226311474e-001	  5.2745159644698769e-001	  1.0800340372588957e-001	  4.5558589792671043e-002	  2.2999193608012777e-002	  1.3029867078653400e-002	  8.0062193969364110e-003	  3.5155666946222776e-003	
  8.7132946253065002e-001	  8.7002675821426700e-001	  7.8662044726554192e-001	  8.7138299678333631e-001	  8.7138299679425602e-001	  8.5994699945737085e-001	  5.2700186589651676e-001	  1.0797779944189777e-001	  4.5548355625239484e-002	  2.2993843759450835e-002	  1.3026717496786636e-002	  8.0042136220590133e-003	  3.5146401741840555e-003	
  8.7123078088798034e-001	  8.6993562340897812e-001	  7.8682863679416482e-001	  8.7128455367668056e-001	  8.7128455451764397e-001	  8.5976230890602612e-001	  5.2507071718595255e-001	  1.0768271981879607e-001	  4.5437955414525354e-002	  2.2942930197968281e-002	  1.2999678649681335e-002	  7.9883282652671878e-003	  3.5080647614132740e-003	
  8.7113434166010428e-001	  8.6984774999944303e-001	  7.8706195627477671e-001	  8.7118743178604241e-001	  8.7118743248925790e-001	  8.5957797140291214e-001	  5.2310859958525457e-001	  1.0742759661095934e-001	  4.5343678005540074e-002	  2.2899144793437558e-002	  1.2976200153380418e-002	  7.9744108768791643e-003	  3.5022225909583063e-003	
  8.7106791932082450e-001	  8.6979454129855349e-001	  7.8748163373924118e-001	  8.7110957608598238e-001	  8.7110957635877651e-001	  8.5956208064346717e-001	  5.2389509734506190e-001	  1.0774387889674185e-001	  4.5446148805860523e-002	  2.2940500032997160e-002	  1.2995721970893251e-002	  7.9847374283619418e-003	  3.5058282735417000e-003	
  8.7103350884809916e-001	  8.6972862606944190e-001	  7.8719219749807090e-001	  8.7109375305950087e-001	  8.7109375485448326e-001	  8.5941439887465820e-001	  5.2162732850490801e-001	  1.0621330421594460e-001	  4.4835592639225111e-002	  2.2666204438384942e-002	  1.2856658918868325e-002	  7.9069388658029593e-003	  3.4762439739795771e-003	
