 -6.3483865631339675e+000	
 -6.3767365633318196e+000	
 -6.4009263292659213e+000	
 -6.4225779323596743e+000	
 -6.5551207574817694e+000	
 -6.6333883659789317e+000	
 -6.6919082954056686e+000	
 -6.7447406062159931e+000	
 -6.8221821390773707e+000	
 -6.8986091419496187e+000	
 -6.9720021459327430e+000	
 -7.0419557403254007e+000	
 -7.1096110979311788e+000	
 -7.1914721010153393e+000	
 -7.2708068588093200e+000	
 -7.3475362171335767e+000	
 -7.4219333035372426e+000	
 -7.4943426397433566e+000	
 -7.6215695346816270e+000	
 -7.7424282806894951e+000	
 -7.8579977927023537e+000	
 -7.9697726776010169e+000	
 -8.0785168693480180e+000	
 -8.2417826426278715e+000	
 -8.3990167715423105e+000	
 -8.5485364694223307e+000	
 -8.6598623494087423e+000	
 -8.7719153671156356e+000	
 -8.8838640016818395e+000	
 -8.9943510442505037e+000	
 -9.1031883755196006e+000	
 -9.2107812421281530e+000	
 -9.3352739144332286e+000	
 -9.4575845369359044e+000	
 -9.5781113553075059e+000	
 -9.6972077728372241e+000	
 -9.8151655505508408e+000	
 -9.9381172858179490e+000	
 -1.0025508432495943e+001	
 -1.0113587557048387e+001	
 -1.0201645634067003e+001	
 -1.0289207770542429e+001	
 -1.0309665698861270e+001	
 -1.0274452520402267e+001	
 -1.0229007153018888e+001	
 -1.0193398552187372e+001	
 -1.0164451709168020e+001	
 -1.0141381549230942e+001	
 -1.0121041195075730e+001	
 -1.0094738734426457e+001	
 -1.0070648858687580e+001	
 -1.0048372530626182e+001	
 -1.0027699046753158e+001	
 -9.9798621564269894e+000	
 -9.9398435644191263e+000	
 -9.9062078244986917e+000	
 -9.8781368354332599e+000	
 -9.8546614511143549e+000	
 -9.8325301535991940e+000	
 -9.8139362748661529e+000	
 -9.7980830655826079e+000	
 -9.7843372235261192e+000	
 -9.7675162379621270e+000	
 -9.7533716303760407e+000	
 -9.7408536686555145e+000	
 -9.7293359665180379e+000	
 -9.7147964780760496e+000	
 -9.7015907713359226e+000	
 -9.6889367903336687e+000	
 -9.6763606987236841e+000	
 -9.6638180647499183e+000	
 -9.6346568060984303e+000	
 -9.6102654677274746e+000	
 -9.5840014236654447e+000	
 -9.5565358711848791e+000	
 -9.5261669207908906e+000	
 -9.4962204911707140e+000	
 -9.4660445984089403e+000	
 -9.4357579929867939e+000	
 -9.3985400779693649e+000	
 -9.3621992641945706e+000	
 -9.3252073968440605e+000	
 -9.2881908360057395e+000	
 -9.2404188079557859e+000	
 -9.1937458846462761e+000	
 -9.1460426087618387e+000	
 -9.0986453765763429e+000	
 -9.0519582469580371e+000	
 -8.9901160013180501e+000	
 -8.9290565651365394e+000	
 -8.8674430964605921e+000	
 -8.8072201694321386e+000	
 -8.7478881229439143e+000	
 -8.6671871130373788e+000	
 -8.5881515267884900e+000	
 -8.5095353990104492e+000	
 -8.4336841586584157e+000	
 -8.3016836542760828e+000	
 -8.2578788685104811e+000	
 -8.2112892196810616e+000	
 -8.1701486006343629e+000	
 -8.1281896310634316e+000	
 -8.0646448976344765e+000	
 -8.0026320112581715e+000	
 -7.9406228771509157e+000	
 -7.8810812645822015e+000	
 -7.7772060187303316e+000	
 -7.6746008123351750e+000	
 -7.5786012120153678e+000	
 -7.4814921018127034e+000	
 -7.4758263513131640e+000	
 -7.4553993809305386e+000	
 -7.4375720321260275e+000	
 -7.4217866026272672e+000	
 -7.4022284865158383e+000	
 -7.3831725982649310e+000	
 -7.3641241500632670e+000	
 -7.3204029627361722e+000	
 -7.2797594109000885e+000	
 -7.2434174870610324e+000	
 -7.2101382895644051e+000	
 -7.1764584886628846e+000	
 -7.1157239170593911e+000	
 -7.0567554369922458e+000	
 -7.0109095968917678e+000	
 -6.9676079802895030e+000	
 -6.9258975293191583e+000	
 -6.9355749579311787e+000	
 -6.9325714234473867e+000	
 -6.9276622061256177e+000	
 -6.9200960935367206e+000	
 -6.9119025366138898e+000	
 -6.9045769915309085e+000	
 -6.8943209199149313e+000	
 -6.8844125682504531e+000	
 -6.8752906418978466e+000	
 -6.8554673886676021e+000	
 -6.8372343052240936e+000	
 -6.8184045909159829e+000	
 -6.7444413701583938e+000	
 -6.7559014223235181e+000	
 -6.7532832896445294e+000	
 -6.7485597807609432e+000	
 -6.7421253690644889e+000	
 -6.7353078530417720e+000	
 -6.7292039415722815e+000	
 -6.7193557299105588e+000	
 -6.7095192317323527e+000	
 -6.7008194795911136e+000	
 -6.6836465545320189e+000	
 -6.6679546271533052e+000	
 -6.6518003101866396e+000	
 -6.6097451612270319e+000	
 -6.5734437549667124e+000	
 -6.5604618220889144e+000	
 -6.5549972043466020e+000	
 -6.5494075742162927e+000	
 -6.5392572907599922e+000	
 -6.5296494048747711e+000	
 -6.5196469898636256e+000	
 -6.4810373370954855e+000	
 -6.4841419681481716e+000	
 -6.4723034775733268e+000	
 -6.4633931570456937e+000	
 -6.4528965063233024e+000	
 -6.4436670246968974e+000	
 -6.4347494340531997e+000	
 -6.4129243722146345e+000	
 -6.3943299240476481e+000	
 -6.3711687062170119e+000	
 -6.3543766722827799e+000	
 -6.3317122285432292e+000	
 -6.3172015864962905e+000	
 -6.2949584970055650e+000	
 -6.2862589176188033e+000	
 -6.2702976713313596e+000	
 -6.2625925859665088e+000	
 -6.2514861254026055e+000	
 -6.2341120735540656e+000	
 -6.2176920754613008e+000	
 -6.1991887541611446e+000	
 -6.1842747589744285e+000	
 -6.1668631785850581e+000	
 -6.1688886056181502e+000	
 -6.1611525957642188e+000	
 -6.1565559322851460e+000	
 -6.1452456236121833e+000	
 -6.1374653211939689e+000	
 -6.1252219885756798e+000	
 -6.1183893159403313e+000	
 -6.1058407135711201e+000	
 -6.1012974199003978e+000	
 -6.0897039403421394e+000	
 -6.0876513002943167e+000	
 -6.0779894011556701e+000	
 -6.0754278065275891e+000	
 -6.0673282186215483e+000	
 -6.0644482497084207e+000	
 -6.0575267639180197e+000	
 -6.0542287401699202e+000	
 -6.0471006808209271e+000	
 -6.0454866227113158e+000	
 -6.0373991910319669e+000	
 -6.0418561576598417e+000	
 -6.0352082733299284e+000	
 -6.0350102689030738e+000	
 -6.0332676734479174e+000	
 -6.0310322447622022e+000	
 -6.0299745758310985e+000	
 -6.0273103005270556e+000	
 -6.0264099947068273e+000	
 -6.0237303131435160e+000	
 -6.0249745504561414e+000	
 -6.0219680714487245e+000	
 -6.0271254891417492e+000	
 -6.0174578352604202e+000	
 -6.0199042496884569e+000	
 -6.0214659485517963e+000	
 -6.0226204857845023e+000	
 -6.0236185270035048e+000	
 -6.0237789178496648e+000	
 -6.0238837503269194e+000	
 -6.0248203963860769e+000	
 -6.0277790407219367e+000	
 -6.0275545310131129e+000	
 -6.0310827580954962e+000	
 -6.0335642367704834e+000	
 -6.0396773163621242e+000	
 -6.0362793768705680e+000	
 -6.0405497901911964e+000	
 -6.0414465207941914e+000	
 -6.0451174443856281e+000	
 -6.0493840804758392e+000	
 -6.0521114733329551e+000	
 -6.0600468194483836e+000	
 -6.0585947310670685e+000	
 -6.0636272845286943e+000	
 -6.0648652391503965e+000	
 -6.0699442153689942e+000	
 -6.0746585632288630e+000	
 -6.0792240302951495e+000	
 -6.0926403385321848e+000	
 -6.0906433210188293e+000	
 -6.0941180242461979e+000	
 -6.0961841632679592e+000	
 -6.1001869440365786e+000	
 -6.1044903612837986e+000	
 -6.1082653943336229e+000	
 -6.1177111900492243e+000	
 -6.1259227217640433e+000	
 -6.1368774714446461e+000	
 -6.1335277295081481e+000	
 -6.1365568893856359e+000	
 -6.1387428382224662e+000	
 -6.1414163294357671e+000	
 -6.1440040716176370e+000	
 -6.1463811783292188e+000	
 -6.1547999027942168e+000	
 -6.1639768324662780e+000	
 -6.1650766747695096e+000	
 -6.1697091362443723e+000	
 -6.1722839063292900e+000	
 -6.1802177839869188e+000	
