5.5848	5.5848	5.5848	5.5848	5.5848	5.5848	5.5848	5.5848	5.5848	5.5848	5.5848	5.5848	5.5848
5.6118	5.6118	5.6118	5.6118	5.6118	5.6118	5.6118	5.6118	5.6118	5.6118	5.6118	5.6118	5.6118
5.5424	5.5424	5.5424	5.5424	5.5424	5.5424	5.5424	5.5424	5.5424	5.5424	5.5424	5.5424	5.5424
5.4718	5.4718	5.4718	5.4718	5.4718	5.4718	5.4718	5.4718	5.4718	5.4718	5.4718	5.4718	5.4718
5.4354	5.4354	5.4354	5.4354	5.4354	5.4354	5.4354	5.4354	5.4354	5.4354	5.4354	5.4354	5.4354
5.411	5.411	5.411	5.411	5.411	5.411	5.411	5.411	5.411	5.411	5.411	5.411	5.411
5.3791	5.3791	5.3791	5.3791	5.3791	5.3791	5.3791	5.3791	5.3791	5.3791	5.3791	5.3791	5.3791
5.3671	5.3671	5.3671	5.3671	5.3671	5.3671	5.3671	5.3671	5.3671	5.3671	5.3671	5.3671	5.3671
5.4521	5.4521	5.4521	5.4521	5.4521	5.4521	5.4521	5.4521	5.4521	5.4521	5.4521	5.4521	5.4521
5.4305	5.4305	5.4305	5.4305	5.4305	5.4305	5.4305	5.4305	5.4305	5.4305	5.4305	5.4305	5.4305
5.302	5.302	5.302	5.302	5.302	5.302	5.302	5.302	5.302	5.302	5.302	5.302	5.302
5.2782	5.2782	5.2782	5.2782	5.2782	5.2782	5.2782	5.2782	5.2782	5.2782	5.2782	5.2782	5.2782
5.2714	5.2714	5.2714	5.2714	5.2714	5.2714	5.2714	5.2714	5.2714	5.2714	5.2714	5.2714	5.2714
5.1405	5.1405	5.1405	5.1405	5.1405	5.1405	5.1405	5.1405	5.1405	5.1405	5.1405	5.1405	5.1405
5.0763	5.0763	5.0763	5.0763	5.0763	5.0763	5.0763	5.0763	5.0763	5.0763	5.0763	5.0763	5.0763
5.1188	5.1188	5.1188	5.1188	5.1188	5.1188	5.1188	5.1188	5.1188	5.1188	5.1188	5.1188	5.1188
5.1341	5.1341	5.1341	5.1341	5.1341	5.1341	5.1341	5.1341	5.1341	5.1341	5.1341	5.1341	5.1341
5.1457	5.1457	5.1457	5.1457	5.1457	5.1457	5.1457	5.1457	5.1457	5.1457	5.1457	5.1457	5.1457
5.1104	5.1104	5.1104	5.1104	5.1104	5.1104	5.1104	5.1104	5.1104	5.1104	5.1104	5.1104	5.1104
5.1003	5.1003	5.1003	5.1003	5.1003	5.1003	5.1003	5.1003	5.1003	5.1003	5.1003	5.1003	5.1003
5.1779	5.1779	5.1779	5.1779	5.1779	5.1779	5.1779	5.1779	5.1779	5.1779	5.1779	5.1779	5.1779
5.3197	5.3197	5.3197	5.3197	5.3197	5.3197	5.3197	5.3197	5.3197	5.3197	5.3197	5.3197	5.3197
5.4841	5.4841	5.4841	5.4841	5.4841	5.4841	5.4841	5.4841	5.4841	5.4841	5.4841	5.4841	5.4841
5.6598	5.6598	5.6598	5.6598	5.6598	5.6598	5.6598	5.6598	5.6598	5.6598	5.6598	5.6598	5.6598
4.3023	4.3023	4.3023	4.3023	4.3023	4.3023	4.3023	4.3023	4.3023	4.3023	4.3023	4.3023	4.3023
4.3685	4.3685	4.3685	4.3685	4.3685	4.3685	4.3685	4.3685	4.3685	4.3685	4.3685	4.3685	4.3685
4.6129	4.6129	4.6129	4.6129	4.6129	4.6129	4.6129	4.6129	4.6129	4.6129	4.6129	4.6129	4.6129
4.6896	4.6896	4.6896	4.6896	4.6896	4.6896	4.6896	4.6896	4.6896	4.6896	4.6896	4.6896	4.6896
4.7363	4.7363	4.7363	4.7363	4.7363	4.7363	4.7363	4.7363	4.7363	4.7363	4.7363	4.7363	4.7363
4.8939	4.8939	4.8939	4.8939	4.8939	4.8939	4.8939	4.8939	4.8939	4.8939	4.8939	4.8939	4.8939
5.0946	5.0946	5.0946	5.0946	5.0946	5.0946	5.0946	5.0946	5.0946	5.0946	5.0946	5.0946	5.0946
5.0241	5.0241	5.0241	5.0241	5.0241	5.0241	5.0241	5.0241	5.0241	5.0241	5.0241	5.0241	5.0241
4.9476	4.9476	4.9476	4.9476	4.9476	4.9476	4.9476	4.9476	4.9476	4.9476	4.9476	4.9476	4.9476
4.965	4.965	4.965	4.965	4.965	4.965	4.965	4.965	4.965	4.965	4.965	4.965	4.965
5.0139	5.0139	5.0139	5.0139	5.0139	5.0139	5.0139	5.0139	5.0139	5.0139	5.0139	5.0139	5.0139
5.0699	5.0699	5.0699	5.0699	5.0699	5.0699	5.0699	5.0699	5.0699	5.0699	5.0699	5.0699	5.0699
5.1167	5.1167	5.1167	5.1167	5.1167	5.1167	5.1167	5.1167	5.1167	5.1167	5.1167	5.1167	5.1167
5.0965	5.0965	5.0965	5.0965	5.0965	5.0965	5.0965	5.0965	5.0965	5.0965	5.0965	5.0965	5.0965
5.0955	5.0955	5.0955	5.0955	5.0955	5.0955	5.0955	5.0955	5.0955	5.0955	5.0955	5.0955	5.0955
5.073	5.073	5.073	5.073	5.073	5.073	5.073	5.073	5.073	5.073	5.073	5.073	5.073
5.1671	5.1671	5.1671	5.1671	5.1671	5.1671	5.1671	5.1671	5.1671	5.1671	5.1671	5.1671	5.1671
5.5692	5.5692	5.5692	5.5692	5.5692	5.5692	5.5692	5.5692	5.5692	5.5692	5.5692	5.5692	5.5692
5.5946	5.5946	5.5946	5.5946	5.5946	5.5946	5.5946	5.5946	5.5946	5.5946	5.5946	5.5946	5.5946
5.7393	5.7393	5.7393	5.7393	5.7393	5.7393	5.7393	5.7393	5.7393	5.7393	5.7393	5.7393	5.7393
5.9315	5.9315	5.9315	5.9315	5.9315	5.9315	5.9315	5.9315	5.9315	5.9315	5.9315	5.9315	5.9315
5.9396	5.9396	5.9396	5.9396	5.9396	5.9396	5.9396	5.9396	5.9396	5.9396	5.9396	5.9396	5.9396
6.0944	6.0944	6.0944	6.0944	6.0944	6.0944	6.0944	6.0944	6.0944	6.0944	6.0944	6.0944	6.0944
6.168	6.168	6.168	6.168	6.168	6.168	6.168	6.168	6.168	6.168	6.168	6.168	6.168
6.2112	6.2112	6.2112	6.2112	6.2112	6.2112	6.2112	6.2112	6.2112	6.2112	6.2112	6.2112	6.2112
6.2681	6.2681	6.2681	6.2681	6.2681	6.2681	6.2681	6.2681	6.2681	6.2681	6.2681	6.2681	6.2681
6.2315	6.2315	6.2315	6.2315	6.2315	6.2315	6.2315	6.2315	6.2315	6.2315	6.2315	6.2315	6.2315
6.1593	6.1593	6.1593	6.1593	6.1593	6.1593	6.1593	6.1593	6.1593	6.1593	6.1593	6.1593	6.1593
6.2694	6.2694	6.2694	6.2694	6.2694	6.2694	6.2694	6.2694	6.2694	6.2694	6.2694	6.2694	6.2694
6.328	6.328	6.328	6.328	6.328	6.328	6.328	6.328	6.328	6.328	6.328	6.328	6.328
6.2542	6.2542	6.2542	6.2542	6.2542	6.2542	6.2542	6.2542	6.2542	6.2542	6.2542	6.2542	6.2542
6.2058	6.2058	6.2058	6.2058	6.2058	6.2058	6.2058	6.2058	6.2058	6.2058	6.2058	6.2058	6.2058
6.2052	6.2052	6.2052	6.2052	6.2052	6.2052	6.2052	6.2052	6.2052	6.2052	6.2052	6.2052	6.2052
5.7808	5.7808	5.7808	5.7808	5.7808	5.7808	5.7808	5.7808	5.7808	5.7808	5.7808	5.7808	5.7808
5.7002	5.7002	5.7002	5.7002	5.7002	5.7002	5.7002	5.7002	5.7002	5.7002	5.7002	5.7002	5.7002
