1.8397	1.8397	1.8397	1.8397	1.8397	1.8397	1.8397	1.8397	1.8397	1.8397	1.8397	1.8397	1.8397
1.8756	1.8756	1.8756	1.8756	1.8756	1.8756	1.8756	1.8756	1.8756	1.8756	1.8756	1.8756	1.8756
1.9653	1.9653	1.9653	1.9653	1.9653	1.9653	1.9653	1.9653	1.9653	1.9653	1.9653	1.9653	1.9653
2.0492	2.0492	2.0492	2.0492	2.0492	2.0492	2.0492	2.0492	2.0492	2.0492	2.0492	2.0492	2.0492
2.1559	2.1559	2.1559	2.1559	2.156	2.1559	2.1559	2.1559	2.1559	2.1559	2.1559	2.1559	2.1559
2.2601	2.2601	2.2601	2.2601	2.2601	2.2601	2.2601	2.2601	2.2601	2.2601	2.2601	2.2601	2.2601
2.3575	2.3575	2.3575	2.3575	2.3575	2.3575	2.3575	2.3575	2.3575	2.3575	2.3575	2.3575	2.3575
2.483	2.483	2.483	2.483	2.4831	2.483	2.483	2.483	2.483	2.483	2.483	2.483	2.483
2.5041	2.5041	2.5041	2.5041	2.5041	2.5041	2.5041	2.5041	2.5041	2.5041	2.5041	2.5041	2.5041
2.5185	2.5185	2.5185	2.5185	2.5185	2.5185	2.5185	2.5185	2.5185	2.5185	2.5185	2.5185	2.5185
2.5397	2.5397	2.5397	2.5397	2.5397	2.5397	2.5397	2.5397	2.5397	2.5397	2.5397	2.5397	2.5397
2.5371	2.5371	2.5371	2.5371	2.5371	2.5371	2.5371	2.5371	2.5371	2.5371	2.5371	2.5371	2.5371
2.5684	2.5684	2.5683	2.5684	2.5684	2.5684	2.5684	2.5684	2.5684	2.5684	2.5684	2.5684	2.5684
2.6104	2.6104	2.6104	2.6104	2.6104	2.6104	2.6104	2.6104	2.6104	2.6104	2.6104	2.6104	2.6104
2.6582	2.6582	2.6582	2.6582	2.6582	2.6582	2.6582	2.6582	2.6582	2.6582	2.6582	2.6582	2.6582
2.7031	2.7031	2.7031	2.7031	2.7031	2.7031	2.7031	2.7031	2.7031	2.7031	2.7031	2.7031	2.7031
2.7368	2.7368	2.7368	2.7368	2.7368	2.7368	2.7368	2.7368	2.7368	2.7368	2.7368	2.7368	2.7368
2.7588	2.7588	2.7588	2.7588	2.7588	2.7588	2.7588	2.7588	2.7588	2.7588	2.7588	2.7588	2.7588
2.8201	2.8201	2.8201	2.8201	2.8201	2.8201	2.8201	2.8201	2.8201	2.8201	2.8201	2.8201	2.8201
2.8793	2.8793	2.8793	2.8793	2.8793	2.8793	2.8793	2.8793	2.8793	2.8793	2.8793	2.8793	2.8793
2.9342	2.9342	2.9342	2.9342	2.9342	2.9342	2.9342	2.9342	2.9342	2.9342	2.9342	2.9342	2.9342
2.98	2.98	2.98	2.98	2.98	2.98	2.98	2.98	2.98	2.98	2.98	2.98	2.98
3.0173	3.0173	3.0173	3.0173	3.0173	3.0173	3.0173	3.0173	3.0173	3.0173	3.0173	3.0173	3.0173
3.0617	3.0617	3.0617	3.0617	3.0617	3.0617	3.0617	3.0617	3.0617	3.0617	3.0617	3.0617	3.0617
3.124	3.124	3.124	3.124	3.124	3.124	3.124	3.124	3.124	3.124	3.124	3.124	3.124
3.194	3.194	3.194	3.194	3.194	3.194	3.194	3.194	3.194	3.194	3.194	3.194	3.194
3.2433	3.2433	3.2433	3.2433	3.2433	3.2433	3.2433	3.2433	3.2433	3.2433	3.2433	3.2433	3.2433
3.1465	3.1465	3.1465	3.1465	3.1465	3.1465	3.1465	3.1465	3.1465	3.1465	3.1465	3.1465	3.1465
3.0485	3.0484	3.0484	3.0484	3.0484	3.0484	3.0484	3.0484	3.0484	3.0484	3.0484	3.0484	3.0484
2.9862	2.9862	2.9862	2.9862	2.9862	2.9862	2.9862	2.9862	2.9862	2.9862	2.9862	2.9862	2.9862
2.9801	2.9801	2.9801	2.9801	2.9801	2.9801	2.9801	2.9801	2.9801	2.9801	2.9801	2.9801	2.9801
3.0801	3.0801	3.0801	3.0801	3.0801	3.0801	3.0801	3.0801	3.0801	3.0801	3.0801	3.0801	3.0801
3.1829	3.1829	3.1829	3.1829	3.1829	3.1829	3.1829	3.1829	3.1829	3.1829	3.1829	3.1829	3.1829
3.2198	3.2198	3.2198	3.2198	3.2198	3.2198	3.2198	3.2198	3.2198	3.2198	3.2198	3.2198	3.2198
3.1745	3.1745	3.1745	3.1745	3.1745	3.1745	3.1745	3.1745	3.1745	3.1745	3.1745	3.1745	3.1745
