3.9147	3.9147	3.9147	3.9147	3.9147	3.9147	3.9147	3.9147	3.9147	3.9147	3.9147	3.9147	3.9147
3.8882	3.8882	3.8882	3.8882	3.8882	3.8882	3.8882	3.8882	3.8882	3.8882	3.8882	3.8882	3.8882
3.8877	3.8877	3.8877	3.8877	3.8877	3.8877	3.8877	3.8877	3.8877	3.8877	3.8877	3.8877	3.8877
3.8985	3.8985	3.8985	3.8985	3.8985	3.8985	3.8985	3.8985	3.8985	3.8985	3.8985	3.8985	3.8985
3.8901	3.8901	3.8901	3.8901	3.8901	3.8901	3.8901	3.8901	3.8901	3.8901	3.8901	3.8901	3.8901
3.885	3.885	3.885	3.885	3.885	3.885	3.885	3.885	3.885	3.885	3.885	3.885	3.885
3.8844	3.8844	3.8844	3.8844	3.8844	3.8844	3.8844	3.8844	3.8844	3.8844	3.8844	3.8844	3.8844
3.9449	3.9449	3.9449	3.9449	3.9449	3.9449	3.9449	3.9449	3.9449	3.9449	3.9449	3.9449	3.9449
3.9893	3.9893	3.9893	3.9893	3.9893	3.9893	3.9893	3.9893	3.9893	3.9893	3.9893	3.9893	3.9893
4.0303	4.0303	4.0303	4.0303	4.0303	4.0303	4.0303	4.0303	4.0303	4.0303	4.0303	4.0303	4.0303
4.0671	4.0671	4.0671	4.0671	4.0671	4.0671	4.0671	4.0671	4.0671	4.0671	4.0671	4.0671	4.0671
4.1204	4.1204	4.1204	4.1204	4.1204	4.1204	4.1204	4.1204	4.1204	4.1204	4.1204	4.1204	4.1204
4.1556	4.1556	4.1556	4.1556	4.1556	4.1556	4.1556	4.1556	4.1556	4.1556	4.1556	4.1556	4.1556
4.1973	4.1973	4.1973	4.1973	4.1973	4.1973	4.1973	4.1973	4.1973	4.1973	4.1973	4.1973	4.1973
4.2351	4.2351	4.2351	4.2351	4.2351	4.2351	4.2351	4.2351	4.2351	4.2351	4.2351	4.2351	4.2351
4.2761	4.2761	4.2761	4.2761	4.2761	4.2761	4.2761	4.2761	4.2761	4.2761	4.2761	4.2761	4.2761
4.3188	4.3188	4.3188	4.3188	4.3188	4.3188	4.3188	4.3188	4.3188	4.3188	4.3188	4.3188	4.3188
4.4203	4.4203	4.4203	4.4203	4.4203	4.4203	4.4203	4.4203	4.4203	4.4203	4.4203	4.4203	4.4203
4.4774	4.4774	4.4774	4.4774	4.4774	4.4774	4.4774	4.4774	4.4774	4.4774	4.4774	4.4774	4.4774
4.5534	4.5534	4.5534	4.5534	4.5534	4.5534	4.5534	4.5534	4.5534	4.5534	4.5534	4.5534	4.5534
4.6327	4.6327	4.6327	4.6327	4.6327	4.6327	4.6327	4.6327	4.6327	4.6327	4.6327	4.6327	4.6327
4.7079	4.7079	4.7079	4.7079	4.7079	4.7079	4.7079	4.7079	4.7079	4.7079	4.7079	4.7079	4.7079
4.7758	4.7758	4.7758	4.7758	4.7758	4.7758	4.7758	4.7758	4.7758	4.7758	4.7758	4.7758	4.7758
4.8381	4.8381	4.8381	4.8381	4.8381	4.8381	4.8381	4.8381	4.8381	4.8381	4.8381	4.8381	4.8381
4.8951	4.8951	4.8951	4.8951	4.8951	4.8951	4.8951	4.8951	4.8951	4.8951	4.8951	4.8951	4.8951
4.949	4.949	4.949	4.949	4.949	4.949	4.949	4.949	4.949	4.949	4.949	4.949	4.949
5.0103	5.0103	5.0103	5.0103	5.0103	5.0103	5.0103	5.0103	5.0103	5.0103	5.0103	5.0103	5.0103
4.9961	4.9961	4.9961	4.9961	4.9961	4.9961	4.9961	4.9961	4.9961	4.9961	4.9961	4.9961	4.9961
4.9834	4.9834	4.9834	4.9834	4.9834	4.9834	4.9834	4.9834	4.9834	4.9834	4.9834	4.9834	4.9834
4.9375	4.9375	4.9375	4.9375	4.9375	4.9375	4.9375	4.9375	4.9375	4.9375	4.9375	4.9375	4.9375
4.8905	4.8905	4.8905	4.8905	4.8905	4.8905	4.8905	4.8905	4.8905	4.8905	4.8905	4.8905	4.8905
4.8073	4.8073	4.8073	4.8073	4.8073	4.8073	4.8073	4.8073	4.8073	4.8073	4.8073	4.8073	4.8073
4.7324	4.7324	4.7324	4.7324	4.7324	4.7324	4.7324	4.7324	4.7324	4.7324	4.7324	4.7324	4.7324
4.679	4.679	4.679	4.679	4.679	4.679	4.679	4.679	4.679	4.679	4.679	4.679	4.679
4.6562	4.6562	4.6562	4.6562	4.6562	4.6562	4.6562	4.6562	4.6562	4.6562	4.6562	4.6562	4.6562
