0.77906	0.83179	0.74081	-0.54027	-0.69848	-0.8453	-0.088371	-0.61715	-0.86147	0.42552	NaN	NaN	NaN
1.0681	1.1206	1.028	-0.34713	-0.51828	-0.67555	0.10884	-0.45381	-0.71293	0.65689	NaN	NaN	NaN
1.1171	1.1698	1.0776	-0.29997	-0.47181	-0.62913	0.16383	-0.4034	-0.66461	0.71562	NaN	NaN	NaN
1.1701	1.2232	1.1313	-0.24907	-0.42168	-0.5791	0.22265	-0.34936	-0.61274	0.77839	NaN	NaN	NaN
1.2298	1.2832	1.1915	-0.19343	-0.36706	-0.52479	0.28629	-0.29113	-0.55694	0.84664	NaN	NaN	NaN
1.3072	1.3523	1.2567	-0.12648	-0.30618	-0.4659	0.35993	-0.22383	-0.49262	0.92556	NaN	NaN	NaN
1.3727	1.4182	1.3229	-0.06215	-0.24261	-0.40238	0.43271	-0.15599	-0.42702	1.0024	NaN	NaN	NaN
1.4503	1.4959	1.4007	0.0032315	-0.17929	-0.34023	0.50592	-0.09056	-0.36501	1.0828	NaN	NaN	NaN
1.5386	1.5841	1.4887	0.062511	-0.12403	-0.28783	0.57217	-0.036403	-0.3161	1.1611	NaN	NaN	NaN
1.5616	1.607	1.5118	0.075692	-0.11223	-0.27667	0.59271	-0.021243	-0.30314	1.1871	NaN	NaN	NaN
1.5694	1.6059	1.507	0.079917	-0.11294	-0.27825	0.60277	-0.01319	-0.29597	1.199	NaN	NaN	NaN
1.5712	1.6078	1.5098	0.096654	-0.094351	-0.25742	0.62971	0.015628	-0.26629	1.2237	NaN	NaN	NaN
1.5708	1.6077	1.5106	0.11508	-0.073625	-0.23405	0.6585	0.047342	-0.23327	1.2491	NaN	NaN	NaN
1.5626	1.5998	1.5038	0.13644	-0.04865	-0.20529	0.69119	0.085854	-0.19224	1.2752	NaN	NaN	NaN
1.5615	1.599	1.5042	0.16817	-0.012965	-0.16549	0.7351	0.13613	-0.13923	1.3117	NaN	NaN	NaN
1.6277	1.6456	1.5638	0.23784	0.050007	-0.094663	0.816	0.21547	-0.06041	1.393	NaN	NaN	NaN
1.6848	1.7029	1.6218	0.30119	0.11385	-0.029629	0.89059	0.28805	0.011268	1.4689	NaN	NaN	NaN
1.7473	1.7654	1.6848	0.35871	0.1705	0.027014	0.9579	0.3505	0.071601	1.5408	NaN	NaN	NaN
1.8116	1.8297	1.7495	0.41065	0.22065	0.076332	1.0183	0.4042	0.12238	1.6078	NaN	NaN	NaN
1.8733	1.8913	1.8117	0.4647	0.27347	0.12878	1.081	0.4614	0.17721	1.6756	NaN	NaN	NaN
1.9475	1.9559	1.8731	0.53041	0.33316	0.18729	1.1547	0.53034	0.24394	1.7534	NaN	NaN	NaN
2.0253	2.0339	1.9512	0.59979	0.40151	0.25506	1.23	0.602	0.3138	1.8322	NaN	NaN	NaN
2.099	2.1077	2.0253	0.66892	0.47003	0.32323	1.3031	0.673	0.38365	1.9072	NaN	NaN	NaN
2.1711	2.1798	2.0976	0.72827	0.52776	0.37974	1.3658	0.73115	0.43972	1.9743	NaN	NaN	NaN
2.1181	2.0992	1.9137	0.67422	0.4986	0.76228	0.76153	0.51197	0.96757	2.0048	2.3896	0.70364	1.2116
2.1915	2.1726	1.9882	0.72361	0.54879	0.81733	0.80589	0.55661	1.015	2.0636	2.464	0.7574	1.2723
2.2562	2.2284	2.0379	0.77493	0.60118	0.86029	0.85119	0.60727	1.0618	2.116	2.5497	0.82576	1.3543
2.362	2.3332	2.144	0.85044	0.67537	0.94166	0.92246	0.67654	1.1371	2.2092	2.6568	0.90414	1.4418
2.4687	2.4388	2.2505	0.93636	0.75918	1.0312	1.0084	0.75939	1.2262	2.3125	2.7651	0.99081	1.5352
2.57	2.5391	2.3516	1.0208	0.84152	1.1185	1.0941	0.84196	1.3147	2.4134	2.8681	1.0755	1.6255
2.667	2.6352	2.4485	1.1001	0.91886	1.201	1.1741	0.91904	1.3976	2.5089	2.9669	1.1554	1.7113
2.8008	2.7701	2.5632	1.1675	0.98821	1.2648	1.2369	0.98199	1.4683	2.6148	3.1293	1.2422	1.8263
2.8432	2.8121	2.6079	1.1808	1.0008	1.2842	1.2605	1.0031	1.4962	2.6565	3.1786	1.2578	1.8515
2.8749	2.8436	2.6422	1.1913	1.0109	1.2995	1.2837	1.0239	1.5228	2.6928	3.2175	1.2699	1.8711
2.9071	2.8757	2.6769	1.2075	1.0266	1.3195	1.3145	1.0521	1.5564	2.7335	3.257	1.2869	1.8942
2.9362	2.9048	2.709	1.2069	1.0257	1.3255	1.3231	1.0587	1.5692	2.76	3.2932	1.2892	1.9063
2.9806	2.9524	2.7383	1.2204	1.0462	1.3319	1.3419	1.0813	1.5918	2.7975	3.374	1.3257	1.963
3.0479	3.0188	2.8079	1.2498	1.0734	1.3688	1.3797	1.1155	1.6348	2.8597	3.4476	1.3564	2.0059
3.118	3.088	2.8804	1.2838	1.1049	1.4098	1.4231	1.155	1.6833	2.9268	3.5242	1.3911	2.0524
3.1885	3.1577	2.9534	1.3144	1.133	1.448	1.4624	1.1904	1.728	2.9922	3.6012	1.4229	2.097
3.2566	3.2249	3.0242	1.3354	1.1515	1.4778	1.4896	1.2139	1.7613	3.0497	3.6756	1.4457	2.1346
3.3545	3.32	3.1014	1.3159	1.129	1.4622	1.4505	1.1744	1.7347	3.0748	3.7746	1.4352	2.157
3.4136	3.377	3.1578	1.3236	1.1334	1.4749	1.4647	1.1857	1.755	3.1144	3.8342	1.4416	2.1769
3.4732	3.4343	3.2145	1.3292	1.1356	1.4859	1.4762	1.1943	1.7729	3.1527	3.894	1.4461	2.1955
3.5399	3.4984	3.2781	1.3261	1.1288	1.4908	1.473	1.1886	1.7776	3.1852	3.9598	1.4433	2.2111
3.6022	3.5581	3.3373	1.3123	1.1116	1.486	1.4564	1.17	1.7693	3.2073	4.0206	1.4308	2.2186
3.675	3.6074	3.3849	1.2899	1.0722	1.4594	1.4175	1.1285	1.7395	3.2149	4.0769	1.3998	2.2132
3.7349	3.6642	3.4411	1.2708	1.0497	1.4493	1.3947	1.1039	1.725	3.2317	4.1341	1.382	2.2159
3.8013	3.7276	3.5037	1.269	1.0441	1.4542	1.3939	1.1006	1.7317	3.2647	4.1983	1.3796	2.2311
3.871	3.7943	3.5695	1.2752	1.0464	1.4663	1.4032	1.1071	1.748	3.3052	4.2661	1.3844	2.2523
3.93	3.8502	3.6246	1.2562	1.0241	1.4555	1.3811	1.0833	1.734	3.3215	4.3221	1.3665	2.2546
3.8686	3.806	3.5364	1.1492	0.92944	1.3374	1.2438	0.9508	1.5996	3.2117	4.2504	1.2717	2.165
3.8092	3.7466	3.4788	1.0355	0.81947	1.2337	1.1042	0.81457	1.4641	3.1085	4.1888	1.1711	2.0794
3.735	3.6749	3.4079	1.0162	0.80424	1.2086	1.0936	0.80532	1.4482	3.0695	4.1187	1.1526	2.0466
3.68	3.6229	3.356	1.0683	0.85841	1.2467	1.173	0.8835	1.5182	3.0904	4.0704	1.1969	2.0626
3.662	3.6083	3.3405	1.2286	1.0178	1.3798	1.394	1.0975	1.7238	3.2159	4.064	1.3366	2.1553
3.6498	3.5988	3.3302	1.3741	1.1629	1.5002	1.5982	1.2943	1.9143	3.3398	4.0626	1.4644	2.2419
3.6127	3.564	3.2953	1.4517	1.2417	1.5599	1.7161	1.4078	2.0218	3.4002	4.0336	1.5316	2.2793
3.5417	3.4949	3.2269	1.4405	1.2333	1.5406	1.7207	1.412	2.0205	3.3749	3.9672	1.5186	2.2509
