 -2.9442255921220406e+000	
 -2.9741922153466716e+000	
 -2.9999208336894956e+000	
 -3.0230510150272005e+000	
 -3.1632344889486186e+000	
 -3.2478880382436071e+000	
 -3.3110965970922779e+000	
 -3.3674785065945789e+000	
 -3.4501779564234392e+000	
 -3.5316932747224694e+000	
 -3.6101602485782980e+000	
 -3.6849753990978451e+000	
 -3.7572621702309794e+000	
 -3.8670982813033827e+000	
 -3.9727030274477881e+000	
 -4.0740978188805732e+000	
 -4.1718148845287795e+000	
 -4.2664768111455587e+000	
 -4.4389844678731638e+000	
 -4.5692461589469380e+000	
 -4.6714543605043124e+000	
 -4.7721057316940652e+000	
 -4.8711538705106250e+000	
 -4.9681563694693454e+000	
 -5.0631504410376671e+000	
 -5.1716055182348120e+000	
 -5.2777194944307881e+000	
 -5.3814000829955910e+000	
 -5.4837294229793665e+000	
 -5.5842285165307315e+000	
 -5.7906170564298032e+000	
 -5.9467380452546958e+000	
 -6.1000986227107701e+000	
 -6.2525084020412791e+000	
 -6.3606260326587449e+000	
 -6.4684543886555090e+000	
 -6.5768970911951330e+000	
 -6.6845676668374487e+000	
 -6.7909043317955220e+000	
 -7.0326328703675944e+000	
 -7.0949580373558252e+000	
 -7.1586702819451675e+000	
 -7.2289723703830022e+000	
 -7.1826443052983580e+000	
 -7.1187988522688483e+000	
 -7.0693895297699871e+000	
 -7.0326383665505476e+000	
 -7.0014756651285426e+000	
 -6.9609617970469717e+000	
 -6.9243283123878729e+000	
 -6.8912546554790177e+000	
 -6.8614509577084037e+000	
 -6.8136209341088660e+000	
 -6.7736402072060553e+000	
 -6.7399516596468034e+000	
 -6.7112656828575146e+000	
 -6.6681071311762707e+000	
 -6.6344048708040226e+000	
 -6.6061952134499613e+000	
 -6.5811562733575357e+000	
 -6.5378513553928652e+000	
 -6.5012765916728776e+000	
 -6.4651160687471121e+000	
 -6.4283996215048766e+000	
 -6.3830102395144861e+000	
 -6.3386040477884098e+000	
 -6.2936634289944005e+000	
 -6.2484122889270299e+000	
 -6.2006791996348509e+000	
 -6.1531544461451704e+000	
 -6.1055620733614369e+000	
 -6.0579856713868230e+000	
 -5.9827305268014275e+000	
 -5.9105272457576907e+000	
 -5.8362508251430523e+000	
 -5.7617288100260122e+000	
 -5.6885404559354757e+000	
 -5.6160732211674169e+000	
 -5.5102979994028356e+000	
 -5.4038777872607024e+000	
 -5.2984362947691155e+000	
 -5.1961193703626840e+000	
 -5.0950728740505324e+000	
 -4.9594439363754850e+000	
 -4.8273550983661817e+000	
 -4.6963698902733331e+000	
 -4.5721518108576831e+000	
 -4.4280102179918845e+000	
 -4.2884551831700035e+000	
 -4.1546536656962285e+000	
 -4.0261087266102447e+000	
 -4.0388587812152377e+000	
 -4.0239297398850793e+000	
 -4.0096781124071557e+000	
 -3.9933382864002498e+000	
 -3.9716682086907706e+000	
 -3.9514000638660729e+000	
 -3.9329476734815128e+000	
 -3.9152278532996743e+000	
 -3.8878207346031424e+000	
 -3.8614419496786345e+000	
 -3.8356104628519683e+000	
 -3.8104196913346655e+000	
 -3.7620813223476768e+000	
 -3.7169521010700368e+000	
 -3.6703746541870697e+000	
 -3.6252402554061147e+000	
 -3.5499074775824369e+000	
 -3.4796927110765097e+000	
 -3.4263883701629583e+000	
 -3.3752804878678377e+000	
 -3.3280085918284685e+000	
 -3.2705245565626262e+000	
 -3.2159679663007479e+000	
 -3.1621641101052811e+000	
 -3.0872959787451304e+000	
 -3.0134377275192747e+000	
 -2.9468371508600821e+000	
 -2.9534024905201184e+000	
 -2.9434780271040406e+000	
 -2.9369592587458193e+000	
 -2.9273702811805080e+000	
 -2.9170851351051352e+000	
 -2.9081972337705597e+000	
 -2.8895641045545428e+000	
 -2.8724500999928182e+000	
 -2.8565010515835265e+000	
 -2.8294391280260234e+000	
 -2.8055936899318290e+000	
 -2.7794563804152128e+000	
 -2.7568784833773563e+000	
 -2.7104660563165295e+000	
 -2.6727147198735146e+000	
 -2.6534276509466714e+000	
 -2.6405681482795096e+000	
 -2.6266995464113707e+000	
 -2.6144298543374633e+000	
 -2.5933639304687173e+000	
 -2.5747812064071951e+000	
 -2.5542817691328601e+000	
 -2.5389760209574286e+000	
 -2.5149191457478626e+000	
 -2.4962828307548701e+000	
 -2.4833841895524067e+000	
 -2.4757694272147246e+000	
 -2.4680853217967647e+000	
 -2.4699168749866551e+000	
 -2.4649431595900051e+000	
 -2.4644627810662678e+000	
 -2.4643561053283580e+000	
 -2.4646832074317615e+000	
 -2.4662106151616126e+000	
 -2.4676003877935893e+000	
 -2.4738667218093813e+000	
 -2.4816577153237152e+000	
 -2.4915403459426777e+000	
 -2.5239635019245199e+000	
 -2.5139860386653723e+000	
 -2.5192821005673993e+000	
 -2.5243918734072501e+000	
 -2.5288896908147729e+000	
 -2.5326018561536712e+000	
 -2.5358126579396734e+000	
 -2.5387788341174611e+000	
 -2.5486416859791250e+000	
 -2.5585788635691387e+000	
 -2.5696394987283488e+000	
 -2.5806880645323771e+000	
 -2.6197716588844955e+000	
 -2.6265436146779564e+000	
 -2.6394969968511761e+000	
 -2.6417100968310070e+000	
 -2.6420170554107836e+000	
 -2.6444634350856200e+000	
 -2.6468087337037094e+000	
 -2.6496247893090796e+000	
 -2.6619350348017212e+000	
 -2.6730716495991791e+000	
 -2.6866662231357363e+000	
 -2.7059974399979980e+000	
 -2.7264839600081858e+000	
 -2.7464967596895207e+000	
 -2.7853246771400997e+000	
 -2.8300152442038984e+000	
 -2.8122720005161472e+000	
 -2.8105202057573386e+000	
 -2.8150626186566052e+000	
 -2.8195683232913327e+000	
 -2.8249549528790441e+000	
 -2.8296673969241404e+000	
 -2.8349095500993515e+000	
 -2.8403511288419558e+000	
 -2.8447718192178284e+000	
 -2.8523596332441503e+000	
 -2.8593916490882165e+000	
 -2.8660616515822079e+000	
 -2.8830775316627255e+000	
 -2.8977070970135355e+000	
 -2.9170372566016400e+000	
 -2.9284067652192158e+000	
 -2.9408124158558646e+000	
 -2.9434940713064517e+000	
 -2.9482828131284222e+000	
 -2.9623957773536880e+000	
 -2.9738248273741830e+000	
 -2.9895105146767742e+000	
 -2.9982552562597409e+000	
 -3.0087744738014344e+000	
 -3.0109886954013954e+000	
 -3.0151201310223419e+000	
 -3.0286897631043308e+000	
 -3.0382133541674294e+000	
 -3.0482964165198245e+000	
 -3.0497672031729595e+000	
 -3.0546677482963247e+000	
 -3.0632396791435701e+000	
 -3.0703756839072227e+000	
 -3.0799459273072038e+000	
 -3.0848975682531421e+000	
 -3.0944855818355599e+000	
 -3.0922881581175732e+000	
 -3.0954237700783205e+000	
 -3.0976681696041064e+000	
 -3.1042488895366427e+000	
 -3.1062122258581626e+000	
 -3.1163862559003830e+000	
 -3.1140505615245839e+000	
 -3.1132544444891774e+000	
 -3.1136185490376889e+000	
 -3.1141777544824167e+000	
 -3.1150254226027796e+000	
 -3.1170734861004634e+000	
 -3.1176780121445757e+000	
 -3.1204914733595768e+000	
 -3.1184925894108817e+000	
 -3.1235512520844111e+000	
 -3.1151852490622911e+000	
 -3.1172900275787674e+000	
 -3.1188602453796621e+000	
 -3.1199578034863951e+000	
 -3.1205018508347893e+000	
 -3.1205575651197526e+000	
 -3.1204188750638684e+000	
 -3.1198893048455245e+000	
 -3.1182066528716579e+000	
 -3.1180539927868622e+000	
 -3.1160825871041631e+000	
 -3.1109080771898334e+000	
 -3.1059824034466166e+000	
 -3.0959015302148840e+000	
 -3.1064527806839992e+000	
 -3.1035156204510805e+000	
 -3.1008904137981297e+000	
 -3.0985848278493044e+000	
 -3.0968160503159758e+000	
 -3.0956563159512118e+000	
 -3.0947587748356709e+000	
 -3.0927160704190548e+000	
 -3.0905322009704417e+000	
 -3.0885745685630406e+000	
 -3.0830246464128575e+000	
 -3.0773842642651816e+000	
 -3.0716187963926167e+000	
 -3.0565220041184338e+000	
