  5.1324899363418552e+000	  5.1324899363420773e+000	  5.1324899363420773e+000	  5.1324899363422993e+000	  5.1324899363420773e+000	  5.1324899363420773e+000	  5.1324899363420773e+000	  5.1324899363420773e+000	  5.1324899363420773e+000	  5.1324899363420773e+000	  5.1324899363420773e+000	  5.1324899363420773e+000	  5.1324899363420773e+000	
  5.1324629808404687e+000	  5.1324629655939980e+000	  5.1324837917601229e+000	  5.1324845876705716e+000	  5.1324845504749916e+000	  5.1324787170252684e+000	  5.1323467830031166e+000	  5.1320859895886972e+000	  5.1316482735785929e+000	  5.1309975228877036e+000	  5.1301247440991293e+000	  5.1290532616168338e+000	  5.1264979198195615e+000	
  5.1323967606418108e+000	  5.1323967079681676e+000	  5.1324686875897640e+000	  5.1324714396472348e+000	  5.1324713110332265e+000	  5.1324511425525632e+000	  5.1319962877989234e+000	  5.1311044586233034e+000	  5.1296293452440800e+000	  5.1274866510238049e+000	  5.1247074193649933e+000	  5.1214435359183685e+000	  5.1143184308979350e+000	
  5.1322896085228553e+000	  5.1322894953402809e+000	  5.1324442303499751e+000	  5.1324501493150709e+000	  5.1324498726956769e+000	  5.1324065004592079e+000	  5.1314313315193871e+000	  5.1295360433534221e+000	  5.1264502040313520e+000	  5.1220782549035171e+000	  5.1166065087167034e+000	  5.1104756288022912e+000	  5.0982532505425837e+000	
  5.1303836635152589e+000	  5.1303824803834441e+000	  5.1320068051459167e+000	  5.1320692877361296e+000	  5.1320663671472477e+000	  5.1316091355884108e+000	  5.1216791227648439e+000	  5.1041292474853783e+000	  5.0796851267822518e+000	  5.0517978790216578e+000	  5.0249231692958141e+000	  5.0021988819255458e+000	  4.9717537197084827e+000	
  5.1268961197787899e+000	  5.1268929855863288e+000	  5.1312017792930487e+000	  5.1313682227169810e+000	  5.1313604420315517e+000	  5.1301437487096813e+000	  5.1043823970484681e+000	  5.0619589227982598e+000	  5.0095081165946187e+000	  4.9591678217772994e+000	  4.9203309905259118e+000	  4.8950084289562934e+000	  4.8720875545515963e+000	
  5.1222970901694254e+000	  5.1222913821333815e+000	  5.1301327258288509e+000	  5.1304370291531676e+000	  5.1304228031785470e+000	  5.1282010882054418e+000	  5.0824163592331217e+000	  5.0125049315568049e+000	  4.9364070542341487e+000	  4.8756601826285273e+000	  4.8385496045655341e+000	  4.8198355818911409e+000	  4.8069631596718843e+000	
  5.1168234053162731e+000	  5.1168146097502198e+000	  5.1288507155835550e+000	  5.1293201316673365e+000	  5.1292981866768450e+000	  5.1258757504530905e+000	  5.0572961819692619e+000	  4.9604576031527792e+000	  4.8679436636125395e+000	  4.8064043068845042e+000	  4.7757896747084860e+000	  4.7624207525434059e+000	  4.7520891767554030e+000	
  5.1067358529526263e+000	  5.1067212135271767e+000	  5.1264654405358545e+000	  5.1272417551175842e+000	  5.1272054669739831e+000	  5.1215593730062903e+000	  5.0132010967769425e+000	  4.8774912644158341e+000	  4.7708060396369767e+000	  4.7154756128240383e+000	  4.6924976898605752e+000	  4.6814218061179691e+000	  4.6696856786656582e+000	
  5.0949189505196113e+000	  5.0948970372082236e+000	  5.1236388327735582e+000	  5.1247787561294889e+000	  5.1247254861015445e+000	  5.1164587014544960e+000	  4.9643813792308311e+000	  4.7948499118295462e+000	  4.6829361035334305e+000	  4.6330605582971529e+000	  4.6108269009643710e+000	  4.5981102083356706e+000	  4.5857916849021407e+000	
  5.0814473462374998e+000	  5.0814163074408558e+000	  5.1203797818366592e+000	  5.1219394273527286e+000	  5.1218665749721559e+000	  5.1105937166695536e+000	  4.9115313197478638e+000	  4.7127788997645137e+000	  4.5992529304241803e+000	  4.5514353674362962e+000	  4.5283898741015349e+000	  4.5158917020300393e+000	  4.5051776297537760e+000	
  5.0664024750066705e+000	  5.0663598491944573e+000	  5.1166989632411841e+000	  5.1187338804723481e+000	  5.1186388825315010e+000	  5.1039874832998766e+000	  4.8552765010612120e+000	  4.6314584304796291e+000	  4.5178743355194229e+000	  4.4712363389216581e+000	  4.4492226521448686e+000	  4.4382081342611013e+000	  4.4282993636828305e+000	
  5.0498813689168198e+000	  5.0498238904479464e+000	  5.1126107519909869e+000	  5.1151757058536251e+000	  5.1150560450181626e+000	  5.0966696362826358e+000	  4.7962514769523956e+000	  4.5513342154765990e+000	  4.4389592668145905e+000	  4.3941945050334219e+000	  4.3738958406931427e+000	  4.3635446693499613e+000	  4.3535268473866573e+000	
  5.0213668843455128e+000	  5.0212772190398880e+000	  5.1054488433790457e+000	  5.1089495183029854e+000	  5.1087863876269068e+000	  5.0838935140977703e+000	  4.6998281886034832e+000	  4.4293197448705968e+000	  4.3207450840931916e+000	  4.2789784978130019e+000	  4.2600936966346037e+000	  4.2499105568365447e+000	  4.2400824431967354e+000	
  4.9897432782750606e+000	  4.9896059432426032e+000	  5.0973585624825013e+000	  5.1019298343764063e+000	  5.1017170202221074e+000	  5.0695189524192497e+000	  4.5993094449876537e+000	  4.3109030690531291e+000	  4.2070325849152823e+000	  4.1675801240061983e+000	  4.1489751634096184e+000	  4.1388912440967207e+000	  4.1295296520587055e+000	
  4.9552513700130696e+000	  4.9550447931852037e+000	  5.0883663726501993e+000	  5.0941475383838863e+000	  5.0938785442347090e+000	  5.0536036601798173e+000	  4.4957930276561253e+000	  4.1959297154430253e+000	  4.0968480674310470e+000	  4.0590771658362002e+000	  4.0410456539723416e+000	  4.0315146607949881e+000	  4.0226121699917794e+000	
  4.9181203964399067e+000	  4.9178160861498288e+000	  5.0784964628720619e+000	  5.0856328209187840e+000	  5.0853007141389295e+000	  5.0361997514103418e+000	  4.3902133807813826e+000	  4.0843359888589337e+000	  3.9900041624891802e+000	  3.9538746606182507e+000	  3.9367972903832094e+000	  3.9277613947394929e+000	  3.9191567284724282e+000	
  4.8785631090308978e+000	  4.8781250344092086e+000	  5.0677695234884190e+000	  5.0764140407113523e+000	  5.0760112689092196e+000	  5.0173510610644900e+000	  4.2833283687337964e+000	  3.9759920618298583e+000	  3.8863519016700820e+000	  3.8519012475219938e+000	  3.8356079798802512e+000	  3.8268711487419171e+000	  3.8185331309656956e+000	
  4.7985875282210433e+000	  4.7977742918121624e+000	  5.0454227937237750e+000	  5.0573383377556791e+000	  5.0567796724154679e+000	  4.9782644788640695e+000	  4.0815092778290207e+000	  3.7812766669966802e+000	  3.7001004857817321e+000	  3.6685565983871626e+000	  3.6534761594291254e+000	  3.6453051045870488e+000	  3.6375066197233963e+000	
  4.7290474469650068e+000	  4.7277810770409712e+000	  5.0252738227671845e+000	  5.0403002212360271e+000	  5.0395885865970325e+000	  4.9431713732583926e+000	  3.9185526091889411e+000	  3.6301352866172643e+000	  3.5547567863876139e+000	  3.5249630690916689e+000	  3.5104623941666357e+000	  3.5025972720552634e+000	  3.4950317709008250e+000	
  4.6690166316953885e+000	  4.6672578482362947e+000	  5.0073387048581441e+000	  5.0252692886820771e+000	  5.0244099214347138e+000	  4.9120160696998205e+000	  3.7859496630647804e+000	  3.5101281608236334e+000	  3.4392433180772120e+000	  3.4109602910692427e+000	  3.3971895049955680e+000	  3.3897182196900300e+000	  3.3825314992363964e+000	
  4.6066280564291961e+000	  4.6042553562268829e+000	  4.9881595148340008e+000	  5.0093399220345614e+000	  5.0083090628090243e+000	  4.8787552664930622e+000	  3.6552729381627014e+000	  3.3940426725065365e+000	  3.3275152030043387e+000	  3.3007108025702170e+000	  3.2875980312334629e+000	  3.2804270094237697e+000	  3.2734856260512313e+000	
  4.5421074054370347e+000	  4.5389877784920429e+000	  4.9677356689530328e+000	  4.9925437562352570e+000	  4.9913131876917483e+000	  4.8433623474897214e+000	  3.5267964950616015e+000	  3.2810590381338045e+000	  3.2182965131879460e+000	  3.1926020822323764e+000	  3.1798971778660423e+000	  3.1729034869050210e+000	  3.1661002441769615e+000	
  4.4756433138812834e+000	  4.4716325427793802e+000	  4.9460563019871895e+000	  4.9749066290667443e+000	  4.9734427547318827e+000	  4.8057803256043030e+000	  3.4005623249198091e+000	  3.1703833195979580e+000	  3.1108612288808235e+000	  3.0861733787801438e+000	  3.0739119453855324e+000	  3.0671556209274087e+000	  3.0605730734600822e+000	
  4.4074106909666178e+000	  4.4023543333118198e+000	  4.9231058408436557e+000	  4.9564531097077147e+000	  4.9547161057681421e+000	  4.7864892742282006e+000	  3.2766889790336595e+000	  3.0618189616000713e+000	  3.0053699562329061e+000	  2.9817666732392389e+000	  2.9699953095836396e+000	  2.9634785245817863e+000	  2.9570975068868854e+000	
  4.3263947055198759e+000	  4.3199229325112665e+000	  4.9095140842936313e+000	  4.9340925669680846e+000	  4.9319800730729391e+000	  4.7817265316203450e+000	  3.1364105540279130e+000	  2.9388007239192770e+000	  2.8857949684168993e+000	  2.8633788739653721e+000	  2.8520961953415469e+000	  2.8458103627757581e+000	  2.8396286569754015e+000	
  4.2434549899732499e+000	  4.2353374866743732e+000	  4.9071532435507326e+000	  4.9107026818704380e+000	  4.9081390374090539e+000	  4.7842315459667439e+000	  2.9995755056184681e+000	  2.8182798745557402e+000	  2.7683186088005574e+000	  2.7468425912071659e+000	  2.7359322017472820e+000	  2.7298232699168867e+000	  2.7237869585663432e+000	
  4.1587885464724472e+000	  4.1487862486997429e+000	  4.9086654962084975e+000	  4.8863129068350553e+000	  4.8832081884866430e+000	  4.7863228978417549e+000	  2.8661793101341093e+000	  2.6999527402218337e+000	  2.6526722259985203e+000	  2.6320613227757139e+000	  2.6215314648327936e+000	  2.6156142306683616e+000	  2.6097458938305618e+000	
  4.0725981000755418e+000	  4.0604687897904945e+000	  4.9097846914532006e+000	  4.8609556790115693e+000	  4.8572044317602980e+000	  4.7866786812893469e+000	  2.7363757950575884e+000	  2.5839970502234966e+000	  2.5392805882262781e+000	  2.5196041376907008e+000	  2.5095115824442793e+000	  2.5038225802116454e+000	  2.4981623565774047e+000	
  3.9850443901545685e+000	  3.9705454480489788e+000	  4.9098747949827271e+000	  4.8346566752457409e+000	  4.8301363828942012e+000	  4.7863259883407228e+000	  2.6099463357374120e+000	  2.4699179169236363e+000	  2.4273846033802116e+000	  2.4083978034061815e+000	  2.3985563715953617e+000	  2.3929666282596074e+000	  2.3873743410738335e+000	
  3.8027430683948982e+000	  3.7826538391638742e+000	  4.9097080578561769e+000	  4.7781549877790042e+000	  4.7716023872121927e+000	  4.7851205228415239e+000	  2.3622546142660905e+000	  2.2436059166277555e+000	  2.2052156035825554e+000	  2.1877565851209368e+000	  2.1786269280048565e+000	  2.1734175626879626e+000	  2.1681815481129352e+000	
  3.6528506577069297e+000	  3.6275261459015606e+000	  4.9093610363031281e+000	  4.7299526197841502e+000	  4.7212057929586493e+000	  4.7849684132854620e+000	  2.1691864675013051e+000	  2.0634953864417938e+000	  2.0274894348351058e+000	  2.0107685979040557e+000	  2.0019059892850688e+000	  1.9967928738016116e+000	  1.9915933040495215e+000	
  3.5009221045998462e+000	  3.4697706284030350e+000	  4.9092266613348645e+000	  4.6794830114966768e+000	  4.6679411017818140e+000	  4.7851438319803652e+000	  1.9833784975258340e+000	  1.8889708142582062e+000	  1.8556909969271729e+000	  1.8400914898217824e+000	  1.8317909348228856e+000	  1.8269956304308721e+000	  1.8221221677596766e+000	
  3.3474455215771748e+000	  3.3099513423082705e+000	  4.9092383348579016e+000	  4.6268363144570390e+000	  4.6117956316733544e+000	  4.7852872799929447e+000	  1.8043917807739618e+000	  1.7190058392630991e+000	  1.6875687179143117e+000	  1.6725064074434304e+000	  1.6643850218853729e+000	  1.6596528771399832e+000	  1.6548024398654881e+000	
  3.2348941133397702e+000	  3.1924974102186532e+000	  4.9092631527696273e+000	  4.5871620492077270e+000	  4.5690657558641323e+000	  4.7852966564139177e+000	  1.6765713773829738e+000	  1.5960281718929714e+000	  1.5654479393021337e+000	  1.5506990158193901e+000	  1.5427409366006728e+000	  1.5381002466934302e+000	  1.5333361130793755e+000	
  3.1218336008675962e+000	  3.0743260952665885e+000	  4.9092717952445852e+000	  4.5463918871522235e+000	  4.5247611295711199e+000	  4.7852820083962300e+000	  1.5510042359365706e+000	  1.4748999134057694e+000	  1.4456251959411581e+000	  1.4315287742894256e+000	  1.4239193909106884e+000	  1.4194746444917694e+000	  1.4148996101568390e+000	
  3.0084146718791782e+000	  2.9556187978241333e+000	  4.9092703894644263e+000	  4.5045549908173665e+000	  4.4788615542734611e+000	  4.7852727059565225e+000	  1.4276819600240742e+000	  1.3558034308887024e+000	  1.3278300956520717e+000	  1.3142248697461945e+000	  1.3068115344809783e+000	  1.3024557584959684e+000	  1.2979547078202369e+000	
  2.8947315376897098e+000	  2.8364905698732290e+000	  4.9092676584585604e+000	  4.4616691313450474e+000	  4.4313289058242056e+000	  4.7852722107362133e+000	  1.3060973417844401e+000	  1.2379256884822443e+000	  1.2108898245108968e+000	  1.1975704894480188e+000	  1.1902651184168000e+000	  1.1859534002525152e+000	  1.1814750744612024e+000	
  2.7808656268997201e+000	  2.7170388976875959e+000	  4.9092666425984977e+000	  4.4177493796371259e+000	  4.3821174915987804e+000	  4.7852744737877373e+000	  1.1859955487825147e+000	  1.1210849508032084e+000	  1.0949380996694291e+000	  1.0819984421359674e+000	  1.0748910884239571e+000	  1.0706918091643036e+000	  1.0663230211858110e+000	
  2.5229184210584510e+000	  2.4460211227181894e+000	  4.9092644302970445e+000	  4.3145956703061206e+000	  4.2642486802584312e+000	  4.7852855464138866e+000	  9.2002292901827154e-001	  8.6177846742008235e-001	  8.3770118080406242e-001	  8.2567396127886106e-001	  8.1901909799420025e-001	  8.1506259352193133e-001	  8.1092730844201100e-001	
  2.4454439386432103e+000	  2.3645155780789295e+000	  4.9092649345598982e+000	  4.2826272992328995e+000	  4.2270136668876024e+000	  4.7852846432738794e+000	  8.3960340263855571e-001	  7.8224371323365460e-001	  7.5789142133819709e-001	  7.4536663585100804e-001	  7.3824905231489879e-001	  7.3392718184583927e-001	  7.2930775508628365e-001	
  2.3679804166418794e+000	  2.2829959565646707e+000	  4.9092651349140759e+000	  4.2501980010520857e+000	  4.1888889904246884e+000	  4.7852839386504087e+000	  7.6066711204547666e-001	  7.0507106831274591e-001	  6.8163592876624435e-001	  6.6990424932900083e-001	  6.6350084442645674e-001	  6.5977501107705727e-001	  6.5599228164581191e-001	
  2.2907215037051287e+000	  2.2017016234232578e+000	  4.9092651267432785e+000	  4.2173477857163633e+000	  4.1499043320007978e+000	  4.7852837946156246e+000	  6.8489571772323288e-001	  6.3207508365747955e-001	  6.1017956767450698e-001	  5.9936959461248662e-001	  5.9344780927927943e-001	  5.8993114704719574e-001	  5.8622462955781884e-001	
  2.2310102231350992e+000	  2.1389721562354858e+000	  4.9092650908184599e+000	  4.1912436219717630e+000	  4.1186579942067425e+000	  4.7852839001314429e+000	  6.4578645400836798e-001	  6.0703708950704538e-001	  5.9759177444740352e-001	  5.9711044271759661e-001	  5.9923536840300606e-001	  6.0177718138998415e-001	  6.0592563982253544e-001	
  2.1815996854537278e+000	  2.0872444683242009e+000	  4.9092650764690493e+000	  4.1687076474752338e+000	  4.0914892491339394e+000	  4.7852839584774376e+000	  6.4232981667067257e-001	  6.2704258787382727e-001	  6.3439767916340095e-001	  6.4433228609717119e-001	  6.5219151365125683e-001	  6.5761990285895244e-001	  6.6363837123040170e-001	
  2.1352441588879945e+000	  2.0389135966665251e+000	  4.9092650725193199e+000	  4.1465939963578613e+000	  4.0806158897011002e+000	  4.7852839781101775e+000	  6.6071845789017480e-001	  6.6776052812334008e-001	  6.8510026924828438e-001	  6.9741061448991282e-001	  7.0446454827211014e-001	  7.0831825639094959e-001	  7.1176350360135920e-001	
  2.0915835012640382e+000	  1.9935843847278534e+000	  4.9092650719892994e+000	  4.1248449944977228e+000	  4.0778957079363742e+000	  4.7852839819135795e+000	  6.8902622719879680e-001	  7.0991370289963385e-001	  7.2831177869736585e-001	  7.3770252822757953e-001	  7.4204424284540771e-001	  7.4421157488058221e-001	  7.4625336375611084e-001	
  2.0502886398365838e+000	  1.9508960726151159e+000	  4.9092650721256348e+000	  4.1034079086594843e+000	  4.0776264045705446e+000	  4.4490155984977520e+000	  7.1973604178277029e-001	  7.4625224747904007e-001	  7.6168300117585019e-001	  7.6824961743393594e-001	  7.7135877915490703e-001	  7.7316751545453144e-001	  7.7516538288202597e-001	
  1.9947341096255844e+000	  1.8937821932321075e+000	  4.9092650722630804e+000	  4.0731309242487690e+000	  4.0776718219512897e+000	  3.7693630497297459e+000	  7.6235546354874728e-001	  7.8990751745022791e-001	  8.0175640724711172e-001	  8.0694389495628016e-001	  8.0987162493095788e-001	  8.1171605211216580e-001	  8.1371686131870291e-001	
  1.9432462422175334e+000	  1.8412309690039041e+000	  4.9092650723407960e+000	  4.0433928775640560e+000	  4.0778116038051593e+000	  3.0826628416529278e+000	  8.0202389568273524e-001	  8.2726629182694467e-001	  8.3722571599786910e-001	  8.4218216692910630e-001	  8.4506089932467887e-001	  8.4679518591457281e-001	  8.4859588735253233e-001	
  1.8954939462558773e+000	  1.7928788833054821e+000	  4.9092650723716602e+000	  4.0141581933992310e+000	  4.0778773108958166e+000	  2.5148474523246644e+000	  8.3823881690858748e-001	  8.6078805333911212e-001	  8.6984532825296057e-001	  8.7451990538722768e-001	  8.7713132961031448e-001	  8.7867180335621242e-001	  8.8027944619462062e-001	
  1.8511793993756243e+000	  1.7483936160453961e+000	  4.9092650723834286e+000	  3.9853963768223810e+000	  4.0778961955640902e+000	  2.0835800772291968e+000	  8.7112487276486128e-001	  8.9134680083136075e-001	  8.9968269005358259e-001	  9.0391122491340070e-001	  9.0623682459112231e-001	  9.0761961276597525e-001	  9.0907646329685399e-001	
  1.7769487000607320e+000	  1.6748246418278878e+000	  4.9092650724220643e+000	  3.9331431844846776e+000	  4.0779089635161192e+000	  1.5561245938839896e+000	  9.2470591583393436e-001	  9.4139338637244663e-001	  9.4838688244069935e-001	  9.5188976775784084e-001	  9.5383352889499839e-001	  9.5499939882004448e-001	  9.5623032591385382e-001	
  1.7121810397648929e+000	  1.6118430388605276e+000	  4.9092650724633646e+000	  3.8822912024074618e+000	  4.0779082447834902e+000	  1.3012965123662124e+000	  9.6960483273167419e-001	  9.8355348387380026e-001	  9.8941839800770204e-001	  9.9236638078359363e-001	  9.9401575882640536e-001	  9.9500408386288264e-001	  9.9604492578619919e-001	
  1.6556292232923209e+000	  1.5579801331542242e+000	  4.9092650724973375e+000	  3.8327305259542310e+000	  4.0779066891312166e+000	  1.1897865551797615e+000	  1.0075670555824701e+000	  1.0194173548141450e+000	  1.0244387783573394e+000	  1.0269890206737742e+000	  1.0284183520892221e+000	  1.0292752847846920e+000	  1.0301795808378422e+000	
  1.6062178514939518e+000	  1.5119513683696795e+000	  4.7548082483648280e+000	  3.7843740013756566e+000	  4.0779062610076799e+000	  1.1409714211940702e+000	  1.0401093569842867e+000	  1.0503691353105360e+000	  1.0547624690866453e+000	  1.0570034815478024e+000	  1.0582581849629680e+000	  1.0590101504843741e+000	  1.0598030335680075e+000	
  1.5323144368180053e+000	  1.4451938270068077e+000	  4.3672661645115518e+000	  3.7004850503878917e+000	  3.9927134102164530e+000	  1.0941740015453227e+000	  1.0889092903632047e+000	  1.0971219159729984e+000	  1.1006854350932294e+000	  1.1025066121703730e+000	  1.1035262252938605e+000	  1.1041371502060748e+000	  1.1047811934834506e+000	
  1.4745914808496074e+000	  1.3954725781391009e+000	  3.9348447827181054e+000	  3.6200187854673604e+000	  3.8643939326725718e+000	  1.1185145361094495e+000	  1.1285949322801248e+000	  1.1356464154690382e+000	  1.1387473415092053e+000	  1.1403394883484630e+000	  1.1412331485400884e+000	  1.1417687835968415e+000	  1.1423327218214041e+000	
  1.4299451357957516e+000	  1.3590843488049398e+000	  3.5323970316680775e+000	  3.5428058409503471e+000	  3.7245405306054469e+000	  1.1505272867717853e+000	  1.1622692609378760e+000	  1.1686010606712927e+000	  1.1713799838044547e+000	  1.1727979029358959e+000	  1.1735885843631166e+000	  1.1740599848002464e+000	  1.1745540071386174e+000	
  1.3959320409173692e+000	  1.3331697211409477e+000	  3.1796638019030432e+000	  3.4687278948801747e+000	  3.5856616926064344e+000	  1.1790565673737152e+000	  1.1920764404447226e+000	  1.1979918363651532e+000	  1.2005891358275456e+000	  1.2019151014719398e+000	  1.2026550203532160e+000	  1.2030964187537130e+000	  1.2035592125683170e+000	
  1.3544194823285061e+000	  1.3052292976061253e+000	  2.6560048188328800e+000	  3.3410164104210605e+000	  3.3446112169197573e+000	  1.2263182420497731e+000	  1.2412285485776664e+000	  1.2468638935909659e+000	  1.2493339579771057e+000	  1.2505888890381733e+000	  1.2512850979338186e+000	  1.2516980055836679e+000	  1.2521281827484465e+000	
  1.3346181718083550e+000	  1.2970178391820131e+000	  2.2830802558229113e+000	  3.2231249568124287e+000	  3.1245573383003045e+000	  1.2701013867935096e+000	  1.2865044685315130e+000	  1.2923831100675187e+000	  1.2949447037302608e+000	  1.2962361177817350e+000	  1.2969474146153903e+000	  1.2973668251798909e+000	  1.2978008019872700e+000	
  1.3306811722282319e+000	  1.3025298403068764e+000	  2.0295693057261754e+000	  3.1145994929822063e+000	  2.9291412245351367e+000	  1.3118211820091208e+000	  1.3295719787189686e+000	  1.3357234851079092e+000	  1.3383207594126478e+000	  1.3395995855527421e+000	  1.3402927477113025e+000	  1.3406968485489834e+000	  1.3411113702401778e+000	
  1.3383757183733636e+000	  1.3176845167712781e+000	  1.8621127645868096e+000	  3.0149494967888213e+000	  2.7595448692985247e+000	  1.3522579402518442e+000	  1.3716358076658608e+000	  1.3781962406747006e+000	  1.3809312393067152e+000	  1.3822753870835758e+000	  1.3830047541580903e+000	  1.3834303998931929e+000	  1.3838671239563283e+000	
  1.3589314812028075e+000	  1.3450824430185637e+000	  1.7350334165422421e+000	  2.9048485359182141e+000	  2.5864792630303501e+000	  1.4003352451661399e+000	  1.4222364199176774e+000	  1.4294617784089692e+000	  1.4324185373744136e+000	  1.4338477110487080e+000	  1.4346108785803224e+000	  1.4350501187516684e+000	  1.4354940640821656e+000	
  1.3885891484550772e+000	  1.3796042281009058e+000	  1.6642030441553768e+000	  2.8062139195474955e+000	  2.4469465752892106e+000	  1.4474876329180209e+000	  1.4725068325109891e+000	  1.4805096074166357e+000	  1.4836898231724849e+000	  1.4851928643482282e+000	  1.4859835863834103e+000	  1.4864345097931331e+000	  1.4868866769448541e+000	
  1.4245915136923415e+000	  1.4189811525269214e+000	  1.6283585662104638e+000	  2.7181337398893834e+000	  2.3360195441319842e+000	  1.4938472003678260e+000	  1.5223863617399580e+000	  1.5311273685751914e+000	  1.5344755185020542e+000	  1.5360246065547756e+000	  1.5368299612052994e+000	  1.5372856744790830e+000	  1.5377399378528889e+000	
  1.4649923855079017e+000	  1.4616746540443426e+000	  1.6142163570602719e+000	  2.6397575566090570e+000	  2.2486063625835051e+000	  1.5395928913890522e+000	  1.5719857167451057e+000	  1.5814608774049610e+000	  1.5850069245582077e+000	  1.5866337760575000e+000	  1.5874751130939835e+000	  1.5879489560730597e+000	  1.5884183058216816e+000	
  1.5107102704672304e+000	  1.5089824115788186e+000	  1.6141455628007062e+000	  2.5669463171615892e+000	  2.1771585416117123e+000	  1.5866709493612685e+000	  1.6238098513079446e+000	  1.6341295145736456e+000	  1.6379013607359383e+000	  1.6396031204422012e+000	  1.6404714203952508e+000	  1.6409554399474668e+000	  1.6414300838671902e+000	
  1.5586815457679926e+000	  1.5579580927602699e+000	  1.6240172248354057e+000	  2.5032130550732834e+000	  2.1226252003636592e+000	  1.6320317381441907e+000	  1.6752738274108392e+000	  1.6865017219003242e+000	  1.6904948686442545e+000	  1.6922666987284618e+000	  1.6931626910341446e+000	  1.6936597213530469e+000	  1.6941455970549413e+000	
  1.6081181676375067e+000	  1.6080058807308450e+000	  1.6404817211237432e+000	  2.4478293853431587e+000	  2.0816284923235173e+000	  1.6756533948740771e+000	  1.7264197267941039e+000	  1.7385586747180604e+000	  1.7427536629568419e+000	  1.7445893979686211e+000	  1.7455108359851756e+000	  1.7460194549088204e+000	  1.7465146144224342e+000	
  1.6584721161043703e+000	  1.6587129791267863e+000	  1.6614387809890108e+000	  2.4001343012418630e+000	  2.0515342781872725e+000	  1.7178871093936898e+000	  1.7772912133946495e+000	  1.7903276772917032e+000	  1.7947197096428447e+000	  1.7966189725384663e+000	  1.7975648898040930e+000	  1.7980840592564107e+000	  1.7985867654233267e+000	
  1.7391371214632301e+000	  1.7396101399782538e+000	  1.7008696672420331e+000	  2.3390473714202109e+000	  2.0216709179432524e+000	  1.7827780431225460e+000	  1.8571766491126684e+000	  1.8715950142322857e+000	  1.8762812388528616e+000	  1.8782620648878368e+000	  1.8792320189260359e+000	  1.8797578036564566e+000	  1.8802605551209162e+000	
  1.8202025855422743e+000	  1.8207185482177479e+000	  1.7452355921760976e+000	  2.2936177542609570e+000	  2.0083832206549967e+000	  1.8455195831137416e+000	  1.9363072185343277e+000	  1.9521451463031525e+000	  1.9571152974098283e+000	  1.9591799011786648e+000	  1.9601819972376866e+000	  1.9607222463380314e+000	  1.9612364830527973e+000	
  1.9010137442281305e+000	  1.9015030949620648e+000	  1.7928597584744299e+000	  2.2619297638479807e+000	  2.0076712628358528e+000	  1.9063678534316786e+000	  2.0147068780287380e+000	  2.0317294358576099e+000	  2.0368403060990747e+000	  2.0389230367021671e+000	  2.0399236668959819e+000	  2.0404595684415661e+000	  2.0409667099579032e+000	
  1.9813380337967423e+000	  1.9817769982257705e+000	  1.8429254358180991e+000	  2.2423545816658841e+000	  2.0169151655304862e+000	  1.9656982063278594e+000	  2.0923235400200912e+000	  2.1105517089006209e+000	  2.1159339908063401e+000	  2.1181226248421225e+000	  2.1191715169510683e+000	  2.1197315560541607e+000	  2.1202594257947460e+000	
  2.0610630815174336e+000	  2.0614445461484276e+000	  1.8949665672358673e+000	  2.2334782656463492e+000	  2.0342970111566494e+000	  2.0238508193997085e+000	  2.1691519860858044e+000	  2.1886702979092565e+000	  2.1942752705454982e+000	  2.1965017037468559e+000	  2.1975520435941753e+000	  2.1981074569903392e+000	  2.1986271616019071e+000	
  2.1400683070837978e+000	  2.1403958362051778e+000	  1.9486849506136217e+000	  2.2340431367922076e+000	  2.0584601700637251e+000	  2.0811532994911008e+000	  2.2453650721627749e+000	  2.2659950711556576e+000	  2.2716866832255267e+000	  2.2739153367001830e+000	  2.2749640395183235e+000	  2.2755185828340352e+000	  2.2760376794463966e+000	
  2.2571103391106906e+000	  2.2573787037010185e+000	  2.0320982363066786e+000	  2.2502322955184617e+000	  2.1052698421371030e+000	  2.1661863234374579e+000	  2.3584889886623106e+000	  2.3804186614122536e+000	  2.3862673387982092e+000	  2.3885414535584903e+000	  2.3896047128315612e+000	  2.3901635476435423e+000	  2.3906832039832793e+000	
  2.3722137126298559e+000	  2.3724516482941382e+000	  2.1184853142011129e+000	  2.2819060116145984e+000	  2.1623312923566562e+000	  2.2508100831841737e+000	  2.4702287715130389e+000	  2.4929337265331419e+000	  2.4988487318726715e+000	  2.5011213445778058e+000	  2.5021751312210849e+000	  2.5027261808738821e+000	  2.5032367874486816e+000	
  2.4853935538500238e+000	  2.4856194489579764e+000	  2.2075127302911834e+000	  2.3263087138298832e+000	  2.2276289072475919e+000	  2.3355482568725439e+000	  2.5801388878929910e+000	  2.6036097546617842e+000	  2.6096423619521580e+000	  2.6119436320242162e+000	  2.6130066902705362e+000	  2.6135610015503019e+000	  2.6140724371437329e+000	
  2.5966627618885241e+000	  2.5968869039214582e+000	  2.2988727971846590e+000	  2.3811399680726542e+000	  2.2996100067771419e+000	  2.4206852286727809e+000	  2.6882194058039932e+000	  2.7124632248998193e+000	  2.7185320392331125e+000	  2.7208154381630489e+000	  2.7218624356464272e+000	  2.7224062360005075e+000	  2.7229072809524801e+000	
  2.7059633244290726e+000	  2.7061966630999024e+000	  2.3922790442876263e+000	  2.4444492105477611e+000	  2.3769906816812902e+000	  2.5064201471178826e+000	  2.7948144250782292e+000	  2.8193830842881962e+000	  2.8253759539631496e+000	  2.8276248717951091e+000	  2.8286573998395070e+000	  2.8291942885469989e+000	  2.8296896909842939e+000	
  2.8537750539352480e+000	  2.8540368955292106e+000	  2.5239687071010319e+000	  2.5424557345290477e+000	  2.4905062633717723e+000	  2.6258089957362785e+000	  2.9392327359378800e+000	  2.9639319634968686e+000	  2.9699188229019846e+000	  2.9721662352433231e+000	  2.9731956697207629e+000	  2.9737291172680091e+000	  2.9742184310372899e+000	
  2.9978066399818371e+000	  2.9981132009104794e+000	  2.6583000471616103e+000	  2.6500675266669660e+000	  2.6099573743361137e+000	  2.7467521463147015e+000	  3.0804904491341656e+000	  3.1048533762749742e+000	  3.1107156728615859e+000	  3.1129063968500237e+000	  3.1139082120492656e+000	  3.1144273292431635e+000	  3.1149043522722408e+000	
  3.1380420420330513e+000	  3.1384020157543269e+000	  2.7945032489486987e+000	  2.7645251080803401e+000	  2.7334667523755130e+000	  2.8690954429992921e+000	  3.2181644889808236e+000	  3.2420268428505761e+000	  3.2477459779984841e+000	  3.2498826526181634e+000	  3.2508601574621210e+000	  3.2513667472553465e+000	  3.2518323959540574e+000	
  3.2745217635425927e+000	  3.2749349823117946e+000	  2.9317552887699883e+000	  2.8835685893169316e+000	  2.8594574940075113e+000	  2.9924293483660769e+000	  3.3524459455758215e+000	  3.3757266372826944e+000	  3.3812496063572173e+000	  3.3832962603634886e+000	  3.3842248617188542e+000	  3.3847024712656548e+000	  3.3851361442400751e+000	
  3.4318412758349570e+000	  3.4323381388527974e+000	  3.0952182496504221e+000	  3.0285270382250928e+000	  3.0106651754011615e+000	  3.1395394140383281e+000	  3.5068194494931593e+000	  3.5292160111193294e+000	  3.5345508702357975e+000	  3.5365479157190016e+000	  3.5374653237791875e+000	  3.5379432130668853e+000	  3.5383866546656595e+000	
  3.5837194175389886e+000	  3.5842935149754673e+000	  3.2578780850491817e+000	  3.1750797486587157e+000	  3.1618164103153212e+000	  3.2864205413205561e+000	  3.6562173064564885e+000	  3.6777080707317555e+000	  3.6828386156122495e+000	  3.6847532299086883e+000	  3.6856267197509229e+000	  3.6860778364415925e+000	  3.6864899711164245e+000	
  3.7301202866035776e+000	  3.7307603897003272e+000	  3.4185491174063554e+000	  3.3214289972169908e+000	  3.3115619635537552e+000	  3.4321372661294536e+000	  3.8003521634919490e+000	  3.8207480520076054e+000	  3.8255903316000150e+000	  3.8273900833158958e+000	  3.8282093963446506e+000	  3.8286321783282951e+000	  3.8290182193658762e+000	
  3.8709679331208058e+000	  3.8716768859161643e+000	  3.5761915312331194e+000	  3.4661915758229522e+000	  3.4588415203697931e+000	  3.5757520615127270e+000	  3.9386965900489734e+000	  3.9580202510813844e+000	  3.9626343738237146e+000	  3.9643594112548364e+000	  3.9651490627443664e+000	  3.9655587172204854e+000	  3.9659359536339256e+000	
  3.8827501962281907e+000	  3.8834683515673873e+000	  3.5892883304000645e+000	  3.4782264912156524e+000	  3.4710490578580000e+000	  3.5876938565602146e+000	  3.9510418122958857e+000	  3.9715045515251735e+000	  3.9769977765458098e+000	  3.9792581237969582e+000	  3.9803474906221492e+000	  3.9809221538540385e+000	  3.9814413886027911e+000	
  3.8940652118948371e+000	  3.8947892975851328e+000	  3.6022080804265499e+000	  3.4901523989920857e+000	  3.4831486535731315e+000	  3.5995369764840746e+000	  3.9616330952105816e+000	  3.9801855262371344e+000	  3.9836730130520248e+000	  3.9844591861304401e+000	  3.9846350249865825e+000	  3.9846767260542926e+000	  3.9847156297474484e+000	
  3.9053715391659249e+000	  3.9061092357668414e+000	  3.6151703728259932e+000	  3.5020609298317407e+000	  3.4952242376486975e+000	  3.6113692619168525e+000	  3.9729018040786102e+000	  3.9911790570603678e+000	  3.9952955298052650e+000	  3.9970712557229060e+000	  3.9980706747153594e+000	  3.9986689510782547e+000	  3.9992640730770468e+000	
  3.9166415523679277e+000	  3.9173904395894965e+000	  3.6281074612618536e+000	  3.5139473116452269e+000	  3.5072727511744617e+000	  3.6231714765870837e+000	  3.9841023286206756e+000	  4.0022442731371122e+000	  4.0066052623832782e+000	  4.0083256646119558e+000	  4.0090664200849169e+000	  4.0093989080598469e+000	  4.0096416312671579e+000	
  3.9347338155026890e+000	  3.9354935840358873e+000	  3.6488412627799782e+000	  3.5330276847993503e+000	  3.5266077610414115e+000	  3.6421375270236922e+000	  4.0019032730782556e+000	  4.0198019261243889e+000	  4.0241770581810332e+000	  4.0258299853053181e+000	  4.0265882492231952e+000	  4.0269959759904328e+000	  4.0274016068864160e+000	
  3.9527766439322320e+000	  3.9535452186203468e+000	  3.6694926847649079e+000	  3.5520600905001309e+000	  3.5458854524217376e+000	  3.6610552334304103e+000	  4.0195302578336367e+000	  4.0374197269128498e+000	  4.0418660689298669e+000	  4.0435613382385771e+000	  4.0443587599137132e+000	  4.0447827995298002e+000	  4.0451832147827549e+000	
  3.9707841841445379e+000	  3.9715603031398317e+000	  3.6900732587212826e+000	  3.5710474406147608e+000	  3.5651080809542268e+000	  3.6799194708754257e+000	  4.0371833858903194e+000	  4.0553058649721585e+000	  4.0598546948888981e+000	  4.0615713075522475e+000	  4.0623557588277404e+000	  4.0627597204869748e+000	  4.0631280495571076e+000	
  3.9887111567751266e+000	  3.9894915642741946e+000	  3.7105550619096483e+000	  3.5899802710477324e+000	  3.5842669678303185e+000	  3.6987134065138427e+000	  4.0546619511032667e+000	  4.0728704496317825e+000	  4.0773381668259834e+000	  4.0789858864003214e+000	  4.0797311415685655e+000	  4.0801157746372940e+000	  4.0804697965259873e+000	
  4.0176110468015391e+000	  4.0183943725173865e+000	  3.7435922630155716e+000	  3.6206048245477351e+000	  3.6152407078966498e+000	  3.7290746775495709e+000	  4.0826861061191710e+000	  4.1008925414058872e+000	  4.1052973353374878e+000	  4.1069416312338181e+000	  4.1076978851855017e+000	  4.1080924077860903e+000	  4.1084585110964245e+000	
  4.0462234997113988e+000	  4.0470045778560060e+000	  3.7762996230017443e+000	  3.6510601746002624e+000	  3.6460234878334941e+000	  3.7592026926278610e+000	  4.1103375717861379e+000	  4.1284555427030245e+000	  4.1328571590995011e+000	  4.1345264350041155e+000	  4.1353012918119436e+000	  4.1357063616249690e+000	  4.1360854566274696e+000	
  4.0745470461611699e+000	  4.0753307581915532e+000	  3.8087181312660423e+000	  3.6813389607646130e+000	  3.6766092204281176e+000	  3.7890884494151678e+000	  4.1376129857657595e+000	  4.1556768054769044e+000	  4.1601114698148756e+000	  4.1618070282085640e+000	  4.1626008780915047e+000	  4.1630218508470485e+000	  4.1634258719505102e+000	
  4.1026111271664778e+000	  4.1034035004157143e+000	  3.8408964327121264e+000	  3.7114409140963645e+000	  3.7069989712141815e+000	  3.8187531890485626e+000	  4.1647942352114331e+000	  4.1829255327268111e+000	  4.1873930817037941e+000	  4.1890991408832789e+000	  4.1898983797474809e+000	  4.1903234065301387e+000	  4.1907314986369126e+000	
  4.1556093637336033e+000	  4.1564155503586164e+000	  3.9018103241053037e+000	  3.7685608294684148e+000	  3.7646228084566857e+000	  3.8750155806950293e+000	  4.2169703400991576e+000	  4.2349462616118050e+000	  4.2392369107637773e+000	  4.2408284838797439e+000	  4.2415511886013668e+000	  4.2419230795340823e+000	  4.2422612830921302e+000	
  4.2076686417997777e+000	  4.2084893643381527e+000	  3.9618066271851493e+000	  3.8249822089810870e+000	  3.8214909290397170e+000	  3.9305662193382940e+000	  4.2685777125683888e+000	  4.2859068209137874e+000	  4.2899706908900992e+000	  4.2914758897203420e+000	  4.2921592578535339e+000	  4.2925104535058711e+000	  4.2928283142116275e+000	
  4.2587032956202808e+000	  4.2595492019334991e+000	  4.0208413175484292e+000	  3.8806552387138371e+000	  3.8775600753073736e+000	  3.9853457251362023e+000	  4.3185488599317701e+000	  4.3350924584286687e+000	  4.3390554646109969e+000	  4.3405588339018308e+000	  4.3412576579511253e+000	  4.3416260325215283e+000	  4.3419739229666465e+000	
  4.3088226500989091e+000	  4.3096882644635404e+000	  4.0789585917280213e+000	  3.9355755664658432e+000	  3.9328313557325245e+000	  4.0394211075260866e+000	  4.3679675039434152e+000	  4.3841682617038469e+000	  4.3880874285067151e+000	  4.3895497005315143e+000	  4.3902117699563536e+000	  4.3905500966519018e+000	  4.3908529986389500e+000	
  4.3936391491539162e+000	  4.3945302721644097e+000	  4.1773829355176151e+000	  4.0294153288638057e+000	  4.0271681563277539e+000	  4.1318174912294836e+000	  4.4512157534732921e+000	  4.4665447027960603e+000	  4.4701949637440119e+000	  4.4715441103244657e+000	  4.4721520393478098e+000	  4.4724612862179214e+000	  4.4727358500924463e+000	
  4.4753572922793250e+000	  4.4762800818924919e+000	  4.2727000384426006e+000	  4.1206018894341945e+000	  4.1187617676465837e+000	  4.2217266914486018e+000	  4.5314271427656649e+000	  4.5458069821506797e+000	  4.5492400955968737e+000	  4.5505099349618661e+000	  4.5510809111155570e+000	  4.5513698055663632e+000	  4.5516237047256158e+000	
  4.5324530294512666e+000	  4.5333990963205562e+000	  4.3395618724402230e+000	  4.1847334429021554e+000	  4.1831422402980323e+000	  4.2849271973037784e+000	  4.5865733602232783e+000	  4.6005225735827882e+000	  4.6039606838481628e+000	  4.6052729197159081e+000	  4.6058839802483043e+000	  4.6062065859635570e+000	  4.6065110501440909e+000	
  4.5880564013798253e+000	  4.5889951220077219e+000	  4.4045825933367588e+000	  4.2474594099595198e+000	  4.2460833831072797e+000	  4.3467788897384452e+000	  4.6411096526333129e+000	  4.6546920616215015e+000	  4.6579945331466366e+000	  4.6592276429306967e+000	  4.6597878377181434e+000	  4.6600756828887313e+000	  4.6603356231340598e+000	
  4.6421311122506470e+000	  4.6430575422433673e+000	  4.4677500140455351e+000	  4.3087640680006256e+000	  4.3075748534719960e+000	  4.4072249956736975e+000	  4.6942534502676381e+000	  4.7071826262019556e+000	  4.7102827802836256e+000	  4.7114317633563108e+000	  4.7119507817350303e+000	  4.7122154383061332e+000	  4.7124514525589412e+000	
  4.7069104475654377e+000	  4.7078470356096691e+000	  4.5434006913378511e+000	  4.3827266583260638e+000	  4.3817329131670135e+000	  4.4800326368612531e+000	  4.7571292079204852e+000	  4.7694060884642120e+000	  4.7724093698193748e+000	  4.7735442853282795e+000	  4.7740672331406664e+000	  4.7743398717494667e+000	  4.7745920577262346e+000	
  4.7693479597983313e+000	  4.7702856017068918e+000	  4.6162470839932190e+000	  4.4544491989439994e+000	  4.4536196953559593e+000	  4.5506125511054485e+000	  4.8180013348078088e+000	  4.8297501286205247e+000	  4.8326233128430651e+000	  4.8336994938094069e+000	  4.8341889183776132e+000	  4.8344399592710197e+000	  4.8346656179338865e+000	
  4.8294156247241649e+000	  4.8303501968312013e+000	  4.6862153807756268e+000	  4.5238996333052395e+000	  4.5232074101202446e+000	  4.6188667488338275e+000	  4.8762246218527761e+000	  4.8874400858009981e+000	  4.8902100142491634e+000	  4.8912598320840495e+000	  4.8917439463014301e+000	  4.8919965846851987e+000	  4.8922301407219315e+000	
  4.9183105593462173e+000	  4.9192249658804865e+000	  4.7894488167301574e+000	  4.6276519638894786e+000	  4.6271351466136146e+000	  4.7209529755696256e+000	  4.9636221916520284e+000	  4.9736472709156487e+000	  4.9760158029392709e+000	  4.9768603802349265e+000	  4.9772203391496017e+000	  4.9773891846325302e+000	  4.9775161548493152e+000	
  5.0014046816353463e+000	  5.0023265872036760e+000	  4.8858648987679665e+000	  4.7257613769149387e+000	  4.7253776960580751e+000	  4.8170986510822633e+000	  5.0430806772991943e+000	  5.0524112862933013e+000	  5.0547511174996451e+000	  5.0556486292938629e+000	  5.0560666397385656e+000	  5.0562874410946534e+000	  5.0564944244269050e+000	
  5.0789299419682354e+000	  5.0797913161546582e+000	  4.9751663834183280e+000	  4.8182521412962753e+000	  4.8179761975941648e+000	  4.9077073701739860e+000	  5.1185986175126263e+000	  5.1270459400327706e+000	  5.1291054379594136e+000	  5.1298630211586982e+000	  5.1301986496186114e+000	  5.1303651053231647e+000	  5.1305050450081158e+000	
  5.0847407488878726e+000	  5.0855989767704113e+000	  4.9817855049598680e+000	  4.8250526025812590e+000	  4.8247834696379943e+000	  4.9143961241722156e+000	  5.1247808062464539e+000	  5.1337029991096461e+000	  5.1360718851438669e+000	  5.1369920894788201e+000	  5.1374061611977329e+000	  5.1376076927098779e+000	  5.1377651544231018e+000	
  5.0902286424232557e+000	  5.0910781779731629e+000	  4.9881579686539279e+000	  4.8317553360808230e+000	  4.8314938331335266e+000	  4.9209268987557842e+000	  5.1290990014083437e+000	  5.1367918197535722e+000	  5.1383675978073917e+000	  5.1388745386480306e+000	  5.1391063248564794e+000	  5.1392438366186788e+000	  5.1394135372506700e+000	
  5.0957629713412889e+000	  5.0966094953326380e+000	  4.9945722101429890e+000	  4.8384401462171489e+000	  4.8381859969701679e+000	  4.9274704105315426e+000	  5.1343355747737185e+000	  5.1422443358832837e+000	  5.1443052408801648e+000	  5.1451984567321141e+000	  5.1456581485456176e+000	  5.1459137132741084e+000	  5.1461575588713782e+000	
  5.1043921495785849e+000	  5.1052336878421034e+000	  5.0045345292355492e+000	  4.8487961190388784e+000	  4.8485523288002152e+000	  4.9376196815793527e+000	  5.1429775944247247e+000	  5.1512265620354825e+000	  5.1534059337881022e+000	  5.1542358055836068e+000	  5.1545968549546739e+000	  5.1547697003273552e+000	  5.1549060391928858e+000	
  5.1129469753001811e+000	  5.1137962616192301e+000	  5.0144511222443011e+000	  4.8590776525165857e+000	  4.8588431592946346e+000	  4.9476460594946037e+000	  5.1507318239765176e+000	  5.1588701668268122e+000	  5.1609460654693518e+000	  5.1617496409492869e+000	  5.1621425268053578e+000	  5.1623652791030761e+000	  5.1625997122877187e+000	
  5.1214456866510716e+000	  5.1222936467241187e+000	  5.0242625344127934e+000	  4.8692885302523692e+000	  4.8690641105180177e+000	  4.9576234738479830e+000	  5.1589009450834222e+000	  5.1671755961575361e+000	  5.1693266478347599e+000	  5.1701790828821981e+000	  5.1705857334336525e+000	  5.1708041067413113e+000	  5.1710111324354546e+000	
  5.1405298754174655e+000	  5.1413431339464299e+000	  5.0460712292352827e+000	  4.8922968200961758e+000	  4.8920941466528145e+000	  4.9801082759679538e+000	  5.1777793625233937e+000	  5.1857967953385931e+000	  5.1877764176502250e+000	  5.1885085665841491e+000	  5.1888355870575165e+000	  5.1889998612981714e+000	  5.1891428884460744e+000	
  5.1592006222536124e+000	  5.1599858297923795e+000	  5.0673342278377831e+000	  4.9149139196666969e+000	  4.9147313626334288e+000	  5.0021394964143706e+000	  5.1956799249550656e+000	  5.2033459688674011e+000	  5.2052562519564471e+000	  5.2059860056319351e+000	  5.2063267068562791e+000	  5.2065063965969216e+000	  5.2066755968593892e+000	
  5.1774770780548263e+000	  5.1782411881480250e+000	  5.0881027250222477e+000	  4.9371397855304533e+000	  4.9369759494892751e+000	  5.0237351706423627e+000	  5.2131493450766619e+000	  5.2206552977505094e+000	  5.2225586517153921e+000	  5.2232905513236449e+000	  5.2236318912000090e+000	  5.2238113907883132e+000	  5.2239793951873725e+000	
  5.2086675980838049e+000	  5.2094042727628409e+000	  5.1234812788869544e+000	  4.9752356668044673e+000	  4.9751016256618374e+000	  5.0606432091628850e+000	  5.2428915999389591e+000	  5.2502359447839098e+000	  5.2521200431965287e+000	  5.2528452588946895e+000	  5.2531816162493250e+000	  5.2533576106823521e+000	  5.2535202021697369e+000	
  5.2388303185233465e+000	  5.2395582256010709e+000	  5.1575846994005303e+000	  5.0122279130146996e+000	  5.0121176130071277e+000	  5.0962330073043294e+000	  5.2707126233109136e+000	  5.2779451367082064e+000	  5.2799379216168507e+000	  5.2807936361192187e+000	  5.2812439506622066e+000	  5.2815124256873069e+000	  5.2818118329363006e+000	
  5.2677997479153582e+000	  5.2685107541690090e+000	  5.1903229099188319e+000	  5.0480488410971081e+000	  5.0479613070879559e+000	  5.1306788202647446e+000	  5.2987665890067426e+000	  5.3058348936929622e+000	  5.3077095732834145e+000	  5.3084516123826919e+000	  5.3088067117899040e+000	  5.3089998088675650e+000	  5.3091902830788573e+000	
  5.2957195274896396e+000	  5.2964273450435417e+000	  5.2219872273591150e+000	  5.0827232149335266e+000	  5.0826595344055647e+000	  5.1639819621243088e+000	  5.3255921007986373e+000	  5.3322784829563652e+000	  5.3340311135983143e+000	  5.3347606564708716e+000	  5.3351392654059637e+000	  5.3353672216158721e+000	  5.3356242188706826e+000	
  5.3502997518506401e+000	  5.3509116164982551e+000	  5.2834341461267531e+000	  5.1512445780930172e+000	  5.1512260234745089e+000	  5.2298833944164347e+000	  5.3785808039614746e+000	  5.3842293010195608e+000	  5.3857104472028183e+000	  5.3863006018659565e+000	  5.3865890364166447e+000	  5.3867486536038900e+000	  5.3869110959294808e+000	
  5.4000308462878177e+000	  5.4005940100942951e+000	  5.3395730936729446e+000	  5.2148077652924840e+000	  5.2148318867424326e+000	  5.2908587178737143e+000	  5.4263203294582230e+000	  5.4312429945444496e+000	  5.4325148192571060e+000	  5.4330012823757823e+000	  5.4332255030964394e+000	  5.4333398455137516e+000	  5.4334421396553534e+000	
  5.4164992540988166e+000	  5.4170553021894996e+000	  5.3582029344272364e+000	  5.2362623418984455e+000	  5.2363002111230905e+000	  5.3112715458747406e+000	  5.4410166282037320e+000	  5.4456210290234619e+000	  5.4469151751390665e+000	  5.4474807665900737e+000	  5.4477812041433538e+000	  5.4479623320484727e+000	  5.4481652338285169e+000	
  5.4326065570076132e+000	  5.4331296366860737e+000	  5.3763619590898593e+000	  5.2571488796864241e+000	  5.2572021118986179e+000	  5.3313137801087596e+000	  5.4582315153286487e+000	  5.4631719527726830e+000	  5.4643559946652154e+000	  5.4647055405137035e+000	  5.4647992690550762e+000	  5.4648053298178567e+000	  5.4647452953739961e+000	
  5.4480409166819399e+000	  5.4485299383335573e+000	  5.3937273311728262e+000	  5.2774093329515104e+000	  5.2774751388673380e+000	  5.3505681584191667e+000	  5.4720138033756971e+000	  5.4759146136544867e+000	  5.4768310090009820e+000	  5.4772052985110342e+000	  5.4774076567929431e+000	  5.4775317805222379e+000	  5.4776761078594305e+000	
  5.4627854115683050e+000	  5.4632613125529250e+000	  5.4103653403914098e+000	  5.2970380308428044e+000	  5.2971158813062136e+000	  5.3690725263089156e+000	  5.4849785978861032e+000	  5.4889676629077400e+000	  5.4901556445958732e+000	  5.4906781355568146e+000	  5.4909459570635644e+000	  5.4910981207745291e+000	  5.4912556416675251e+000	
  5.4896031975668613e+000	  5.4900573095502114e+000	  5.4407091585131351e+000	  5.3330415871577497e+000	  5.3331425595641857e+000	  5.4029283713017406e+000	  5.5113903166625899e+000	  5.5153499161051389e+000	  5.5162813806184374e+000	  5.5165745819385492e+000	  5.5166699120168250e+000	  5.5166977078289214e+000	  5.5166879120736034e+000	
  5.5144706085343831e+000	  5.5148734012084866e+000	  5.4688256802617463e+000	  5.3668884423658803e+000	  5.3670109871184479e+000	  5.4345967015494434e+000	  5.5352897035096937e+000	  5.5384679784951096e+000	  5.5391566550828664e+000	  5.5393734529785021e+000	  5.5394487645437085e+000	  5.5394732371076838e+000	  5.5394720693413557e+000	
  5.5372066516266027e+000	  5.5375796868368798e+000	  5.4946707213132662e+000	  5.3985661846138733e+000	  5.3987070352063959e+000	  5.4638374687663305e+000	  5.5549891671153873e+000	  5.5578114581278371e+000	  5.5586543204968475e+000	  5.5590378996670520e+000	  5.5592458924138555e+000	  5.5593727261256110e+000	  5.5595159416776951e+000	
  5.5580672821946564e+000	  5.5583882645828808e+000	  5.5184897536091349e+000	  5.4281599839975936e+000	  5.4283220143591659e+000	  5.4911643500181739e+000	  5.5752876836054899e+000	  5.5781199249567148e+000	  5.5788063802848509e+000	  5.5790155302199995e+000	  5.5790797036219253e+000	  5.5790924522496343e+000	  5.5790733109639667e+000	
  5.5931833912061801e+000	  5.5934772230972207e+000	  5.5599815743658798e+000	  5.4809712415668788e+000	  5.4811712068014717e+000	  5.5388375553875324e+000	  5.6074972488915353e+000	  5.6094377017774644e+000	  5.6098199309524421e+000	  5.6099156896758373e+000	  5.6099331661090268e+000	  5.6099248452641248e+000	  5.6098907509212204e+000	
  5.6148090753855850e+000	  5.6150711836193690e+000	  5.5858952462624067e+000	  5.5156176023061221e+000	  5.5158378095943039e+000	  5.5689948953268065e+000	  5.6259273247003527e+000	  5.6273647891891265e+000	  5.6278115573382692e+000	  5.6280250769851214e+000	  5.6281434267331232e+000	  5.6282187216627477e+000	  5.6283053638204183e+000	
  5.6322726315620741e+000	  5.6324447373903297e+000	  5.6071722022863479e+000	  5.5455812907065916e+000	  5.5458182555214730e+000	  5.5945423161403163e+000	  5.6413298692894465e+000	  5.6426123968387198e+000	  5.6429875094012871e+000	  5.6431354751484974e+000	  5.6432036976614697e+000	  5.6432393554846083e+000	  5.6432712309251176e+000	
  5.6457083177894329e+000	  5.6458294116454866e+000	  5.6244762441486351e+000	  5.5710740761838462e+000	  5.5713232814358360e+000	  5.6154888376973577e+000	  5.6529552140076600e+000	  5.6539196280611659e+000	  5.6541211791685253e+000	  5.6541722830145691e+000	  5.6541821706910245e+000	  5.6541785879029582e+000	  5.6541622393617708e+000	
  5.6566681387066886e+000	  5.6567734466212993e+000	  5.6402135102591178e+000	  5.5961751642832347e+000	  5.5964269704409375e+000	  5.6343927715285513e+000	  5.6614560186767360e+000	  5.6616901589530144e+000	  5.6617740665514393e+000	  5.6618269800114973e+000	  5.6618607064868876e+000	  5.6618858628658675e+000	  5.6619177185450731e+000	
  5.6593018753088309e+000	  5.6593889357645644e+000	  5.6441956530302040e+000	  5.6029539710809040e+000	  5.6032070667608735e+000	  5.6393458669796726e+000	  5.6632670759964032e+000	  5.6636308812618719e+000	  5.6637497053815267e+000	  5.6637996511579303e+000	  5.6638235190542563e+000	  5.6638361834924211e+000	  5.6638479367947525e+000	
  5.6608870440619796e+000	  5.6609608171840353e+000	  5.6467855855066862e+000	  5.6075450975832108e+000	  5.6077985663156582e+000	  5.6425899911549671e+000	  5.6642469533838558e+000	  5.6645512658219932e+000	  5.6646289023911667e+000	  5.6646574534187089e+000	  5.6646703987235369e+000	  5.6646771249928562e+000	  5.6646833367870464e+000	
  5.6622616507249202e+000	  5.6623240087312343e+000	  5.6491403276432983e+000	  5.6118535150804227e+000	  5.6121066344616555e+000	  5.6455414782810021e+000	  5.6651592570120535e+000	  5.6654465935070952e+000	  5.6655255716184794e+000	  5.6655574576602863e+000	  5.6655727913432763e+000	  5.6655809981001060e+000	  5.6655887589269760e+000	
  5.6633881079544146e+000	  5.6634403403754696e+000	  5.6512534319075325e+000	  5.6158795487577517e+000	  5.6161315807066181e+000	  5.6481951053068968e+000	  5.6658006591014942e+000	  5.6660042306564407e+000	  5.6660513581201499e+000	  5.6660684301546027e+000	  5.6660761115672198e+000	  5.6660800678192125e+000	  5.6660836983351004e+000	
  5.6647370039839551e+000	  5.6647730145304998e+000	  5.6545052958190123e+000	  5.6226428157497566e+000	  5.6228903964619104e+000	  5.6522949703723402e+000	  5.6662360118799882e+000	  5.6662959479591990e+000	  5.6663042327576019e+000	  5.6663066029476461e+000	  5.6663075619369785e+000	  5.6663080314867109e+000	  5.6663084497685645e+000	
  5.6652706738762326e+000	  5.6652928744418407e+000	  5.6569468972993420e+000	  5.6284484515178868e+000	  5.6286894368910989e+000	  5.6554110438009619e+000	  5.6658945372658476e+000	  5.6658255752479736e+000	  5.6657985555408352e+000	  5.6657868223060071e+000	  5.6657810518907503e+000	  5.6657779336848346e+000	  5.6657749691026993e+000	
  5.6650041307422239e+000	  5.6650142581042839e+000	  5.6585963718103205e+000	  5.6333139860260673e+000	  5.6335462367289590e+000	  5.6575652303019197e+000	  5.6647745731965848e+000	  5.6645798192183072e+000	  5.6645172397844501e+000	  5.6644911915364471e+000	  5.6644785911472706e+000	  5.6644718311418263e+000	  5.6644654410686890e+000	
  5.6618039231823847e+000	  5.6617944486090366e+000	  5.6591710338567136e+000	  5.6397166872539373e+000	  5.6399240800939499e+000	  5.6585942541185208e+000	  5.6599973161248762e+000	  5.6595771030658604e+000	  5.6594508552552103e+000	  5.6593992551112748e+000	  5.6593744782627020e+000	  5.6593612331021781e+000	  5.6593487396070508e+000	
  5.6559166285357065e+000	  5.6558923489160584e+000	  5.6570713992749599e+000	  5.6428998443018852e+000	  5.6430740493735865e+000	  5.6563659694817137e+000	  5.6525759333252434e+000	  5.6519567011186211e+000	  5.6517771964030850e+000	  5.6517054634996899e+000	  5.6516716678218781e+000	  5.6516544935514279e+000	  5.6516375506157068e+000	
  5.6475243629547922e+000	  5.6474886956343617e+000	  5.6524614181934218e+000	  5.6430381162611010e+000	  5.6431706755770694e+000	  5.6511054845895803e+000	  5.6427765073636671e+000	  5.6419815810075935e+000	  5.6417527618599639e+000	  5.6416616593661928e+000	  5.6416189270460659e+000	  5.6415971223833239e+000	  5.6415760681547411e+000	
  5.6191589368685957e+000	  5.6191054691892006e+000	  5.6321583025460420e+000	  5.6313167866379743e+000	  5.6313269626784290e+000	  5.6280098006589174e+000	  5.6118839334500237e+000	  5.6107359999808537e+000	  5.6103980373953810e+000	  5.6102599823355526e+000	  5.6101934661090258e+000	  5.6101577364648936e+000	  5.6101238165844336e+000	
  5.6172141119383845e+000	  5.6171599842931297e+000	  5.6307794008185752e+000	  5.6304260840627229e+000	  5.6304279164203219e+000	  5.6263768221644916e+000	  5.6095484398070994e+000	  5.6082479481855962e+000	  5.6078376786563577e+000	  5.6076637859863165e+000	  5.6075784473939017e+000	  5.6075322173110287e+000	  5.6074881591854364e+000	
  5.6153518561938842e+000	  5.6152962207560719e+000	  5.6293853884903378e+000	  5.6294994868049120e+000	  5.6294930231570728e+000	  5.6247391446677675e+000	  5.6077280563819887e+000	  5.6066702991923734e+000	  5.6064204409509433e+000	  5.6063379886235332e+000	  5.6063049372434559e+000	  5.6062884223837539e+000	  5.6062733126720499e+000	
  5.6134451624845205e+000	  5.6133892634748772e+000	  5.6279535795913382e+000	  5.6285244643510257e+000	  5.6285098096910957e+000	  5.6230694718282237e+000	  5.6057233974271536e+000	  5.6046118223320729e+000	  5.6042877769313382e+000	  5.6041524876546678e+000	  5.6040869486584377e+000	  5.6040525423863841e+000	  5.6040210794887635e+000	
  5.6108694984400298e+000	  5.6108137032804262e+000	  5.6260309548301635e+000	  5.6271848702191818e+000	  5.6271592312389096e+000	  5.6208163863409322e+000	  5.6029253583964600e+000	  5.6016952210895532e+000	  5.6013190261554602e+000	  5.6011656987775549e+000	  5.6010931469314684e+000	  5.6010549142182509e+000	  5.6010192130280245e+000	
  5.6082216908308613e+000	  5.6081658253537281e+000	  5.6240504955933357e+000	  5.6257710332379141e+000	  5.6257340864480643e+000	  5.6184871995461627e+000	  5.6000835282441486e+000	  5.5988307070167220e+000	  5.5984657885981282e+000	  5.5983181662602188e+000	  5.5982464753703276e+000	  5.5982070900670866e+000	  5.5981686588888468e+000	
  5.6055159306138691e+000	  5.6054594492696008e+000	  5.6220083237805696e+000	  5.6242831975938934e+000	  5.6242346914001651e+000	  5.6160892237344662e+000	  5.5971885467802629e+000	  5.5959254025217398e+000	  5.5955560782301461e+000	  5.5954040708849906e+000	  5.5953302605695754e+000	  5.5952903736493642e+000	  5.5952523308444579e+000	
  5.6027600816395129e+000	  5.6027029929239802e+000	  5.6199082968626524e+000	  5.6227227482426034e+000	  5.6226624178090656e+000	  5.6136232081953619e+000	  5.5942470924241761e+000	  5.5929803227963149e+000	  5.5926111129784850e+000	  5.5924608772630613e+000	  5.5923887797666438e+000	  5.5923501389711916e+000	  5.5923134848587797e+000	
  5.5931704940963556e+000	  5.5931123130723570e+000	  5.6124697713406668e+000	  5.6169838539414929e+000	  5.6168822083204617e+000	  5.6048943554407593e+000	  5.5841024585681076e+000	  5.5827987190977257e+000	  5.5824141382605497e+000	  5.5822568874637213e+000	  5.5821811565330837e+000	  5.5821405509977051e+000	  5.5821021111774893e+000	
  5.5830341009979190e+000	  5.5829758945851182e+000	  5.6044315836558667e+000	  5.6104841856805532e+000	  5.6103386286430190e+000	  5.5954715628563356e+000	  5.5734523948971493e+000	  5.5720764955462521e+000	  5.5716689039164713e+000	  5.5715022076514575e+000	  5.5714219117597441e+000	  5.5713788637645756e+000	  5.5713381258015726e+000	
  5.5723655395747418e+000	  5.5723085023353658e+000	  5.5958203641606197e+000	  5.6032618774470855e+000	  5.6030699823550467e+000	  5.5853917893973204e+000	  5.5621586717862215e+000	  5.5607528809265006e+000	  5.5603498643717053e+000	  5.5601908346274431e+000	  5.5601173021690986e+000	  5.5600795838064432e+000	  5.5600463264404709e+000	
  5.5611946492324371e+000	  5.5611392891836697e+000	  5.5866777790005706e+000	  5.5953567717177410e+000	  5.5951168143288932e+000	  5.5747246701027819e+000	  5.5506026409430920e+000	  5.5491376586618291e+000	  5.5487016313378046e+000	  5.5485218433706240e+000	  5.5484345893572762e+000	  5.5483876194015735e+000	  5.5483430355236507e+000	
  5.5206755735235369e+000	  5.5206223048229752e+000	  5.5519977146492039e+000	  5.5636736470896508e+000	  5.5632746777427577e+000	  5.5353810739242615e+000	  5.5089414832112382e+000	  5.5073285450439879e+000	  5.5068501883663856e+000	  5.5066541950474779e+000	  5.5065596377159576e+000	  5.5065088126364792e+000	  5.5064606165045049e+000	
  5.5068924770542704e+000	  5.5068436224821049e+000	  5.5401095947680279e+000	  5.5525218379322006e+000	  5.5520704478893013e+000	  5.5218018213201159e+000	  5.4947764075030658e+000	  5.4931525263108849e+000	  5.4926734434619373e+000	  5.4924776605134173e+000	  5.4923833901741048e+000	  5.4923328355662715e+000	  5.4922850761618403e+000	
  5.5050098533990788e+000	  5.5049615830045084e+000	  5.5384262368061155e+000	  5.5509270564970681e+000	  5.5504685167944157e+000	  5.5198978656423314e+000	  5.4931588388313912e+000	  5.4917686595807869e+000	  5.4914260504590473e+000	  5.4913052610321422e+000	  5.4912527066734995e+000	  5.4912263773718717e+000	  5.4912027498283944e+000	
  5.5030262345103775e+000	  5.5029812978979464e+000	  5.5367200009348583e+000	  5.5493010540155208e+000	  5.5488352579051714e+000	  5.5179504793372303e+000	  5.4909997279306566e+000	  5.4893217876084144e+000	  5.4887490099846392e+000	  5.4884852049208455e+000	  5.4883492517374677e+000	  5.4882755125651439e+000	  5.4882073550601707e+000	
  5.5010012671943276e+000	  5.5009581623153281e+000	  5.5349937316035991e+000	  5.5476566681893491e+000	  5.5471832288922496e+000	  5.5159606576991038e+000	  5.4888106826276317e+000	  5.4870503504902413e+000	  5.4864923409974065e+000	  5.4862614023614142e+000	  5.4861494946571998e+000	  5.4860885191863051e+000	  5.4860282185884568e+000	
  5.4975235761012264e+000	  5.4974803614147305e+000	  5.5319800110471551e+000	  5.5447967398716269e+000	  5.5443100141028268e+000	  5.5125200470906854e+000	  5.4851838837401967e+000	  5.4834979666436023e+000	  5.4830146935374025e+000	  5.4828232381740616e+000	  5.4827323497170788e+000	  5.4826838856971705e+000	  5.4826382056898382e+000	
  5.4940412409574257e+000	  5.4939967753431240e+000	  5.5289384212884318e+000	  5.5419090788397796e+000	  5.5414089792422683e+000	  5.5090673665343370e+000	  5.4817038910421889e+000	  5.4800500860709978e+000	  5.4795584962956667e+000	  5.4793520855320743e+000	  5.4792495557003384e+000	  5.4791928252337918e+000	  5.4791367750164355e+000	
  5.4905531067683810e+000	  5.4905076454552226e+000	  5.5258757291878347e+000	  5.5389941961836442e+000	  5.5384805819902461e+000	  5.5055923327265166e+000	  5.4781616052923532e+000	  5.4765080009546718e+000	  5.4760159892732752e+000	  5.4758130137742000e+000	  5.4757144820043457e+000	  5.4756610803170513e+000	  5.4756096853012526e+000	
  5.4775854084714304e+000	  5.4775396105071206e+000	  5.5143849227643482e+000	  5.5279778744588004e+000	  5.5274153619848665e+000	  5.4926459892721269e+000	  5.4649697724322710e+000	  5.4632966776673175e+000	  5.4627987679569667e+000	  5.4625946397004466e+000	  5.4624961617939505e+000	  5.4624432916561272e+000	  5.4623932125532626e+000	
  5.4644156880847561e+000	  5.4643725713068303e+000	  5.5026458711575632e+000	  5.5166231944763222e+000	  5.5160125505440138e+000	  5.4794731235716654e+000	  5.4515722794337140e+000	  5.4498805569944686e+000	  5.4493779484945382e+000	  5.4491718458273830e+000	  5.4490723700606480e+000	  5.4490189348821438e+000	  5.4489682961857966e+000	
  5.4510909749370118e+000	  5.4510497543878156e+000	  5.4906749784995323e+000	  5.5049599376273406e+000	  5.5043025871890361e+000	  5.4661270704829956e+000	  5.4381018469100706e+000	  5.4363871886147219e+000	  5.4358773086398138e+000	  5.4356681831009279e+000	  5.4355672730728166e+000	  5.4355130992194134e+000	  5.4354617772869318e+000	
  5.4294507511865042e+000	  5.4294153925791289e+000	  5.4710242220807892e+000	  5.4856395764220078e+000	  5.4849115266633053e+000	  5.4444277647589523e+000	  5.4162061161484587e+000	  5.4144938015912025e+000	  5.4139861504698406e+000	  5.4137780376128930e+000	  5.4136775696584927e+000	  5.4136235678707845e+000	  5.4135723781942868e+000	
  5.4076116275498798e+000	  5.4075790111638433e+000	  5.4509699204252637e+000	  5.4657586490673982e+000	  5.4649639977153441e+000	  5.4224991860096772e+000	  5.3942427357538403e+000	  5.3925254237441322e+000	  5.3920180123134820e+000	  5.3918105231227642e+000	  5.3917107165415423e+000	  5.3916575039509862e+000	  5.3916062892338523e+000	
  5.3857009134479217e+000	  5.3856720174481065e+000	  5.4306051151955526e+000	  5.4454301751762912e+000	  5.4445756476360074e+000	  5.4004283642203887e+000	  5.3722603260639712e+000	  5.3705476972905064e+000	  5.3700392309361522e+000	  5.3698307242600052e+000	  5.3697300879329557e+000	  5.3696760211798811e+000	  5.3696248176955397e+000	
  5.3408281587099538e+000	  5.3408011431343994e+000	  5.3879578389290916e+000	  5.4025087709344000e+000	  5.4015596166130386e+000	  5.3551354836334220e+000	  5.3274152106661532e+000	  5.3257643221908957e+000	  5.3252774925045543e+000	  5.3250797986292842e+000	  5.3249854469594737e+000	  5.3249353426187973e+000	  5.3248890028352314e+000	
  5.2968703480555934e+000	  5.2968478193198276e+000	  5.3453787335113745e+000	  5.3592960298436410e+000	  5.3582773731832845e+000	  5.3107444324305142e+000	  5.2838865954085712e+000	  5.2822068799975863e+000	  5.2817077882560959e+000	  5.2815018599985386e+000	  5.2814014448543389e+000	  5.2813467037793327e+000	  5.2812936125106180e+000	
  5.2956997895003965e+000	  5.2956776879429235e+000	  5.3443633010077374e+000	  5.3582700146452833e+000	  5.3572492996716292e+000	  5.3096338086304762e+000	  5.2820573602023746e+000	  5.2796279191580364e+000	  5.2785389872282984e+000	  5.2779402050013857e+000	  5.2775950239041247e+000	  5.2773892289217361e+000	  5.2771789984786821e+000	
  5.2946481598907802e+000	  5.2946231619219741e+000	  5.3433650196066385e+000	  5.3572665322998425e+000	  5.3562438810805801e+000	  5.3085625980398010e+000	  5.2810554956610467e+000	  5.2790397016322377e+000	  5.2785403754183058e+000	  5.2784664260963066e+000	  5.2785008852258564e+000	  5.2785461011006785e+000	  5.2786046136423792e+000	
  5.2936999715713640e+000	  5.2936719689529177e+000	  5.3423832651038339e+000	  5.3562838165170934e+000	  5.3552599387760580e+000	  5.3075749724911248e+000	  5.2804629808038683e+000	  5.2790270127536232e+000	  5.2789323806552435e+000	  5.2790224493950433e+000	  5.2790952000112412e+000	  5.2791374419052239e+000	  5.2791770020452766e+000	
  5.2918441974696417e+000	  5.2918165126669692e+000	  5.3405222466791358e+000	  5.3543872416308425e+000	  5.3533612003722197e+000	  5.3056661371790881e+000	  5.2789560564159288e+000	  5.2776097461586513e+000	  5.2772682843882368e+000	  5.2770879161398998e+000	  5.2769760703659241e+000	  5.2769067241436041e+000	  5.2768347020131223e+000	
  5.2899832916646350e+000	  5.2899568777067252e+000	  5.3386668695782902e+000	  5.3524905658901556e+000	  5.3514623316912591e+000	  5.3037421006654206e+000	  5.2770582640482289e+000	  5.2755975227054552e+000	  5.2751666604706760e+000	  5.2749910559333202e+000	  5.2749170281265467e+000	  5.2748851561226218e+000	  5.2748664438568849e+000	
  5.2881058845670736e+000	  5.2880823177217096e+000	  5.3368183632636068e+000	  5.3505912790610122e+000	  5.3495611576901414e+000	  5.3018245968867728e+000	  5.2751580764507366e+000	  5.2736302254421386e+000	  5.2731782175543529e+000	  5.2730024292673150e+000	  5.2729250518461779e+000	  5.2728879271601858e+000	  5.2728594168349741e+000	
  5.2847033676717281e+000	  5.2846833146364958e+000	  5.3335006669994467e+000	  5.3471925779842167e+000	  5.3461594795005674e+000	  5.2984030684986028e+000	  5.2718007343888207e+000	  5.2701644525019464e+000	  5.2696669085874337e+000	  5.2694612893002812e+000	  5.2693612829952663e+000	  5.2693072563214649e+000	  5.2692558663940403e+000	
  5.2813014515324941e+000	  5.2812835338718056e+000	  5.3301816951294434e+000	  5.3437940764924363e+000	  5.3427582097069770e+000	  5.2949879239454489e+000	  5.2684385224424091e+000	  5.2667842596354486e+000	  5.2662945888513057e+000	  5.2660952284144802e+000	  5.2659994745447580e+000	  5.2659482297761073e+000	  5.2658998346897246e+000	
  5.2779036080323749e+000	  5.2778892502167718e+000	  5.3268777116961541e+000	  5.3403965547604848e+000	  5.3393583677250334e+000	  5.2915807911984025e+000	  5.2651486844048634e+000	  5.2634937970901241e+000	  5.2629903552077195e+000	  5.2627769348647657e+000	  5.2626698328974708e+000	  5.2626103220356768e+000	  5.2625507950410100e+000	
  5.2703015602344472e+000	  5.2702909668473907e+000	  5.3194278644657089e+000	  5.3327661479185551e+000	  5.3317217806423400e+000	  5.2839206762342883e+000	  5.2574910049503210e+000	  5.2558711786179213e+000	  5.2553947978246640e+000	  5.2552006814836627e+000	  5.2551072912434549e+000	  5.2550571763394505e+000	  5.2550097174584032e+000	
  5.2627696435989524e+000	  5.2627598742720494e+000	  5.3119919076602962e+000	  5.3251573539430108e+000	  5.3241066340405929e+000	  5.2762928601510772e+000	  5.2500253271945407e+000	  5.2484605392946193e+000	  5.2480007825173036e+000	  5.2478128052075856e+000	  5.2477220387807666e+000	  5.2476731851971437e+000	  5.2476267934342680e+000	
  5.2553010181271009e+000	  5.2552907019924877e+000	  5.3045802456059832e+000	  5.3175728427181657e+000	  5.3165163301425178e+000	  5.2687437286584871e+000	  5.2429423624975602e+000	  5.2413221668681231e+000	  5.2408133229333576e+000	  5.2405911907416058e+000	  5.2404767863305501e+000	  5.2404111799684294e+000	  5.2403425935081405e+000	
  5.2362503854643805e+000	  5.2362380077550785e+000	  5.2854897422196512e+000	  5.2980492299266047e+000	  5.2969801923339332e+000	  5.2493494902718929e+000	  5.2239230379398371e+000	  5.2223582313133399e+000	  5.2218952062330626e+000	  5.2217066402053813e+000	  5.2216162170759528e+000	  5.2215679178568841e+000	  5.2215225640221963e+000	
  5.2176138153872120e+000	  5.2176030394683881e+000	  5.2666709326723016e+000	  5.2787674359393577e+000	  5.2776924723565433e+000	  5.2303792947536731e+000	  5.2054945654360640e+000	  5.2040009871479054e+000	  5.2035606093503439e+000	  5.2033812046650141e+000	  5.2032951912801551e+000	  5.2032493374016831e+000	  5.2032065277207717e+000	
  5.1994583273651251e+000	  5.1994422883872016e+000	  5.2481458919027002e+000	  5.2597869308546041e+000	  5.2587131939554332e+000	  5.2119595003079500e+000	  5.1877962268551681e+000	  5.1862643685729459e+000	  5.1858090697958215e+000	  5.1856223717043903e+000	  5.1855323514689022e+000	  5.1854840173075623e+000	  5.1854381809348649e+000	
  5.1809421999517991e+000	  5.1809422319037957e+000	  5.2291621075943873e+000	  5.2402426842075300e+000	  5.2391759505874269e+000	  5.1931065217989403e+000	  5.1693678227138218e+000	  5.1680098255890705e+000	  5.1676150785529007e+000	  5.1674557928444997e+000	  5.1673798919107394e+000	  5.1673396927081061e+000	  5.1673026749037287e+000	
  5.1747447586489859e+000	  5.1747384753699777e+000	  5.2227201600998363e+000	  5.2336218058353090e+000	  5.2325595836344441e+000	  5.1868175132476768e+000	  5.1636009621860435e+000	  5.1622048616486449e+000	  5.1617807370827329e+000	  5.1616042604893941e+000	  5.1615183594333480e+000	  5.1614719689214716e+000	  5.1614275645888164e+000	
  5.1685317006981979e+000	  5.1685328012507359e+000	  5.2163227071455598e+000	  5.2270342484812549e+000	  5.2259761727264653e+000	  5.1805281718091400e+000	  5.1572543110731672e+000	  5.1558350484530724e+000	  5.1554210342257267e+000	  5.1552544859250204e+000	  5.1551753343463957e+000	  5.1551333730563975e+000	  5.1550945440950180e+000	
  5.1624087449981815e+000	  5.1624021923744046e+000	  5.2099119160693430e+000	  5.2205022953244473e+000	  5.2194489993475646e+000	  5.1743355821276538e+000	  5.1515091480915931e+000	  5.1500949611946734e+000	  5.1496655974172523e+000	  5.1494814758938912e+000	  5.1493876046091458e+000	  5.1493334621974807e+000	  5.1492761335125703e+000	
  5.1465801344916517e+000	  5.1465675528628019e+000	  5.1932518418849050e+000	  5.2034089635173419e+000	  5.2023723101699559e+000	  5.1582059159471783e+000	  5.1359592802360243e+000	  5.1345971610208263e+000	  5.1341980390007258e+000	  5.1340366437802043e+000	  5.1339598609336790e+000	  5.1339191851784705e+000	  5.1338815159953644e+000	
  5.1312894428556799e+000	  5.1312811377688394e+000	  5.1770716768495539e+000	  5.1867490570867147e+000	  5.1857342657792849e+000	  5.1426260885583108e+000	  5.1209784120544999e+000	  5.1196937108657359e+000	  5.1193185310507427e+000	  5.1191665815133458e+000	  5.1190940702592336e+000	  5.1190555935587412e+000	  5.1190199158877014e+000	
  5.1165883174446591e+000	  5.1165746262051837e+000	  5.1613405396786494e+000	  5.1705641904489230e+000	  5.1695761464167767e+000	  5.1276840657412670e+000	  5.1068063874357694e+000	  5.1055067822594058e+000	  5.1051229761682748e+000	  5.1049659230120170e+000	  5.1048902987678169e+000	  5.1048496997194714e+000	  5.1048111800586771e+000	
  5.1013433327418145e+000	  5.1013480930026667e+000	  5.1449496305753240e+000	  5.1536172861219587e+000	  5.1526608203020796e+000	  5.1120918992462183e+000	  5.0917536377919070e+000	  5.0906275772559795e+000	  5.0903039221654733e+000	  5.0901744349070022e+000	  5.0901131135503430e+000	  5.0900808612128756e+000	  5.0900515077749731e+000	
  5.0959226169633443e+000	  5.0959197722539873e+000	  5.1390281106609148e+000	  5.1475132819838176e+000	  5.1465701377129136e+000	  5.1065674185755139e+000	  5.0867823521407729e+000	  5.0856239453191954e+000	  5.0852731386148431e+000	  5.0851269048446390e+000	  5.0850555179728918e+000	  5.0850167964986426e+000	  5.0849794420331218e+000	
  5.0905229114721617e+000	  5.0905279987223384e+000	  5.1331858021839150e+000	  5.1414780091911805e+000	  5.1405475915835552e+000	  5.1010718640027708e+000	  5.0813052897586974e+000	  5.0801386554379935e+000	  5.0798023566194228e+000	  5.0796684858263053e+000	  5.0796054650021905e+000	  5.0795723894201394e+000	  5.0795422794129852e+000	
  5.0852359739459452e+000	  5.0852322397254568e+000	  5.1273465904619897e+000	  5.1355295815938007e+000	  5.1346123563531521e+000	  5.0956955581149543e+000	  5.0763862985743202e+000	  5.0752307170445210e+000	  5.0748859340719044e+000	  5.0747394542351998e+000	  5.0746652651507684e+000	  5.0746225381530508e+000	  5.0745773014913009e+000	
  5.0694465360772156e+000	  5.0694350914681774e+000	  5.1097913139335205e+000	  5.1174833662896990e+000	  5.1166098278307981e+000	  5.0794629716819362e+000	  5.0610442220997420e+000	  5.0599734263006013e+000	  5.0596655240908728e+000	  5.0595427421478156e+000	  5.0594851432397281e+000	  5.0594550708735753e+000	  5.0594279504203588e+000	
  5.0546576758390138e+000	  5.0546502099095836e+000	  5.0931825078970316e+000	  5.1003415146937403e+000	  5.0995156700892608e+000	  5.0642221920935704e+000	  5.0467269673002413e+000	  5.0457621401418518e+000	  5.0454874538838901e+000	  5.0453790128304199e+000	  5.0453286983818124e+000	  5.0453028786257015e+000	  5.0452803749325703e+000	
  5.0492304459424098e+000	  5.0492177985907993e+000	  5.0870131085680725e+000	  5.0939717761839809e+000	  5.0931656259733948e+000	  5.0586579002438459e+000	  5.0417380927130218e+000	  5.0407468285005308e+000	  5.0404495854450282e+000	  5.0403261164884139e+000	  5.0402659307999809e+000	  5.0402332451573439e+000	  5.0402016020989482e+000	
  5.0438805191761471e+000	  5.0438831253289962e+000	  5.0809911277007735e+000	  5.0877268437110601e+000	  5.0869393416277386e+000	  5.0531631433046176e+000	  5.0363257994132660e+000	  5.0353811157701767e+000	  5.0351149681853169e+000	  5.0350104708591914e+000	  5.0349617213565345e+000	  5.0349363836883487e+000	  5.0349137126457499e+000	
  5.0387336620210110e+000	  5.0387315388120690e+000	  5.0750942780777297e+000	  5.0816333557597293e+000	  5.0808650600395744e+000	  5.0478523972568023e+000	  5.0315434549927929e+000	  5.0306487121480892e+000	  5.0303863814491478e+000	  5.0302780595574692e+000	  5.0302251458540503e+000	  5.0301963196139887e+000	  5.0301683580613599e+000	
  5.0278971899517799e+000	  5.0278963934189402e+000	  5.0625587894215229e+000	  5.0686770324395169e+000	  5.0679513121596464e+000	  5.0366142133004832e+000	  5.0211330770091323e+000	  5.0202718387200029e+000	  5.0200230740478080e+000	  5.0199234170604790e+000	  5.0198763745896713e+000	  5.0198516639410329e+000	  5.0198290900407283e+000	
  5.0177990480699819e+000	  5.0177968853475363e+000	  5.0507017992136305e+000	  5.0564223765197092e+000	  5.0557400111284068e+000	  5.0261045933219783e+000	  5.0114947101731477e+000	  5.0107030090866811e+000	  5.0104767240655157e+000	  5.0103864515780305e+000	  5.0103439545221562e+000	  5.0103217145291978e+000	  5.0103015647657845e+000	
  5.0084492231261546e+000	  5.0084402312839948e+000	  5.0395274272292401e+000	  5.0448859643008603e+000	  5.0442475850536184e+000	  5.0163633348749848e+000	  5.0026996660421652e+000	  5.0019300954118329e+000	  5.0017066255030329e+000	  5.0016156935743794e+000	  5.0015720498013394e+000	  5.0015486233485618e+000	  5.0015263921834308e+000	
  4.9974290507510677e+000	  4.9974363964868651e+000	  5.0261405605764864e+000	  5.0309817891922570e+000	  5.0303987877520218e+000	  5.0047008909266388e+000	  4.9921007858511057e+000	  4.9914933880286227e+000	  4.9913262115399704e+000	  4.9912625714514380e+000	  4.9912339905990866e+000	  4.9912199718713524e+000	  4.9912088793060416e+000	
  4.9938098944652953e+000	  4.9938050668043577e+000	  5.0216208201956380e+000	  5.0263095955194181e+000	  5.0257471198635884e+000	  5.0008944339678951e+000	  4.9889848210278309e+000	  4.9883425702996753e+000	  4.9881464473149340e+000	  4.9880630918814894e+000	  4.9880216364239782e+000	  4.9879986166267987e+000	  4.9879755228234846e+000	
  4.9909197390172189e+000	  4.9909265368459632e+000	  5.0180921688705027e+000	  5.0226448570123150e+000	  5.0220975651893429e+000	  4.9978601071958284e+000	  4.9859499462965307e+000	  4.9853100031458375e+000	  4.9851338320678895e+000	  4.9850677593961112e+000	  4.9850385556537979e+000	  4.9850243560887186e+000	  4.9850132396211944e+000	
  4.9882056531895813e+000	  4.9882051560301566e+000	  5.0146670125081894e+000	  5.0190962638194669e+000	  5.0185646679532514e+000	  4.9949794903418887e+000	  4.9836178625499716e+000	  4.9830574181353171e+000	  4.9828955320712076e+000	  4.9828272860572564e+000	  4.9827928542760525e+000	  4.9827734042269256e+000	  4.9827534280639796e+000	
  4.9855798203137791e+000	  4.9855803122644815e+000	  5.0113537704066236e+000	  5.0156450197609281e+000	  5.0151284103674421e+000	  4.9921776216386160e+000	  4.9810601479922667e+000	  4.9805061934102834e+000	  4.9803518301227978e+000	  4.9802928391089463e+000	  4.9802669585472525e+000	  4.9802548105959410e+000	  4.9802462684758186e+000	
  4.9763032501193294e+000	  4.9763015382588982e+000	  4.9992971612800030e+000	  5.0031362892466458e+000	  5.0026780487106848e+000	  4.9821829298331011e+000	  4.9724260973578183e+000	  4.9719478734462363e+000	  4.9718143168240303e+000	  4.9717620124434259e+000	  4.9717378968294756e+000	  4.9717255841035257e+000	  4.9717149334531641e+000	
  4.9685548200615326e+000	  4.9685505874212943e+000	  4.9887249982631943e+000	  4.9921608263845396e+000	  4.9917585688199484e+000	  4.9736404910081244e+000	  4.9652274358111814e+000	  4.9648743900121417e+000	  4.9647871495142049e+000	  4.9647584715908355e+000	  4.9647482562298340e+000	  4.9647449955718681e+000	  4.9647454983985373e+000	
  4.9675799251378550e+000	  4.9675716520791724e+000	  4.9872929872911698e+000	  4.9906599119067252e+000	  4.9902663956138404e+000	  4.9725423453739204e+000	  4.9647001869503882e+000	  4.9644260110419669e+000	  4.9643473095060120e+000	  4.9643108274590730e+000	  4.9642905878317656e+000	  4.9642781324261698e+000	  4.9642637172018222e+000	
  4.9664925163175333e+000	  4.9664914022984341e+000	  4.9858504062603171e+000	  4.9891640446018126e+000	  4.9887781970121559e+000	  4.9713861384177438e+000	  4.9632987549055319e+000	  4.9628158292387425e+000	  4.9626615642952565e+000	  4.9626023978628364e+000	  4.9625779006441384e+000	  4.9625674607076675e+000	  4.9625621838533807e+000	
  4.9654833294416889e+000	  4.9654835886350224e+000	  4.9844629636914828e+000	  4.9877091516816741e+000	  4.9873312751202992e+000	  4.9702910233875297e+000	  4.9624792502436232e+000	  4.9621363266194596e+000	  4.9620568209001181e+000	  4.9620283028146694e+000	  4.9620143011319673e+000	  4.9620060991490966e+000	  4.9619968631224864e+000	
  4.9640898794240940e+000	  4.9640870584628516e+000	  4.9824787332937159e+000	  4.9856374797450087e+000	  4.9852711447548881e+000	  4.9687485683680421e+000	  4.9613137748152347e+000	  4.9609907477792259e+000	  4.9608957606590565e+000	  4.9608547656292412e+000	  4.9608340449001087e+000	  4.9608224823707303e+000	  4.9608110025105567e+000	
  4.9627601264121690e+000	  4.9627567403696116e+000	  4.9805616828200172e+000	  4.9836336741464482e+000	  4.9832786456789346e+000	  4.9672659634358851e+000	  4.9601212399239536e+000	  4.9597895070536691e+000	  4.9596920582455351e+000	  4.9596526188806500e+000	  4.9596339233333175e+000	  4.9596240379963241e+000	  4.9596148628077152e+000	
  4.9614925886625194e+000	  4.9614894860723346e+000	  4.9787125732740911e+000	  4.9816974392367097e+000	  4.9813535560094824e+000	  4.9658451406757731e+000	  4.9589805407688203e+000	  4.9586596020974039e+000	  4.9585680354320427e+000	  4.9585313354305605e+000	  4.9585138838545983e+000	  4.9585046029516633e+000	  4.9584958917021638e+000	
  4.9582432111026087e+000	  4.9582404222510146e+000	  4.9737953937221135e+000	  4.9765403505090955e+000	  4.9762276268583427e+000	  4.9621418637613157e+000	  4.9560624800017994e+000	  4.9557875250632044e+000	  4.9557122727001968e+000	  4.9556831465811246e+000	  4.9556699078749933e+000	  4.9556632467040451e+000	  4.9556575774329925e+000	
  4.9555382518804425e+000	  4.9555370278784316e+000	  4.9694368447759096e+000	  4.9719421013181275e+000	  4.9716571570304069e+000	  4.9590129560022067e+000	  4.9538013287535598e+000	  4.9535611291300352e+000	  4.9534937860606920e+000	  4.9534673483333513e+000	  4.9534550518446352e+000	  4.9534490151372790e+000	  4.9534442288992064e+000	
  4.9532999586283655e+000	  4.9532919016948007e+000	  4.9655820696015152e+000	  4.9678792661924653e+000	  4.9676232957409638e+000	  4.9563280894457939e+000	  4.9518531133887489e+000	  4.9516516721417325e+000	  4.9515950778511453e+000	  4.9515720094577276e+000	  4.9515609265984306e+000	  4.9515549007428383e+000	  4.9515490390954486e+000	
  4.9511347379715964e+000	  4.9511431381472626e+000	  4.9613525723319896e+000	  4.9633190374127611e+000	  4.9630989778741696e+000	  4.9534852968338150e+000	  4.9500256055656777e+000	  4.9499342031193994e+000	  4.9499147670688526e+000	  4.9499099567618110e+000	  4.9499089927109718e+000	  4.9499093891642865e+000	  4.9499112323188044e+000	
  4.9499821014957757e+000	  4.9499716279310935e+000	  4.9584530086628220e+000	  4.9602262738228653e+000	  4.9600355432779519e+000	  4.9518561844230646e+000	  4.9494050991507610e+000	  4.9493135006062339e+000	  4.9492812079665605e+000	  4.9492645392690271e+000	  4.9492548393168523e+000	  4.9492484318736096e+000	  4.9492404754196695e+000	
  4.9497486794003454e+000	  4.9497415679078394e+000	  4.9580254745482666e+000	  4.9597736205448939e+000	  4.9595866672385025e+000	  4.9515820102987718e+000	  4.9489057818417059e+000	  4.9486791415207509e+000	  4.9485929161436903e+000	  4.9485571733149936e+000	  4.9485416443617591e+000	  4.9485348139517438e+000	  4.9485311414683153e+000	
  4.9496597418863253e+000	  4.9496519066827283e+000	  4.9576628284515589e+000	  4.9593636405966812e+000	  4.9591810747924292e+000	  4.9513946018924226e+000	  4.9491825799914402e+000	  4.9492413931739865e+000	  4.9493075003881337e+000	  4.9493432146574534e+000	  4.9493601081911365e+000	  4.9493676261458397e+000	  4.9493710991097561e+000	
  4.9495619902251153e+000	  4.9495543362063632e+000	  4.9572956560548498e+000	  4.9589642682112967e+000	  4.9587857716397732e+000	  4.9512039382333395e+000	  4.9491294967756172e+000	  4.9491168654547391e+000	  4.9491008887352361e+000	  4.9490864243706412e+000	  4.9490774388043501e+000	  4.9490723334537634e+000	  4.9490680067119097e+000	
  4.9494100130262897e+000	  4.9494060510901772e+000	  4.9567722638796941e+000	  4.9583826124053321e+000	  4.9582101884240171e+000	  4.9509297866656699e+000	  4.9490149825694996e+000	  4.9489567674974033e+000	  4.9489313393276113e+000	  4.9489225304970574e+000	  4.9489188849674015e+000	  4.9489168537786288e+000	  4.9489141098788547e+000	
  4.9492710718379573e+000	  4.9492695621018434e+000	  4.9562755108292222e+000	  4.9578273614812041e+000	  4.9576609293384699e+000	  4.9506771076401890e+000	  4.9489223713601316e+000	  4.9488771920374042e+000	  4.9488680307718802e+000	  4.9488647202446945e+000	  4.9488620290565333e+000	  4.9488598278846219e+000	  4.9488565787974004e+000	
  4.9491524286484623e+000	  4.9491515506541184e+000	  4.9558011950920910e+000	  4.9573004623828520e+000	  4.9571398709775671e+000	  4.9504469761116887e+000	  4.9488431535451571e+000	  4.9488138269644377e+000	  4.9488078407819991e+000	  4.9488046475414382e+000	  4.9488028129314188e+000	  4.9488017652292715e+000	  4.9488007560822833e+000	
  4.9490605836617352e+000	  4.9490585581650759e+000	  4.9553445105454674e+000	  4.9568032923832384e+000	  4.9566484040659553e+000	  4.9502453551510950e+000	  4.9488236316093115e+000	  4.9488128371295570e+000	  4.9488137066551197e+000	  4.9488131731685314e+000	  4.9488125690986262e+000	  4.9488118167602124e+000	  4.9488104484005646e+000	
  4.9489746016890823e+000	  4.9489695708195836e+000	  4.9540286486522422e+000	  4.9553340142656221e+000	  4.9551979789437262e+000	  4.9497662106432472e+000	  4.9489881883213460e+000	  4.9490253892841007e+000	  4.9490395726929926e+000	  4.9490460948165005e+000	  4.9490497963076141e+000	  4.9490520188339993e+000	  4.9490544549231075e+000	
  4.9491982390192923e+000	  4.9491932312557552e+000	  4.9530562126827160e+000	  4.9542067261210132e+000	  4.9540884486070080e+000	  4.9495961363590357e+000	  4.9494401558349832e+000	  4.9495065728522025e+000	  4.9495285967513514e+000	  4.9495386898208427e+000	  4.9495441980460519e+000	  4.9495475222711693e+000	  4.9495511887929222e+000	
  4.9497250651595603e+000	  4.9497179716353479e+000	  4.9524189828094034e+000	  4.9534144059197871e+000	  4.9533131854286871e+000	  4.9497416618067280e+000	  4.9502394513869508e+000	  4.9503353303816944e+000	  4.9503622860687102e+000	  4.9503720987260635e+000	  4.9503762377522964e+000	  4.9503780489277283e+000	  4.9503790816554094e+000	
  4.9505054209468824e+000	  4.9505070930138118e+000	  4.9521069028977127e+000	  4.9529369932548306e+000	  4.9528515052912336e+000	  4.9501460021554866e+000	  4.9511560915820318e+000	  4.9512810685958808e+000	  4.9513203640214609e+000	  4.9513381161370162e+000	  4.9513475227263015e+000	  4.9513531422740176e+000	  4.9513593523544674e+000	
  4.9540750273775469e+000	  4.9540657117177478e+000	  4.9530629260146064e+000	  4.9536033151063030e+000	  4.9535514844558648e+000	  4.9527997355462983e+000	  4.9551814710599995e+000	  4.9554098942543590e+000	  4.9554844374548601e+000	  4.9555179699023455e+000	  4.9555358981601128e+000	  4.9555465749133720e+000	  4.9555585240894651e+000	
  4.9590203370559749e+000	  4.9590139063750982e+000	  4.9557031710034671e+000	  4.9559172629205506e+000	  4.9558958585340651e+000	  4.9569684731345376e+000	  4.9606375919641899e+000	  4.9609035161266579e+000	  4.9609782315473971e+000	  4.9610073733676874e+000	  4.9610208307266923e+000	  4.9610276650244867e+000	  4.9610336267444932e+000	
  4.9652518953098301e+000	  4.9652524377397089e+000	  4.9598543640110293e+000	  4.9597417696856105e+000	  4.9597445760625192e+000	  4.9623586785723095e+000	  4.9671382262095332e+000	  4.9674914440840379e+000	  4.9676056029257509e+000	  4.9676577409936140e+000	  4.9676858925902234e+000	  4.9677029796306726e+000	  4.9677223892203859e+000	
  4.9658033057755624e+000	  4.9658024423246960e+000	  4.9601997016073263e+000	  4.9600489861005848e+000	  4.9600538866665378e+000	  4.9628091070348379e+000	  4.9681082626416018e+000	  4.9686866158951126e+000	  4.9688947573014453e+000	  4.9689830110113409e+000	  4.9690237111228441e+000	  4.9690436418285966e+000	  4.9690588556949855e+000	
  4.9661941532321840e+000	  4.9661942727485808e+000	  4.9604872907034192e+000	  4.9603307926247009e+000	  4.9603370212063513e+000	  4.9631808161252344e+000	  4.9681163127339723e+000	  4.9682891873683577e+000	  4.9682599852733933e+000	  4.9682303764047031e+000	  4.9682148814984561e+000	  4.9682082519988402e+000	  4.9682068338232632e+000	
  4.9666114929245442e+000	  4.9666128636804974e+000	  4.9608062090658045e+000	  4.9606225978511276e+000	  4.9606305065088563e+000	  4.9635764501236856e+000	  4.9685337950660102e+000	  4.9687939666260839e+000	  4.9688840496326936e+000	  4.9689342166243655e+000	  4.9689627015871984e+000	  4.9689790308458104e+000	  4.9689944230653094e+000	
  4.9672245838077167e+000	  4.9672244491230089e+000	  4.9612534855167922e+000	  4.9610394006203151e+000	  4.9610496316214725e+000	  4.9641409893539379e+000	  4.9692302611508143e+000	  4.9695908633924368e+000	  4.9697166074176291e+000	  4.9697658253355925e+000	  4.9697872210039407e+000	  4.9697978806599874e+000	  4.9698079161839548e+000	
  4.9678640050088152e+000	  4.9678626727582831e+000	  4.9617128204255678e+000	  4.9614706059537550e+000	  4.9614831236506340e+000	  4.9647209065042386e+000	  4.9699472404134415e+000	  4.9703229157032069e+000	  4.9704288576826183e+000	  4.9704684768279161e+000	  4.9704879686085501e+000	  4.9704991328796133e+000	  4.9705109486590793e+000	
  4.9685248136177584e+000	  4.9685235279617324e+000	  4.9621905065044825e+000	  4.9619160957741215e+000	  4.9619309159076863e+000	  4.9653167235519380e+000	  4.9706907018087776e+000	  4.9710681375052523e+000	  4.9711744443718953e+000	  4.9712187263419860e+000	  4.9712407242616941e+000	  4.9712526844611915e+000	  4.9712640377519435e+000	
  4.9691961510194282e+000	  4.9691953033006442e+000	  4.9626815309822270e+000	  4.9623739830630953e+000	  4.9623910763909596e+000	  4.9659232018572919e+000	  4.9714116474965930e+000	  4.9717739374799397e+000	  4.9718741887079254e+000	  4.9719143025421797e+000	  4.9719332354467571e+000	  4.9719432933834629e+000	  4.9719528494778231e+000	
  4.9710322595948320e+000	  4.9710310611466024e+000	  4.9640678089706292e+000	  4.9636757453017655e+000	  4.9636986218362100e+000	  4.9676034185570650e+000	  4.9733002803213910e+000	  4.9736595803935302e+000	  4.9737634955286936e+000	  4.9738061993591653e+000	  4.9738270926522610e+000	  4.9738385078121894e+000	  4.9738496131830345e+000	
  4.9729148442272386e+000	  4.9729142369283608e+000	  4.9655281141245400e+000	  4.9650529222999840e+000	  4.9650812728483373e+000	  4.9693384053000056e+000	  4.9752415637811520e+000	  4.9756117525774357e+000	  4.9757187778960432e+000	  4.9757622880790553e+000	  4.9757832781742728e+000	  4.9757945989792329e+000	  4.9758054363466808e+000	
  4.9748533751627910e+000	  4.9748528445698881e+000	  4.9670605580907079e+000	  4.9665047706433096e+000	  4.9665383461057200e+000	  4.9711326406489675e+000	  4.9772551569085000e+000	  4.9776372964667193e+000	  4.9777468102838451e+000	  4.9777908375316926e+000	  4.9778118248020586e+000	  4.9778229940018459e+000	  4.9778334732206719e+000	
  4.9800701424802529e+000	  4.9800718501005203e+000	  4.9713344906836543e+000	  4.9705851224464137e+000	  4.9706305524728212e+000	  4.9760012631834272e+000	  4.9826347610397725e+000	  4.9830408957309835e+000	  4.9831569744087645e+000	  4.9832037576944543e+000	  4.9832261242375164e+000	  4.9832380819714306e+000	  4.9832493904424791e+000	
  4.9855931474871440e+000	  4.9855944015830822e+000	  4.9759934775159831e+000	  4.9750681625935211e+000	  4.9751241153235259e+000	  4.9811962981145541e+000	  4.9883111896420473e+000	  4.9887391654164226e+000	  4.9888610291266566e+000	  4.9889098939897014e+000	  4.9889331335857268e+000	  4.9889454683953449e+000	  4.9889570162284791e+000	
  4.9914003304769583e+000	  4.9914015156460323e+000	  4.9810067380067213e+000	  4.9799245374939627e+000	  4.9799908251317859e+000	  4.9866766060391310e+000	  4.9942434081311493e+000	  4.9946935712343876e+000	  4.9948209717778358e+000	  4.9948717985954794e+000	  4.9948958655241515e+000	  4.9949084583260639e+000	  4.9949203454444646e+000	
  5.0070596724633987e+000	  5.0070612725017227e+000	  4.9950758015373520e+000	  4.9936012996569801e+000	  4.9936874581228974e+000	  5.0017157308399618e+000	  5.0101516146621172e+000	  5.0106271687728743e+000	  5.0107607580149871e+000	  5.0108137286450916e+000	  5.0108386216034528e+000	  5.0108516643387890e+000	  5.0108635841736859e+000	
