5e+12
5.1386e+12
5.3498e+12
5.6963e+12
5.9134e+12
5.9207e+12
5.8958e+12
5.9594e+12
5.8531e+12
5.8054e+12
5.8506e+12
5.9436e+12
5.9982e+12
6.1411e+12
6.4519e+12
6.6558e+12
6.5434e+12
6.2742e+12
6.083e+12
5.9875e+12
6.0478e+12
6.1352e+12
6.1715e+12
6.0628e+12
5.3128e+12
5.3804e+12
5.1844e+12
4.9003e+12
4.8022e+12
4.8924e+12
4.9425e+12
4.922e+12
4.9682e+12
4.8893e+12
5.4053e+12
5.6646e+12
5.6128e+12
5.7473e+12
5.9393e+12
6.1568e+12
6.3267e+12
6.4393e+12
6.6502e+12
6.7956e+12
6.8989e+12
7.0589e+12
7.3643e+12
7.6873e+12
7.9905e+12
8.2274e+12
8.4308e+12
8.4579e+12
8.8828e+12
8.898e+12
8.6025e+12
8.4117e+12
8.0918e+12
7.7436e+12
7.4367e+12
