5e+12
4.2028e+12
4.3898e+12
4.7238e+12
4.9322e+12
4.9159e+12
4.8658e+12
4.91e+12
4.7755e+12
4.7042e+12
4.7288e+12
4.8312e+12
4.8955e+12
5.0559e+12
5.4104e+12
5.6561e+12
5.535e+12
5.2366e+12
5.0334e+12
4.9375e+12
5.0119e+12
5.109e+12
5.1499e+12
5.0295e+12
4.8843e+12
4.955e+12
4.7519e+12
4.4596e+12
4.3611e+12
4.4512e+12
4.5013e+12
4.478e+12
4.5197e+12
4.4352e+12
4.96e+12
5.2292e+12
5.1722e+12
5.3098e+12
5.51e+12
5.74e+12
5.9185e+12
6.0244e+12
6.2384e+12
6.3783e+12
6.471e+12
6.6272e+12
6.9493e+12
7.2904e+12
7.6086e+12
7.8532e+12
8.0595e+12
8.082e+12
8.4862e+12
8.4692e+12
8.1504e+12
7.9561e+12
7.6018e+12
7.2227e+12
6.8907e+12
