  1.8081246020743571e+000	  1.8010748312688249e+000	  1.7598917313351436e+000	  1.9972051339816654e+000	  2.0052857184050197e+000	  1.9517976113488911e+000	  2.0067868113587943e+000	  2.0346542257450073e+000	  2.0761920418264075e+000	  1.9117817283275813e+000	  1.8173483552731582e+000	  1.9961391831159898e+000	  2.0405019167440184e+000	
  1.8081246030786378e+000	  1.8010748322731303e+000	  1.7598917323366590e+000	  1.9972051339906842e+000	  2.0052857184050481e+000	  1.9517976113489066e+000	  2.0067872604300963e+000	  2.0346542257449993e+000	  2.0761920418264044e+000	  1.9117817287559142e+000	  1.8173483562778538e+000	  1.9961391831161819e+000	  2.0405019167523064e+000	
  1.8081246052269841e+000	  1.8010748344212921e+000	  1.7598917344785769e+000	  1.9972051340101595e+000	  2.0052857184051427e+000	  1.9517976113489577e+000	  2.0067877094968596e+000	  2.0346542257449864e+000	  2.0761920418263986e+000	  1.9117817296756900e+000	  1.8173483584250913e+000	  1.9961391831166657e+000	  2.0405019167715390e+000	
  1.8081246085241482e+000	  1.8010748377177923e+000	  1.7598917377650509e+000	  1.9972051340403458e+000	  2.0052857184053412e+000	  1.9517976113490643e+000	  2.0067881585589236e+000	  2.0346542257449731e+000	  2.0761920418263915e+000	  1.9117817310929557e+000	  1.8173483617173467e+000	  1.9961391831175079e+000	  2.0405019168023841e+000	
  1.8081247275304333e+000	  1.8010749565204733e+000	  1.7598918559936261e+000	  1.9972051352891853e+000	  2.0052857184413821e+000	  1.9517976113683806e+000	  2.0067926487764418e+000	  2.0346542257479503e+000	  2.0761920418270861e+000	  1.9117817850811769e+000	  1.8173484790577543e+000	  1.9961391831919901e+000	  2.0405019181568882e+000	
  1.8081249315802221e+000	  1.8010751600134827e+000	  1.7598920582529693e+000	  1.9972051376381643e+000	  2.0052857185407738e+000	  1.9517976114216129e+000	  2.0067971385392238e+000	  2.0346542257578122e+000	  2.0761920418295987e+000	  1.9117818811225844e+000	  1.8173486785548343e+000	  1.9961391833755879e+000	  2.0405019207360873e+000	
  1.8081252095474838e+000	  1.8010754369600612e+000	  1.7598923331991028e+000	  1.9972051411302560e+000	  2.0052857187290196e+000	  1.9517976115223656e+000	  2.0068016278430303e+000	  2.0346542257782283e+000	  2.0761920418349624e+000	  1.9117820165737305e+000	  1.8173489482062948e+000	  1.9961391837034306e+000	  2.0405019245956075e+000	
  1.8081304845577997e+000	  1.8010806640436234e+000	  1.7598974800298608e+000	  1.9972052810534611e+000	  2.0052857356045135e+000	  1.9517976204950542e+000	  2.0068464832873119e+000	  2.0346542284458842e+000	  2.0761920425708933e+000	  1.9117852806093170e+000	  1.8173538544102497e+000	  1.9961392088067824e+000	  2.0405020811954988e+000	
  1.8081368864438705e+000	  1.8010869913629932e+000	  1.7599036768506668e+000	  1.9972055429375195e+000	  2.0052857727400863e+000	  1.9517976401951618e+000	  2.0068912972843163e+000	  2.0346542349151155e+000	  2.0761920443617878e+000	  1.9117897723594646e+000	  1.8173597015395369e+000	  1.9961392626206589e+000	  2.0405023734722656e+000	
  1.8081436700589568e+000	  1.8010936872573622e+000	  1.7599102064245942e+000	  1.9972059297823028e+000	  2.0052858319290614e+000	  1.9517976715431595e+000	  2.0069360699889192e+000	  2.0346542459097972e+000	  2.0761920474075497e+000	  1.9117949068244660e+000	  1.8173658534845540e+000	  1.9961393473346214e+000	  2.0405028026713232e+000	
  1.8082146178750633e+000	  1.8011635726037281e+000	  1.7599769074057032e+000	  1.9972201208271336e+000	  2.0052883619303383e+000	  1.9517990029701542e+000	  2.0073804271153914e+000	  2.0346548091485754e+000	  2.0761922009816716e+000	  1.9118517184995742e+000	  1.8174312600127909e+000	  1.9961429334793850e+000	  2.0405170819575025e+000	
  1.8082873026365482e+000	  1.8012349912912631e+000	  1.7600439213935932e+000	  1.9972455032581173e+000	  2.0052930660920243e+000	  1.9518014764648963e+000	  2.0078210832468470e+000	  2.0346559030703366e+000	  2.0761924960844342e+000	  1.9119090998815698e+000	  1.8174995372523095e+000	  1.9961496294028818e+000	  2.0405410073482577e+000	
  1.8083613571725479e+000	  1.8013075341952975e+000	  1.7601111777573721e+000	  1.9972816758354410e+000	  2.0052999390750186e+000	  1.9518050937459317e+000	  2.0082581078231754e+000	  2.0346575472088202e+000	  2.0761929355677333e+000	  1.9119664774640277e+000	  1.8175701456849216e+000	  1.9961594608200235e+000	  2.0405731654126651e+000	
  1.8087923001294974e+000	  1.8017236324347585e+000	  1.7604876951759829e+000	  1.9977049298685763e+000	  2.0053890469577862e+000	  1.9518531796695662e+000	  2.0105924049842550e+000	  2.0346821328305502e+000	  2.0761993308649576e+000	  1.9122911825007176e+000	  1.8179980890687431e+000	  1.9962889747016161e+000	  2.0408744298633947e+000	
  1.8092387331498621e+000	  1.8021481842394571e+000	  1.7608639254907721e+000	  1.9983203574448349e+000	  2.0055280385500778e+000	  1.9519298018293498e+000	  2.0128405955514959e+000	  2.0347244783128975e+000	  2.0762102601475050e+000	  1.9126249103774255e+000	  1.8184543754840878e+000	  1.9964918754590844e+000	  2.0412616040455367e+000	
  1.8097034920193125e+000	  1.8025829115904932e+000	  1.7612410032290480e+000	  1.9990804433387157e+000	  2.0057110410359145e+000	  1.9520324928978245e+000	  2.0150098018697444e+000	  2.0347852350684046e+000	  2.0762259553466702e+000	  1.9129719752056251e+000	  1.8189366172124599e+000	  1.9967588171625370e+000	  2.0417062074267411e+000	
  1.8106516905269945e+000	  1.8034475799037972e+000	  1.7619689590462400e+000	  2.0007723041068304e+000	  2.0061530793534592e+000	  1.9522846677086008e+000	  2.0189867055489463e+000	  2.0349474814002160e+000	  2.0762682967116661e+000	  1.9136764954383039e+000	  1.8199210555941125e+000	  1.9973995453946607e+000	  2.0426549675387231e+000	
  1.8116854856215172e+000	  1.8043523536469666e+000	  1.7626964696530925e+000	  2.0026982134167777e+000	  2.0067100139688643e+000	  1.9526067159463976e+000	  2.0227264275313406e+000	  2.0351758583923392e+000	  2.0763289055910121e+000	  1.9144313565876843e+000	  1.8209782333924227e+000	  1.9981971051403771e+000	  2.0437146213159236e+000	
  1.8128275600701580e+000	  1.8053083505606498e+000	  1.7634308871173296e+000	  2.0047551056993513e+000	  2.0073679179520072e+000	  1.9529891125441958e+000	  2.0262415067326582e+000	  2.0354732382092453e+000	  2.0764095523141006e+000	  1.9152440968403719e+000	  1.8221090379433935e+000	  1.9991243733058046e+000	  2.0448646993344539e+000	
  1.8140857829258556e+000	  1.8063170473213848e+000	  1.7641731890433026e+000	  2.0068761290493384e+000	  2.0081151389718199e+000	  1.9534224753690035e+000	  2.0295486888102436e+000	  2.0358405483932884e+000	  2.0765116443397829e+000	  1.9161136298193444e+000	  1.8233072664545575e+000	  2.0001589007324463e+000	  2.0460947263146902e+000	
  1.8165205830650850e+000	  1.8081789463373186e+000	  1.7654777235511183e+000	  2.0105803450365838e+000	  2.0095848048131897e+000	  1.9542652563119256e+000	  2.0347861910420288e+000	  2.0366329668482370e+000	  2.0767400266563993e+000	  1.9177393312310811e+000	  1.8255150849864974e+000	  2.0021454655761928e+000	  2.0483783079337941e+000	
  1.8192364286094904e+000	  1.8101577345313822e+000	  1.7667808014168054e+000	  2.0142863486609786e+000	  2.0112588864967273e+000	  1.9552047164829434e+000	  2.0395524542454133e+000	  2.0376244474399421e+000	  2.0770391846412335e+000	  1.9194812324988968e+000	  1.8278530772978423e+000	  2.0043428954220750e+000	  2.0508520129095120e+000	
  1.8221917537037196e+000	  1.8122559390664228e+000	  1.7680968341760857e+000	  2.0179720475353102e+000	  2.0131093237896791e+000	  1.9562167740205765e+000	  2.0439249999789455e+000	  2.0388028917061778e+000	  2.0774116693662865e+000	  1.9213302809641148e+000	  1.8303117860081519e+000	  2.0067087706401106e+000	  2.0534868727260740e+000	
  1.8253190311070162e+000	  1.8144601587732696e+000	  1.7694245706816902e+000	  2.0216337745651138e+000	  2.0151162772598661e+000	  1.9572867678262502e+000	  2.0479639860893633e+000	  2.0401535708799892e+000	  2.0778588455799825e+000	  1.9232627257609138e+000	  1.8328722934611905e+000	  2.0092177740540800e+000	  2.0562594452896090e+000	
  1.8285517990179192e+000	  1.8167567332991785e+000	  1.7707612735256353e+000	  2.0252576501360671e+000	  2.0172628884162855e+000	  1.9584056094106772e+000	  2.0517139627006200e+000	  2.0416601677464468e+000	  2.0783809181939867e+000	  1.9252544761507153e+000	  1.8355186714081568e+000	  2.0118509521582513e+000	  2.0591501221593020e+000	
  1.8336531661312090e+000	  1.8204941930406426e+000	  1.7728773817389423e+000	  2.0307273427213768e+000	  2.0208208260646625e+000	  1.9602197866750799e+000	  2.0569959533509143e+000	  2.0442529343608800e+000	  2.0793315033564022e+000	  1.9284293297181923e+000	  1.8397809232309539e+000	  2.0161329679727165e+000	  2.0638179354791499e+000	
  1.8386400818903785e+000	  1.8243442847776967e+000	  1.7749708718398707e+000	  2.0359754298451094e+000	  2.0246167447913019e+000	  1.9621204176320641e+000	  2.0617294440102252e+000	  2.0471111023868165e+000	  2.0804506129262044e+000	  1.9315817856482771e+000	  1.8441393301081093e+000	  2.0206139545994106e+000	  2.0686756807111197e+000	
  1.8434150577560839e+000	  1.8283226623882625e+000	  1.7770992954421201e+000	  2.0409243686760909e+000	  2.0285897952808640e+000	  1.9640928390869021e+000	  2.0659579448836842e+000	  2.0501647598098560e+000	  2.0817250031580499e+000	  1.9346979502556130e+000	  1.8486034247707033e+000	  2.0252344164661298e+000	  2.0736680611376799e+000	
  1.8478372490408590e+000	  1.8323957574354715e+000	  1.7792717844992205e+000	  2.0454968001598086e+000	  2.0326957280790063e+000	  1.9661343337696693e+000	  2.0696140965191643e+000	  2.0533490458465056e+000	  2.0831386030536656e+000	  1.9377075183773347e+000	  1.8531454225940829e+000	  2.0299617296037162e+000	  2.0787653401602864e+000	
  1.8517675483053404e+000	  1.8365296158994187e+000	  1.7814926753373974e+000	  2.0496106878992695e+000	  2.0368964508786624e+000	  1.9682469594520207e+000	  2.0726865341092862e+000	  2.0566033194106641e+000	  2.0846724690420366e+000	  1.9405497477819180e+000	  1.8577420623324254e+000	  2.0347723637314172e+000	  2.0839475481827510e+000	
  1.8553783517691118e+000	  1.8409903908613865e+000	  1.7839296873396200e+000	  2.0534793307294570e+000	  2.0414569947799723e+000	  1.9705888585753650e+000	  2.0755207506183408e+000	  2.0601080430053025e+000	  2.0864258701961313e+000	  1.9434160129445253e+000	  1.8627011159850873e+000	  2.0399860945504598e+000	  2.0895662979887768e+000	
  1.8584910291528025e+000	  1.8454540937195074e+000	  1.7864276776084551e+000	  2.0568874883426935e+000	  2.0460437034412080e+000	  1.9730119009447600e+000	  2.0781499954274061e+000	  2.0635970528139973e+000	  2.0882751523808678e+000	  1.9461717777966197e+000	  1.8676713076456419e+000	  2.0452329450478048e+000	  2.0952302289339002e+000	
  1.8613553321536833e+000	  1.8498950315982123e+000	  1.7889831116475667e+000	  2.0600297200561868e+000	  2.0506282675037983e+000	  1.9755120686700702e+000	  2.0807772840408778e+000	  2.0670611115623094e+000	  2.0902081575732931e+000	  1.9489098129521365e+000	  1.8726260214132839e+000	  2.0504835751622199e+000	  2.1009109034419406e+000	
  1.8642103144274005e+000	  1.8542968707618828e+000	  1.7915878667412724e+000	  2.0631090441552575e+000	  2.0551962607877612e+000	  1.9780838263616956e+000	  2.0834971635648794e+000	  2.0705124700966544e+000	  2.0922199388360010e+000	  1.9516969652859579e+000	  1.8775427564643257e+000	  2.0557160027159345e+000	  2.1065829016018167e+000	
  1.8671938664125736e+000	  1.8586550993626327e+000	  1.7942337214203521e+000	  2.0662607898043190e+000	  2.0597445270754453e+000	  1.9807208787111894e+000	  2.0863267578731941e+000	  2.0739713056764835e+000	  2.0943098970679359e+000	  1.9545626244215690e+000	  1.8824084512876689e+000	  2.0609169158028235e+000	  2.1122270039961846e+000	
  1.8710038070965673e+000	  1.8638492372353175e+000	  1.7974736916400225e+000	  2.0701999016467445e+000	  2.0651745459502382e+000	  1.9839580724208405e+000	  2.0898418743439047e+000	  2.0781452790862418e+000	  2.0969137192135574e+000	  1.9581246276724300e+000	  1.8881921895741003e+000	  2.0671067929072136e+000	  2.1189425262443589e+000	
  1.8749756783446843e+000	  1.8689590428424545e+000	  1.8007157590323954e+000	  2.0743146221288700e+000	  2.0705908449269228e+000	  1.9872715540978982e+000	  2.0934688866996689e+000	  2.0823727926666189e+000	  2.0996308135936852e+000	  1.9617476256588879e+000	  1.8938663353463192e+000	  2.0732450779532763e+000	  2.1255980955722280e+000	
  1.8790895714538181e+000	  1.8740387690266711e+000	  1.8040011260626281e+000	  2.0785557942819191e+000	  2.0759929025183230e+000	  1.9906488126395998e+000	  2.0971707087884184e+000	  2.0866532599626519e+000	  2.1024576136880939e+000	  1.9654478801302433e+000	  1.8994764948683749e+000	  2.0793265402116803e+000	  2.1321863286430105e+000	
  1.8832856365856594e+000	  1.8790945436943733e+000	  1.8073284627195960e+000	  2.0828827799208827e+000	  2.0813897550470881e+000	  1.9940870446401138e+000	  2.1009244845288007e+000	  2.0909824205519012e+000	  2.1053899693428484e+000	  1.9692061219415748e+000	  1.9050328696314978e+000	  2.0853670009974907e+000	  2.1387222251267715e+000	
  1.8875210092227848e+000	  1.8841285110151480e+000	  1.8106934425176680e+000	  2.0872677188885613e+000	  2.0867886822273167e+000	  1.9975867135992995e+000	  2.1047177921842288e+000	  2.0953548928390764e+000	  2.1084229889773609e+000	  1.9730073631058000e+000	  1.9105450932554988e+000	  2.0913819018850299e+000	  2.1452224659128931e+000	
  1.8971338334367804e+000	  1.8954047549780941e+000	  1.8184406215369970e+000	  2.0971619247670152e+000	  2.0988210073238842e+000	  2.0055769467667890e+000	  2.1132307550612710e+000	  2.1051758261694977e+000	  2.1154422869119123e+000	  1.9817206721124900e+000	  1.9228484007624662e+000	  2.1047516964883299e+000	  2.1596247925778154e+000	
  1.8999516669161385e+000	  1.8988274480705338e+000	  1.8207117686323113e+000	  2.1005199920025359e+000	  2.1029298138994386e+000	  2.0083839839417528e+000	  2.1161663120505039e+000	  2.1086134696418717e+000	  2.1179946584484615e+000	  1.9843013471796100e+000	  1.9265993769986789e+000	  2.1092391102310568e+000	  2.1644865928735308e+000	
  1.9031777949286641e+000	  1.9026731211710102e+000	  1.8234581486402279e+000	  2.1038017256992481e+000	  2.1069672860478397e+000	  2.0111779090080337e+000	  2.1190202287456072e+000	  2.1120129463173649e+000	  2.1205780357976365e+000	  1.9872915194349656e+000	  1.9307115045558179e+000	  2.1136266600501332e+000	  2.1692444777507847e+000	
  1.9063444982557247e+000	  1.9064854279912282e+000	  1.8262237826689351e+000	  2.1071066756765955e+000	  2.1110501647601128e+000	  2.0140285466395245e+000	  2.1218509590953132e+000	  2.1154150902134954e+000	  2.1232023014366530e+000	  1.9902756263104260e+000	  1.9348100361666747e+000	  2.1180968498389685e+000	  2.1740676806472790e+000	
  1.9094466919512676e+000	  1.9102688056277759e+000	  1.8289830594143111e+000	  2.1104352197716687e+000	  2.1151865341755443e+000	  2.0169489315057061e+000	  2.1246984763782915e+000	  2.1188351384941675e+000	  2.1258680893086415e+000	  1.9932440877714548e+000	  1.9389140856963945e+000	  2.1226539300671896e+000	  2.1789703449986852e+000	
  1.9125355816429737e+000	  1.9140628195050244e+000	  1.8317678537285713e+000	  2.1137626037554229e+000	  2.1193419221822918e+000	  2.0199198621898438e+000	  2.1275765521970524e+000	  2.1222709157536999e+000	  2.1285716415371838e+000	  1.9962262333860019e+000	  1.9430348270471178e+000	  2.1272338144519338e+000	  2.1839011122464873e+000	
  1.9187158720595683e+000	  1.9216258604024439e+000	  1.8373940465987835e+000	  2.1203757068893823e+000	  2.1275814314769583e+000	  2.0258932484487420e+000	  2.1333562357997935e+000	  2.1290931164435460e+000	  2.1339968728243126e+000	  2.0022436173116365e+000	  1.9512500258965566e+000	  2.1363154646310094e+000	  2.1936771491166387e+000	
  1.9202940483958135e+000	  1.9236035455137641e+000	  1.8388252810860388e+000	  2.1223164560440768e+000	  2.1299940410268294e+000	  2.0276740287168575e+000	  2.1350998039088851e+000	  2.1311282135151397e+000	  2.1356403272535704e+000	  2.0037915684972609e+000	  1.9534114784531320e+000	  2.1389393442631812e+000	  2.1965191218698634e+000	
  1.9221281688650358e+000	  1.9258206986335515e+000	  1.8405092481196468e+000	  2.1242422528130036e+000	  2.1323760411832122e+000	  2.0294438584475656e+000	  2.1368378289723733e+000	  2.1331491402608953e+000	  2.1372876554072886e+000	  2.0055762109179618e+000	  1.9557849137775589e+000	  2.1415199543216148e+000	  2.1993162386852783e+000	
  1.9239651454252673e+000	  1.9280219837564618e+000	  1.8421957972519587e+000	  2.1261944558030774e+000	  2.1347698376993529e+000	  2.0312264326117528e+000	  2.1385865630250276e+000	  2.1351712773280789e+000	  2.1389436329075480e+000	  2.0073697613454256e+000	  1.9581465908447571e+000	  2.1441237745268316e+000	  2.2021289635179877e+000	
  1.9258063161783179e+000	  1.9302102787551891e+000	  1.8438784022379975e+000	  2.1281798457236798e+000	  2.1371845218487624e+000	  2.0330293872089951e+000	  2.1403535643385934e+000	  2.1372011643145012e+000	  2.1406098791879651e+000	  2.0091635950779416e+000	  1.9605071495066619e+000	  2.1467620993626051e+000	  2.2049702764497718e+000	
  1.9276594147280133e+000	  1.9323965405647430e+000	  1.8455622603738979e+000	  2.1301872000831650e+000	  2.1396101891273678e+000	  2.0348485346040275e+000	  2.1421381637279784e+000	  2.1392386334302000e+000	  2.1422860787887954e+000	  2.0109650547562694e+000	  1.9628713677092442e+000	  2.1494163424497295e+000	  2.2078262362491792e+000	
  1.9319716855046236e+000	  1.9374171676204901e+000	  1.8494521281125527e+000	  2.1348048276241767e+000	  2.1451355784240143e+000	  2.0390139760925097e+000	  2.1462345194746644e+000	  2.1438779957690848e+000	  2.1461111620948068e+000	  2.0151424626621659e+000	  1.9683034630384089e+000	  2.1554718838923321e+000	  2.2143347576327921e+000	
  1.9362174481891252e+000	  1.9423207116345138e+000	  1.8532449643015596e+000	  2.1394659509236451e+000	  2.1506563242509502e+000	  2.0432141824848018e+000	  2.1503906662168739e+000	  2.1485486814259755e+000	  2.1499862638223228e+000	  2.0192435933673551e+000	  1.9736104580002605e+000	  2.1614961654936486e+000	  2.2208183831895427e+000	
  1.9404875483979385e+000	  1.9472034289835478e+000	  1.8570520002743542e+000	  2.1441405899117574e+000	  2.1561453420228593e+000	  2.0474249729707079e+000	  2.1545750174795808e+000	  2.1532312327616365e+000	  2.1539072180497505e+000	  2.0233644701132487e+000	  1.9788720173877603e+000	  2.1674554268677668e+000	  2.2272365472625371e+000	
  1.9447646061621486e+000	  1.9520529249018685e+000	  1.8608721949128546e+000	  2.1488292012620724e+000	  2.1616090373531267e+000	  2.0516492244450530e+000	  2.1587716500514063e+000	  2.1579104921496652e+000	  2.1578724460955483e+000	  2.0274968188826925e+000	  1.9840859966430660e+000	  2.1733726405377469e+000	  2.2336051098492637e+000	
  1.9490320391895783e+000	  1.9568631430227899e+000	  1.8646999374462321e+000	  2.1535282797110371e+000	  2.1670538938235335e+000	  2.0558956796091974e+000	  2.1629684259229207e+000	  2.1625804900111478e+000	  2.1618807315562267e+000	  2.0316298371048216e+000	  1.9892586078849641e+000	  2.1792661253453525e+000	  2.2399435681392719e+000	
  1.9568446584927432e+000	  1.9656695558041104e+000	  1.8717942063228876e+000	  2.1621059100452173e+000	  2.1769814503750244e+000	  2.0637151684522879e+000	  2.1705781288070485e+000	  2.1711072332126062e+000	  2.1692755052283457e+000	  2.0392562711324613e+000	  1.9987329395410671e+000	  2.1900232867509715e+000	  2.2514966951279769e+000	
  1.9643339160550641e+000	  1.9742371325318904e+000	  1.8787488435673843e+000	  2.1705766853354724e+000	  2.1868495561636250e+000	  2.0716002295059726e+000	  2.1781432480700014e+000	  2.1796639178326989e+000	  2.1767932758890027e+000	  2.0466972320639121e+000	  2.0079330908214210e+000	  2.2006623982348916e+000	  2.2629322855943372e+000	
  1.9717157426526029e+000	  1.9827697000305111e+000	  1.8857497063343449e+000	  2.1789317614513752e+000	  2.1966445727024180e+000	  2.0795149442948997e+000	  2.1857001475719224e+000	  2.1882341451996239e+000	  2.1844120138100669e+000	  2.0541633248538966e+000	  2.0170321921766097e+000	  2.2111613119098283e+000	  2.2742186530512165e+000	
  1.9766211716973308e+000	  1.9884524157462597e+000	  1.8904420841066374e+000	  2.1845675810583387e+000	  2.2032510178558531e+000	  2.0848998425790430e+000	  2.1908567578530445e+000	  2.1940541767909503e+000	  2.1896451140387354e+000	  2.0591759529514917e+000	  2.0230629474651733e+000	  2.2182057003820130e+000	  2.2817932235349305e+000	
  1.9778930741650198e+000	  1.9900321048849570e+000	  1.8917358994906808e+000	  2.1860313664816378e+000	  2.2055480795586484e+000	  2.0868129544311338e+000	  2.1892178338845425e+000	  2.1961457761183594e+000	  2.1915598128064131e+000	  2.0605974829047042e+000	  2.0247480686228769e+000	  2.2206106940359849e+000	  2.2844032844799540e+000	
  1.9787660051501581e+000	  1.9913275253036355e+000	  1.8928319212567086e+000	  2.1863270539886646e+000	  2.2076344257268605e+000	  2.0886146746895107e+000	  2.1851456306229133e+000	  2.1981655726462441e+000	  2.1934595872684026e+000	  2.0618052575569870e+000	  2.0261044014645253e+000	  2.2227250507933864e+000	  2.2867322571707476e+000	
  1.9792181130203981e+000	  1.9923971156141933e+000	  1.8937805663606262e+000	  2.1855495867896839e+000	  2.2094813719102966e+000	  2.0902831837667897e+000	  2.1809379387761125e+000	  2.2000831455495806e+000	  2.1953353450338100e+000	  2.0628067228083649e+000	  2.0271836478206073e+000	  2.2245156311728027e+000	  2.2887278210457018e+000	
  1.9793542417577896e+000	  1.9933529181554484e+000	  1.8946822152347942e+000	  2.1842848248237554e+000	  2.2111196646323381e+000	  2.0918308181931180e+000	  2.1776827040156173e+000	  2.2018797291907952e+000	  2.1971799717436848e+000	  2.0636859646475298e+000	  2.0280989524424604e+000	  2.2260328064416384e+000	  2.2904177059605955e+000	
  1.9792751646049942e+000	  1.9942203938738645e+000	  1.8955603017295386e+000	  2.1830543081392229e+000	  2.2125936834905771e+000	  2.0932839846772415e+000	  2.1753564212426419e+000	  2.2035500438795586e+000	  2.1989893337612441e+000	  2.0644872743430467e+000	  2.0288868747898530e+000	  2.2273473378712660e+000	  2.2918615454133255e+000	
  1.9789703322784495e+000	  1.9954227051877840e+000	  1.8969026464942798e+000	  2.1815097372678114e+000	  2.2146884666209594e+000	  2.0954775436396300e+000	  2.1726396641032681e+000	  2.2059886228751209e+000	  2.2018192538573822e+000	  2.0656761343260786e+000	  2.0299227155032535e+000	  2.2291536982330684e+000	  2.2938006883916282e+000	
  1.9785610518914343e+000	  1.9963772066413046e+000	  1.8981360453354181e+000	  2.1804052712518356e+000	  2.2164654190235722e+000	  2.0975149349231024e+000	  2.1709190253591073e+000	  2.2081452942270863e+000	  2.2045512015597390e+000	  2.0667476726256351e+000	  2.0306772124661236e+000	  2.2306127656252510e+000	  2.2953242862398691e+000	
  1.9781796080717378e+000	  1.9971324328980016e+000	  1.8992905243029468e+000	  2.1796714582096972e+000	  2.2179647180006654e+000	  2.0994210061883907e+000	  2.1699114493946361e+000	  2.2100530029596235e+000	  2.2071847293921549e+000	  2.0677523466459213e+000	  2.0312101629871062e+000	  2.2317776749425593e+000	  2.2965078754569332e+000	
  1.9778783263725721e+000	  1.9977182260364477e+000	  1.9003773210255797e+000	  2.1792526186914132e+000	  2.2192289989684091e+000	  2.1012162775257748e+000	  2.1694323616717290e+000	  2.2117472374501981e+000	  2.2097216114162133e+000	  2.0687123990850953e+000	  2.0315588403757228e+000	  2.2326990741921722e+000	  2.2974158114831891e+000	
  1.9775830940969374e+000	  1.9984490901675316e+000	  1.9021806880948213e+000	  2.1791026217767930e+000	  2.2210395089327797e+000	  2.1041914337666823e+000	  2.1694295579243916e+000	  2.2143533113349863e+000	  2.2140042585421744e+000	  2.0703541802904506e+000	  2.0318485547482115e+000	  2.2338960424451551e+000	  2.2985361558542206e+000	
  1.9775510639405280e+000	  1.9988709057538836e+000	  1.9038439355992023e+000	  2.1795301884639708e+000	  2.2224131373146028e+000	  2.1069355349551557e+000	  2.1701824890452071e+000	  2.2165463405307220e+000	  2.2180147897385072e+000	  2.0719256108078441e+000	  2.0318155274392371e+000	  2.2346599007160015e+000	  2.2991735783972360e+000	
  1.9777147127876800e+000	  1.9990824684252648e+000	  1.9053920137584994e+000	  2.1803229923455221e+000	  2.2234845402125782e+000	  2.1094951225970657e+000	  2.1713558946310938e+000	  2.2184430341559476e+000	  2.2217748121553389e+000	  2.0734355759194862e+000	  2.0315701099352919e+000	  2.2351334069467348e+000	  2.2994903645792739e+000	
  1.9780082436254698e+000	  1.9991593519818358e+000	  1.9068446534742800e+000	  2.1813246486809654e+000	  2.2243528205027312e+000	  2.1119026867233828e+000	  2.1727410666591447e+000	  2.2201288233818834e+000	  2.2253053231109292e+000	  2.0748886075634290e+000	  2.0311955000369308e+000	  2.2354203682921083e+000	  2.2996038952541329e+000	
  1.9786794201972544e+000	  1.9990569300688703e+000	  1.9093807142912216e+000	  2.1834375563173518e+000	  2.2256719778713481e+000	  2.1161845327428725e+000	  2.1755577889509246e+000	  2.2229858461154293e+000	  2.2315495110176351e+000	  2.0774833747625547e+000	  2.0302441167232423e+000	  2.2356574087493493e+000	  2.2994945049102293e+000	
  1.9795320372452851e+000	  1.9989183803663400e+000	  1.9117477397741982e+000	  2.1856800357465103e+000	  2.2267688511076766e+000	  2.1200975462704119e+000	  2.1784153868929210e+000	  2.2254977908703331e+000	  2.2371300383724546e+000	  2.0799711104924596e+000	  2.0293246075923759e+000	  2.2357741471263446e+000	  2.2992628737574052e+000	
  1.9803388870995378e+000	  1.9987316492332503e+000	  1.9138733312442524e+000	  2.1878613509052180e+000	  2.2277588397264805e+000	  2.1236929713097616e+000	  2.1811510330899191e+000	  2.2277868177827109e+000	  2.2421451565978723e+000	  2.0822536011651009e+000	  2.0284257554131435e+000	  2.2358669674993044e+000	  2.2990277922142632e+000	
  1.9810523040217867e+000	  1.9985169809700931e+000	  1.9157814462531262e+000	  2.1898947377590083e+000	  2.2286612519924072e+000	  2.1269901956572488e+000	  2.1836976485182182e+000	  2.2298887213167689e+000	  2.2466723228689576e+000	  2.0843375079662079e+000	  2.0275557649820772e+000	  2.2359369607873187e+000	  2.2987963557463797e+000	
  1.9817973028729863e+000	  1.9981172941929377e+000	  1.9179891917827576e+000	  2.1923309305390335e+000	  2.2296929557991776e+000	  2.1309598877780798e+000	  2.1867733857879021e+000	  2.2324150225223383e+000	  2.2520852713021555e+000	  2.0867924051656033e+000	  2.0263393743032800e+000	  2.2359240440342649e+000	  2.2984172776334555e+000	
  1.9824427509226190e+000	  1.9977502982657771e+000	  1.9199474360111448e+000	  2.1945225614485264e+000	  2.2306267989368620e+000	  2.1345079930286346e+000	  2.1895216575423806e+000	  2.2346800049683506e+000	  2.2568502972808004e+000	  2.0890214997165524e+000	  2.0252460751644548e+000	  2.2359294817281730e+000	  2.2980909312903264e+000	
  1.9828884724570781e+000	  1.9973121727625707e+000	  1.9215842918776238e+000	  2.1964554686785003e+000	  2.2314407434912469e+000	  2.1376609419839525e+000	  2.1919644166296508e+000	  2.2367028603779193e+000	  2.2610605943486188e+000	  2.0909494702320477e+000	  2.0241509389024999e+000	  2.2358966313448478e+000	  2.2977606205445524e+000	
  1.9831507717105357e+000	  1.9967901148797358e+000	  1.9229318581413064e+000	  2.1981271164273961e+000	  2.2321044405529640e+000	  2.1404368137921437e+000	  2.1941108164699741e+000	  2.2384783378874116e+000	  2.2647852912609481e+000	  2.0926006608145795e+000	  2.0230235437264978e+000	  2.2357759863207569e+000	  2.2973712663295793e+000	
  1.9831507392408603e+000	  1.9956447292300545e+000	  1.9245063843234524e+000	  2.2002627243734265e+000	  2.2327647743551680e+000	  2.1441678585614539e+000	  2.1969446687345848e+000	  2.2407821904764846e+000	  2.2699030902612742e+000	  2.0946592390083278e+000	  2.0209770540194625e+000	  2.2352655572352966e+000	  2.2964760150334089e+000	
  1.9829686719458735e+000	  1.9945242730095118e+000	  1.9256763274844331e+000	  2.2019646748306854e+000	  2.2332271669640353e+000	  2.1472181550917910e+000	  2.1992218906295533e+000	  2.2426160685619880e+000	  2.2740937498967311e+000	  2.0963383129140798e+000	  2.0191113696149676e+000	  2.2347602528941621e+000	  2.2956330269082135e+000	
  1.9823756597067919e+000	  1.9931428915120390e+000	  1.9262569863012595e+000	  2.2031661914310843e+000	  2.2333612769523978e+000	  2.1495905367739567e+000	  2.2009512271435940e+000	  2.2439690728087109e+000	  2.2774752306191166e+000	  2.0974333157316711e+000	  2.0170774202055370e+000	  2.2340288812804059e+000	  2.2946093910294989e+000	
  1.9814415169415287e+000	  1.9915141026771706e+000	  1.9263534276874419e+000	  2.2038734400530675e+000	  2.2331197766444459e+000	  2.1513265343459098e+000	  2.2021320604865156e+000	  2.2448225914134809e+000	  2.2801359414044238e+000	  2.0980250295610801e+000	  2.0148626097931910e+000	  2.2330056405359615e+000	  2.2933272942191549e+000	
  1.9795687350468616e+000	  1.9887803853579149e+000	  1.9257737394733796e+000	  2.2041238626048800e+000	  2.2321853979999986e+000	  2.1528703679665915e+000	  2.2029635753304624e+000	  2.2452503575351672e+000	  2.2828641341672244e+000	  2.0981044288683610e+000	  2.0113998157308930e+000	  2.2310969474665212e+000	  2.2910955982260890e+000	
  1.9773414757478316e+000	  1.9859278377688745e+000	  1.9246392853215437e+000	  2.2037440639938519e+000	  2.2308858919352343e+000	  2.1535725686705853e+000	  2.2030534988714279e+000	  2.2450283252574219e+000	  2.2845386470886124e+000	  2.0976070672217437e+000	  2.0079856729928052e+000	  2.2290377400694710e+000	  2.2887603343739822e+000	
  1.9760697487124297e+000	  1.9844360584949772e+000	  1.9238695901618725e+000	  2.2033566020497619e+000	  2.2301286993386578e+000	  2.1536749854737010e+000	  2.2028817030320296e+000	  2.2447323774006405e+000	  2.2850746131308379e+000	  2.0971747939540597e+000	  2.0062651260598252e+000	  2.2279616827037021e+000	  2.2875547797631079e+000	
  1.9756236619371430e+000	  1.9836991045039933e+000	  1.9235018735271567e+000	  2.2039066230798117e+000	  2.2297797806149289e+000	  2.1537791890721825e+000	  2.2046051258420816e+000	  2.2445700318644080e+000	  2.2853718190411727e+000	  2.0970719371926507e+000	  2.0054040712554202e+000	  2.2274624013533928e+000	  2.2869891418574753e+000	
  1.9756545136038715e+000	  1.9833193035506846e+000	  1.9233210327992669e+000	  2.2049650447131444e+000	  2.2297691826392376e+000	  2.1540172802752369e+000	  2.2063320384276106e+000	  2.2446012852979025e+000	  2.2856715390209996e+000	  2.0972098209348489e+000	  2.0049608510668153e+000	  2.2273965791499641e+000	  2.2869085833382399e+000	
  1.9758791105957456e+000	  1.9832245022146924e+000	  1.9232507042140989e+000	  2.2059534169585793e+000	  2.2300888484689945e+000	  2.1543835301854610e+000	  2.2074158403971142e+000	  2.2448669679827993e+000	  2.2860238615247890e+000	  2.0974844861636988e+000	  2.0048601386308040e+000	  2.2277303888616555e+000	  2.2872791543844131e+000	
  1.9760520737076583e+000	  1.9832953543955110e+000	  1.9232178435037772e+000	  2.2066930924679626e+000	  2.2306259638812107e+000	  2.1548236806593546e+000	  2.2080416996394456e+000	  2.2453065967908583e+000	  2.2864431381035635e+000	  2.0977885387329271e+000	  2.0049562847647495e+000	  2.2283091319315114e+000	  2.2879257231225654e+000	
  1.9761100839933856e+000	  1.9834632854508580e+000	  1.9231935245023344e+000	  2.2073045954351662e+000	  2.2313457856720111e+000	  2.1553493929512260e+000	  2.2085112134059401e+000	  2.2459009773804253e+000	  2.2869785842912744e+000	  2.0981148314133824e+000	  2.0051650260946525e+000	  2.2290805929652269e+000	  2.2887864493926302e+000	
  1.9760643380561602e+000	  1.9836287676492843e+000	  1.9231600774910071e+000	  2.2078306075008847e+000	  2.2320767552376526e+000	  2.1558777750140501e+000	  2.2089485425646043e+000	  2.2465107823543389e+000	  2.2875623991684075e+000	  2.0984107259174771e+000	  2.0053698179273307e+000	  2.2298556983662103e+000	  2.2896508777281306e+000	
  1.9759977136912643e+000	  1.9837584079040731e+000	  1.9231205790958621e+000	  2.2083497549755040e+000	  2.2327680576646145e+000	  2.1563988517987807e+000	  2.2094028921594666e+000	  2.2470921113986448e+000	  2.2881707758101300e+000	  2.0986910811133064e+000	  2.0055336737983840e+000	  2.2305840692702956e+000	  2.2904644221363863e+000	
  1.9759427165242875e+000	  1.9838568186324181e+000	  1.9230769956482323e+000	  2.2088712197162108e+000	  2.2334231582836712e+000	  2.1569143998966958e+000	  2.2098540801238546e+000	  2.2476475329108156e+000	  2.2887900608947289e+000	  2.0989655177814397e+000	  2.0056628438982749e+000	  2.2312721827804816e+000	  2.2912339181737233e+000	
  1.9758924165348084e+000	  1.9839378333089197e+000	  1.9230283892308118e+000	  2.2093845887977208e+000	  2.2340576510220269e+000	  2.1574245581082052e+000	  2.2102906500351769e+000	  2.2481903437317925e+000	  2.2894142154662354e+000	  2.0992349148205300e+000	  2.0057722622304417e+000	  2.2319363936307637e+000	  2.2919763520437622e+000	
  1.9757752298219033e+000	  1.9840574382596472e+000	  1.9229040008721892e+000	  2.2104058569283302e+000	  2.2352991084052074e+000	  2.1584392818231835e+000	  2.2111626433145180e+000	  2.2492652047835686e+000	  2.2906934255239260e+000	  2.0997607541005658e+000	  2.0059422287659863e+000	  2.2332273582916509e+000	  2.2934186325440793e+000	
  1.9754666509833698e+000	  1.9839897325480429e+000	  1.9226474651496599e+000	  2.2111456857441825e+000	  2.2363587288961750e+000	  2.1593400127387086e+000	  2.2116193111777140e+000	  2.2502222358711759e+000	  2.2919227544729459e+000	  2.1001408296715312e+000	  2.0059027222750725e+000	  2.2342991181301470e+000	  2.2946235074264631e+000	
  1.9749874774836109e+000	  1.9837255675483068e+000	  1.9222696588273473e+000	  2.2116863857604709e+000	  2.2371761946876840e+000	  2.1600891387109979e+000	  2.2119944047272107e+000	  2.2509933971295375e+000	  2.2930488830507967e+000	  2.1003787984130713e+000	  2.0056447465642999e+000	  2.2350980562423515e+000	  2.2955264676114591e+000	
  1.9744109925400510e+000	  1.9832713225957626e+000	  1.9217652831029139e+000	  2.2121757039470538e+000	  2.2377588007596643e+000	  2.1606803756174902e+000	  2.2124345594776731e+000	  2.2515666272236228e+000	  2.2940321999851472e+000	  2.1004761308953919e+000	  2.0051794538428527e+000	  2.2356411414813016e+000	  2.2961518803094507e+000	
  1.9738153593434289e+000	  1.9827287622068388e+000	  1.9211866345085198e+000	  2.2126214501296930e+000	  2.2382000465255940e+000	  2.1611463660118884e+000	  2.2128277108201932e+000	  2.2520008824195306e+000	  2.2948705289552298e+000	  2.1004880147837528e+000	  2.0046238373637539e+000	  2.2360452491949676e+000	  2.2966308304726160e+000	
  1.9727779074417309e+000	  1.9818020072489198e+000	  1.9201546551287851e+000	  2.2131299990755222e+000	  2.2387531155956517e+000	  2.1616856566988472e+000	  2.2132179448330471e+000	  2.2525168608107995e+000	  2.2959511494170708e+000	  2.1003593520214192e+000	  2.0036928839467443e+000	  2.2365626765879432e+000	  2.2972651169664062e+000	
  1.9716844868938688e+000	  1.9809033540175871e+000	  1.9190502639959419e+000	  2.2134776406373935e+000	  2.2392470001427389e+000	  2.1620587379372855e+000	  2.2134331554801396e+000	  2.2529277700404524e+000	  2.2968168771698720e+000	  2.1001433828934668e+000	  2.0028219224305208e+000	  2.2370597296286605e+000	  2.2978778213892994e+000	
  1.9704638942073647e+000	  1.9798818867239862e+000	  1.9178017357390247e+000	  2.2136505983537980e+000	  2.2395606706836362e+000	  2.1622335909253976e+000	  2.2135034805527627e+000	  2.2531703597956994e+000	  2.2974941431969746e+000	  2.0997568842691070e+000	  2.0018275972174484e+000	  2.2373704931519929e+000	  2.2982972104866448e+000	
  1.9691237989256056e+000	  1.9787050918637181e+000	  1.9164254643930858e+000	  2.2136248755031511e+000	  2.2396363593508868e+000	  2.1621992775126531e+000	  2.2133836015687915e+000	  2.2531880513945124e+000	  2.2979656838289184e+000	  2.0991971759317760e+000	  2.0006734244296185e+000	  2.2374403451279230e+000	  2.2984646548038619e+000	
  1.9676929389557523e+000	  1.9774390635707086e+000	  1.9149566495034989e+000	  2.2134260164003128e+000	  2.2395447501110746e+000	  2.1619928288516013e+000	  2.2130860188339594e+000	  2.2530248866251150e+000	  2.2982320332205197e+000	  2.0985032138596127e+000	  1.9994395882161504e+000	  2.2373585327597718e+000	  2.2984721663050722e+000	
  1.9656036921117748e+000	  1.9756082659055119e+000	  1.9128082850380694e+000	  2.2129234648663298e+000	  2.2392222062174945e+000	  2.1614696405414664e+000	  2.2124615896796551e+000	  2.2525909830804167e+000	  2.2983121112134333e+000	  2.0973720970986367e+000	  1.9976677120636819e+000	  2.2370661592282586e+000	  2.2982933479956680e+000	
  1.9634022699468803e+000	  1.9736892521456117e+000	  1.9105528618886933e+000	  2.2121896483481298e+000	  2.2386885533933882e+000	  2.1607126816110305e+000	  2.2116284779342590e+000	  2.2519432634661731e+000	  2.2981144957787660e+000	  2.0960700395276528e+000	  1.9958177568305178e+000	  2.2365733970472403e+000	  2.2979002577289798e+000	
  1.9610173318958009e+000	  1.9715716474470857e+000	  1.9081571947854303e+000	  2.2111653644967575e+000	  2.2378489624884788e+000	  2.1597060444208500e+000	  2.2105337652504757e+000	  2.2510121299014330e+000	  2.2976352569056804e+000	  2.0945281411402363e+000	  1.9937596043370391e+000	  2.2357636283378839e+000	  2.2971768949449274e+000	
  1.9585359469449253e+000	  1.9693622103752364e+000	  1.9057028599711137e+000	  2.2099191172966393e+000	  2.2367931565755383e+000	  2.1585088258201872e+000	  2.2092275740892724e+000	  2.2498557032537261e+000	  2.2968947995911360e+000	  2.0928373974595651e+000	  1.9916173672368593e+000	  2.2347525877219936e+000	  2.2962383912536004e+000	
  1.9559903493150541e+000	  1.9671087426372165e+000	  1.9031781232549452e+000	  2.2085100636528967e+000	  2.2355925455059191e+000	  2.1571388426689957e+000	  2.2077748161255424e+000	  2.2485476753853622e+000	  2.2959396183864040e+000	  2.0910300820087442e+000	  1.9894404679563582e+000	  2.2336074985611920e+000	  2.2951549228365122e+000	
  1.9525367619322493e+000	  1.9640366939502687e+000	  1.8997727274238472e+000	  2.2064102247614104e+000	  2.2337615893802312e+000	  2.1551039580978575e+000	  2.2056437344768072e+000	  2.2465910705118874e+000	  2.2944000525052628e+000	  2.0884748772433297e+000	  1.9864668889771138e+000	  2.2318460485179736e+000	  2.2934563410485791e+000	
  1.9490115056393833e+000	  1.9608551326164161e+000	  1.8963477777501871e+000	  2.2040696967222639e+000	  2.2316547988680080e+000	  2.1528748438848644e+000	  2.2032918962339045e+000	  2.2443853459433853e+000	  2.2925807925283661e+000	  2.0857580721964997e+000	  1.9833737170455614e+000	  2.2297988592761375e+000	  2.2914498321677863e+000	
  1.9454461324102696e+000	  1.9575798941296303e+000	  1.8928949391211660e+000	  2.2015273352343701e+000	  2.2293004953755742e+000	  2.1504567137665540e+000	  2.2007443125241708e+000	  2.2419533151279638e+000	  2.2905030185106900e+000	  2.0828995141993807e+000	  1.9801769945105916e+000	  2.2274958532856779e+000	  2.2891676002311434e+000	
  1.9419319154922909e+000	  1.9543257056178798e+000	  1.8894561196201520e+000	  2.1988800526054453e+000	  2.2268161137510165e+000	  2.1478952971403702e+000	  2.1980898283653936e+000	  2.2393962585256935e+000	  2.2882329106810806e+000	  2.0799922605185532e+000	  1.9770025905076145e+000	  2.2250670833863602e+000	  2.2867413722512535e+000	
  1.9384350108917592e+000	  1.9510622226074454e+000	  1.8860279970111298e+000	  2.1961185788690361e+000	  2.2241923297193043e+000	  2.1452114778871558e+000	  2.1953383974342793e+000	  2.2367258156064489e+000	  2.2858103162479937e+000	  2.0770211557351224e+000	  1.9738064459561324e+000	  2.2224846759362169e+000	  2.2841454959110403e+000	
  1.9330914727715041e+000	  1.9460629621218783e+000	  1.8808200154161205e+000	  2.1916553674278965e+000	  2.2199216451510302e+000	  2.1408896474723953e+000	  2.1909287349032693e+000	  2.2324036827227229e+000	  2.2818036861101367e+000	  2.0723699137422904e+000	  1.9689100543806834e+000	  2.2182787918503308e+000	  2.2798859733678567e+000	
  1.9278793299464698e+000	  1.9410633879331249e+000	  1.8757309690135795e+000	  2.1870291087016018e+000	  2.2153761567386545e+000	  2.1364005948475424e+000	  2.1863650295371491e+000	  2.2278720452150242e+000	  2.2775531371185931e+000	  2.0676436681343566e+000	  1.9639765913397365e+000	  2.2137596234157133e+000	  2.2752816232959772e+000	
  1.9263997337884289e+000	  1.9396423709533517e+000	  1.8742780050557406e+000	  2.1856586327458150e+000	  2.2140268488424377e+000	  2.1350581908912973e+000	  2.1850079925624977e+000	  2.2265187582650170e+000	  2.2762531132030048e+000	  2.0662752027532236e+000	  1.9625806153635947e+000	  2.2124281486041242e+000	  2.2739180846901155e+000	
  1.9247588968240290e+000	  1.9380235372800170e+000	  1.8726950415864207e+000	  2.1841518354805123e+000	  2.2125086729093630e+000	  2.1336169367015896e+000	  2.1835447003232535e+000	  2.2250479997681434e+000	  2.2748872022170921e+000	  2.0647342063455048e+000	  1.9609521452428920e+000	  2.2108811344931061e+000	  2.2723424760247841e+000	
  1.9235649549746121e+000	  1.9369604142842813e+000	  1.8717726101571264e+000	  2.1827037737571224e+000	  2.2116090266003106e+000	  2.1328844748151363e+000	  2.1812655663509508e+000	  2.2243048061104407e+000	  2.2743001694586416e+000	  2.0637831914153564e+000	  1.9598466671239012e+000	  2.2098898962195532e+000	  2.2713340543827005e+000	
  1.9217052300609099e+000	  1.9353784905757707e+000	  1.8705232637055900e+000	  2.1804251876443081e+000	  2.2101884517893473e+000	  2.1318507044650001e+000	  2.1784884138856633e+000	  2.2232026398955207e+000	  2.2735656857464748e+000	  2.0624255589845575e+000	  1.9581606442688262e+000	  2.2082778040723707e+000	  2.2696571801701388e+000	
  1.9195500619054584e+000	  1.9333802987218354e+000	  1.8690521570939611e+000	  2.1781083945198323e+000	  2.2082603442104864e+000	  2.1305295684953331e+000	  2.1763378702294371e+000	  2.2216795381888188e+000	  2.2726143159846433e+000	  2.0608033600071347e+000	  1.9560066167151371e+000	  2.2060990095075992e+000	  2.2673479167613166e+000	
  1.9175229955950930e+000	  1.9312037886785562e+000	  1.8675024117123873e+000	  2.1761439168444703e+000	  2.2060498119750793e+000	  2.1290377343273335e+000	  2.1747175362467011e+000	  2.2198707211243200e+000	  2.2714413378457246e+000	  2.0591173683092174e+000	  1.9536644515478501e+000	  2.2036456759131884e+000	  2.2647274131723605e+000	
  1.9156799508978712e+000	  1.9290367601743756e+000	  1.8659358817724851e+000	  2.1743515864426617e+000	  2.2037933429087766e+000	  2.1274739188692684e+000	  2.1731475485825871e+000	  2.2179704387831114e+000	  2.2700945291693118e+000	  2.0574408728951634e+000	  1.9513524302700560e+000	  2.2011850756447826e+000	  2.2621010823986829e+000	
  1.9135855909430628e+000	  1.9266269777046594e+000	  1.8641077264435235e+000	  2.1722231803289147e+000	  2.2012612390652815e+000	  2.1256214067964496e+000	  2.1711882640088476e+000	  2.2157942492583427e+000	  2.2684031910854956e+000	  2.0554920741226281e+000	  1.9488028588912452e+000	  2.1984537609672476e+000	  2.2591977745084444e+000	
  1.9114368607893761e+000	  1.9242982823622865e+000	  1.8622516787612795e+000	  2.1699859119588956e+000	  2.1987868306631388e+000	  2.1237060070678102e+000	  2.1691204384113014e+000	  2.2136279333164142e+000	  2.2666000591846402e+000	  2.0535104808252651e+000	  1.9463582102668240e+000	  2.1958087657449119e+000	  2.2563941761340622e+000	
  1.9092416186103380e+000	  1.9219736783710333e+000	  1.8603416764235521e+000	  2.1677070504611491e+000	  2.1963027210915045e+000	  2.1217167572347755e+000	  2.1670370038851821e+000	  2.2114251131820297e+000	  2.2647055194079528e+000	  2.0514749429131900e+000	  1.9439327506002000e+000	  2.1931700848423907e+000	  2.2536033085264302e+000	
  1.9070460842551131e+000	  1.9196286640718419e+000	  1.8583868840836426e+000	  2.1654155076001769e+000	  2.1937738515803269e+000	  2.1196554425866161e+000	  2.1649380620756231e+000	  2.2091641938039928e+000	  2.2627275070132540e+000	  2.0493955994332969e+000	  1.9414945430308568e+000	  2.1904969492991819e+000	  2.2507810962825578e+000	
  1.9048529356908550e+000	  1.9172757891736016e+000	  1.8564002709328717e+000	  2.1630976475265467e+000	  2.1912134134137644e+000	  2.1175356808399055e+000	  2.1627937640813144e+000	  2.2068572473757766e+000	  2.2606743455270530e+000	  2.0472812467902903e+000	  1.9390554092200074e+000	  2.1878036333406929e+000	  2.2479412929396889e+000	
  1.8992178822775743e+000	  1.9113153360850046e+000	  1.8512604450061418e+000	  2.1570616452353018e+000	  2.1846687006756329e+000	  2.1119847927329030e+000	  2.1571689897228148e+000	  2.2008890744530651e+000	  2.2552331906909724e+000	  2.0417755908484092e+000	  1.9329006782583205e+000	  2.1809598938218602e+000	  2.2407482842707163e+000	
  1.8938811221027518e+000	  1.9058101403668801e+000	  1.8462826343181242e+000	  2.1511469418601199e+000	  2.1784097581670183e+000	  2.1064069816723952e+000	  2.1516001588441140e+000	  2.1950369185070286e+000	  2.2496239012907426e+000	  2.0364676099791414e+000	  1.9273015632300710e+000	  2.1745364435567853e+000	  2.2339876263433851e+000	
  1.8883946096181274e+000	  1.9001525023668495e+000	  1.8411080104431712e+000	  2.1450644765291793e+000	  2.1719916204045382e+000	  2.1006263278099016e+000	  2.1458894688470416e+000	  2.1890506287438267e+000	  2.2438378112722077e+000	  2.0309175356345897e+000	  1.9215329762362490e+000	  2.1679220377267021e+000	  2.2270560162898119e+000	
  1.8829281664539146e+000	  1.8945033257105586e+000	  1.8359452110602674e+000	  2.1388702193263542e+000	  2.1654685168093337e+000	  2.0947255034173993e+000	  2.1400328246212652e+000	  2.1829180220218478e+000	  2.2378908561958766e+000	  2.0252994057993128e+000	  1.9157832031344855e+000	  2.1612311830600652e+000	  2.2200529647967553e+000	
  1.8819906545177387e+000	  1.8935494336735663e+000	  1.8350516610826086e+000	  2.1377119871636232e+000	  2.1642669924210987e+000	  2.0936016325605964e+000	  2.1389098762239178e+000	  2.1817444734831106e+000	  2.2367157444254389e+000	  2.0243163806488185e+000	  1.9148339319931802e+000	  2.1600391628983027e+000	  2.2187935874571791e+000	
  1.8813524511591313e+000	  1.8929055209823313e+000	  1.8344401196043365e+000	  2.1370452749385951e+000	  2.1635775036868630e+000	  2.0929634936310872e+000	  2.1382818323186674e+000	  2.1810883653274993e+000	  2.2360590377492486e+000	  2.0236641807115685e+000	  1.9141923914521211e+000	  2.1593385644457479e+000	  2.2180617452080251e+000	
  1.8811415882059890e+000	  1.8926917050578966e+000	  1.8342388473935212e+000	  2.1368180953007379e+000	  2.1633414734860916e+000	  2.0927483847656521e+000	  2.1380724638223492e+000	  2.1808696679768524e+000	  2.2358426579031385e+000	  2.0234473952024659e+000	  1.9139746630731997e+000	  2.1590930907947246e+000	  2.2178075000977779e+000	
  1.8809583336488451e+000	  1.8924842872520611e+000	  1.8340471073790334e+000	  2.1366052420904347e+000	  2.1631010005062681e+000	  2.0925308592271632e+000	  2.1379553259552417e+000	  2.1806489509855975e+000	  2.2356259628995665e+000	  2.0232599405265170e+000	  1.9137426518303424e+000	  2.1588338759024346e+000	  2.2174261416055661e+000	
  1.8808261214379884e+000	  1.8922708709795562e+000	  1.8338551892357120e+000	  2.1364324389743268e+000	  2.1628555561928620e+000	  2.0923122702359538e+000	  2.1379493647475956e+000	  2.1804264634571870e+000	  2.2354100945131741e+000	  2.0231088959061898e+000	  1.9134602538552903e+000	  2.1585527377274083e+000	  2.2167456262301917e+000	
  1.8807686953046685e+000	  1.8920478348631515e+000	  1.8336623755366752e+000	  2.1363156392580271e+000	  2.1626026727700172e+000	  2.0920931493512800e+000	  2.1380081083287465e+000	  2.1802030303099964e+000	  2.2351961379525225e+000	  2.0229900991667709e+000	  1.9131331534670244e+000	  2.1582459796995623e+000	  2.2159064720659640e+000	
  1.8808000410316519e+000	  1.8917589173665554e+000	  1.8334241804621099e+000	  2.1362488165046938e+000	  2.1622799301150155e+000	  2.0918231963322000e+000	  2.1380978630499281e+000	  2.1799308818824401e+000	  2.2349367793634438e+000	  2.0228699605143006e+000	  1.9127141911458456e+000	  2.1578442207975752e+000	  2.2149586661183731e+000	
  1.8809139391432730e+000	  1.8914556221891463e+000	  1.8331834998424690e+000	  2.1362495535504786e+000	  2.1619468002342517e+000	  2.0915526899338026e+000	  2.1381740182179003e+000	  2.1796658599190226e+000	  2.2346821117571993e+000	  2.0227626360299533e+000	  1.9123046716663259e+000	  2.1574322376262236e+000	  2.2141860275368308e+000	
  1.8810742294561345e+000	  1.8911453227439350e+000	  1.8329412628946162e+000	  2.1362939623636321e+000	  2.1616089412043928e+000	  2.0912816457016614e+000	  2.1382249065445480e+000	  2.1794110090541867e+000	  2.2344322975579307e+000	  2.0226590325631606e+000	  1.9119168771875510e+000	  2.1570246393272718e+000	  2.2135648446721126e+000	
  1.8812504829128083e+000	  1.8908355331930942e+000	  1.8326980520452629e+000	  2.1363597771182454e+000	  2.1612725768546310e+000	  2.0910101932055825e+000	  2.1382514521118106e+000	  2.1791672076246740e+000	  2.2341872064731252e+000	  2.0225544389481671e+000	  1.9115508187407462e+000	  2.1566288824354909e+000	  2.2130392006972812e+000	
  1.8816125681943021e+000	  1.8901585198459632e+000	  1.8321432712515413e+000	  2.1365003011502752e+000	  2.1605325445948496e+000	  2.0903899353310860e+000	  2.1382403958051985e+000	  2.1786440755706842e+000	  2.2336423634885789e+000	  2.0223007081498792e+000	  1.9107787888444472e+000	  2.1557754874033161e+000	  2.2119954932925960e+000	
  1.8818779101080854e+000	  1.8895301429221192e+000	  1.8315919046673272e+000	  2.1365834644329413e+000	  2.1598376957552539e+000	  2.0897722685252824e+000	  2.1381437207456426e+000	  2.1781572518384378e+000	  2.2331164232819609e+000	  2.0220209400971489e+000	  1.9100817741647074e+000	  2.1549865562524158e+000	  2.2111018556976361e+000	
  1.8820200869326515e+000	  1.8889509182033284e+000	  1.8310485987103302e+000	  2.1365736295673363e+000	  2.1591866348756668e+000	  2.0891600034916893e+000	  2.1379785474808912e+000	  2.1776915750335988e+000	  2.2326052824414728e+000	  2.0217131654700076e+000	  1.9094429671426534e+000	  2.1542514087813065e+000	  2.2102872150862840e+000	
  1.8820465167130165e+000	  1.8884105833471918e+000	  1.8305159708897654e+000	  2.1364689191142334e+000	  2.1585694619011675e+000	  2.0885554350389000e+000	  2.1377576364830788e+000	  2.1772350613764662e+000	  2.2321051396009968e+000	  2.0213794910110496e+000	  1.9088480758974395e+000	  2.1535577216236530e+000	  2.2095240133425031e+000	
  1.8820480808329050e+000	  1.8883116619739257e+000	  1.8304159544591689e+000	  2.1364368210109848e+000	  2.1584454653876106e+000	  2.0884313478198764e+000	  2.1377056977845252e+000	  2.1771410902568293e+000	  2.2320024083893713e+000	  2.0213154432620701e+000	  1.9087297902178366e+000	  2.1534124320801729e+000	  2.2093532646372926e+000	
  1.8820355392409736e+000	  1.8882016542438620e+000	  1.8303064357865981e+000	  2.1364015928944000e+000	  2.1583208937252998e+000	  2.0883079325427771e+000	  2.1376521431949622e+000	  2.1770467975950076e+000	  2.2319000140785672e+000	  2.0212413576977792e+000	  1.9085855203917597e+000	  2.1532555268026519e+000	  2.2091520760147927e+000	
  1.8820193955066309e+000	  1.8880891619132407e+000	  1.8301974323618995e+000	  2.1363628960030430e+000	  2.1581938138494716e+000	  2.0881848521397388e+000	  2.1375967226207631e+000	  2.1769516514999827e+000	  2.2317978469012569e+000	  2.0211653611006493e+000	  1.9084226452158468e+000	  2.1530853197648656e+000	  2.2089202371506311e+000	
  1.8820002387141155e+000	  1.8879733323633019e+000	  1.8300893537555583e+000	  2.1363208340963151e+000	  2.1580631522252940e+000	  2.0880620386082733e+000	  2.1375393591074627e+000	  2.1768553337509111e+000	  2.2316958617800950e+000	  2.0210878328001991e+000	  1.9082457654912588e+000	  2.1529039735164153e+000	  2.2086658270959378e+000	
  1.8819278838589475e+000	  1.8876232586157149e+000	  1.8297847631206907e+000	  2.1361849530744013e+000	  2.1576722468118983e+000	  2.0877150580974546e+000	  2.1373657665129930e+000	  2.1765742690551266e+000	  2.2314070200829614e+000	  2.0208568833133875e+000	  1.9077188343345548e+000	  2.1523615723946521e+000	  2.2079093872443822e+000	
  1.8818363994017835e+000	  1.8872552217008352e+000	  1.8294888178206830e+000	  2.1360277160722640e+000	  2.1572592190083419e+000	  2.0873713468223958e+000	  2.1371771113442684e+000	  2.1762826545143361e+000	  2.2311187895550937e+000	  2.0206170956919309e+000	  1.9071904769477803e+000	  2.1518041119584161e+000	  2.2071542443658387e+000	
  1.8817246800110032e+000	  1.8868780460738086e+000	  1.8291979558843519e+000	  2.1358518574827436e+000	  2.1568350988496108e+000	  2.0870314606600604e+000	  2.1369744942003850e+000	  2.1759820088751085e+000	  2.2308307263131502e+000	  2.0203687692560757e+000	  1.9066874606829258e+000	  2.1512589477468294e+000	  2.2064514985181041e+000	
  1.8815943748170072e+000	  1.8865019933183698e+000	  1.8289114857020898e+000	  2.1356590927210570e+000	  2.1564098213098881e+000	  2.0866953953405867e+000	  2.1367592226844785e+000	  2.1756744312323359e+000	  2.2305424530796434e+000	  2.0201144033741660e+000	  1.9062174141595818e+000	  2.1507373043043363e+000	  2.2058120458978645e+000	
  1.8812292397386847e+000	  1.8856617749116207e+000	  1.8282604153354749e+000	  2.1351587776753025e+000	  2.1554535006351463e+000	  2.0859333366184991e+000	  2.1362243754530330e+000	  2.1749513362219739e+000	  2.2298771406350815e+000	  2.0195101004520550e+000	  1.9052294792643305e+000	  2.1496186029430535e+000	  2.2045114594742712e+000	
  1.8808058811726411e+000	  1.8848766580413758e+000	  1.8276360241183447e+000	  2.1345966512239789e+000	  2.1545371160952849e+000	  2.0851872975398962e+000	  2.1356467588884320e+000	  2.1742168727091413e+000	  2.2292081846048784e+000	  2.0189018740755809e+000	  1.9043586944334265e+000	  2.1485984680090207e+000	  2.2033864357817023e+000	
  1.8803313458048831e+000	  1.8841307053185381e+000	  1.8270243790199225e+000	  2.1339886453075239e+000	  2.1536577674343529e+000	  2.0844544945850649e+000	  2.1350395499398043e+000	  2.1734799501842419e+000	  2.2285351582064097e+000	  2.0182853954693791e+000	  1.9035556602922941e+000	  2.1476451472953939e+000	  2.2023583399466928e+000	
  1.8798200041190345e+000	  1.8834117931188268e+000	  1.8264226770439296e+000	  2.1333465360450137e+000	  2.1528032430475688e+000	  2.0837311003115846e+000	  2.1344115227560359e+000	  2.1727436614873494e+000	  2.2278576888708286e+000	  2.0176626726396791e+000	  1.9027920150811761e+000	  2.1467306224576173e+000	  2.2013808550414007e+000	
  1.8782122459609283e+000	  1.8813737411361280e+000	  1.8247044941582333e+000	  2.1313750900756916e+000	  2.1503746169213511e+000	  2.0816650023179664e+000	  2.1325245185177244e+000	  2.1706124545141567e+000	  2.2258805836524016e+000	  2.0158190892732022e+000	  1.9006423730643693e+000	  2.1441481271070888e+000	  2.1986405586198785e+000	
  1.8765712588073684e+000	  1.8794741429070243e+000	  1.8230843195149773e+000	  2.1293366538806024e+000	  2.1480386458122172e+000	  2.0796479425268521e+000	  2.1305930080228017e+000	  2.1685024153239709e+000	  2.2238756586388022e+000	  2.0140142882849181e+000	  1.8986651717502003e+000	  2.1417053090576421e+000	  2.1960543244102348e+000	
  1.8748792332819639e+000	  1.8775979212257425e+000	  1.8214668422941462e+000	  2.1272620640168896e+000	  2.1457344125597455e+000	  2.0776443883561337e+000	  2.1286430379199479e+000	  2.1664035490912532e+000	  2.2218471432398528e+000	  2.0121857017585585e+000	  1.8967245800361392e+000	  2.1393062083068228e+000	  2.1935192790128215e+000	
  1.8731653810379489e+000	  1.8757300901364049e+000	  1.8198505353439436e+000	  2.1251574528566044e+000	  2.1434278130688109e+000	  2.0756312528392562e+000	  2.1266724539646900e+000	  2.1642968397175490e+000	  2.2197951461143175e+000	  2.0103390338996290e+000	  1.8947939406654788e+000	  2.1369063195299809e+000	  2.1909873183109139e+000	
  1.8700148319971779e+000	  1.8723439316699289e+000	  1.8169162708602380e+000	  2.1212807129651905e+000	  2.1392282376058831e+000	  2.0719564110541580e+000	  2.1230454167121042e+000	  2.1604412682573884e+000	  2.2160278691722968e+000	  2.0069446211834276e+000	  1.8912977665414610e+000	  2.1325453063364677e+000	  2.1863953223300086e+000	
  1.8669520247553044e+000	  1.8690887174616047e+000	  1.8140595484321849e+000	  2.1174265614682644e+000	  2.1350981270799587e+000	  2.0682905230522843e+000	  2.1194187146793513e+000	  2.1565954274048500e+000	  2.2122169757197518e+000	  2.0036107329781192e+000	  1.8879611396825133e+000	  2.1282988957224389e+000	  2.1819201062684153e+000	
  1.8638899145146615e+000	  1.8658683125555406e+000	  1.8111886659557566e+000	  2.1135782421855160e+000	  2.1310095586716309e+000	  2.0646190471311794e+000	  2.1158032811058174e+000	  2.1527723861886270e+000	  2.2083827004973466e+000	  2.0002579332908601e+000	  1.8846715212717284e+000	  2.1241039017232062e+000	  2.1775075992902888e+000	
  1.8608317221211568e+000	  1.8626646375045774e+000	  1.8083248563074832e+000	  2.1097046293530037e+000	  2.1269120012170721e+000	  2.0609238851943150e+000	  2.1121650732199528e+000	  2.1489360783648142e+000	  2.2045248062173934e+000	  1.9968892715589956e+000	  1.8813958622244442e+000	  2.1198990330904515e+000	  2.1730911065581671e+000	
  1.8578087413495361e+000	  1.8595075992648129e+000	  1.8055006187860529e+000	  2.1058327439572904e+000	  2.1228332274690684e+000	  2.0572333426736447e+000	  2.1085145549022739e+000	  2.1450926954309648e+000	  2.2006480815706295e+000	  1.9935346181305418e+000	  1.8781747360531964e+000	  2.1157299248248860e+000	  2.1687131518185709e+000	
  1.8522847470899810e+000	  1.8537738679649298e+000	  1.8003219277649272e+000	  2.0986775202394412e+000	  2.1153432616840457e+000	  2.0503925071272544e+000	  2.1017531734471460e+000	  2.1379857754392373e+000	  2.1934008395272109e+000	  1.9873419591893076e+000	  1.8723478973421424e+000	  2.1081087297732943e+000	  2.1607151536033156e+000	
  1.8471036374607490e+000	  1.8484366846325966e+000	  1.7954019050426044e+000	  2.0918018467367374e+000	  2.1081956844948579e+000	  2.0437439627398457e+000	  2.0952422417575569e+000	  2.1311477376308465e+000	  2.1862853413374421e+000	  1.9814314451408566e+000	  1.8669579373654013e+000	  2.1008837513582388e+000	  2.1531242401476116e+000	
  1.8456049798702976e+000	  1.8468944246203052e+000	  1.7939643162584218e+000	  2.0897971658640584e+000	  2.1061133970801129e+000	  2.0417905293400436e+000	  2.0933484026833713e+000	  2.1291561501308078e+000	  2.1841948118936831e+000	  1.9797043312809641e+000	  1.8654027957165620e+000	  2.0987788546960351e+000	  2.1509124422718422e+000	
  1.8440187275982765e+000	  1.8452449078035931e+000	  1.7924623205508625e+000	  2.0877299350596941e+000	  2.1039497534689624e+000	  2.0398013647021407e+000	  2.0914085473849400e+000	  2.1271171555344268e+000	  2.1820994985475486e+000	  1.9778907572581810e+000	  1.8637200554917397e+000	  2.0965631259098498e+000	  2.1485948893969318e+000	
  1.8424603269751609e+000	  1.8436134571330065e+000	  1.7910104776232723e+000	  2.0856411946613460e+000	  2.1017589262580914e+000	  2.0378096536726353e+000	  2.0894328318522954e+000	  2.1250416313133966e+000	  2.1799926005690633e+000	  1.9760989912246554e+000	  1.8620509477606564e+000	  2.0943274993969632e+000	  2.1462525136620774e+000	
  1.8409313793211814e+000	  1.8420256014139094e+000	  1.7895901795484559e+000	  2.0835821971784125e+000	  2.0996141002052942e+000	  2.0358505709754544e+000	  2.0874725279733455e+000	  2.1229836103878719e+000	  2.1778848243868496e+000	  1.9743367584941134e+000	  1.8604412001071879e+000	  2.0921603230585157e+000	  2.1439781780792435e+000	
  1.8394372602099356e+000	  1.8404886387470136e+000	  1.7881907680974820e+000	  2.0815641935577167e+000	  2.0975265847615967e+000	  2.0339199238635333e+000	  2.0855540487847768e+000	  2.1209713843022406e+000	  2.1757889482501360e+000	  1.9726065807486135e+000	  1.8588904830029902e+000	  2.0900577875587341e+000	  2.1417736370459495e+000	
  1.8364183080207159e+000	  1.8373829097187853e+000	  1.7853369131688144e+000	  2.0774593714054501e+000	  2.0932823911965825e+000	  2.0299591640266765e+000	  2.0816561366877928e+000	  2.1168835634052776e+000	  2.1714914430629295e+000	  1.9690826850430287e+000	  1.8557557676227949e+000	  2.0857791903888114e+000	  2.1372880215951549e+000	
  1.8335603458923477e+000	  1.8344421798342232e+000	  1.7826001778124423e+000	  2.0735018080977055e+000	  2.0891906512655014e+000	  2.0260970273365624e+000	  2.0778965158867595e+000	  2.1129404895033574e+000	  2.1673020008806869e+000	  1.9657037962714885e+000	  1.8527910722710115e+000	  2.0816599326747820e+000	  2.1329612451516202e+000	
  1.8307665963283735e+000	  1.8315602639029274e+000	  1.7799255816310593e+000	  2.0696233443637451e+000	  2.0851732619726162e+000	  2.0223179112253469e+000	  2.0742191460453188e+000	  2.1090775967059709e+000	  2.1632115393393372e+000	  1.9623865271284879e+000	  1.8498827309057115e+000	  2.0776089730165075e+000	  2.1287067137654310e+000	
  1.8280407308480642e+000	  1.8287399814275627e+000	  1.7773362063455223e+000	  2.0658020142799880e+000	  2.0812096464193131e+000	  2.0186157858282474e+000	  2.0705975367413494e+000	  2.1052709382319463e+000	  2.1591981107777665e+000	  1.9591353813350330e+000	  1.8470302302326631e+000	  2.0736084782320052e+000	  2.1245053026607494e+000	
  1.8254060592949821e+000	  1.8260143528993984e+000	  1.7748417693120953e+000	  2.0620669435981336e+000	  2.0773389706699863e+000	  2.0150026845110833e+000	  2.0670548578003154e+000	  2.1015470184221821e+000	  2.1552581862421349e+000	  1.9559723036668133e+000	  1.8442743570421523e+000	  2.0697069579671088e+000	  2.1204049680573762e+000	
  1.8213005888129910e+000	  1.8217643748851411e+000	  1.7709426364505498e+000	  2.0561709218194206e+000	  2.0712308021118679e+000	  2.0092821403329477e+000	  2.0614652222873384e+000	  2.0956670507361488e+000	  2.1489960236723609e+000	  1.9509924438923647e+000	  1.8399782337348098e+000	  2.0635527579829493e+000	  2.1139335162743356e+000	
  1.8174768541488528e+000	  1.8177971834067528e+000	  1.7672868922841936e+000	  2.0505602175194095e+000	  2.0654146499701862e+000	  2.0038097795738046e+000	  2.0561477656431668e+000	  2.0900628047995604e+000	  2.1429879602043584e+000	  1.9462825239739494e+000	  1.8359717276232652e+000	  2.0577000760134170e+000	  2.1077704111410580e+000	
  1.8138235613143352e+000	  1.8139859155099163e+000	  1.7638088093584321e+000	  2.0451436217071399e+000	  2.0597843583081175e+000	  1.9985412320274267e+000	  2.0510211790033881e+000	  2.0846548290401867e+000	  2.1372002992668424e+000	  1.9417428851659169e+000	  1.8321088409378425e+000	  2.0520194322501135e+000	  2.1017888709535897e+000	
  1.8103995888123772e+000	  1.8104031186440630e+000	  1.7605619276545774e+000	  2.0399629240489374e+000	  2.0543958135581977e+000	  1.9935094076576858e+000	  2.0461146495594189e+000	  2.0794735717378492e+000	  2.1316348964782410e+000	  1.9374333846635414e+000	  1.8284758559399321e+000	  2.0465878480068120e+000	  2.0960633555028632e+000	
  1.8048086385600737e+000	  1.8045269624560079e+000	  1.7552612812331325e+000	  2.0312710669654970e+000	  2.0453424839514289e+000	  1.9850570599614585e+000	  2.0378904662006225e+000	  2.0707703388159353e+000	  2.1222148812617907e+000	  1.9302587728738891e+000	  1.8225147199352372e+000	  2.0374654144064626e+000	  2.0864321010151952e+000	
  1.7998909795093174e+000	  1.7993104893408058e+000	  1.7506051782288408e+000	  2.0233400698246724e+000	  2.0370513475863516e+000	  1.9773397444774070e+000	  2.0303954448428745e+000	  2.0628156870560432e+000	  2.1135491014647054e+000	  1.9237777204165842e+000	  1.8172091947724271e+000	  2.0291032213761198e+000	  2.0775868169736271e+000	
  1.7955077890542066e+000	  1.7946066310870170e+000	  1.7464780753382512e+000	  2.0160504576593858e+000	  2.0293977072635241e+000	  1.9702624188190712e+000	  2.0235056085032879e+000	  2.0554896666473375e+000	  2.1055508021575609e+000	  1.9178616445713703e+000	  1.8124042217923617e+000	  2.0213694353283245e+000	  2.0693998871114627e+000	
  1.7918064331994270e+000	  1.7905985376469149e+000	  1.7429730242625481e+000	  2.0095421367457798e+000	  2.0225499777767140e+000	  1.9639074917193782e+000	  2.0173547555713598e+000	  2.0489251246364688e+000	  2.0982832530490079e+000	  1.9126634781125427e+000	  1.8083148038660957e+000	  2.0144674869427104e+000	  2.0620686490598072e+000	
  1.7873979069342321e+000	  1.7857319812497767e+000	  1.7388085566113660e+000	  2.0014252970575210e+000	  2.0139501758395668e+000	  1.9559849774596352e+000	  2.0096883486768991e+000	  2.0407191814916925e+000	  2.0891643920699310e+000	  1.9062350950588740e+000	  1.8033186925617564e+000	  2.0057720320349981e+000	  2.0528204338987037e+000	
  1.7839143568976141e+000	  1.7817901882220772e+000	  1.7355090754596230e+000	  1.9944832807331729e+000	  2.0065469982079813e+000	  1.9491842136810200e+000	  2.0031218446218224e+000	  2.0336621062979985e+000	  2.0812321847856476e+000	  1.9008318174540091e+000	  1.7992568435624257e+000	  1.9982879804438440e+000	  2.0448372326812700e+000	
  1.7813620544184192e+000	  1.7787997042686174e+000	  1.7330596069080411e+000	  1.9887314681466950e+000	  2.0003652114899659e+000	  1.9434994407509818e+000	  1.9976879146711977e+000	  2.0277815972905158e+000	  2.0744946238687825e+000	  1.8964743969400399e+000	  1.7961666540357386e+000	  1.9920447135850792e+000	  2.0381417725779709e+000	
  1.7793327759076603e+000	  1.7763053929011228e+000	  1.7311306289529886e+000	  1.9837914615307646e+000	  1.9949904974292436e+000	  1.9386340379753504e+000	  1.9930050869411406e+000	  2.0227031223361078e+000	  2.0686807146464226e+000	  1.8927601465641897e+000	  1.7935532859283541e+000	  1.9865858731176038e+000	  2.0322886758892937e+000	
  1.7783154043298357e+000	  1.7749053742471461e+000	  1.7300994722022829e+000	  1.9800867784805674e+000	  1.9909265528121134e+000	  1.9348886288934330e+000	  1.9895172995036250e+000	  2.0188528917694541e+000	  2.0640344428929076e+000	  1.8901920214369854e+000	  1.7920928353531376e+000	  1.9824996030179911e+000	  2.0278374074715284e+000	
  1.7776288931551152e+000	  1.7739732746817241e+000	  1.7294983227344944e+000	  1.9786074253170221e+000	  1.9892285551027982e+000	  1.9335037255184762e+000	  1.9881127850224538e+000	  2.0173384250261277e+000	  2.0624501863431179e+000	  1.8889899637560128e+000	  1.7910562846762723e+000	  1.9806877951749893e+000	  2.0259285530181583e+000	
  1.7777174359432315e+000	  1.7740190578327262e+000	  1.7295684256961512e+000	  1.9779044503753447e+000	  1.9884953364722000e+000	  1.9327554114740875e+000	  1.9874116062674541e+000	  2.0165471786296232e+000	  2.0613540313129444e+000	  1.8886757390525595e+000	  1.7911392037279401e+000	  1.9800400559683271e+000	  2.0251807038879881e+000	
  1.7775798390621520e+000	  1.7738038815515602e+000	  1.7293859186085443e+000	  1.9771774918271980e+000	  1.9876940176790052e+000	  1.9319816809384174e+000	  1.9867616039048248e+000	  2.0158128934799660e+000	  2.0603738326851504e+000	  1.8881570358941699e+000	  1.7909175461536715e+000	  1.9792228147557260e+000	  2.0242834707586392e+000	
  1.7774602755997171e+000	  1.7735457577165465e+000	  1.7292564287601693e+000	  1.9764178277156312e+000	  1.9868067393071911e+000	  1.9312103879350615e+000	  1.9860530249885093e+000	  2.0150192342828066e+000	  2.0594366634366899e+000	  1.8876491677932450e+000	  1.7906159969955642e+000	  1.9782928838823142e+000	  2.0232695182443239e+000	
  1.7773845901387864e+000	  1.7733422951727984e+000	  1.7291964764955110e+000	  1.9757082738335612e+000	  1.9859824908308485e+000	  1.9305140918648065e+000	  1.9853786641191924e+000	  2.0142603462317044e+000	  2.0585400608115831e+000	  1.8872022375651989e+000	  1.7903815433477397e+000	  1.9774483290888192e+000	  2.0223428819929961e+000	
  1.7773658371752654e+000	  1.7731494980009403e+000	  1.7291869869923486e+000	  1.9747417032318024e+000	  1.9848628589143487e+000	  1.9295503586706080e+000	  1.9844723261996393e+000	  2.0132293010659867e+000	  2.0572533407621694e+000	  1.8866197306146248e+000	  1.7901532230748827e+000	  1.9763063168410258e+000	  2.0210819459468605e+000	
  1.7774110237323413e+000	  1.7730217076707990e+000	  1.7292372488135561e+000	  1.9738914332864295e+000	  1.9838624262820466e+000	  1.9286976847009687e+000	  1.9836757037353538e+000	  2.0123170957755652e+000	  2.0560986245905890e+000	  1.8861253994153901e+000	  1.7899875233566580e+000	  1.9752794537976008e+000	  2.0199448730529972e+000	
  1.7775540453774561e+000	  1.7730023038335052e+000	  1.7293788342456338e+000	  1.9731833840731696e+000	  1.9830143238274698e+000	  1.9279799683618490e+000	  1.9830154267709759e+000	  2.0115478786443752e+000	  2.0550898228562837e+000	  1.8857557588582656e+000	  1.7899350073218780e+000	  1.9744100717348034e+000	  2.0189715438489606e+000	
  1.7778791879686364e+000	  1.7730687408131856e+000	  1.7297090804531847e+000	  1.9722259429278148e+000	  1.9818354887594183e+000	  1.9270154837227180e+000	  1.9821274424441038e+000	  2.0104961751856170e+000	  2.0536857569213400e+000	  1.8853025576927225e+000	  1.7899451634183214e+000	  1.9731913254240936e+000	  2.0175988345260780e+000	
  1.7783467205204420e+000	  1.7732878195185433e+000	  1.7301846803632197e+000	  1.9715195858717274e+000	  1.9809196220763323e+000	  1.9263049054240691e+000	  1.9814769186711993e+000	  2.0096972741374568e+000	  2.0525646804954327e+000	  1.8850535591878435e+000	  1.7901095224933312e+000	  1.9722365412468050e+000	  2.0165068347064192e+000	
  1.7790167523338489e+000	  1.7737364105120801e+000	  1.7308495600183278e+000	  1.9711194392816958e+000	  1.9803334608216510e+000	  1.9258863775653288e+000	  1.9811265901677482e+000	  2.0092113740516675e+000	  2.0517644547178220e+000	  1.8850724560268659e+000	  1.7905146045282756e+000	  1.9716214706130357e+000	  2.0157674379157222e+000	
  1.7797364492189223e+000	  1.7742270393233983e+000	  1.7315840506620277e+000	  1.9708829211996657e+000	  1.9799057999022895e+000	  1.9256546700814579e+000	  1.9809317258503523e+000	  2.0088951329362863e+000	  2.0511972032253887e+000	  1.8851996753610227e+000	  1.7909497860435386e+000	  1.9711478601235406e+000	  2.0151869360043375e+000	
  1.7810809210734631e+000	  1.7752529193390245e+000	  1.7329501115879244e+000	  1.9709220484626675e+000	  1.9796850987200008e+000	  1.9256963271214518e+000	  1.9810134972982081e+000	  2.0088140340462934e+000	  2.0507534153502514e+000	  1.8857359530844633e+000	  1.7919028668860344e+000	  1.9708718834217445e+000	  2.0147712103821784e+000	
  1.7827363227040807e+000	  1.7766397724195997e+000	  1.7346030898333540e+000	  1.9714788555515390e+000	  1.9800224219453089e+000	  1.9262328456056823e+000	  1.9816090449282058e+000	  2.0092696361296003e+000	  2.0508772058884226e+000	  1.8867125763312256e+000	  1.7932339400545445e+000	  1.9711652789472309e+000	  2.0149479869852671e+000	
  1.7842571092990027e+000	  1.7778612421912525e+000	  1.7361890141667295e+000	  1.9721203662036040e+000	  1.9804272339136486e+000	  1.9269253264405015e+000	  1.9822590608474249e+000	  2.0098113506873534e+000	  2.0512262893524484e+000	  1.8876606118547845e+000	  1.7943667337166291e+000	  1.9714886989485516e+000	  2.0151941908873305e+000	
  1.7851964726084428e+000	  1.7788222207856477e+000	  1.7370582027751471e+000	  1.9727473098604296e+000	  1.9810772122074458e+000	  1.9274632559445548e+000	  1.9828928961812966e+000	  2.0104096529939137e+000	  2.0516038015966815e+000	  1.8884511751903696e+000	  1.7953734031216451e+000	  1.9722039894279755e+000	  2.0158733810087215e+000	
  1.7856099000543944e+000	  1.7790956430891072e+000	  1.7374891487635369e+000	  1.9729982008237779e+000	  1.9812026978653698e+000	  1.9277463746829830e+000	  1.9831774528255466e+000	  2.0106616791854108e+000	  2.0518898659915785e+000	  1.8887035366365017e+000	  1.7955801416743076e+000	  1.9722332082517426e+000	  2.0158847529083785e+000	
  1.7862379594665567e+000	  1.7796238706028216e+000	  1.7381644961971789e+000	  1.9733462980610992e+000	  1.9814724834007615e+000	  1.9281342428113724e+000	  1.9835062131685544e+000	  2.0109575440085976e+000	  2.0521660323793651e+000	  1.8891807239529028e+000	  1.7960791393748388e+000	  1.9724888585590590e+000	  2.0161183472099848e+000	
  1.7868807486549072e+000	  1.7802137853578903e+000	  1.7388196811278751e+000	  1.9737795087550620e+000	  1.9818679299869335e+000	  1.9285726131951619e+000	  1.9839410533503010e+000	  2.0113660943607155e+000	  2.0524879360023056e+000	  1.8896938674142585e+000	  1.7966631535329867e+000	  1.9728832573539172e+000	  2.0164961955513299e+000	
  1.7878152737500896e+000	  1.7810490121483806e+000	  1.7397574702555338e+000	  1.9744339051208410e+000	  1.9824456775647454e+000	  1.9292225337327491e+000	  1.9846003974370785e+000	  2.0119910702128285e+000	  2.0530228136044255e+000	  1.8904403752629058e+000	  1.7974713333942862e+000	  1.9734330129068045e+000	  2.0170249014172121e+000	
  1.7887296462231277e+000	  1.7818589129877545e+000	  1.7406885590697831e+000	  1.9750949608629651e+000	  1.9830265801406395e+000	  1.9298940300896634e+000	  1.9852562433747256e+000	  2.0126163357259230e+000	  2.0535903413677090e+000	  1.8911851094472791e+000	  1.7982504493006046e+000	  1.9739846922774051e+000	  2.0175604163697036e+000	
  1.7896908574289083e+000	  1.7827376526495564e+000	  1.7416589893027721e+000	  1.9758293319455271e+000	  1.9836999145819592e+000	  1.9306298832972533e+000	  1.9859853613931249e+000	  2.0133182623626733e+000	  2.0542196469289369e+000	  1.8920003843566662e+000	  1.7991092474963053e+000	  1.9746420334959947e+000	  2.0182046625030727e+000	
  1.7906078824191016e+000	  1.7835698587639945e+000	  1.7425867410660303e+000	  1.9765602988423296e+000	  1.9843672616362789e+000	  1.9313666573650687e+000	  1.9867132170705479e+000	  2.0140236319066251e+000	  2.0548768647346773e+000	  1.8927886830396483e+000	  1.7999164760594868e+000	  1.9752839815301013e+000	  2.0188384518324809e+000	
  1.7929150985636624e+000	  1.7856957269238549e+000	  1.7449275817266279e+000	  1.9785499189421742e+000	  1.9862311277010805e+000	  1.9333751293943000e+000	  1.9886693684295074e+000	  2.0159483353576713e+000	  2.0567150457126662e+000	  1.8948616761369390e+000	  1.8019876911606871e+000	  1.9770979320297652e+000	  2.0206575116889125e+000	
  1.7952818258604255e+000	  1.7879413480947086e+000	  1.7472859819851587e+000	  1.9807251671239710e+000	  1.9883242797265837e+000	  1.9355320896283124e+000	  1.9908222318729725e+000	  2.0180813573631826e+000	  2.0587701264925311e+000	  1.8970846119144698e+000	  1.8042018522724665e+000	  1.9791603810578986e+000	  2.0227319349719566e+000	
  1.7952292021270480e+000	  1.7877825452815201e+000	  1.7473038889851453e+000	  1.9807138470467671e+000	  1.9882257009019655e+000	  1.9356033002271726e+000	  1.9908052451808147e+000	  2.0180662927466622e+000	  2.0588832505447217e+000	  1.8970026344218696e+000	  1.8039794872139454e+000	  1.9789802058181980e+000	  2.0225665367096455e+000	
  1.7956793139561171e+000	  1.7882655947737345e+000	  1.7477517493668877e+000	  1.9810668740335637e+000	  1.9886191421658994e+000	  1.9359352187332748e+000	  1.9911244435983384e+000	  2.0183856424078130e+000	  2.0591190868339537e+000	  1.8974441313035666e+000	  1.8044946173623815e+000	  1.9794361510716301e+000	  2.0230224674511832e+000	
  1.7960062293967469e+000	  1.7886204935784695e+000	  1.7480452379916636e+000	  1.9814032268239212e+000	  1.9889830370660659e+000	  1.9362345448006342e+000	  1.9914682734864126e+000	  2.0187317633136632e+000	  2.0593954916313888e+000	  1.8977687570361663e+000	  1.8048689716553725e+000	  1.9798177591707165e+000	  2.0234075395971964e+000	
  1.7964772497359147e+000	  1.7890805743445573e+000	  1.7484853952396588e+000	  1.9818719009485790e+000	  1.9894439695127113e+000	  1.9366724379667144e+000	  1.9919417950543823e+000	  2.0192052412175441e+000	  2.0598477495118459e+000	  1.8982234933328956e+000	  1.8053258430755244e+000	  1.9802690976148143e+000	  2.0238628211083758e+000	
  1.7969188897319688e+000	  1.7894956431632119e+000	  1.7489230855820681e+000	  1.9823029583805309e+000	  1.9898545251206883e+000	  1.9371008590014349e+000	  1.9923688489703950e+000	  2.0196304479200746e+000	  2.0602826651584478e+000	  1.8986502677133004e+000	  1.8057304922094373e+000	  1.9806666788454019e+000	  2.0242648875793581e+000	
  1.7973494434493065e+000	  1.7899012033594346e+000	  1.7493587641036072e+000	  1.9827238838882715e+000	  1.9902575883980560e+000	  1.9375274114803558e+000	  1.9927832304628308e+000	  2.0200436854415447e+000	  2.0607048147010838e+000	  1.8990692098512527e+000	  1.8061268039884784e+000	  1.9810598494495071e+000	  2.0246637554104279e+000	
  1.7988186243927264e+000	  1.7913038190876152e+000	  1.7508404783517870e+000	  1.9842057866423635e+000	  1.9917000039244008e+000	  1.9390183726182169e+000	  1.9942367663801071e+000	  2.0215043304616169e+000	  2.0621758431166679e+000	  1.9005216898349424e+000	  1.8075049591791688e+000	  1.9824778789721700e+000	  2.0261114625734833e+000	
  1.8000899726801178e+000	  1.7925190794787025e+000	  1.7521294704266714e+000	  1.9855504840656779e+000	  1.9930191518937579e+000	  1.9403758719669808e+000	  1.9955423023160732e+000	  2.0228300607566623e+000	  2.0635264934766346e+000	  1.9018037866745245e+000	  1.8086961645626529e+000	  1.9837748473728023e+000	  2.0274499881400407e+000	
  1.8006982130476890e+000	  1.7931668934910674e+000	  1.7526870365249616e+000	  1.9861603835417980e+000	  1.9936656750329442e+000	  1.9409292624613350e+000	  1.9961511632770417e+000	  2.0234415892548046e+000	  2.0640681279877033e+000	  1.9024277817957280e+000	  1.8093715899257290e+000	  1.9844546915104788e+000	  2.0281334231117301e+000	
  1.8009753912754509e+000	  1.7933903111759131e+000	  1.7529872853756412e+000	  1.9864957039920235e+000	  1.9939572797072387e+000	  1.9412958273460790e+000	  1.9964828296164165e+000	  2.0237782969832914e+000	  2.0644787533279989e+000	  1.9027076775850202e+000	  1.8095621380749927e+000	  1.9847012620399429e+000	  2.0283946793552610e+000	
  1.8014040714664570e+000	  1.7938129324514964e+000	  1.7534208199847974e+000	  1.9869364276426644e+000	  1.9943994771194196e+000	  1.9417380269789508e+000	  1.9969075875537095e+000	  2.0242084366622182e+000	  2.0649095919600269e+000	  1.9031478095285763e+000	  1.8099849117639721e+000	  1.9851495937726276e+000	  2.0288539614532279e+000	
  1.8020353528455579e+000	  1.7944300779057583e+000	  1.7540517625161733e+000	  1.9876325125164127e+000	  1.9950928560688888e+000	  1.9424327660231986e+000	  1.9975879229149602e+000	  2.0249012441520939e+000	  2.0656146257455879e+000	  1.9038029814049067e+000	  1.8105953353376183e+000	  1.9858356841982854e+000	  2.0295621186114512e+000	
  1.8026420218798445e+000	  1.7950259993576354e+000	  1.7546563872569318e+000	  1.9883086923399917e+000	  1.9957692907279230e+000	  1.9431055806165396e+000	  1.9982464001715707e+000	  2.0255735082029025e+000	  2.0663013668397605e+000	  1.9044382217318607e+000	  1.8111858551866091e+000	  1.9865071542300190e+000	  2.0302561782753155e+000	
  1.8032296231788012e+000	  1.7956083820217499e+000	  1.7552374912516580e+000	  1.9889728902297630e+000	  1.9964378502088325e+000	  1.9437624111962539e+000	  1.9988940952889525e+000	  2.0262356322595410e+000	  2.0669770961358362e+000	  1.9050599616425123e+000	  1.8117650939224699e+000	  1.9871730452044853e+000	  2.0309447782515293e+000	
  1.8047153512805068e+000	  1.7970903015362354e+000	  1.7567139702035781e+000	  1.9907593422894094e+000	  1.9982495522825552e+000	  1.9455386636039083e+000	  2.0006229752799851e+000	  2.0280197535120545e+000	  2.0688334023288819e+000	  1.9066847531509683e+000	  1.8132370920918000e+000	  1.9889766721457787e+000	  2.0328266487297548e+000	
  1.8053114292772268e+000	  1.7977144291715268e+000	  1.7572744326991219e+000	  1.9914466722995745e+000	  1.9989655027779583e+000	  1.9461898313733370e+000	  2.0013018822732738e+000	  2.0287131780273846e+000	  2.0695165101383504e+000	  1.9073354076939857e+000	  1.8138752290551994e+000	  1.9897075481162527e+000	  2.0335763647512652e+000	
  1.8056269215103329e+000	  1.7979991475308175e+000	  1.7576175223177628e+000	  1.9918842373817878e+000	  1.9993862850541444e+000	  1.9466590680901947e+000	  2.0017170197235461e+000	  2.0291482902442386e+000	  2.0700289492090094e+000	  1.9076977186129331e+000	  1.8141367462581948e+000	  1.9901014601492317e+000	  2.0340003585712130e+000	
  1.8062143727411375e+000	  1.7986329954675382e+000	  1.7581607895205420e+000	  1.9925577760810884e+000	  2.0001043085059127e+000	  1.9472852073070459e+000	  2.0023815660808921e+000	  2.0298278933317127e+000	  2.0706762813645829e+000	  1.9083459747022939e+000	  1.8147954215435127e+000	  1.9908490300477681e+000	  2.0347650820427812e+000	
  1.8064214607333375e+000	  1.7988021750327081e+000	  1.7584047183149147e+000	  1.9928996708594708e+000	  2.0004238823532443e+000	  1.9476691067474767e+000	  2.0026996488242959e+000	  2.0301679746288284e+000	  2.0711091768489238e+000	  1.9086013956355092e+000	  1.8149355101778459e+000	  1.9911343896242348e+000	  2.0350827629612986e+000	
  1.8069253773479714e+000	  1.7993695919945181e+000	  1.7588530468857735e+000	  1.9934615433557028e+000	  2.0010432798688478e+000	  1.9481697074121600e+000	  2.0032563558936722e+000	  2.0307363098751190e+000	  2.0716164307289588e+000	  1.9091593825293416e+000	  1.8155388346780694e+000	  1.9917974916473939e+000	  2.0357561124332277e+000	
  1.8070210342780511e+000	  1.7994228954143145e+000	  1.7589824111698213e+000	  1.9936753851950633e+000	  2.0012262947672723e+000	  1.9484253402518756e+000	  2.0034564871408538e+000	  2.0309525896205218e+000	  2.0719295901923456e+000	  1.9092920779914628e+000	  1.8155601325934438e+000	  1.9919390599085887e+000	  2.0359226523954326e+000	
  1.8074098339721234e+000	  1.7998555978656452e+000	  1.7593406731790371e+000	  1.9941272549098705e+000	  2.0017209542055765e+000	  1.9488418865326800e+000	  2.0038964001164916e+000	  2.0314057723635575e+000	  2.0723517316278688e+000	  1.9097322555284861e+000	  1.8160166939414093e+000	  1.9924655532378814e+000	  2.0364627897291681e+000	
  1.8075767616014173e+000	  1.8000098660356658e+000	  1.7595184648179891e+000	  1.9944048809546853e+000	  2.0019929951389792e+000	  1.9491348435785210e+000	  2.0041621367907645e+000	  2.0316879983721821e+000	  2.0726903442258773e+000	  1.9099441243132309e+000	  1.8161569723124120e+000	  1.9927185401461034e+000	  2.0367381617908800e+000	
  1.8078833843751940e+000	  1.8003455427019619e+000	  1.7598048227243652e+000	  1.9947924176727956e+000	  2.0024101417595292e+000	  1.9495004115841357e+000	  2.0045384942241355e+000	  2.0320788491308424e+000	  2.0730770043484847e+000	  1.9103024753408251e+000	  1.8165058540724153e+000	  1.9931526194102862e+000	  2.0371883437622857e+000	
  1.8080541740592833e+000	  1.8005147558315535e+000	  1.7599797834287507e+000	  1.9950653906018534e+000	  2.0026866971636736e+000	  1.9497804791799862e+000	  2.0047996336968517e+000	  2.0323558339141452e+000	  2.0733961104190062e+000	  1.9105201531848097e+000	  1.8166680901884624e+000	  1.9934196757236957e+000	  2.0374757176175202e+000	
  1.8084317556911709e+000	  1.8009240952994787e+000	  1.7603385157039824e+000	  1.9955962197301738e+000	  2.0032521476924847e+000	  1.9502929429459153e+000	  2.0053123277336975e+000	  2.0328939315126004e+000	  2.0739580469195884e+000	  1.9109840401166380e+000	  1.8170873433212842e+000	  1.9939969885532252e+000	  2.0380822659354005e+000	
  1.8086809224214966e+000	  1.8011889090441684e+000	  1.7605855767147309e+000	  1.9960087283064754e+000	  2.0036864436547255e+000	  1.9507055739531207e+000	  2.0057042622004184e+000	  2.0333128085209347e+000	  2.0744257908687289e+000	  1.9113163848762784e+000	  1.8173512714012439e+000	  1.9944302015655153e+000	  2.0385473848516882e+000	
  1.8090417955781724e+000	  1.8015935459189800e+000	  1.7609125000726404e+000	  1.9965104260154789e+000	  2.0042285626696859e+000	  1.9511748523107406e+000	  2.0061973001102569e+000	  2.0338266734533441e+000	  2.0749496860516761e+000	  1.9117626547510109e+000	  1.8177727247532867e+000	  1.9949894893976758e+000	  2.0391289484303554e+000	
  1.8090228846688485e+000	  1.8015538329933174e+000	  1.7609316349707373e+000	  1.9966374539847440e+000	  2.0043484935948732e+000	  1.9513433718352773e+000	  2.0062973736751575e+000	  2.0339522889235768e+000	  2.0751628218197617e+000	  1.9118044669499497e+000	  1.8177112362635997e+000	  1.9950863810188226e+000	  2.0392582891831297e+000	
  1.8093602115990461e+000	  1.8019804832575614e+000	  1.7612042810155542e+000	  1.9969622918800383e+000	  2.0047517349232002e+000	  1.9515914544760489e+000	  2.0066190235122803e+000	  2.0342782220143603e+000	  2.0753747442612318e+000	  1.9121762018266446e+000	  1.8181926803472204e+000	  1.9955611415879704e+000	  2.0397300766905597e+000	
  1.8092975386214079e+000	  1.8018937186580304e+000	  1.7611365150178675e+000	  1.9969941388310108e+000	  2.0047576897654906e+000	  1.9516308579491026e+000	  2.0066686637057112e+000	  2.0343329767673732e+000	  2.0754892860630432e+000	  1.9121306504424640e+000	  1.8180830919539286e+000	  1.9955230830616566e+000	  2.0397003931246767e+000	
  1.8093260108528324e+000	  1.8019058079786889e+000	  1.7611808863751905e+000	  1.9970433243930474e+000	  2.0047935891826798e+000	  1.9516978336005055e+000	  2.0067072745234564e+000	  2.0343750074834452e+000	  2.0755767435020984e+000	  1.9121739957061270e+000	  1.8180841237664540e+000	  1.9955496824027743e+000	  2.0397325668286332e+000	
  1.8094184886947249e+000	  1.8020088574573314e+000	  1.7612836153572959e+000	  1.9972120938150775e+000	  2.0049759003899403e+000	  1.9518773371355498e+000	  2.0068627388318836e+000	  2.0345429922641709e+000	  2.0757705724801263e+000	  1.9123124567270839e+000	  1.8181891330887774e+000	  1.9957372259709665e+000	  2.0399352411480995e+000	
  1.8095130042201988e+000	  1.8021216989602586e+000	  1.7613716212046582e+000	  1.9973874141431487e+000	  2.0051704955751490e+000	  1.9520461707666159e+000	  2.0070299446935116e+000	  2.0347236401631599e+000	  2.0759629511604292e+000	  1.9124518788592961e+000	  1.8183070927398268e+000	  1.9959376566728080e+000	  2.0401500242686215e+000	
  1.8095910114128828e+000	  1.8022153473051332e+000	  1.7614426696601999e+000	  1.9975453060324189e+000	  2.0053446738252463e+000	  1.9521979168079360e+000	  2.0071803288574848e+000	  2.0348868499302930e+000	  2.0761432057757432e+000	  1.9125733415644921e+000	  1.8184042445951618e+000	  1.9961153132975256e+000	  2.0403413769316758e+000	
  1.8097780567489306e+000	  1.8024811678907648e+000	  1.7616024203702438e+000	  1.9981069401699381e+000	  2.0059848257980750e+000	  1.9527377874982328e+000	  2.0077083218369829e+000	  2.0354734172269775e+000	  2.0768189075482066e+000	  1.9129696695558787e+000	  1.8186881485598245e+000	  1.9967742305899461e+000	  2.0410610410187284e+000	
  1.8099584091790404e+000	  1.8027046552322950e+000	  1.7617496345704406e+000	  1.9983907854502927e+000	  2.0063027559454505e+000	  1.9529914761214187e+000	  2.0079943989160998e+000	  2.0357713814858438e+000	  2.0771232525593919e+000	  1.9132197442445238e+000	  1.8189287268181442e+000	  1.9971076196443147e+000	  2.0414047861376776e+000	
  1.8096612585700291e+000	  1.8023302494479090e+000	  1.7615242992743305e+000	  1.9981668417017886e+000	  2.0060166371175736e+000	  1.9528493095030313e+000	  2.0077575980770916e+000	  2.0355430950215330e+000	  2.0770239775935972e+000	  1.9129263664903242e+000	  1.8185030122501995e+000	  1.9967591992823102e+000	  2.0410734813339722e+000	
  1.8098612831750052e+000	  1.8025989047798818e+000	  1.7616968850766832e+000	  1.9983335402940494e+000	  2.0062490904501633e+000	  1.9529736045260233e+000	  2.0079057862334566e+000	  2.0356969020535272e+000	  2.0770857350777594e+000	  1.9131504857542048e+000	  1.8188162651731916e+000	  1.9970595189791329e+000	  2.0413736078992848e+000	
  1.8098572640352397e+000	  1.8026152461451010e+000	  1.7616672486502265e+000	  1.9983876685850452e+000	  2.0063194308401027e+000	  1.9530047215163719e+000	  2.0079717464102789e+000	  2.0357690583218919e+000	  2.0771422658267924e+000	  1.9131651609990417e+000	  1.8188392592727491e+000	  1.9971281335899542e+000	  2.0414472088309337e+000	
  1.8098603004329006e+000	  1.8026212455982882e+000	  1.7616609856382934e+000	  1.9984180749778906e+000	  2.0063515869460384e+000	  1.9530272158828581e+000	  2.0080022965844071e+000	  2.0358033850340842e+000	  2.0771885462354112e+000	  1.9131813678352210e+000	  1.8188440453120573e+000	  1.9971569479315743e+000	  2.0414792328647628e+000	
  1.8098603882188558e+000	  1.8026309570913377e+000	  1.7616581551426360e+000	  1.9984736043849483e+000	  2.0064152486862445e+000	  1.9530823991343964e+000	  2.0080538308753741e+000	  2.0358621280739668e+000	  2.0772713410396988e+000	  1.9132142691133114e+000	  1.8188550744685303e+000	  1.9972214910685864e+000	  2.0415512428096156e+000	
  1.8098545524447502e+000	  1.8026367493869517e+000	  1.7616503921551252e+000	  1.9985208971038106e+000	  2.0064730146780079e+000	  1.9531293306119382e+000	  2.0080976236832471e+000	  2.0359133030760233e+000	  2.0773390435595336e+000	  1.9132398810323064e+000	  1.8188633385854698e+000	  1.9972816018856820e+000	  2.0416187849950842e+000	
  1.8098433715772513e+000	  1.8026374667307412e+000	  1.7616364030679188e+000	  1.9985602237878151e+000	  2.0065231791670626e+000	  1.9531668874834414e+000	  2.0081336979831970e+000	  2.0359566876226345e+000	  2.0773957802099932e+000	  1.9132582890488228e+000	  1.8188667981800817e+000	  1.9973344055807822e+000	  2.0416786792659032e+000	
  1.8096033020524183e+000	  1.8024718443390897e+000	  1.7613759079055706e+000	  1.9985937920111785e+000	  2.0066217230293382e+000	  1.9531858608006141e+000	  2.0081533426599671e+000	  2.0360152752655778e+000	  2.0775233921948928e+000	  1.9131812828689894e+000	  1.8187200523124456e+000	  1.9974510976780646e+000	  2.0418300076712277e+000	
  1.8094247838258577e+000	  1.8023391704508689e+000	  1.7611804605139230e+000	  1.9985451158760137e+000	  2.0066070320126590e+000	  1.9531251435507688e+000	  2.0081077881954998e+000	  2.0359839201283370e+000	  2.0775258447947311e+000	  1.9130890051740708e+000	  1.8186007964586202e+000	  1.9974472981911615e+000	  2.0418358723046937e+000	
  1.8088564500184185e+000	  1.8016361417865521e+000	  1.7606860061186007e+000	  1.9981512708340212e+000	  2.0060905689508082e+000	  1.9528378107903575e+000	  2.0077471570338790e+000	  2.0356275989802546e+000	  2.0773740297644956e+000	  1.9125058780488569e+000	  1.8178034769573737e+000	  1.9967834611365638e+000	  2.0411913395860095e+000	
  1.8089923697342325e+000	  1.8017477965663928e+000	  1.7608742760839287e+000	  1.9981075486451076e+000	  2.0060387775727215e+000	  1.9528237588723023e+000	  2.0076342367308180e+000	  2.0355133480024352e+000	  2.0772839187014513e+000	  1.9126218798695940e+000	  1.8179118852995879e+000	  1.9967765995151099e+000	  2.0411803159773885e+000	
  1.8090531510846908e+000	  1.8018560278172773e+000	  1.7609486622654700e+000	  1.9981523479517238e+000	  2.0061328437574049e+000	  1.9528715245314103e+000	  2.0076562266994320e+000	  2.0355376110985546e+000	  2.0772422286424752e+000	  1.9126995858876035e+000	  1.8180581793355290e+000	  1.9969299587224278e+000	  2.0413347815776022e+000	
  1.8090898302472775e+000	  1.8019531931661699e+000	  1.7609611784263091e+000	  1.9982117204282486e+000	  2.0062490639343604e+000	  1.9529014495206070e+000	  2.0077232469988804e+000	  2.0356113691410429e+000	  2.0772255259349062e+000	  1.9127533911509722e+000	  1.8181892658954080e+000	  1.9970836670546603e+000	  2.0414925396543508e+000	
  1.8091339790736836e+000	  1.8020398722445583e+000	  1.7609656177453907e+000	  1.9982720986138296e+000	  2.0063476515106755e+000	  1.9529166516094802e+000	  2.0077932800549201e+000	  2.0356875363220421e+000	  2.0772332427274631e+000	  1.9128059508082262e+000	  1.8182972356768452e+000	  1.9972027154266649e+000	  2.0416131907360837e+000	
  1.8091596714038516e+000	  1.8020900989908264e+000	  1.7609545951644532e+000	  1.9983155455745683e+000	  2.0064115167553633e+000	  1.9529208772427047e+000	  2.0078447881003516e+000	  2.0357430755744774e+000	  2.0772510424911328e+000	  1.9128361922972608e+000	  1.8183591078271784e+000	  1.9972748374982194e+000	  2.0416854180754664e+000	
  1.8091605118448237e+000	  1.8021054760441133e+000	  1.7609137122937994e+000	  1.9983452416298837e+000	  2.0064489226820408e+000	  1.9529119015615750e+000	  2.0078840492210381e+000	  2.0357845400879784e+000	  2.0772888965280791e+000	  1.9128457221398438e+000	  1.8183793121279244e+000	  1.9973101837310772e+000	  2.0417196037038874e+000	
  1.8091695830490135e+000	  1.8021224732118934e+000	  1.7609080552337539e+000	  1.9983657970910942e+000	  2.0064719051654865e+000	  1.9529216023148921e+000	  2.0079096025912442e+000	  2.0358086103460069e+000	  2.0773236997208908e+000	  1.9128657674868450e+000	  1.8183995833910931e+000	  1.9973343734903586e+000	  2.0417413509697648e+000	
  1.8091390204604501e+000	  1.8020878894509338e+000	  1.7608803455273929e+000	  1.9983489348416927e+000	  2.0064482788228544e+000	  1.9529119008454749e+000	  2.0078964950269254e+000	  2.0357939626476047e+000	  2.0773326897926125e+000	  1.9128439225926994e+000	  1.8183610748484591e+000	  1.9973039756915132e+000	  2.0417100348831640e+000	
  1.8090825006646336e+000	  1.8020314973700529e+000	  1.7608319353838091e+000	  1.9983087866755163e+000	  2.0064050700059606e+000	  1.9528827721368416e+000	  2.0078587538885895e+000	  2.0357551812293004e+000	  2.0773158893971493e+000	  1.9128026935695315e+000	  1.8183027289338747e+000	  1.9972577598568713e+000	  2.0416627963530432e+000	
  1.8090215303412072e+000	  1.8019735537821477e+000	  1.7607746351238827e+000	  1.9982617250260557e+000	  2.0063590745863764e+000	  1.9528402454158746e+000	  2.0078131380521582e+000	  2.0357100743845771e+000	  2.0772798582252370e+000	  1.9127525821394615e+000	  1.8182447049401367e+000	  1.9972111014825251e+000	  2.0416159813330603e+000	
  1.8089595945929866e+000	  1.8019155167521497e+000	  1.7607139240380263e+000	  1.9982106622104188e+000	  2.0063103950030929e+000	  1.9527907568124094e+000	  2.0077629687615737e+000	  2.0356607489534344e+000	  2.0772352229302822e+000	  1.9126987202869301e+000	  1.8181873522814291e+000	  1.9971628485213615e+000	  2.0415676834539234e+000	
  1.8087962368669099e+000	  1.8017630880000628e+000	  1.7605490382598559e+000	  1.9980596046037644e+000	  2.0061656347536458e+000	  1.9526391340423996e+000	  2.0076162213142661e+000	  2.0355139945571872e+000	  2.0770927428482127e+000	  1.9125474862101506e+000	  1.8180383743816877e+000	  1.9970208945342685e+000	  2.0414229439868370e+000	
  1.8085377607037554e+000	  1.8015090274232426e+000	  1.7602999246937097e+000	  1.9978195115958366e+000	  2.0059308871617088e+000	  1.9524079027856356e+000	  2.0073718189001020e+000	  2.0352743158973587e+000	  2.0768626623744781e+000	  1.9122970027555182e+000	  1.8177836971466357e+000	  1.9967869697282574e+000	  2.0411916795712846e+000	
  1.8088714471467029e+000	  1.8019336509613888e+000	  1.7605504123850091e+000	  1.9981082802341656e+000	  2.0062918666751695e+000	  1.9526047196659644e+000	  2.0076754499304599e+000	  2.0355717122526795e+000	  2.0770314829671443e+000	  1.9126463996734020e+000	  1.8182655162237027e+000	  1.9972150390335512e+000	  2.0416042451335281e+000	
  1.8085900205869880e+000	  1.8015824871919508e+000	  1.7602919362308238e+000	  1.9979322115245162e+000	  2.0060475924224734e+000	  1.9524727988508219e+000	  2.0075303382541958e+000	  2.0354268742937780e+000	  2.0769951856120294e+000	  1.9123575355223177e+000	  1.8178629253238867e+000	  1.9968835946904009e+000	  2.0412803921399765e+000	
  1.8086053328212222e+000	  1.8015637303982281e+000	  1.7603377623926111e+000	  1.9978804187209518e+000	  2.0059684126035018e+000	  1.9524476515283675e+000	  2.0074527606019568e+000	  2.0353459373797937e+000	  2.0769631306165457e+000	  1.9123573520835084e+000	  1.8178275776076971e+000	  1.9968012705508236e+000	  2.0411945763805024e+000	
  1.8085883587103808e+000	  1.8015412519182834e+000	  1.7603444241557831e+000	  1.9978540677655372e+000	  2.0059391036174095e+000	  1.9524438402709470e+000	  2.0074182690182010e+000	  2.0353097553763786e+000	  2.0769375630596922e+000	  1.9123443934875815e+000	  1.8178058672358361e+000	  1.9967782948197454e+000	  2.0411721173635025e+000	
  1.8085664652298648e+000	  1.8015265537148366e+000	  1.7603358937762434e+000	  1.9978275965649361e+000	  2.0059214463350918e+000	  1.9524289385754428e+000	  2.0073898688491916e+000	  2.0352819458200035e+000	  2.0768964039441782e+000	  1.9123246815666626e+000	  1.8177958516088537e+000	  1.9967690372173976e+000	  2.0411641309169881e+000	
  1.8085542829895407e+000	  1.8015211928746599e+000	  1.7603217371682092e+000	  1.9978141358998922e+000	  2.0059153593713792e+000	  1.9524109863522214e+000	  2.0073764272335772e+000	  2.0352698637948894e+000	  2.0768681589424243e+000	  1.9123117822434121e+000	  1.8177942445116786e+000	  1.9967677377483155e+000	  2.0411633539638521e+000	
  1.8085392875063200e+000	  1.8015096494829979e+000	  1.7603026888498745e+000	  1.9977991292425605e+000	  2.0059039885545284e+000	  1.9523906050346143e+000	  2.0073615748691260e+000	  2.0352560254303733e+000	  2.0768456183900295e+000	  1.9122952747123043e+000	  1.8177845562357069e+000	  1.9967582844243699e+000	  2.0411540823487417e+000	
  1.8084622825894525e+000	  1.8014377501343433e+000	  1.7602198830174705e+000	  1.9977164681278508e+000	  2.0058259316200151e+000	  1.9523012098220280e+000	  2.0072792859980093e+000	  2.0351741508615953e+000	  2.0767545209814178e+000	  1.9122137540716724e+000	  1.8177154349288545e+000	  1.9966834392980695e+000	  2.0410780525049654e+000	
