  1.9636936791668855e+001	  1.9634589890935391e+001	  1.9609368457515245e+001	  1.9659190837163248e+001	  1.9654957078216952e+001	  1.9633088528576327e+001	  1.9688784928878558e+001	  1.9694627550658993e+001	  1.9716916784323587e+001	  1.9672174681340309e+001	  1.9626312443903810e+001	  1.9640239067669377e+001	  1.9669089590400265e+001	
  1.9636936791670507e+001	  1.9634589890937161e+001	  1.9609368457515721e+001	  1.9659190837163248e+001	  1.9654957078216952e+001	  1.9633088528576327e+001	  1.9688784928879027e+001	  1.9694627550658993e+001	  1.9716916784323587e+001	  1.9672174681340309e+001	  1.9626312443906563e+001	  1.9640239067669530e+001	  1.9669089590408696e+001	
  1.9636936791674060e+001	  1.9634589890940973e+001	  1.9609368457516748e+001	  1.9659190837163248e+001	  1.9654957078216952e+001	  1.9633088528576327e+001	  1.9688784928879794e+001	  1.9694627550658993e+001	  1.9716916784323587e+001	  1.9672174681340309e+001	  1.9626312443912493e+001	  1.9640239067669878e+001	  1.9669089590428186e+001	
  1.9636936791679570e+001	  1.9634589890946874e+001	  1.9609368457518332e+001	  1.9659190837163248e+001	  1.9654957078216952e+001	  1.9633088528576327e+001	  1.9688784928880796e+001	  1.9694627550658993e+001	  1.9716916784323587e+001	  1.9672174681340309e+001	  1.9626312443921670e+001	  1.9640239067670439e+001	  1.9669089590459354e+001	
  1.9636936791901643e+001	  1.9634589891184671e+001	  1.9609368457582462e+001	  1.9659190837163315e+001	  1.9654957078217027e+001	  1.9633088528576337e+001	  1.9688784928909442e+001	  1.9694627550659010e+001	  1.9716916784323587e+001	  1.9672174681340326e+001	  1.9626312444291589e+001	  1.9640239067694427e+001	  1.9669089591784793e+001	
  1.9636936792312852e+001	  1.9634589891624852e+001	  1.9609368457701279e+001	  1.9659190837163518e+001	  1.9654957078217251e+001	  1.9633088528576366e+001	  1.9688784928959318e+001	  1.9694627550659060e+001	  1.9716916784323587e+001	  1.9672174681340376e+001	  1.9626312444976346e+001	  1.9640239067739472e+001	  1.9669089594261774e+001	
  1.9636936792915773e+001	  1.9634589892270036e+001	  1.9609368457875590e+001	  1.9659190837163916e+001	  1.9654957078217695e+001	  1.9633088528576430e+001	  1.9688784929030930e+001	  1.9694627550659167e+001	  1.9716916784323587e+001	  1.9672174681340469e+001	  1.9626312445980055e+001	  1.9640239067806114e+001	  1.9669089597909068e+001	
  1.9636936814930429e+001	  1.9634589915721541e+001	  1.9609368464293393e+001	  1.9659190837233204e+001	  1.9654957078295716e+001	  1.9633088528587184e+001	  1.9688784931729518e+001	  1.9694627550678202e+001	  1.9716916784323772e+001	  1.9672174681357436e+001	  1.9626312482488792e+001	  1.9640239070448487e+001	  1.9669089732898001e+001	
  1.9636936854629898e+001	  1.9634589957876713e+001	  1.9609368475935156e+001	  1.9659190837430010e+001	  1.9654957078517782e+001	  1.9633088528617908e+001	  1.9688784936801323e+001	  1.9694627550733063e+001	  1.9716916784324269e+001	  1.9672174681407579e+001	  1.9626312548154878e+001	  1.9640239075466862e+001	  1.9669089977331851e+001	
  1.9636936911831061e+001	  1.9634590018428472e+001	  1.9609368492805196e+001	  1.9659190837816013e+001	  1.9654957078953498e+001	  1.9633088528678442e+001	  1.9688784944424562e+001	  1.9694627550842032e+001	  1.9716916784325360e+001	  1.9672174681509805e+001	  1.9626312642541674e+001	  1.9640239083048264e+001	  1.9669090330317857e+001	
  1.9636938697918737e+001	  1.9634591846339756e+001	  1.9609369055270847e+001	  1.9659190895915021e+001	  1.9654957141840640e+001	  1.9633088538169567e+001	  1.9688785334334913e+001	  1.9694627568328759e+001	  1.9716916784761185e+001	  1.9672174706183746e+001	  1.9626315537580425e+001	  1.9640239462845809e+001	  1.9669101393871294e+001	
  1.9636941605399347e+001	  1.9634594758187092e+001	  1.9609370010422804e+001	  1.9659191051658983e+001	  1.9654957306586695e+001	  1.9633088563913883e+001	  1.9688786169845990e+001	  1.9694627615305503e+001	  1.9716916785959739e+001	  1.9672174781417716e+001	  1.9626320220932008e+001	  1.9640240258453687e+001	  1.9669119376652503e+001	
  1.9636945423947193e+001	  1.9634598512703668e+001	  1.9609371311151790e+001	  1.9659191341841538e+001	  1.9654957606675648e+001	  1.9633088612246226e+001	  1.9688787554298703e+001	  1.9694627702949081e+001	  1.9716916788400102e+001	  1.9672174935283884e+001	  1.9626326364545854e+001	  1.9640241537806627e+001	  1.9669142894693426e+001	
  1.9636979768756465e+001	  1.9634630261987720e+001	  1.9609383900837713e+001	  1.9659199480721515e+001	  1.9654964746895420e+001	  1.9633089905878833e+001	  1.9688816532931394e+001	  1.9694630118203996e+001	  1.9716916935084690e+001	  1.9672180350414557e+001	  1.9626382911699135e+001	  1.9640264151426454e+001	  1.9669334470718770e+001	
  1.9637025385008251e+001	  1.9634670479110454e+001	  1.9609400310057246e+001	  1.9659217352474581e+001	  1.9654979046134549e+001	  1.9633092585360124e+001	  1.9688872614364666e+001	  1.9694635266327612e+001	  1.9716917327552018e+001	  1.9672192534148145e+001	  1.9626458012512579e+001	  1.9640304569169459e+001	  1.9669553123491770e+001	
  1.9637082327721554e+001	  1.9634718259483932e+001	  1.9609419299961957e+001	  1.9659247520433009e+001	  1.9655001280788870e+001	  1.9633096805956800e+001	  1.9688958108535378e+001	  1.9694643705362218e+001	  1.9716918105438303e+001	  1.9672212829403644e+001	  1.9626548744898653e+001	  1.9640362556243414e+001	  1.9669778994618547e+001	
  1.9637223530309175e+001	  1.9634828548183080e+001	  1.9609460249869745e+001	  1.9659341257254180e+001	  1.9655064349501789e+001	  1.9633108813289212e+001	  1.9689187832680037e+001	  1.9694669320715587e+001	  1.9716921046092271e+001	  1.9672273235950424e+001	  1.9626756073523406e+001	  1.9640513313582375e+001	  1.9670209544993952e+001	
  1.9637417174834617e+001	  1.9634966829883979e+001	  1.9609507026164774e+001	  1.9659492034912688e+001	  1.9655157430295400e+001	  1.9633126523282073e+001	  1.9689503433097855e+001	  1.9694709850503401e+001	  1.9716926596829985e+001	  1.9672365435724476e+001	  1.9627007673671709e+001	  1.9640716112787544e+001	  1.9670633126790136e+001	
  1.9637672230614704e+001	  1.9635134995934017e+001	  1.9609559390321760e+001	  1.9659707250131508e+001	  1.9655281898411573e+001	  1.9633150207828500e+001	  1.9689893175294898e+001	  1.9694767788556071e+001	  1.9716935714482194e+001	  1.9672490792296692e+001	  1.9627300257146363e+001	  1.9640966219132519e+001	  1.9671052539468828e+001	
  1.9637993035191538e+001	  1.9635333450333189e+001	  1.9609617431003556e+001	  1.9659989382315345e+001	  1.9655437725956702e+001	  1.9633179993793185e+001	  1.9690342524942746e+001	  1.9694845126640473e+001	  1.9716949334514524e+001	  1.9672648732705774e+001	  1.9627630136686857e+001	  1.9641258214303633e+001	  1.9671476144731059e+001	
  1.9638692986199295e+001	  1.9635742286358415e+001	  1.9609730458928929e+001	  1.9660622699969139e+001	  1.9655775738617344e+001	  1.9633245552107894e+001	  1.9691217641979996e+001	  1.9695027109492038e+001	  1.9716985675736346e+001	  1.9672990609853208e+001	  1.9628273990778521e+001	  1.9641844915076145e+001	  1.9672231428367372e+001	
  1.9639568107845353e+001	  1.9636233788530678e+001	  1.9609861016910603e+001	  1.9661427566821782e+001	  1.9656198765524913e+001	  1.9633329894541546e+001	  1.9692180716657244e+001	  1.9695275199902987e+001	  1.9717041336374656e+001	  1.9673413450828779e+001	  1.9629003960327999e+001	  1.9642523188549145e+001	  1.9673042200834470e+001	
  1.9640587203747490e+001	  1.9636801559170870e+001	  1.9610009529998479e+001	  1.9662371696958896e+001	  1.9656700431116690e+001	  1.9633433612976130e+001	  1.9693194827067465e+001	  1.9695590808967999e+001	  1.9717119087163539e+001	  1.9673905016181145e+001	  1.9629807818215205e+001	  1.9643278666869140e+001	  1.9673915436511688e+001	
  1.9641713683476492e+001	  1.9637439274253484e+001	  1.9610176406767241e+001	  1.9663418861047528e+001	  1.9657274557996423e+001	  1.9633557323995472e+001	  1.9694231295843039e+001	  1.9695972745116990e+001	  1.9717221031804741e+001	  1.9674452734274258e+001	  1.9630676481159366e+001	  1.9644101632595142e+001	  1.9674848093662924e+001	
  1.9642912722597789e+001	  1.9638141338217054e+001	  1.9610362123207846e+001	  1.9664535012010191e+001	  1.9657915539037539e+001	  1.9633701619346478e+001	  1.9695266041275588e+001	  1.9696417740425730e+001	  1.9717348557204922e+001	  1.9675044727938857e+001	  1.9631603025380961e+001	  1.9644984807681126e+001	  1.9675834732992804e+001	
  1.9644833734607484e+001	  1.9639338293677419e+001	  1.9610686457529937e+001	  1.9666323074249767e+001	  1.9659023431164371e+001	  1.9633965751489104e+001	  1.9696805051981165e+001	  1.9697217187140385e+001	  1.9717597293751673e+001	  1.9676019286632489e+001	  1.9633134121406819e+001	  1.9646454137932366e+001	  1.9677453341511914e+001	
  1.9646754339027215e+001	  1.9640657197730569e+001	  1.9611058605133444e+001	  1.9668105048907169e+001	  1.9660257851818585e+001	  1.9634281656237896e+001	  1.9698201762094634e+001	  1.9698133616914035e+001	  1.9717908314877135e+001	  1.9677034199917077e+001	  1.9634770187337036e+001	  1.9648031103667662e+001	  1.9679175995418802e+001	
  1.9648589756805460e+001	  1.9642075592773981e+001	  1.9611479645067330e+001	  1.9669798089267207e+001	  1.9661595184832468e+001	  1.9634649852303500e+001	  1.9699400359075042e+001	  1.9699141488536473e+001	  1.9718278442596503e+001	  1.9678055185156772e+001	  1.9636488264502951e+001	  1.9649691652995941e+001	  1.9680984805889729e+001	
  1.9650258423692538e+001	  1.9643570377504282e+001	  1.9611949778304673e+001	  1.9671318629909983e+001	  1.9663011742980167e+001	  1.9635070058940379e+001	  1.9700268547729607e+001	  1.9700214401749214e+001	  1.9718702508991651e+001	  1.9679040230282524e+001	  1.9638269400688813e+001	  1.9651416936520725e+001	  1.9682862423030830e+001	
  1.9651681663965949e+001	  1.9645120025918573e+001	  1.9612468456539187e+001	  1.9672588793251101e+001	  1.9664485396007656e+001	  1.9635541225115336e+001	  1.9700753131334626e+001	  1.9701325176068345e+001	  1.9719173188705547e+001	  1.9679954322097348e+001	  1.9640098366149036e+001	  1.9653191793915969e+001	  1.9684794033896448e+001	
  1.9652901299732207e+001	  1.9646817805404730e+001	  1.9613076058597677e+001	  1.9673651006109562e+001	  1.9666103626134294e+001	  1.9636100042458636e+001	  1.9701005932190284e+001	  1.9702529628773341e+001	  1.9719719575915573e+001	  1.9680855962085694e+001	  1.9642093424366891e+001	  1.9655130718998738e+001	  1.9686907407096044e+001	
  1.9653869852268247e+001	  1.9648535280651242e+001	  1.9613735229061270e+001	  1.9674481155883683e+001	  1.9667743285298986e+001	  1.9636712137751857e+001	  1.9701218093394452e+001	  1.9703732787894673e+001	  1.9720302069076286e+001	  1.9681715236594695e+001	  1.9644109795340086e+001	  1.9657092711176670e+001	  1.9689052713151881e+001	
  1.9654722205578587e+001	  1.9650257138558921e+001	  1.9614442587731826e+001	  1.9675216548665421e+001	  1.9669389680632037e+001	  1.9637374032235002e+001	  1.9701558813078183e+001	  1.9704931648312620e+001	  1.9720916379856114e+001	  1.9682580658655461e+001	  1.9646132094701361e+001	  1.9659062593180863e+001	  1.9691214970166918e+001	
  1.9655589050744645e+001	  1.9651975376775525e+001	  1.9615194440056559e+001	  1.9675982039316079e+001	  1.9671035778800587e+001	  1.9638082230111181e+001	  1.9702087341129868e+001	  1.9706134058991942e+001	  1.9721561878086071e+001	  1.9683488317866590e+001	  1.9648149164999968e+001	  1.9661029543224455e+001	  1.9693381266613642e+001	
  1.9656545938990089e+001	  1.9653688662137398e+001	  1.9615987300601258e+001	  1.9676846279574502e+001	  1.9672681017530863e+001	  1.9638833545934386e+001	  1.9702788599153578e+001	  1.9707351673283455e+001	  1.9722240094383203e+001	  1.9684454340100377e+001	  1.9650155117814947e+001	  1.9662987879158944e+001	  1.9695542738880032e+001	
  1.9657830732749218e+001	  1.9655735761350272e+001	  1.9616985003248747e+001	  1.9678027244233355e+001	  1.9674653216477722e+001	  1.9639785002400409e+001	  1.9703803448318137e+001	  1.9708842224004027e+001	  1.9723097428012945e+001	  1.9685687481316272e+001	  1.9652541032488767e+001	  1.9665321614704922e+001	  1.9698117736412485e+001	
  1.9659255251916335e+001	  1.9657787759076022e+001	  1.9618033458927339e+001	  1.9679351684958622e+001	  1.9676636307216320e+001	  1.9640790713908963e+001	  1.9704954853163013e+001	  1.9710377930892911e+001	  1.9724007021094867e+001	  1.9686997242581100e+001	  1.9654913871401419e+001	  1.9667644817640376e+001	  1.9700681623193102e+001	
  1.9660781345854343e+001	  1.9659847324582735e+001	  1.9619129003112480e+001	  1.9680780743997385e+001	  1.9678632374263245e+001	  1.9641846910335943e+001	  1.9706193967544422e+001	  1.9711959954949005e+001	  1.9724969551675329e+001	  1.9688368612882073e+001	  1.9657273394125983e+001	  1.9669956931921160e+001	  1.9703234574369027e+001	
  1.9662373858837011e+001	  1.9661915314375545e+001	  1.9620268431349068e+001	  1.9682279976122135e+001	  1.9680642164786384e+001	  1.9642950459664540e+001	  1.9707490989195353e+001	  1.9713585877469487e+001	  1.9725984922685736e+001	  1.9689789070621231e+001	  1.9659622946095009e+001	  1.9672261852408429e+001	  1.9705778981303531e+001	
  1.9664009274901503e+001	  1.9663992526444908e+001	  1.9621449162547140e+001	  1.9683826512610874e+001	  1.9682666275347511e+001	  1.9644098814440490e+001	  1.9708829129369562e+001	  1.9715251381437881e+001	  1.9727052081143121e+001	  1.9691250156391501e+001	  1.9661967202938865e+001	  1.9674564518825381e+001	  1.9708318863854654e+001	
  1.9667715820973704e+001	  1.9668619267186912e+001	  1.9624185488191738e+001	  1.9687360350837057e+001	  1.9687198871573298e+001	  1.9646779544677710e+001	  1.9711880120941316e+001	  1.9719054132885550e+001	  1.9729579351150477e+001	  1.9694597561948704e+001	  1.9667165107252490e+001	  1.9679694564777900e+001	  1.9713939637417795e+001	
  1.9669015235367461e+001	  1.9670251636643137e+001	  1.9625189353351690e+001	  1.9688594329337768e+001	  1.9688794990773658e+001	  1.9647763824077479e+001	  1.9712930280615712e+001	  1.9720406333620989e+001	  1.9730514400427239e+001	  1.9695790982449093e+001	  1.9668965418126891e+001	  1.9681455646699614e+001	  1.9715905651138414e+001	
  1.9670281819161339e+001	  1.9671859921966519e+001	  1.9626207594191893e+001	  1.9689797813601565e+001	  1.9690369083556881e+001	  1.9648763586906391e+001	  1.9713937177235156e+001	  1.9721758115816620e+001	  1.9731470519675170e+001	  1.9696973236301879e+001	  1.9670721052333246e+001	  1.9683176452340930e+001	  1.9717840427302736e+001	
  1.9671520415991825e+001	  1.9673454402450716e+001	  1.9627240376805268e+001	  1.9690980019703538e+001	  1.9691935773842864e+001	  1.9649781437121220e+001	  1.9714921941360625e+001	  1.9723118357080658e+001	  1.9732451194395438e+001	  1.9698154289023741e+001	  1.9672473572773022e+001	  1.9684904317913819e+001	  1.9719759714280979e+001	
  1.9672745335659311e+001	  1.9675053478048529e+001	  1.9628290245075117e+001	  1.9692153765551442e+001	  1.9693511410395999e+001	  1.9650819326243425e+001	  1.9715909842844074e+001	  1.9724486563637889e+001	  1.9733454625905082e+001	  1.9699343820456697e+001	  1.9674245894154051e+001	  1.9686657685453397e+001	  1.9721686241599798e+001	
  1.9673967867062622e+001	  1.9676663322353409e+001	  1.9629358238230250e+001	  1.9693329218570955e+001	  1.9695099868160781e+001	  1.9651877352583128e+001	  1.9716917685231024e+001	  1.9725860671654871e+001	  1.9734478109240492e+001	  1.9700546086129687e+001	  1.9676032317901448e+001	  1.9688427234365022e+001	  1.9723628827886355e+001	
  1.9676397835974971e+001	  1.9679851431295962e+001	  1.9631509586350539e+001	  1.9695680245818217e+001	  1.9698254160045526e+001	  1.9654015739647264e+001	  1.9718981929536735e+001	  1.9728592979257087e+001	  1.9736546825416124e+001	  1.9702957702683097e+001	  1.9679570697358699e+001	  1.9691942233657841e+001	  1.9727483481191509e+001	
  1.9677135543040102e+001	  1.9680808007084572e+001	  1.9632166870507746e+001	  1.9696392480328104e+001	  1.9699198249632438e+001	  1.9654668564394687e+001	  1.9719624015860269e+001	  1.9729411363827918e+001	  1.9737175772517357e+001	  1.9703689762483759e+001	  1.9680619035650118e+001	  1.9692975346796747e+001	  1.9728637473724334e+001	
  1.9677871640083445e+001	  1.9681754302555735e+001	  1.9632826860939598e+001	  1.9697104461575613e+001	  1.9700132601985842e+001	  1.9655324245716113e+001	  1.9720273737754365e+001	  1.9730228418466695e+001	  1.9737807645099213e+001	  1.9704421070205807e+001	  1.9681648794130609e+001	  1.9693991454142008e+001	  1.9729778469530789e+001	
  1.9678610297445356e+001	  1.9682692977373492e+001	  1.9633489389687693e+001	  1.9697822194480676e+001	  1.9701061848710172e+001	  1.9655983755374312e+001	  1.9720934326263649e+001	  1.9731048706805534e+001	  1.9738444558311375e+001	  1.9705155514568851e+001	  1.9682673066618189e+001	  1.9695006467369979e+001	  1.9730910407033146e+001	
  1.9679356911183667e+001	  1.9683630229295382e+001	  1.9634155283579151e+001	  1.9698549699918921e+001	  1.9701991565608928e+001	  1.9656647778639098e+001	  1.9721607230253252e+001	  1.9731872795047156e+001	  1.9739086782530414e+001	  1.9705896061700809e+001	  1.9683701620713652e+001	  1.9696028173016256e+001	  1.9732039972058793e+001	
  1.9680113262135485e+001	  1.9684569648893099e+001	  1.9634825056079016e+001	  1.9699287835011038e+001	  1.9702924458262348e+001	  1.9657316429862327e+001	  1.9722291972886158e+001	  1.9732699866212503e+001	  1.9739733979782795e+001	  1.9706643172418069e+001	  1.9684735024969829e+001	  1.9697055899513902e+001	  1.9733171787130146e+001	
  1.9681855552603103e+001	  1.9686701420556165e+001	  1.9636351872244656e+001	  1.9700994277785362e+001	  1.9705046078658636e+001	  1.9658844142526455e+001	  1.9723878290089331e+001	  1.9734583239776445e+001	  1.9741215755811218e+001	  1.9708355129923582e+001	  1.9687084605486312e+001	  1.9699399256868524e+001	  1.9735741552884893e+001	
  1.9683637224745251e+001	  1.9688845176944756e+001	  1.9637898279514971e+001	  1.9702742227343975e+001	  1.9707181561888316e+001	  1.9660394041708450e+001	  1.9725507848802401e+001	  1.9736482397469725e+001	  1.9742724258291346e+001	  1.9710095671192374e+001	  1.9689437923755815e+001	  1.9701745081073774e+001	  1.9738323877859585e+001	
  1.9685440926006180e+001	  1.9690986514672627e+001	  1.9639460844325502e+001	  1.9704514531430963e+001	  1.9709316575124497e+001	  1.9661962388244032e+001	  1.9727165685113775e+001	  1.9738394162026001e+001	  1.9744260109175542e+001	  1.9711855170000803e+001	  1.9691774820132402e+001	  1.9704073853407017e+001	  1.9740899031237973e+001	
  1.9687254841830597e+001	  1.9693116405084922e+001	  1.9641036742390426e+001	  1.9706300414361365e+001	  1.9711443044990677e+001	  1.9663546774158092e+001	  1.9728840352685367e+001	  1.9740309385633701e+001	  1.9745824425309912e+001	  1.9713626852080143e+001	  1.9694092171652105e+001	  1.9706385142488788e+001	  1.9743456909136512e+001	
  1.9689072113606084e+001	  1.9695233524185419e+001	  1.9642624919669391e+001	  1.9708092841097272e+001	  1.9713559812707896e+001	  1.9665146358841721e+001	  1.9730518489692134e+001	  1.9742221624645676e+001	  1.9747417420817911e+001	  1.9715406443905078e+001	  1.9696394758428646e+001	  1.9708684536953939e+001	  1.9745999718553236e+001	
  1.9692361906310410e+001	  1.9699071746390327e+001	  1.9645544087128926e+001	  1.9711347655269716e+001	  1.9717408664947957e+001	  1.9668095420080615e+001	  1.9733530038010819e+001	  1.9745724097550170e+001	  1.9750384773051099e+001	  1.9718659145403102e+001	  1.9700574869639254e+001	  1.9712871915142049e+001	  1.9750612703670772e+001	
  1.9695600729489371e+001	  1.9702904327437345e+001	  1.9648505273308686e+001	  1.9714559524030555e+001	  1.9721259251331436e+001	  1.9671094153661969e+001	  1.9736513176908851e+001	  1.9749275680715023e+001	  1.9753437989907809e+001	  1.9721929337740221e+001	  1.9704724669717638e+001	  1.9717028822553086e+001	  1.9755206775307247e+001	
  1.9698791261660336e+001	  1.9706727094271621e+001	  1.9651499869386967e+001	  1.9717735692927825e+001	  1.9725107459226972e+001	  1.9674133494870368e+001	  1.9739530956334615e+001	  1.9752885951063941e+001	  1.9756569792407312e+001	  1.9725222696999502e+001	  1.9708827986354173e+001	  1.9721141048595200e+001	  1.9759764957950360e+001	
  1.9700955137266632e+001	  1.9709318209576054e+001	  1.9653552381170087e+001	  1.9719895814739065e+001	  1.9727718915656638e+001	  1.9676219864775884e+001	  1.9741635725167345e+001	  1.9755369150803183e+001	  1.9758743116307532e+001	  1.9727482434387131e+001	  1.9711588144823157e+001	  1.9723906009461725e+001	  1.9762839387000920e+001	
  1.9701688089382046e+001	  1.9710218204396668e+001	  1.9654287843681011e+001	  1.9720656307731286e+001	  1.9728658559025540e+001	  1.9676982681033479e+001	  1.9742381468991230e+001	  1.9756277115142197e+001	  1.9759545629231255e+001	  1.9728300649528965e+001	  1.9712528408177675e+001	  1.9724883059626649e+001	  1.9763936535731080e+001	
  1.9702287888290467e+001	  1.9711042136307110e+001	  1.9654992057537353e+001	  1.9721318137984571e+001	  1.9729562472556427e+001	  1.9677737389122559e+001	  1.9743056817617344e+001	  1.9757179955855580e+001	  1.9760351480260315e+001	  1.9729082873301461e+001	  1.9713364055723158e+001	  1.9725796923058354e+001	  1.9764971090838269e+001	
  1.9702718848518675e+001	  1.9711798532678344e+001	  1.9655668848592455e+001	  1.9721824219101237e+001	  1.9730414261281801e+001	  1.9678478092422097e+001	  1.9743658384877278e+001	  1.9758069956380400e+001	  1.9761159128477132e+001	  1.9729808661455866e+001	  1.9714103248800225e+001	  1.9726624360232559e+001	  1.9765913246829076e+001	
  1.9702988132879916e+001	  1.9712500646321519e+001	  1.9656327236482344e+001	  1.9722171920722950e+001	  1.9731208256778643e+001	  1.9679201320336848e+001	  1.9744211076680276e+001	  1.9758935802801005e+001	  1.9761965342373731e+001	  1.9730474685783488e+001	  1.9714761556143916e+001	  1.9727362203040009e+001	  1.9766755340793154e+001	
  1.9703137419567984e+001	  1.9713151948838604e+001	  1.9656970170002680e+001	  1.9722408009550456e+001	  1.9731946468729809e+001	  1.9679906461728400e+001	  1.9744740984861171e+001	  1.9759768597987474e+001	  1.9762767112017116e+001	  1.9731092746234321e+001	  1.9715349198844802e+001	  1.9728022226312756e+001	  1.9767506214241440e+001	
  1.9703278972250857e+001	  1.9714095687392920e+001	  1.9657967564478696e+001	  1.9722708085757677e+001	  1.9733028240118383e+001	  1.9681003898450832e+001	  1.9745575345950044e+001	  1.9761030992538750e+001	  1.9764041626289654e+001	  1.9732027357249439e+001	  1.9716171427791338e+001	  1.9728958267317793e+001	  1.9768559560035140e+001	
  1.9703376504769320e+001	  1.9714921352099424e+001	  1.9658921704846446e+001	  1.9722975081159447e+001	  1.9733988719390421e+001	  1.9682058180620075e+001	  1.9746395393475478e+001	  1.9762201689846577e+001	  1.9765296430363854e+001	  1.9732907982990021e+001	  1.9716858832253752e+001	  1.9729754766831928e+001	  1.9769445718496463e+001	
  1.9703487461357977e+001	  1.9715640613992505e+001	  1.9659834806894139e+001	  1.9723257069956503e+001	  1.9734839460641805e+001	  1.9683071027375611e+001	  1.9747203744408246e+001	  1.9763286504545004e+001	  1.9766529272471303e+001	  1.9733749547569776e+001	  1.9717429428684159e+001	  1.9730430272114425e+001	  1.9770189918465178e+001	
  1.9703637095947389e+001	  1.9716266047302522e+001	  1.9660709588298296e+001	  1.9723576589635091e+001	  1.9735593055958223e+001	  1.9684044647529173e+001	  1.9748007868381539e+001	  1.9764293929420518e+001	  1.9767738939332904e+001	  1.9734561571042637e+001	  1.9717899662165625e+001	  1.9731001611692875e+001	  1.9770813134361376e+001	
  1.9704011509965937e+001	  1.9717192944396739e+001	  1.9662179663183856e+001	  1.9724243779462267e+001	  1.9736740031973518e+001	  1.9685687549592927e+001	  1.9749432686307703e+001	  1.9765927309024917e+001	  1.9769829866583578e+001	  1.9735948579367406e+001	  1.9718543485861950e+001	  1.9731817291940551e+001	  1.9771687559578062e+001	
  1.9704499891626469e+001	  1.9717928508297685e+001	  1.9663551968586972e+001	  1.9725010807222205e+001	  1.9737686365568180e+001	  1.9687228946173949e+001	  1.9750839144813881e+001	  1.9767391777826486e+001	  1.9771845845581144e+001	  1.9737269925175124e+001	  1.9718992346771902e+001	  1.9732429223876949e+001	  1.9772322409337846e+001	
  1.9705066480671007e+001	  1.9718525189116054e+001	  1.9664839088383150e+001	  1.9725841744277851e+001	  1.9738485013149589e+001	  1.9688681242999305e+001	  1.9752214720524861e+001	  1.9768724085346889e+001	  1.9773787462802250e+001	  1.9738531745457173e+001	  1.9719304190927492e+001	  1.9732896440373334e+001	  1.9772786416729431e+001	
  1.9705676858461484e+001	  1.9719023809376299e+001	  1.9666051640343412e+001	  1.9726703271533111e+001	  1.9739177351469312e+001	  1.9690055052710502e+001	  1.9753549637129435e+001	  1.9769952938456672e+001	  1.9775656082471809e+001	  1.9739737918714422e+001	  1.9719523349057745e+001	  1.9733264157021338e+001	  1.9773133068284498e+001	
  1.9706873098154379e+001	  1.9719813193671776e+001	  1.9668214368405984e+001	  1.9728352218998474e+001	  1.9740318771859002e+001	  1.9692517791578492e+001	  1.9755987492284117e+001	  1.9772109249430667e+001	  1.9779064987536522e+001	  1.9741917681410555e+001	  1.9719789441792123e+001	  1.9733797834607433e+001	  1.9773606235982946e+001	
  1.9708043947912564e+001	  1.9720458795840329e+001	  1.9670170826064396e+001	  1.9729942781292024e+001	  1.9741294082641172e+001	  1.9694762155356862e+001	  1.9758240934241883e+001	  1.9774046896893907e+001	  1.9782227041472243e+001	  1.9743923349429192e+001	  1.9719955194224461e+001	  1.9734217547213831e+001	  1.9773936469871703e+001	
  1.9709141752294581e+001	  1.9721028912167814e+001	  1.9671952483995739e+001	  1.9731432749541241e+001	  1.9742173209245742e+001	  1.9696819656664783e+001	  1.9760316947378303e+001	  1.9775818182354456e+001	  1.9785158722649118e+001	  1.9745773406083849e+001	  1.9720085544785203e+001	  1.9734587010470467e+001	  1.9774211643741253e+001	
  1.9710149115475925e+001	  1.9721542871028642e+001	  1.9673579730135103e+001	  1.9732808965210218e+001	  1.9742977336144747e+001	  1.9698710808085270e+001	  1.9762228939032894e+001	  1.9777444240294514e+001	  1.9787876501587132e+001	  1.9747479230495976e+001	  1.9720192562828132e+001	  1.9734918914096991e+001	  1.9774456559636196e+001	
  1.9711354061618813e+001	  1.9722138693218451e+001	  1.9675543253184664e+001	  1.9734476500055564e+001	  1.9743936326915328e+001	  1.9701009903336583e+001	  1.9764559837439158e+001	  1.9779423148740172e+001	  1.9791215105610441e+001	  1.9749555933709349e+001	  1.9720279040345421e+001	  1.9735285427674292e+001	  1.9774724014327607e+001	
  1.9712407126041636e+001	  1.9722652255345444e+001	  1.9677278985355631e+001	  1.9735962708287754e+001	  1.9744790561259030e+001	  1.9703063301614755e+001	  1.9766649545603610e+001	  1.9781208939986129e+001	  1.9794235114930906e+001	  1.9751419372889423e+001	  1.9720337406259922e+001	  1.9735610403560010e+001	  1.9774950710685314e+001	
  1.9713319550548572e+001	  1.9723093581394131e+001	  1.9678810431014654e+001	  1.9737281445323827e+001	  1.9745551388846053e+001	  1.9704895035040234e+001	  1.9768525071576921e+001	  1.9782824042352296e+001	  1.9796967703967830e+001	  1.9753090958509379e+001	  1.9720363757246375e+001	  1.9735887661697468e+001	  1.9775138949917601e+001	
  1.9714101179300020e+001	  1.9723456997969198e+001	  1.9680155811958119e+001	  1.9738445036739961e+001	  1.9746214773649665e+001	  1.9706524114977316e+001	  1.9770206929541636e+001	  1.9784276427553511e+001	  1.9799439675449733e+001	  1.9754584424551137e+001	  1.9720342794648502e+001	  1.9736102490991211e+001	  1.9775275670772704e+001	
  1.9715104352653867e+001	  1.9723849024652615e+001	  1.9681975325762174e+001	  1.9740017655178381e+001	  1.9747053687766499e+001	  1.9708768832295139e+001	  1.9772547094545494e+001	  1.9786285115827120e+001	  1.9802941036157659e+001	  1.9756643369417954e+001	  1.9720160323211470e+001	  1.9736269421496235e+001	  1.9775340480332918e+001	
  1.9715838275920440e+001	  1.9724081639919536e+001	  1.9683412528194737e+001	  1.9741276527244853e+001	  1.9747700066003681e+001	  1.9710598612541617e+001	  1.9774494659046489e+001	  1.9787959548178961e+001	  1.9805906315227567e+001	  1.9758338887708526e+001	  1.9719914046916902e+001	  1.9736356626588609e+001	  1.9775316353614564e+001	
  1.9716330439318288e+001	  1.9724152712738107e+001	  1.9684513048359960e+001	  1.9742249463095387e+001	  1.9748149365918007e+001	  1.9712059312630473e+001	  1.9776089554091275e+001	  1.9789319302872602e+001	  1.9808388522834331e+001	  1.9759702461205901e+001	  1.9719560575810075e+001	  1.9736308426685312e+001	  1.9775174883705191e+001	
  1.9716593147637614e+001	  1.9724043947935314e+001	  1.9685308904081779e+001	  1.9742951863907958e+001	  1.9748386330752975e+001	  1.9713185325202986e+001	  1.9777354716351446e+001	  1.9790376420495097e+001	  1.9810439930507453e+001	  1.9760754352747455e+001	  1.9719069082718722e+001	  1.9736096353765930e+001	  1.9774883941581738e+001	
  1.9716602522705507e+001	  1.9723592692718416e+001	  1.9685986204525623e+001	  1.9743530393758217e+001	  1.9748383311698177e+001	  1.9714291134097184e+001	  1.9778654535831421e+001	  1.9791416531128355e+001	  1.9812738535198545e+001	  1.9761779863535022e+001	  1.9718140132525672e+001	  1.9735532020678544e+001	  1.9774220073410909e+001	
  1.9716254229523692e+001	  1.9722910033663300e+001	  1.9686203857299784e+001	  1.9743692782945292e+001	  1.9748104255405302e+001	  1.9714893128493742e+001	  1.9779447750812089e+001	  1.9792013954024974e+001	  1.9814394509450633e+001	  1.9762342378954173e+001	  1.9717084983025341e+001	  1.9734815661957416e+001	  1.9773395922970781e+001	
  1.9715954012432327e+001	  1.9722492478685361e+001	  1.9686164360273189e+001	  1.9743641487636104e+001	  1.9747883637095708e+001	  1.9715040603872840e+001	  1.9779695964730656e+001	  1.9792188176971639e+001	  1.9815048107855695e+001	  1.9762487626486273e+001	  1.9716512627206779e+001	  1.9734413566963827e+001	  1.9772931482230042e+001	
  1.9715867147811057e+001	  1.9722253799193037e+001	  1.9686118030602415e+001	  1.9743691182441736e+001	  1.9747747232554101e+001	  1.9715103064709719e+001	  1.9779948610778124e+001	  1.9792281149306138e+001	  1.9815437093743547e+001	  1.9762597231575466e+001	  1.9716195399087329e+001	  1.9734178804265888e+001	  1.9772674134285250e+001	
  1.9715940808575461e+001	  1.9722112132019838e+001	  1.9686077594252868e+001	  1.9743873986746198e+001	  1.9747690395613901e+001	  1.9715156898937519e+001	  1.9780262496353576e+001	  1.9792404523460053e+001	  1.9815786562657323e+001	  1.9762753795399057e+001	  1.9716014805425267e+001	  1.9734067450454205e+001	  1.9772563657788695e+001	
  1.9716071326477888e+001	  1.9722075552587757e+001	  1.9686047994848380e+001	  1.9744102380197234e+001	  1.9747737030227814e+001	  1.9715217484104734e+001	  1.9780559293768043e+001	  1.9792588725823634e+001	  1.9816122112915902e+001	  1.9762943449827084e+001	  1.9715972175336656e+001	  1.9734096839553622e+001	  1.9772610238138000e+001	
  1.9716167353052111e+001	  1.9722121099606003e+001	  1.9686030653779891e+001	  1.9744295831807321e+001	  1.9747868222640037e+001	  1.9715290085825330e+001	  1.9780813119909197e+001	  1.9792827223124181e+001	  1.9816457649917119e+001	  1.9763143496206904e+001	  1.9716027327233789e+001	  1.9734228447869768e+001	  1.9772770894708493e+001	
  1.9716208287055164e+001	  1.9722226545574721e+001	  1.9686023991175400e+001	  1.9744449816589860e+001	  1.9748071801501681e+001	  1.9715383964382688e+001	  1.9781057416190443e+001	  1.9793130569356379e+001	  1.9816835530596464e+001	  1.9763365025956237e+001	  1.9716148518741608e+001	  1.9734438267164688e+001	  1.9773021488221950e+001	
  1.9716207156014768e+001	  1.9722344873950810e+001	  1.9686026111942919e+001	  1.9744566214596780e+001	  1.9748289821863288e+001	  1.9715486622504095e+001	  1.9781287597461294e+001	  1.9793443117344005e+001	  1.9817216517930905e+001	  1.9763581803392285e+001	  1.9716280368689166e+001	  1.9734659988745204e+001	  1.9773287998387765e+001	
  1.9716202059681120e+001	  1.9722451140916672e+001	  1.9686032124025054e+001	  1.9744680132910510e+001	  1.9748496210884699e+001	  1.9715592555582390e+001	  1.9781522682618871e+001	  1.9793747600282011e+001	  1.9817596768695953e+001	  1.9763796006397683e+001	  1.9716397048804172e+001	  1.9734866641894239e+001	  1.9773539341864740e+001	
  1.9716206458972682e+001	  1.9722543544070096e+001	  1.9686038942791345e+001	  1.9744803297026436e+001	  1.9748688764770638e+001	  1.9715698570017963e+001	  1.9781765622232399e+001	  1.9794042929217017e+001	  1.9817974127807737e+001	  1.9764009296390043e+001	  1.9716498011283523e+001	  1.9735057533245680e+001	  1.9773772859940877e+001	
  1.9716215724702653e+001	  1.9722628696258734e+001	  1.9686045222828110e+001	  1.9744930929353533e+001	  1.9748873923300774e+001	  1.9715803430510054e+001	  1.9782012293329089e+001	  1.9794333393572071e+001	  1.9818348066105511e+001	  1.9764221396299490e+001	  1.9716590405450518e+001	  1.9735239744440115e+001	  1.9773995722513295e+001	
  1.9716236337994161e+001	  1.9722787034193789e+001	  1.9686053678878640e+001	  1.9745192959683376e+001	  1.9749235842659949e+001	  1.9716011828802610e+001	  1.9782520651635117e+001	  1.9794915191456539e+001	  1.9819102220049626e+001	  1.9764648540018534e+001	  1.9716758978270438e+001	  1.9735590925182834e+001	  1.9774426613135805e+001	
  1.9716201843645059e+001	  1.9722891184814856e+001	  1.9686037398722856e+001	  1.9745404686132371e+001	  1.9749547191260003e+001	  1.9716196392629186e+001	  1.9782987334419225e+001	  1.9795460038038588e+001	  1.9819830993155438e+001	  1.9765037464783195e+001	  1.9716858352114542e+001	  1.9735876079699121e+001	  1.9774783633846305e+001	
  1.9716100883353533e+001	  1.9722914157067208e+001	  1.9685981178364269e+001	  1.9745552791425116e+001	  1.9749777774495666e+001	  1.9716340347380708e+001	  1.9783404570455698e+001	  1.9795939109518077e+001	  1.9820519028186052e+001	  1.9765369313867392e+001	  1.9716863748808237e+001	  1.9736067690777308e+001	  1.9775031629682491e+001	
  1.9715968333491144e+001	  1.9722855250543514e+001	  1.9685877764827016e+001	  1.9745663233634765e+001	  1.9749919817135833e+001	  1.9716431711915195e+001	  1.9783780967152794e+001	  1.9796336877137158e+001	  1.9821147116580299e+001	  1.9765642382541692e+001	  1.9716778125623417e+001	  1.9736161085239640e+001	  1.9775172961582971e+001	
  1.9715818296647711e+001	  1.9722741257223728e+001	  1.9685727593565105e+001	  1.9745745532760662e+001	  1.9749998408807294e+001	  1.9716469133854428e+001	  1.9784109574417464e+001	  1.9796666960759431e+001	  1.9821708057143976e+001	  1.9765862503008346e+001	  1.9716638234843934e+001	  1.9736192704720491e+001	  1.9775248285167550e+001	
  1.9715511272866781e+001	  1.9722505203037311e+001	  1.9685409583431973e+001	  1.9745787559382144e+001	  1.9750052588105316e+001	  1.9716434163275103e+001	  1.9784513394191990e+001	  1.9797091450784439e+001	  1.9822469138934807e+001	  1.9766113216521365e+001	  1.9716372913436068e+001	  1.9736187411511832e+001	  1.9775307006048337e+001	
  1.9715136245965724e+001	  1.9722246111317610e+001	  1.9685016214423690e+001	  1.9745746087210307e+001	  1.9750070785333300e+001	  1.9716310587147827e+001	  1.9784813928317710e+001	  1.9797439553730776e+001	  1.9823107581815442e+001	  1.9766278951906930e+001	  1.9716104974123219e+001	  1.9736171613375323e+001	  1.9775345622133866e+001	
  1.9714706240612369e+001	  1.9721933898510247e+001	  1.9684558700977746e+001	  1.9745633255753923e+001	  1.9750021248273885e+001	  1.9716109073195369e+001	  1.9785026614527077e+001	  1.9797697488562992e+001	  1.9823637136504392e+001	  1.9766361976911988e+001	  1.9715784150875230e+001	  1.9736089363633482e+001	  1.9775317463501999e+001	
  1.9714213132805774e+001	  1.9721538612401410e+001	  1.9684033859019191e+001	  1.9745439918893656e+001	  1.9749874269807293e+001	  1.9715826439321596e+001	  1.9785141851064967e+001	  1.9797846551668165e+001	  1.9824056703716522e+001	  1.9766350682703514e+001	  1.9715379716239152e+001	  1.9735910481471379e+001	  1.9775188800982725e+001	
  1.9713656509248317e+001	  1.9721080142536003e+001	  1.9683445430089542e+001	  1.9745167687898668e+001	  1.9749651637454946e+001	  1.9715467771860204e+001	  1.9785161696859777e+001	  1.9797900152742645e+001	  1.9824368546324479e+001	  1.9766252230157615e+001	  1.9714919985652084e+001	  1.9735666627084029e+001	  1.9774986466130933e+001	
  1.9712810220643870e+001	  1.9720385352664319e+001	  1.9682552718520618e+001	  1.9744689848198636e+001	  1.9749262046074364e+001	  1.9714872031419649e+001	  1.9785062596331866e+001	  1.9797854549291490e+001	  1.9824641337565648e+001	  1.9766002784253420e+001	  1.9714234071290477e+001	  1.9735262286643966e+001	  1.9774630579422976e+001	
  1.9711889265629136e+001	  1.9719627937150541e+001	  1.9681589289333825e+001	  1.9744112296563127e+001	  1.9748788500559776e+001	  1.9714184740233826e+001	  1.9784840272647678e+001	  1.9797689108266731e+001	  1.9824758472586943e+001	  1.9765642387498783e+001	  1.9713493722016292e+001	  1.9734786032670737e+001	  1.9774192422613591e+001	
  1.9710882131144338e+001	  1.9718775406270531e+001	  1.9680563355484505e+001	  1.9743421549746007e+001	  1.9748197012937954e+001	  1.9713413243104874e+001	  1.9784486287598746e+001	  1.9797383396435883e+001	  1.9824723812174252e+001	  1.9765160680982724e+001	  1.9712654897169532e+001	  1.9734189772738240e+001	  1.9773631558331470e+001	
  1.9709800948472971e+001	  1.9717850579270966e+001	  1.9679485188401664e+001	  1.9742633397672872e+001	  1.9747514037446155e+001	  1.9712570143702859e+001	  1.9784015908056450e+001	  1.9796959039752085e+001	  1.9824550296741446e+001	  1.9764574529130428e+001	  1.9711751500626452e+001	  1.9733513460029911e+001	  1.9772978685051331e+001	
  1.9708671657282821e+001	  1.9716887824568051e+001	  1.9678356587293315e+001	  1.9741775929991295e+001	  1.9746775219401155e+001	  1.9711658403609750e+001	  1.9783455292879907e+001	  1.9796447037550116e+001	  1.9824258357501652e+001	  1.9763907898423067e+001	  1.9710817410046445e+001	  1.9732791802149062e+001	  1.9772271023174998e+001	
  1.9707123660180226e+001	  1.9715556267660176e+001	  1.9676821816957492e+001	  1.9740555242314493e+001	  1.9745712323594979e+001	  1.9710384362488053e+001	  1.9782594470525591e+001	  1.9795647558896320e+001	  1.9823717171830470e+001	  1.9762922339523975e+001	  1.9709524793011834e+001	  1.9731755854155722e+001	  1.9771243197347914e+001	
  1.9705532294831944e+001	  1.9714159484274781e+001	  1.9675273027548410e+001	  1.9739255245570906e+001	  1.9744553795242357e+001	  1.9709066778658393e+001	  1.9781615053995992e+001	  1.9794720145471160e+001	  1.9823022025465018e+001	  1.9761836738727855e+001	  1.9708164226122399e+001	  1.9730624414946259e+001	  1.9770108576048511e+001	
  1.9703914250645937e+001	  1.9712705743903474e+001	  1.9673705073699310e+001	  1.9737894272568308e+001	  1.9743309613874224e+001	  1.9707701334749622e+001	  1.9780531790884226e+001	  1.9793676279568089e+001	  1.9822188632892420e+001	  1.9760662339518948e+001	  1.9706743998521588e+001	  1.9729407167971814e+001	  1.9768878551951278e+001	
  1.9702300541784219e+001	  1.9711238744910641e+001	  1.9672122734182587e+001	  1.9736507423952645e+001	  1.9742026884060493e+001	  1.9706296215552051e+001	  1.9779378071382819e+001	  1.9792558799252859e+001	  1.9821247383029636e+001	  1.9759431410648297e+001	  1.9705314001195731e+001	  1.9728158591351097e+001	  1.9767603501246874e+001	
  1.9700693954120048e+001	  1.9709763313636174e+001	  1.9670544658593119e+001	  1.9735097711371910e+001	  1.9740710292973546e+001	  1.9704870893707533e+001	  1.9778166435570185e+001	  1.9791380911248357e+001	  1.9820217357766222e+001	  1.9758155591210123e+001	  1.9703870215174884e+001	  1.9726872470546432e+001	  1.9766284099737259e+001	
  1.9698207281502636e+001	  1.9707468239886705e+001	  1.9668120588615238e+001	  1.9732864798147169e+001	  1.9738617840574534e+001	  1.9702640742301419e+001	  1.9776189085906996e+001	  1.9789446097784889e+001	  1.9818471188485905e+001	  1.9756102116688545e+001	  1.9701627653529279e+001	  1.9724836869303118e+001	  1.9764172656698367e+001	
  1.9695789735462181e+001	  1.9705168446819172e+001	  1.9665760042671355e+001	  1.9730633263583019e+001	  1.9736463662216760e+001	  1.9700418934068576e+001	  1.9774124256281851e+001	  1.9787400784906346e+001	  1.9816579211393567e+001	  1.9753989622995736e+001	  1.9699363572510666e+001	  1.9722724859871562e+001	  1.9761976663135261e+001	
  1.9695085939763661e+001	  1.9704496679061116e+001	  1.9665068764166659e+001	  1.9729974411353364e+001	  1.9735826929141879e+001	  1.9699760265972440e+001	  1.9773500865621799e+001	  1.9786783167752212e+001	  1.9815993989073466e+001	  1.9753357058466673e+001	  1.9698707051028514e+001	  1.9722107421497750e+001	  1.9761326311653448e+001	
  1.9694359051764401e+001	  1.9703782199175578e+001	  1.9664369232833248e+001	  1.9729282589736144e+001	  1.9735138675050639e+001	  1.9699086320390190e+001	  1.9772845516473904e+001	  1.9786122698994813e+001	  1.9815378074131907e+001	  1.9752691264775876e+001	  1.9697986112489343e+001	  1.9721411857911718e+001	  1.9760617493004442e+001	
  1.9693919649306444e+001	  1.9703410219711103e+001	  1.9664068599678789e+001	  1.9728878473489313e+001	  1.9734798650466079e+001	  1.9698807516199004e+001	  1.9772467830730509e+001	  1.9785826760282553e+001	  1.9815128094516602e+001	  1.9752365893888228e+001	  1.9697579246909843e+001	  1.9721035527373513e+001	  1.9760231675217501e+001	
  1.9693235704171254e+001	  1.9702871307684003e+001	  1.9663703564820835e+001	  1.9728254853814654e+001	  1.9734307853779463e+001	  1.9698475546538628e+001	  1.9771947153441364e+001	  1.9785427765982433e+001	  1.9814841366168913e+001	  1.9751918198138267e+001	  1.9696964115571262e+001	  1.9720463844099612e+001	  1.9759627179244543e+001	
  1.9692436281511458e+001	  1.9702152717491046e+001	  1.9663264857968603e+001	  1.9727523245411099e+001	  1.9733634318918760e+001	  1.9698069232431617e+001	  1.9771374653126408e+001	  1.9784882295320859e+001	  1.9814487034577709e+001	  1.9751363797691312e+001	  1.9696140650574542e+001	  1.9719677829743990e+001	  1.9758784481386236e+001	
  1.9691678430967805e+001	  1.9701310596700807e+001	  1.9662758757475295e+001	  1.9726822697956553e+001	  1.9732827062108857e+001	  1.9697588853051645e+001	  1.9770796812678853e+001	  1.9784215184978027e+001	  1.9814051156459428e+001	  1.9750749978036129e+001	  1.9695193199313909e+001	  1.9718758355568426e+001	  1.9757789893548644e+001	
  1.9690975285605610e+001	  1.9700428197266877e+001	  1.9662199952036161e+001	  1.9726161094051786e+001	  1.9731970928538352e+001	  1.9697049301070525e+001	  1.9770192752132484e+001	  1.9783487296473485e+001	  1.9813541167571110e+001	  1.9750102633195961e+001	  1.9694221409483365e+001	  1.9717808629146841e+001	  1.9756755984146164e+001	
  1.9690147657240981e+001	  1.9699425091779482e+001	  1.9661510908503182e+001	  1.9725368918958509e+001	  1.9730990419546846e+001	  1.9696376436836896e+001	  1.9769437642068528e+001	  1.9782624321778954e+001	  1.9812883928475649e+001	  1.9749319463354556e+001	  1.9693132764788714e+001	  1.9716740292679017e+001	  1.9755592783014883e+001	
  1.9689262552258846e+001	  1.9698438123163250e+001	  1.9660779821840482e+001	  1.9724513252000850e+001	  1.9730020357030590e+001	  1.9695656791599099e+001	  1.9768622168851923e+001	  1.9781740638322351e+001	  1.9812164651566619e+001	  1.9748494123239933e+001	  1.9692075097568047e+001	  1.9715699740314129e+001	  1.9754460776778348e+001	
  1.9688343797566716e+001	  1.9697445146025853e+001	  1.9660011652308157e+001	  1.9723618592327238e+001	  1.9729038716082499e+001	  1.9694895411481813e+001	  1.9767767904026773e+001	  1.9780823449470859e+001	  1.9811391708921995e+001	  1.9747632031345905e+001	  1.9691020515082407e+001	  1.9714657978957643e+001	  1.9753331388661032e+001	
  1.9687414937893063e+001	  1.9696431054595738e+001	  1.9659209636264823e+001	  1.9722706808847558e+001	  1.9728030450755508e+001	  1.9694095334140432e+001	  1.9766883872893398e+001	  1.9779868051159117e+001	  1.9810569396093577e+001	  1.9746737533518580e+001	  1.9689950388510578e+001	  1.9713596017340922e+001	  1.9752183579000544e+001	
  1.9686474567564808e+001	  1.9695399779797377e+001	  1.9658377936152064e+001	  1.9721776432723029e+001	  1.9726999959544241e+001	  1.9693260923534069e+001	  1.9765968023202102e+001	  1.9778881565899002e+001	  1.9809701995720598e+001	  1.9745813174189827e+001	  1.9688868449339981e+001	  1.9712518180741053e+001	  1.9751019597439100e+001	
  1.9684019248651367e+001	  1.9692757451302267e+001	  1.9656183776075061e+001	  1.9719320084738342e+001	  1.9724338873112533e+001	  1.9691041058597758e+001	  1.9763524038750425e+001	  1.9776287865418666e+001	  1.9807350166888547e+001	  1.9743367059266397e+001	  1.9686115184546157e+001	  1.9709756779119232e+001	  1.9748053138252509e+001	
  1.9681560218342209e+001	  1.9690196153420697e+001	  1.9653917437762374e+001	  1.9716838694810448e+001	  1.9721742560036532e+001	  1.9688731492775176e+001	  1.9761012607850653e+001	  1.9773671631344147e+001	  1.9804856786017073e+001	  1.9740873333938136e+001	  1.9683508487700223e+001	  1.9707139310378423e+001	  1.9745202643229963e+001	
  1.9679074968964613e+001	  1.9687607177515826e+001	  1.9651597714705435e+001	  1.9714298454865151e+001	  1.9719090632015629e+001	  1.9686344945093555e+001	  1.9758412005583530e+001	  1.9770966817584299e+001	  1.9802230585144834e+001	  1.9738298425512589e+001	  1.9680863233121869e+001	  1.9704451586788554e+001	  1.9742314905018890e+001	
  1.9676551909072273e+001	  1.9684973768167431e+001	  1.9649237514460140e+001	  1.9711693856872639e+001	  1.9716373940105171e+001	  1.9683898388414555e+001	  1.9755718265818622e+001	  1.9768169743343947e+001	  1.9799493841938670e+001	  1.9735644410935880e+001	  1.9678184950682468e+001	  1.9701713236620698e+001	  1.9739380159082373e+001	
  1.9676058896481123e+001	  1.9684469524938660e+001	  1.9648770186612634e+001	  1.9711185380455905e+001	  1.9715854707319711e+001	  1.9683413824918944e+001	  1.9755186978170567e+001	  1.9767624163316583e+001	  1.9798948857850888e+001	  1.9735123843473218e+001	  1.9677690293083586e+001	  1.9701213010091660e+001	  1.9738823882935840e+001	
  1.9675786209265453e+001	  1.9684192562824236e+001	  1.9648511099868763e+001	  1.9710902320453616e+001	  1.9715567309597354e+001	  1.9683144161357607e+001	  1.9754890721007268e+001	  1.9767318317736624e+001	  1.9798642923672844e+001	  1.9734834155830246e+001	  1.9677413429670988e+001	  1.9700928254125802e+001	  1.9738517057493691e+001	
  1.9675696551631361e+001	  1.9684100933615792e+001	  1.9648426306113425e+001	  1.9710808813306709e+001	  1.9715471723692023e+001	  1.9683055620138123e+001	  1.9754793072475536e+001	  1.9767216903385282e+001	  1.9798541928915974e+001	  1.9734738482783161e+001	  1.9677319316470278e+001	  1.9700830511737593e+001	  1.9738415041690498e+001	
  1.9675616497624763e+001	  1.9684007188183756e+001	  1.9648341278209795e+001	  1.9710729554023796e+001	  1.9715373802816568e+001	  1.9682966799494363e+001	  1.9754788622084334e+001	  1.9767114549680514e+001	  1.9798440855996834e+001	  1.9734653932170662e+001	  1.9677212349856575e+001	  1.9700723420543749e+001	  1.9738191394716562e+001	
  1.9675564445161690e+001	  1.9683909985911580e+001	  1.9648256011998534e+001	  1.9710684327914016e+001	  1.9715272068926172e+001	  1.9682877759376737e+001	  1.9754894101854074e+001	  1.9767009771668075e+001	  1.9798340323444741e+001	  1.9734589017278104e+001	  1.9677077910208695e+001	  1.9700601631998914e+001	  1.9737677924094356e+001	
  1.9675553868415108e+001	  1.9683807785197423e+001	  1.9648170546110610e+001	  1.9710683056437279e+001	  1.9715165052881900e+001	  1.9682788575929759e+001	  1.9755061101571616e+001	  1.9766901926966753e+001	  1.9798240905231530e+001	  1.9734541749134976e+001	  1.9676919587644026e+001	  1.9700464922409125e+001	  1.9737020016183472e+001	
  1.9675597316037670e+001	  1.9683674469795605e+001	  1.9648065253368593e+001	  1.9710735377000397e+001	  1.9715026019271654e+001	  1.9682678835409732e+001	  1.9755277957442576e+001	  1.9766767856803980e+001	  1.9798120782753688e+001	  1.9734497769490638e+001	  1.9676716381899745e+001	  1.9700284795019524e+001	  1.9736312893157127e+001	
  1.9675687391925173e+001	  1.9683534595313702e+001	  1.9647959894517292e+001	  1.9710829431865523e+001	  1.9714881193732737e+001	  1.9682569182953550e+001	  1.9755474314929938e+001	  1.9766636302652088e+001	  1.9798003316554258e+001	  1.9734461553666591e+001	  1.9676519613761617e+001	  1.9700101596109455e+001	  1.9735792271153031e+001	
  1.9675803822136974e+001	  1.9683391852972925e+001	  1.9647854628257580e+001	  1.9710945436528775e+001	  1.9714734490159731e+001	  1.9682459776859719e+001	  1.9755639027152803e+001	  1.9766510677112809e+001	  1.9797888606862145e+001	  1.9734427875722648e+001	  1.9676335525162706e+001	  1.9699923197559876e+001	  1.9735425084804209e+001	
  1.9675929728365226e+001	  1.9683250206877485e+001	  1.9647749618908549e+001	  1.9711068014196709e+001	  1.9714589710599050e+001	  1.9682350763639381e+001	  1.9755773987702536e+001	  1.9766392461608895e+001	  1.9797776595284574e+001	  1.9734394093242894e+001	  1.9676163912337483e+001	  1.9699753053603047e+001	  1.9735149246106104e+001	
  1.9676196140868910e+001	  1.9682944747936727e+001	  1.9647511450093489e+001	  1.9711322582840449e+001	  1.9714278322264676e+001	  1.9682103784361374e+001	  1.9755997486314200e+001	  1.9766146931524048e+001	  1.9797529471655892e+001	  1.9734309373313668e+001	  1.9675807571722014e+001	  1.9699395428419876e+001	  1.9734650339869578e+001	
  1.9676410993770322e+001	  1.9682667692534444e+001	  1.9647276856367423e+001	  1.9711522776913945e+001	  1.9713995832306082e+001	  1.9681860678411056e+001	  1.9756123348196823e+001	  1.9765928424253794e+001	  1.9797293350404786e+001	  1.9734211461548981e+001	  1.9675493109788626e+001	  1.9699075820419477e+001	  1.9734267740790475e+001	
  1.9676558286624367e+001	  1.9682417716266905e+001	  1.9647046825671588e+001	  1.9711655497868176e+001	  1.9713739886712194e+001	  1.9681622219416717e+001	  1.9756176735047955e+001	  1.9765726888296761e+001	  1.9797065968200513e+001	  1.9734098245760126e+001	  1.9675210004903931e+001	  1.9698786301674009e+001	  1.9733935180330175e+001	
  1.9676641314110544e+001	  1.9682188338129354e+001	  1.9646821963498379e+001	  1.9711724940245670e+001	  1.9713503737554504e+001	  1.9681388859877462e+001	  1.9756175886943034e+001	  1.9765534039411413e+001	  1.9796845186414330e+001	  1.9733970322802513e+001	  1.9674949815231482e+001	  1.9698519005069027e+001	  1.9733631274656485e+001	
  1.9676650967193577e+001	  1.9682142561330590e+001	  1.9646775813749283e+001	  1.9711731988867754e+001	  1.9713456349036846e+001	  1.9681340964069275e+001	  1.9756169783750618e+001	  1.9765494729176602e+001	  1.9796800061639285e+001	  1.9733941919459763e+001	  1.9674893629987501e+001	  1.9698459373348541e+001	  1.9733552617046424e+001	
  1.9676658526781793e+001	  1.9682096328676185e+001	  1.9646729932910787e+001	  1.9711736977489544e+001	  1.9713408099248070e+001	  1.9681293327885978e+001	  1.9756162198946384e+001	  1.9765455111913379e+001	  1.9796755127103008e+001	  1.9733912823934435e+001	  1.9674828457371294e+001	  1.9698389359704201e+001	  1.9733445013756896e+001	
  1.9676664104058759e+001	  1.9682048713187161e+001	  1.9646684318000400e+001	  1.9711739977652236e+001	  1.9713358054924708e+001	  1.9681245930876663e+001	  1.9756153063259767e+001	  1.9765414848779681e+001	  1.9796710321934491e+001	  1.9733882813409416e+001	  1.9674753188094034e+001	  1.9698309491719787e+001	  1.9733310945505874e+001	
  1.9676667769401920e+001	  1.9681999005146285e+001	  1.9646638961182830e+001	  1.9711741060093239e+001	  1.9713305683093836e+001	  1.9681198763988533e+001	  1.9756142369489265e+001	  1.9765373735773053e+001	  1.9796665625491929e+001	  1.9733851743461308e+001	  1.9674670142655053e+001	  1.9698222777114072e+001	  1.9733159721346151e+001	
  1.9676668505263493e+001	  1.9681846422052217e+001	  1.9646511594754806e+001	  1.9711734420881850e+001	  1.9713145707718112e+001	  1.9681066115274799e+001	  1.9756103785682502e+001	  1.9765252015763853e+001	  1.9796539163882514e+001	  1.9733757965519160e+001	  1.9674421358181789e+001	  1.9697966529764646e+001	  1.9732719857666268e+001	
  1.9676655818744141e+001	  1.9681681083729607e+001	  1.9646386127572118e+001	  1.9711714370250633e+001	  1.9712973687089153e+001	  1.9680935201036274e+001	  1.9756053707597580e+001	  1.9765123780761925e+001	  1.9796413135995184e+001	  1.9733657045260845e+001	  1.9674169389248917e+001	  1.9697709514486181e+001	  1.9732301503721466e+001	
  1.9676631009854287e+001	  1.9681509752598156e+001	  1.9646262463122639e+001	  1.9711682227353744e+001	  1.9712796540942733e+001	  1.9680805952365372e+001	  1.9755993133674135e+001	  1.9764990561639749e+001	  1.9796287272752821e+001	  1.9733550731644197e+001	  1.9673930342378473e+001	  1.9697465936984720e+001	  1.9731937785507949e+001	
  1.9676595270033765e+001	  1.9681338329279633e+001	  1.9646140491551588e+001	  1.9711639194164572e+001	  1.9712619833621044e+001	  1.9680678272954243e+001	  1.9755923179321272e+001	  1.9764854015859470e+001	  1.9796161339475251e+001	  1.9733440589458120e+001	  1.9673708489243758e+001	  1.9697239375331680e+001	  1.9731628110313039e+001	
  1.9676478658084243e+001	  1.9680959129079167e+001	  1.9645865658099783e+001	  1.9711505859698811e+001	  1.9712228500408894e+001	  1.9680389819445956e+001	  1.9755733905984599e+001	  1.9764534207708458e+001	  1.9795870475151077e+001	  1.9733178349898285e+001	  1.9673249860970170e+001	  1.9696768821772693e+001	  1.9731039970516385e+001	
  1.9676321853372553e+001	  1.9680601923523522e+001	  1.9645597462464146e+001	  1.9711332741612512e+001	  1.9711858916708863e+001	  1.9680107524929355e+001	  1.9755512951642295e+001	  1.9764210812048777e+001	  1.9795577648113362e+001	  1.9732906935499983e+001	  1.9672846916062525e+001	  1.9696353707058414e+001	  1.9730566370287342e+001	
  1.9676135312770867e+001	  1.9680264559038140e+001	  1.9645334675846399e+001	  1.9711130141441515e+001	  1.9711508397596166e+001	  1.9679830188860134e+001	  1.9755269371061125e+001	  1.9763887209556000e+001	  1.9795282400347162e+001	  1.9732629624792402e+001	  1.9672478950216590e+001	  1.9695973425301911e+001	  1.9730146191383508e+001	
  1.9675927318113665e+001	  1.9679940716548195e+001	  1.9645076100503758e+001	  1.9710906114266656e+001	  1.9711170596850550e+001	  1.9679556601431951e+001	  1.9755009577358262e+001	  1.9763564058221018e+001	  1.9794984385891023e+001	  1.9732347796989561e+001	  1.9672130974064320e+001	  1.9695612861741619e+001	  1.9729751715658654e+001	
  1.9675259359227869e+001	  1.9679031021744763e+001	  1.9644344467587075e+001	  1.9710189840470438e+001	  1.9710216900661653e+001	  1.9678778957560599e+001	  1.9754205556089090e+001	  1.9762627287701363e+001	  1.9794109466140124e+001	  1.9731514389057033e+001	  1.9671160430675762e+001	  1.9694602405052830e+001	  1.9728659727137931e+001	
  1.9674529143071471e+001	  1.9678153318919808e+001	  1.9643624196487831e+001	  1.9709410590553126e+001	  1.9709293278533107e+001	  1.9678010402007128e+001	  1.9753351653500026e+001	  1.9761690813926158e+001	  1.9793214253177371e+001	  1.9730663143148185e+001	  1.9670243041578040e+001	  1.9693646836679719e+001	  1.9727621897785792e+001	
  1.9673772775674117e+001	  1.9677290240412432e+001	  1.9642907321777301e+001	  1.9708602246683046e+001	  1.9708381250495208e+001	  1.9677242555771372e+001	  1.9752471643357431e+001	  1.9760749993178525e+001	  1.9792299491911667e+001	  1.9729800181316214e+001	  1.9669347101700090e+001	  1.9692710312796869e+001	  1.9726606288750688e+001	
  1.9673000833468191e+001	  1.9676428161010907e+001	  1.9642187683902204e+001	  1.9707774634490526e+001	  1.9707466980868510e+001	  1.9676469155561996e+001	  1.9751572330150978e+001	  1.9759799199683549e+001	  1.9791365659843621e+001	  1.9728924483756856e+001	  1.9668453485920736e+001	  1.9691772949145964e+001	  1.9725593607436188e+001	
  1.9671569688487470e+001	  1.9674857647383007e+001	  1.9640873389212238e+001	  1.9706233547566047e+001	  1.9705794520933942e+001	  1.9675051083604480e+001	  1.9749900343505260e+001	  1.9758047112190621e+001	  1.9789632935959375e+001	  1.9727306574002910e+001	  1.9666829311534379e+001	  1.9690062240368800e+001	  1.9723753892201461e+001	
  1.9670125804722289e+001	  1.9673298240779751e+001	  1.9639543072631426e+001	  1.9704672382700721e+001	  1.9704127921534109e+001	  1.9673611330047695e+001	  1.9748202420471028e+001	  1.9756277329446728e+001	  1.9787858800213780e+001	  1.9725668077699400e+001	  1.9665236655305200e+001	  1.9688382082890403e+001	  1.9721934678842619e+001	
  1.9668683805949936e+001	  1.9671759527153938e+001	  1.9638206579128497e+001	  1.9703104690943196e+001	  1.9702474973169782e+001	  1.9672159299739540e+001	  1.9746490824876673e+001	  1.9754500243742680e+001	  1.9786053958363077e+001	  1.9724020436611237e+001	  1.9663671343140216e+001	  1.9686722453926812e+001	  1.9720144630643031e+001	
  1.9667235890575707e+001	  1.9670221887474248e+001	  1.9636866315154638e+001	  1.9701522267990981e+001	  1.9700815994104030e+001	  1.9670697230073230e+001	  1.9744759128026988e+001	  1.9752708501943122e+001	  1.9784222599181625e+001	  1.9722357677370681e+001	  1.9662106641765888e+001	  1.9685056039251524e+001	  1.9718355866803858e+001	
  1.9665782869898436e+001	  1.9668685671012014e+001	  1.9635524204290284e+001	  1.9699927880319773e+001	  1.9699153396627025e+001	  1.9669228292840732e+001	  1.9743010344838591e+001	  1.9750903553520850e+001	  1.9782369945487819e+001	  1.9720682693320434e+001	  1.9660550234001573e+001	  1.9683394149532170e+001	  1.9716570802331251e+001	
  1.9663092763140138e+001	  1.9665862829166215e+001	  1.9633028604641670e+001	  1.9696959202733115e+001	  1.9696083510511986e+001	  1.9666484929684408e+001	  1.9739739077489716e+001	  1.9747535754415715e+001	  1.9778876339379533e+001	  1.9717556202312242e+001	  1.9657707574930150e+001	  1.9680346010755219e+001	  1.9713297235292004e+001	
  1.9660506667386020e+001	  1.9663173666036137e+001	  1.9630593828769495e+001	  1.9694083456220628e+001	  1.9693138965688313e+001	  1.9663793544855519e+001	  1.9736543189636365e+001	  1.9744253851713761e+001	  1.9775408666151456e+001	  1.9714505734601332e+001	  1.9655025054290856e+001	  1.9677454435646730e+001	  1.9710175985534182e+001	
  1.9659758994994299e+001	  1.9662396781783208e+001	  1.9629882189187835e+001	  1.9693246768788097e+001	  1.9692283552892025e+001	  1.9663003405218660e+001	  1.9735607061400355e+001	  1.9743290530570629e+001	  1.9774382620065232e+001	  1.9713612427855733e+001	  1.9654251457018066e+001	  1.9676616233727863e+001	  1.9709271645471670e+001	
  1.9659003193551463e+001	  1.9661600912321862e+001	  1.9629173742029302e+001	  1.9692397442152412e+001	  1.9691405178211042e+001	  1.9662213853203443e+001	  1.9734657710280171e+001	  1.9742311622439392e+001	  1.9773353235734120e+001	  1.9712708635690671e+001	  1.9653445485982296e+001	  1.9675738374933442e+001	  1.9708342172315795e+001	
  1.9658233564124338e+001	  1.9660786117091376e+001	  1.9628464622427142e+001	  1.9691532648847211e+001	  1.9690507221333046e+001	  1.9661422465225982e+001	  1.9733694130600544e+001	  1.9741319968563015e+001	  1.9772319249792446e+001	  1.9711793130613099e+001	  1.9652621178299416e+001	  1.9674842444870155e+001	  1.9707389223478334e+001	
  1.9657464903459726e+001	  1.9659980181223840e+001	  1.9627758149106732e+001	  1.9690669096254076e+001	  1.9689618878647362e+001	  1.9660633685681773e+001	  1.9732731521460863e+001	  1.9740332353026297e+001	  1.9771284575263710e+001	  1.9710880316307012e+001	  1.9651815274092851e+001	  1.9673967396088685e+001	  1.9706449560767901e+001	
  1.9656710536059279e+001	  1.9659197394527443e+001	  1.9627058459955315e+001	  1.9689820056485697e+001	  1.9688753799830884e+001	  1.9659851606857980e+001	  1.9731781954686721e+001	  1.9739359605753105e+001	  1.9770253412939788e+001	  1.9709980079104472e+001	  1.9651036808168325e+001	  1.9673120308185474e+001	  1.9705539947269983e+001	
  1.9655183819554072e+001	  1.9657612916322392e+001	  1.9625628103663285e+001	  1.9688095455483300e+001	  1.9686997317551949e+001	  1.9658249116768516e+001	  1.9729844989856065e+001	  1.9737373815409313e+001	  1.9768131441938586e+001	  1.9708142164312509e+001	  1.9649460906529441e+001	  1.9671400395424143e+001	  1.9703696744640389e+001	
  1.9653718921432290e+001	  1.9656092481364723e+001	  1.9624236351542194e+001	  1.9686432391062045e+001	  1.9685304792986678e+001	  1.9656685011303939e+001	  1.9727965539564710e+001	  1.9735448681069855e+001	  1.9766051444181340e+001	  1.9706357966474776e+001	  1.9647952624363448e+001	  1.9669748900314641e+001	  1.9701919631622811e+001	
  1.9652296722782534e+001	  1.9654611743463111e+001	  1.9622885861600004e+001	  1.9684809464826888e+001	  1.9683649670235479e+001	  1.9655160921274579e+001	  1.9726124355715200e+001	  1.9733559573045980e+001	  1.9764012472697445e+001	  1.9704613030703687e+001	  1.9646481533645829e+001	  1.9668131328740632e+001	  1.9700181600116114e+001	
  1.9650904208887916e+001	  1.9653157408996023e+001	  1.9621574721367541e+001	  1.9683213559341372e+001	  1.9682018995621362e+001	  1.9653674638704192e+001	  1.9724310368025233e+001	  1.9731698577652910e+001	  1.9762007624878027e+001	  1.9702897934627529e+001	  1.9645034131074631e+001	  1.9666534796052137e+001	  1.9698468406566604e+001	
  1.9649547565426570e+001	  1.9651741033003475e+001	  1.9620301876932153e+001	  1.9681652286948534e+001	  1.9680425677388619e+001	  1.9652225807965557e+001	  1.9722530762858980e+001	  1.9729874843038615e+001	  1.9760035931388188e+001	  1.9701218369507373e+001	  1.9643626350386437e+001	  1.9664977429250463e+001	  1.9696794621317949e+001	
  1.9647422847985638e+001	  1.9649521208872759e+001	  1.9618301919199507e+001	  1.9679191710176859e+001	  1.9677915861994858e+001	  1.9649937399556539e+001	  1.9719710729577358e+001	  1.9726983994362250e+001	  1.9756892025626605e+001	  1.9698560288574637e+001	  1.9641422174313696e+001	  1.9662527580316031e+001	  1.9694160414620967e+001	
  1.9645421247121757e+001	  1.9647425355390833e+001	  1.9616404787147051e+001	  1.9676854274447557e+001	  1.9675530443064794e+001	  1.9647752169153328e+001	  1.9717011815059610e+001	  1.9724213494365433e+001	  1.9753861649911496e+001	  1.9696019740961109e+001	  1.9639345957876778e+001	  1.9660206273407539e+001	  1.9691657983404209e+001	
  1.9643515402748903e+001	  1.9645417601846589e+001	  1.9614606924719826e+001	  1.9674610571513242e+001	  1.9673231880356035e+001	  1.9645665978978958e+001	  1.9714406657579918e+001	  1.9721538322514704e+001	  1.9750933051829179e+001	  1.9693574460812410e+001	  1.9637349804369634e+001	  1.9657961159401225e+001	  1.9689244551654280e+001	
  1.9641708826091616e+001	  1.9643509103003208e+001	  1.9612909866258327e+001	  1.9672467380958075e+001	  1.9671034345577965e+001	  1.9643682149970299e+001	  1.9711903686176107e+001	  1.9718968413152066e+001	  1.9748108285088417e+001	  1.9691231358363225e+001	  1.9635454145435830e+001	  1.9655817881761291e+001	  1.9686936521180883e+001	
  1.9638727068714061e+001	  1.9640345162163854e+001	  1.9610110071005625e+001	  1.9668887197161194e+001	  1.9667357417677472e+001	  1.9640373384161059e+001	  1.9707681549555684e+001	  1.9714629387303191e+001	  1.9743303010303560e+001	  1.9687290941260610e+001	  1.9632314698721256e+001	  1.9652238002759493e+001	  1.9683073598134435e+001	
  1.9636073933960610e+001	  1.9637503530134552e+001	  1.9607623140608656e+001	  1.9665646574759403e+001	  1.9664013170823800e+001	  1.9637388282560103e+001	  1.9703807743640485e+001	  1.9710643481913920e+001	  1.9738854312798477e+001	  1.9683691954043514e+001	  1.9629492690151512e+001	  1.9648982045071474e+001	  1.9679554898703184e+001	
  1.9633695336725221e+001	  1.9634925834373728e+001	  1.9605406844892347e+001	  1.9662693123823885e+001	  1.9660945036362961e+001	  1.9634686390276467e+001	  1.9700232663772848e+001	  1.9706963483139226e+001	  1.9734728267910949e+001	  1.9680387719945351e+001	  1.9626924977294589e+001	  1.9645987192987345e+001	  1.9676323267660393e+001	
  1.9631626264861218e+001	  1.9632666608877017e+001	  1.9603468029426079e+001	  1.9660070683777601e+001	  1.9658214445005065e+001	  1.9632280362401904e+001	  1.9697004638952343e+001	  1.9703636321953102e+001	  1.9730950106670402e+001	  1.9677416923965492e+001	  1.9624684953916372e+001	  1.9643338051645873e+001	  1.9673445455691304e+001	
  1.9629146315985970e+001	  1.9629906819564390e+001	  1.9601151330195453e+001	  1.9656847181605112e+001	  1.9654822450326371e+001	  1.9629338333823647e+001	  1.9692958751375066e+001	  1.9699462876588051e+001	  1.9726175979007877e+001	  1.9673719005086532e+001	  1.9621936353144662e+001	  1.9640035387387893e+001	  1.9669863095535344e+001	
  1.9627124788676134e+001	  1.9627608050010430e+001	  1.9599258853409999e+001	  1.9654127746346557e+001	  1.9651931877394947e+001	  1.9626860457923041e+001	  1.9689455080405853e+001	  1.9695845907867184e+001	  1.9721984541425652e+001	  1.9670542831023106e+001	  1.9619648219112008e+001	  1.9637226893796569e+001	  1.9666806430154519e+001	
  1.9625562113300990e+001	  1.9625781479632462e+001	  1.9597779783345725e+001	  1.9651917830838595e+001	  1.9649557055315519e+001	  1.9624839336896905e+001	  1.9686505032222311e+001	  1.9692793572639975e+001	  1.9718377795017147e+001	  1.9667893574395915e+001	  1.9617836864791439e+001	  1.9634933575664011e+001	  1.9664287962662247e+001	
  1.9624315101670174e+001	  1.9624258415762952e+001	  1.9596611152764257e+001	  1.9650068623630279e+001	  1.9647525479996585e+001	  1.9623168907400039e+001	  1.9683955373618140e+001	  1.9690157729345270e+001	  1.9715245861010754e+001	  1.9665632704760856e+001	  1.9616310068846847e+001	  1.9632953642631055e+001	  1.9662128786361770e+001	
  1.9623511428632067e+001	  1.9623225948263258e+001	  1.9595825038688108e+001	  1.9648721957252761e+001	  1.9646034138946156e+001	  1.9621929117346667e+001	  1.9681968325234749e+001	  1.9688089905021965e+001	  1.9712679965484334e+001	  1.9663894513607637e+001	  1.9615302098011345e+001	  1.9631543498235551e+001	  1.9660532694489635e+001	
  1.9623212633216312e+001	  1.9622786023753722e+001	  1.9595575320000552e+001	  1.9648232440871716e+001	  1.9645433441497655e+001	  1.9621524108025742e+001	  1.9681245133744369e+001	  1.9687345307516164e+001	  1.9711831903924644e+001	  1.9663277541206991e+001	  1.9614815867909257e+001	  1.9630901815538273e+001	  1.9659882389646889e+001	
  1.9623050139783420e+001	  1.9622596559179044e+001	  1.9595413771337419e+001	  1.9647937552055023e+001	  1.9645134525771329e+001	  1.9621249936398232e+001	  1.9680799187985908e+001	  1.9686882745813236e+001	  1.9711218454566250e+001	  1.9662888336708466e+001	  1.9614670868063666e+001	  1.9630670902583002e+001	  1.9659569762733334e+001	
  1.9622947820140929e+001	  1.9622446617875760e+001	  1.9595291854300587e+001	  1.9647701110365322e+001	  1.9644870173182404e+001	  1.9621015798668751e+001	  1.9680401561316216e+001	  1.9686463832720221e+001	  1.9710657690982380e+001	  1.9662547677334526e+001	  1.9614526752364785e+001	  1.9630424696641604e+001	  1.9659290258134149e+001	
  1.9622848614605203e+001	  1.9622266739874448e+001	  1.9595192068251531e+001	  1.9647466873772292e+001	  1.9644575943458687e+001	  1.9620804723085115e+001	  1.9679999677039991e+001	  1.9686043225747316e+001	  1.9710126858823998e+001	  1.9662210951344722e+001	  1.9614334307175987e+001	  1.9630127629424980e+001	  1.9658963254899568e+001	
  1.9622751348279021e+001	  1.9622095109174278e+001	  1.9595108879006755e+001	  1.9647238562218362e+001	  1.9644294193235442e+001	  1.9620613322714746e+001	  1.9679612358766622e+001	  1.9685639135339905e+001	  1.9709621515106377e+001	  1.9661889297034286e+001	  1.9614158323618877e+001	  1.9629852650910660e+001	  1.9658651541006108e+001	
  1.9622649785682004e+001	  1.9621891690651495e+001	  1.9595020756214382e+001	  1.9646938187414218e+001	  1.9643923658398883e+001	  1.9620360450870628e+001	  1.9679071796549902e+001	  1.9685072899686070e+001	  1.9708889009232713e+001	  1.9661445818471485e+001	  1.9613953923141988e+001	  1.9629498469463531e+001	  1.9658244745627222e+001	
  1.9622589880491653e+001	  1.9621730906373354e+001	  1.9594971341408041e+001	  1.9646688662641715e+001	  1.9643603639875028e+001	  1.9620154200705549e+001	  1.9678591039114998e+001	  1.9684568782863202e+001	  1.9708226150618678e+001	  1.9661058289450089e+001	  1.9613789324179315e+001	  1.9629190292819391e+001	  1.9657890602544764e+001	
  1.9622576436369858e+001	  1.9621622765700561e+001	  1.9594964707120504e+001	  1.9646495728238108e+001	  1.9643344866361513e+001	  1.9619999099965860e+001	  1.9678178509392644e+001	  1.9684134324659482e+001	  1.9707637743735155e+001	  1.9660733376944197e+001	  1.9613679124106056e+001	  1.9628944603469009e+001	  1.9657600405199982e+001	
  1.9622618785994792e+001	  1.9621514775402296e+001	  1.9595021021588664e+001	  1.9646264639423432e+001	  1.9643007578731130e+001	  1.9619829722575393e+001	  1.9677611198280921e+001	  1.9683534426584998e+001	  1.9706807951473643e+001	  1.9660301345987520e+001	  1.9613563600124426e+001	  1.9628621541413544e+001	  1.9657215033730321e+001	
  1.9622742415169370e+001	  1.9621494585961006e+001	  1.9595159274617615e+001	  1.9646136582369270e+001	  1.9642776704589245e+001	  1.9619760568474682e+001	  1.9677171446619028e+001	  1.9683065602238432e+001	  1.9706129596211017e+001	  1.9659987523088439e+001	  1.9613534128393866e+001	  1.9628400583164005e+001	  1.9656940474542690e+001	
  1.9622963979087974e+001	  1.9621587926727777e+001	  1.9595387955614740e+001	  1.9646129902018870e+001	  1.9642679002025524e+001	  1.9619801075656774e+001	  1.9676881936035546e+001	  1.9682748862365170e+001	  1.9705615699561168e+001	  1.9659809986724568e+001	  1.9613622103832654e+001	  1.9628315615483501e+001	  1.9656804553956267e+001	
  1.9623244325099893e+001	  1.9621736504902749e+001	  1.9595684487259796e+001	  1.9646200285071444e+001	  1.9642652073688978e+001	  1.9619925462241397e+001	  1.9676689074032556e+001	  1.9682532222047080e+001	  1.9705231820456813e+001	  1.9659724476157063e+001	  1.9613754990718540e+001	  1.9628286747453075e+001	  1.9656739909231160e+001	
  1.9623791631348780e+001	  1.9622101199490739e+001	  1.9596255221131219e+001	  1.9646461690112055e+001	  1.9642778564344265e+001	  1.9620261922017939e+001	  1.9676590883625373e+001	  1.9682402437160054e+001	  1.9704870242913724e+001	  1.9659772336090278e+001	  1.9614099491990654e+001	  1.9628411691930708e+001	  1.9656817449673269e+001	
  1.9624498144423825e+001	  1.9622653868295931e+001	  1.9596971191213562e+001	  1.9646927735484397e+001	  1.9643130705438754e+001	  1.9620780972099269e+001	  1.9676753875221404e+001	  1.9682536427357306e+001	  1.9704800215027234e+001	  1.9660054255058284e+001	  1.9614636480641252e+001	  1.9628764153848479e+001	  1.9657128555887102e+001	
  1.9625215803079527e+001	  1.9623202287495936e+001	  1.9597730772595344e+001	  1.9647437994793613e+001	  1.9643507652299039e+001	  1.9621372998113305e+001	  1.9676995343139907e+001	  1.9682757842713833e+001	  1.9704882615980107e+001	  1.9660411233357344e+001	  1.9615144743282013e+001	  1.9629107226965981e+001	  1.9657465970589289e+001	
  1.9625543642303459e+001	  1.9623541099585122e+001	  1.9598027447719822e+001	  1.9647718145060068e+001	  1.9643806986909919e+001	  1.9621628015055016e+001	  1.9677227444894804e+001	  1.9682981222485932e+001	  1.9705015983162131e+001	  1.9660650485470942e+001	  1.9615517251199119e+001	  1.9629452631067764e+001	  1.9657770472778854e+001	
  1.9625841336865083e+001	  1.9623759522788799e+001	  1.9598333018528241e+001	  1.9647953140991284e+001	  1.9643971490712563e+001	  1.9621885207184310e+001	  1.9677368629398028e+001	  1.9683113229644043e+001	  1.9705128523490703e+001	  1.9660832033825368e+001	  1.9615692977477096e+001	  1.9629568867999843e+001	  1.9657910171089853e+001	
  1.9626110834211239e+001	  1.9623973395683997e+001	  1.9598631204394895e+001	  1.9648167604524737e+001	  1.9644140862821757e+001	  1.9622139319558610e+001	  1.9677513148615290e+001	  1.9683252812630926e+001	  1.9705244505607670e+001	  1.9661010100324553e+001	  1.9615895333698738e+001	  1.9629728995295817e+001	  1.9658063458083426e+001	
  1.9626398325310966e+001	  1.9624230920021152e+001	  1.9598928032641822e+001	  1.9648406756045926e+001	  1.9644358743523032e+001	  1.9622396465923067e+001	  1.9677693709270059e+001	  1.9683428394963940e+001	  1.9705377927413902e+001	  1.9661214742054927e+001	  1.9616151820838173e+001	  1.9629948911199904e+001	  1.9658277083110093e+001	
  1.9626843673553648e+001	  1.9624620291690242e+001	  1.9599377770712948e+001	  1.9648783782774558e+001	  1.9644691625641659e+001	  1.9622791183465552e+001	  1.9677981552972987e+001	  1.9683708774226648e+001	  1.9705604461635652e+001	  1.9661537645449485e+001	  1.9616527383445650e+001	  1.9630269617578797e+001	  1.9658598789251968e+001	
  1.9627283806860397e+001	  1.9625001889711079e+001	  1.9599829240483540e+001	  1.9649161676500029e+001	  1.9645022170869478e+001	  1.9623193084548905e+001	  1.9678276959970990e+001	  1.9683998158221907e+001	  1.9705853312941919e+001	  1.9661867604686257e+001	  1.9616892778989168e+001	  1.9630584545476495e+001	  1.9658917386874332e+001	
  1.9627732052750456e+001	  1.9625404017181427e+001	  1.9600285130564920e+001	  1.9649556189658192e+001	  1.9645380391012068e+001	  1.9623605908874051e+001	  1.9678602881007539e+001	  1.9684318483890163e+001	  1.9706132761571798e+001	  1.9662220936702663e+001	  1.9617285028010414e+001	  1.9630934270762793e+001	  1.9659267517102986e+001	
  1.9628177357788331e+001	  1.9625801995365890e+001	  1.9600738010207522e+001	  1.9649952796641035e+001	  1.9645738555625446e+001	  1.9624020272973993e+001	  1.9678936139106781e+001	  1.9684647161345008e+001	  1.9706430225305596e+001	  1.9662580271175759e+001	  1.9617668729383723e+001	  1.9631277889346144e+001	  1.9659617750348914e+001	
  1.9629299499827763e+001	  1.9626824029601618e+001	  1.9601881813698650e+001	  1.9650985717056312e+001	  1.9646689199855764e+001	  1.9625094886340719e+001	  1.9679850591706138e+001	  1.9685556170221577e+001	  1.9707287641620361e+001	  1.9663545267379241e+001	  1.9618657883921209e+001	  1.9632192343710305e+001	  1.9660558464231560e+001	
  1.9630436243322372e+001	  1.9627894377665434e+001	  1.9603017548530840e+001	  1.9652065792839775e+001	  1.9647714369310975e+001	  1.9626187558239533e+001	  1.9680857279892933e+001	  1.9686557864412929e+001	  1.9708250331464551e+001	  1.9664578457483969e+001	  1.9619706509106809e+001	  1.9633192999946054e+001	  1.9661579418339056e+001	
  1.9630522405571767e+001	  1.9627921721808416e+001	  1.9603137902909129e+001	  1.9652135535687222e+001	  1.9647728270877074e+001	  1.9626297901595077e+001	  1.9680891473871217e+001	  1.9686593181938949e+001	  1.9708321382469730e+001	  1.9664638023623187e+001	  1.9619691916834498e+001	  1.9633155227421216e+001	  1.9661579018806137e+001	
  1.9630638542689336e+001	  1.9628057129662942e+001	  1.9603256728087651e+001	  1.9652251811010423e+001	  1.9647865960329202e+001	  1.9626415232863316e+001	  1.9681020041049397e+001	  1.9686724695600958e+001	  1.9708433204920880e+001	  1.9664760023896410e+001	  1.9619852046122329e+001	  1.9633323661765907e+001	  1.9661727650908531e+001	
  1.9630782351790774e+001	  1.9628216397625252e+001	  1.9603383279874539e+001	  1.9652394814019942e+001	  1.9648024545992993e+001	  1.9626540436172743e+001	  1.9681166198676316e+001	  1.9686870686994794e+001	  1.9708557932258838e+001	  1.9664900004458076e+001	  1.9620021411921744e+001	  1.9633493954808330e+001	  1.9661895455681112e+001	
  1.9631017027870307e+001	  1.9628445025218010e+001	  1.9603601484818761e+001	  1.9652624001729361e+001	  1.9648248373869151e+001	  1.9626754897627631e+001	  1.9681386585544079e+001	  1.9687089533614856e+001	  1.9708766310068594e+001	  1.9665119724606637e+001	  1.9620246064083741e+001	  1.9633712819138449e+001	  1.9662120263486443e+001	
  1.9631239179193194e+001	  1.9628652643800844e+001	  1.9603821696795155e+001	  1.9652839724703959e+001	  1.9648450813245386e+001	  1.9626970964758669e+001	  1.9681592122268157e+001	  1.9687294045434484e+001	  1.9708971527629451e+001	  1.9665328781227700e+001	  1.9620446114502016e+001	  1.9633906084421426e+001	  1.9662320278989419e+001	
  1.9631453516899111e+001	  1.9628853414019972e+001	  1.9604039078333148e+001	  1.9653048204270945e+001	  1.9648647104046031e+001	  1.9627184542929122e+001	  1.9681792053406365e+001	  1.9687493627951412e+001	  1.9709173245080081e+001	  1.9665532728725889e+001	  1.9620640236609884e+001	  1.9634094205238064e+001	  1.9662515050312770e+001	
  1.9632181312409262e+001	  1.9629545703869677e+001	  1.9604774279177416e+001	  1.9653764786630710e+001	  1.9649331989750721e+001	  1.9627913600992315e+001	  1.9682492556299110e+001	  1.9688196166159063e+001	  1.9709882529084616e+001	  1.9666241078074620e+001	  1.9621313605524822e+001	  1.9634754532529222e+001	  1.9663202321385644e+001	
  1.9632823547118718e+001	  1.9630158681289199e+001	  1.9605425616474012e+001	  1.9654406432474790e+001	  1.9649947008954030e+001	  1.9628567677802248e+001	  1.9683130983701314e+001	  1.9688840681863979e+001	  1.9710543592243763e+001	  1.9666883818480610e+001	  1.9621907498517672e+001	  1.9635343292076818e+001	  1.9663825794539200e+001	
  1.9633068399336526e+001	  1.9630425861677583e+001	  1.9605645251872666e+001	  1.9654658519132614e+001	  1.9650220409924991e+001	  1.9628792556140972e+001	  1.9683399198907512e+001	  1.9689108353927679e+001	  1.9710792548226394e+001	  1.9667137848064947e+001	  1.9622190713566713e+001	  1.9635635726196632e+001	  1.9664108692083303e+001	
  1.9633263779141043e+001	  1.9630591731767851e+001	  1.9605851082260983e+001	  1.9654851115825487e+001	  1.9650384044852448e+001	  1.9628998521021373e+001	  1.9683580273402747e+001	  1.9689290106169434e+001	  1.9710997186363453e+001	  1.9667327585959548e+001	  1.9622333101572071e+001	  1.9635769689592564e+001	  1.9664266327756209e+001	
  1.9633458353252760e+001	  1.9630783661316350e+001	  1.9606048922425558e+001	  1.9655048843862794e+001	  1.9650579557425910e+001	  1.9629199550116692e+001	  1.9683783836516998e+001	  1.9689495582304762e+001	  1.9711207521970383e+001	  1.9667529302750307e+001	  1.9622524721634132e+001	  1.9635964060185632e+001	  1.9664465232850116e+001	
  1.9633775731340950e+001	  1.9631094134880925e+001	  1.9606365864465097e+001	  1.9655372488365604e+001	  1.9650896265629612e+001	  1.9629523081563438e+001	  1.9684115061680323e+001	  1.9689829923325135e+001	  1.9711552064680724e+001	  1.9667857742112947e+001	  1.9622828169800066e+001	  1.9636270277693029e+001	  1.9664787639342105e+001	
  1.9634078411124712e+001	  1.9631391854190955e+001	  1.9606667186070748e+001	  1.9655683608132062e+001	  1.9651202073607379e+001	  1.9629832767513033e+001	  1.9684436448618214e+001	  1.9690154760294444e+001	  1.9711888291295839e+001	  1.9668175138358841e+001	  1.9623119817224090e+001	  1.9636566653857212e+001	  1.9665099662631814e+001	
  1.9634369318900497e+001	  1.9631680868404562e+001	  1.9606954362786194e+001	  1.9655985107394468e+001	  1.9651500891697658e+001	  1.9630129972021880e+001	  1.9684751691555618e+001	  1.9690473446462416e+001	  1.9712218758078734e+001	  1.9668484399064429e+001	  1.9623404106539649e+001	  1.9636857571069857e+001	  1.9665405342712919e+001	
  1.9635121871485026e+001	  1.9632434663162506e+001	  1.9607700032446438e+001	  1.9656782859941764e+001	  1.9652295590758094e+001	  1.9630916995861817e+001	  1.9685606412939755e+001	  1.9691341982011554e+001	  1.9713137994211380e+001	  1.9669317192866718e+001	  1.9624142864211297e+001	  1.9637626043258898e+001	  1.9666224668374355e+001	
  1.9635394474838009e+001	  1.9632723703673143e+001	  1.9607953914860158e+001	  1.9657074764085920e+001	  1.9652601144193309e+001	  1.9631187287304908e+001	  1.9685926248567991e+001	  1.9691664150458791e+001	  1.9713465871525411e+001	  1.9669621119761214e+001	  1.9624437454361328e+001	  1.9637936120130988e+001	  1.9666540081557120e+001	
  1.9635593306052659e+001	  1.9632906625081407e+001	  1.9608165605073584e+001	  1.9657287058061261e+001	  1.9652796445541917e+001	  1.9631412388781399e+001	  1.9686150888058268e+001	  1.9691894282961542e+001	  1.9713729588149604e+001	  1.9669845844620628e+001	  1.9624602744077283e+001	  1.9638107051695105e+001	  1.9666738537003429e+001	
  1.9635842749984914e+001	  1.9633182716116416e+001	  1.9608392318102968e+001	  1.9657558945553490e+001	  1.9653091742249558e+001	  1.9631657466459320e+001	  1.9686457341086008e+001	  1.9692203337484031e+001	  1.9714038808966436e+001	  1.9670132303817685e+001	  1.9624891603958545e+001	  1.9638415685229727e+001	  1.9667046553403591e+001	
  1.9636002038508725e+001	  1.9633322155539553e+001	  1.9608568841554739e+001	  1.9657731933633702e+001	  1.9653243819921368e+001	  1.9631847840357207e+001	  1.9686641399483058e+001	  1.9692393683050412e+001	  1.9714267775702492e+001	  1.9670318525142644e+001	  1.9625009653563147e+001	  1.9638538582033387e+001	  1.9667201165689782e+001	
  1.9636190716832971e+001	  1.9633546750744873e+001	  1.9608729372081957e+001	  1.9657942012378570e+001	  1.9653486577588339e+001	  1.9632025045266232e+001	  1.9686887164925011e+001	  1.9692641194927063e+001	  1.9714505224915406e+001	  1.9670541984674113e+001	  1.9625254905014238e+001	  1.9638804864036818e+001	  1.9667457978500732e+001	
  1.9636303626059956e+001	  1.9633636929079433e+001	  1.9608857680418819e+001	  1.9658064576183918e+001	  1.9653585384522103e+001	  1.9632163798870423e+001	  1.9687014239607571e+001	  1.9692772429457651e+001	  1.9714672737669364e+001	  1.9670673319285719e+001	  1.9625321919578479e+001	  1.9638873023683932e+001	  1.9667555252701185e+001	
  1.9636453719923022e+001	  1.9633812208254067e+001	  1.9608992406379784e+001	  1.9658234137180443e+001	  1.9653777576958028e+001	  1.9632314140341236e+001	  1.9687214713183401e+001	  1.9692975933865124e+001	  1.9714876103540945e+001	  1.9670857137854231e+001	  1.9625510754613629e+001	  1.9639079940858061e+001	  1.9667759207310326e+001	
  1.9636571196934604e+001	  1.9633923432774804e+001	  1.9609114016390553e+001	  1.9658365610540962e+001	  1.9653901016662868e+001	  1.9632448847548122e+001	  1.9687360441304943e+001	  1.9693125665894858e+001	  1.9715050850323074e+001	  1.9670999712473449e+001	  1.9625610333893977e+001	  1.9639186785368175e+001	  1.9667885990099069e+001	
  1.9636703926960529e+001	  1.9634073076654051e+001	  1.9609236037393767e+001	  1.9658517122471572e+001	  1.9654066895036301e+001	  1.9632586493370294e+001	  1.9687539039940621e+001	  1.9693307519124694e+001	  1.9715240372762697e+001	  1.9671164980171451e+001	  1.9625766334695406e+001	  1.9639358397377546e+001	  1.9668061184753139e+001	
  1.9636809556850750e+001	  1.9634178597433305e+001	  1.9609342672773668e+001	  1.9658638117183589e+001	  1.9654185775828900e+001	  1.9632706950671121e+001	  1.9687677770431819e+001	  1.9693450083626612e+001	  1.9715403911180907e+001	  1.9671298051738717e+001	  1.9625864994610371e+001	  1.9639466646042120e+001	  1.9668184786168982e+001	
  1.9636991371361436e+001	  1.9634379309010690e+001	  1.9609513672732930e+001	  1.9658850305414795e+001	  1.9654412683308063e+001	  1.9632903799244886e+001	  1.9687930726805405e+001	  1.9693708876392257e+001	  1.9715684568604431e+001	  1.9671532985600912e+001	  1.9626068331825536e+001	  1.9639693185383152e+001	  1.9668424382395894e+001	
  1.9637131085618915e+001	  1.9634528999660709e+001	  1.9609650761174994e+001	  1.9659018555939010e+001	  1.9654587156270882e+001	  1.9633065700971891e+001	  1.9688134825155576e+001	  1.9693919647895232e+001	  1.9715924768200765e+001	  1.9671723728426969e+001	  1.9626213906665495e+001	  1.9639858899445382e+001	  1.9668609645300410e+001	
  1.9637295373741019e+001	  1.9634718534140763e+001	  1.9609796553953384e+001	  1.9659213438067649e+001	  1.9654802486879380e+001	  1.9633237053899503e+001	  1.9688371781170350e+001	  1.9694160441021594e+001	  1.9716181437097518e+001	  1.9671939757758228e+001	  1.9626410337169926e+001	  1.9640079588062637e+001	  1.9668836484812196e+001	
  1.9637335632038219e+001	  1.9634748504344099e+001	  1.9609854657933511e+001	  1.9659272993546278e+001	  1.9654849924891298e+001	  1.9633313034930314e+001	  1.9688451125204836e+001	  1.9694247495991245e+001	  1.9716307724720988e+001	  1.9672018054855467e+001	  1.9626424294061032e+001	  1.9640104107435931e+001	  1.9668889527118825e+001	
  1.9637402203891867e+001	  1.9634864973389348e+001	  1.9609889730456295e+001	  1.9659356225832969e+001	  1.9654980625105825e+001	  1.9633359308105380e+001	  1.9688568845906101e+001	  1.9694365919527801e+001	  1.9716397382142169e+001	  1.9672112068649270e+001	  1.9626575806519231e+001	  1.9640277163981509e+001	  1.9669036250549901e+001	
  1.9637443487667607e+001	  1.9634892574746303e+001	  1.9609925562506287e+001	  1.9659401158024597e+001	  1.9655010076364711e+001	  1.9633399762389395e+001	  1.9688609990407897e+001	  1.9694406034650282e+001	  1.9716454247655843e+001	  1.9672155142561675e+001	  1.9626584859336280e+001	  1.9640282797811661e+001	  1.9669061009420862e+001	
  1.9637464770279809e+001	  1.9634905177997705e+001	  1.9609955008204519e+001	  1.9659427303494301e+001	  1.9655027076565084e+001	  1.9633434046871358e+001	  1.9688640287361089e+001	  1.9694437427580013e+001	  1.9716502285740059e+001	  1.9672186229337683e+001	  1.9626590840526571e+001	  1.9640291339797169e+001	  1.9669075159080059e+001	
  1.9637511546104992e+001	  1.9634958538833583e+001	  1.9610006862314656e+001	  1.9659489287952621e+001	  1.9655093822685362e+001	  1.9633498834490833e+001	  1.9688723002162952e+001	  1.9694523817204949e+001	  1.9716605549367017e+001	  1.9672262386901984e+001	  1.9626644212109120e+001	  1.9640356306765977e+001	  1.9669147173759345e+001	
  1.9637559376198382e+001	  1.9635017128111230e+001	  1.9610050667224481e+001	  1.9659552975251394e+001	  1.9655166048342426e+001	  1.9633555953595248e+001	  1.9688807835392964e+001	  1.9694611940786718e+001	  1.9716704910524967e+001	  1.9672338346588251e+001	  1.9626704306468412e+001	  1.9640428531355500e+001	  1.9669226029325237e+001	
  1.9637601723491066e+001	  1.9635068706118417e+001	  1.9610088652065787e+001	  1.9659610728133153e+001	  1.9655230801366947e+001	  1.9633606990423210e+001	  1.9688885581144302e+001	  1.9694692670594328e+001	  1.9716797862134307e+001	  1.9672407698582401e+001	  1.9626756387428390e+001	  1.9640492137696562e+001	  1.9669296533829911e+001	
  1.9637712084820286e+001	  1.9635225240623829e+001	  1.9610181393901339e+001	  1.9659795532861370e+001	  1.9655450753489578e+001	  1.9633762498433171e+001	  1.9689167045754523e+001	  1.9694987723540745e+001	  1.9717153335334867e+001	  1.9672649320660160e+001	  1.9626916869072584e+001	  1.9640708830930592e+001	  1.9669542124695468e+001	
  1.9637787307503832e+001	  1.9635324831431607e+001	  1.9610238797106753e+001	  1.9659895932106075e+001	  1.9655570965064886e+001	  1.9633840495052304e+001	  1.9689302190925737e+001	  1.9695124072768149e+001	  1.9717300532506940e+001	  1.9672766165477068e+001	  1.9627024379502291e+001	  1.9640836819645834e+001	  1.9669668821013531e+001	
  1.9637735001650654e+001	  1.9635230072286898e+001	  1.9610221538985300e+001	  1.9659840650095862e+001	  1.9655474262025873e+001	  1.9633823497863265e+001	  1.9689231578100468e+001	  1.9695056733298241e+001	  1.9717274684241740e+001	  1.9672712886750368e+001	  1.9626896357907327e+001	  1.9640698311389571e+001	  1.9669562497863716e+001	
  1.9637738856391998e+001	  1.9635272646480082e+001	  1.9610213724304653e+001	  1.9659856816069514e+001	  1.9655528369843822e+001	  1.9633823574303378e+001	  1.9689275855388711e+001	  1.9695104164440686e+001	  1.9717301503920538e+001	  1.9672741302523583e+001	  1.9626969440927798e+001	  1.9640789360845190e+001	  1.9669631232041283e+001	
  1.9637752686625525e+001	  1.9635297599500259e+001	  1.9610212969698008e+001	  1.9659877347933186e+001	  1.9655558320840669e+001	  1.9633828229351035e+001	  1.9689304382042323e+001	  1.9695132978830905e+001	  1.9717326375061628e+001	  1.9672763584947923e+001	  1.9626995945092030e+001	  1.9640820158355520e+001	  1.9669665986413357e+001	
  1.9637759546608542e+001	  1.9635306201987099e+001	  1.9610214434602554e+001	  1.9659889525759237e+001	  1.9655571202218546e+001	  1.9633834351880378e+001	  1.9689322053972152e+001	  1.9695150987054671e+001	  1.9717348946443988e+001	  1.9672778123906269e+001	  1.9627003132672272e+001	  1.9640830852792742e+001	  1.9669679399701277e+001	
  1.9637763847680095e+001	  1.9635316156266732e+001	  1.9610216700542072e+001	  1.9659905378919717e+001	  1.9655590830522438e+001	  1.9633846456738649e+001	  1.9689352475786357e+001	  1.9695182826857540e+001	  1.9717392701729079e+001	  1.9672802717040209e+001	  1.9627012885212441e+001	  1.9640849171794780e+001	  1.9669701147120687e+001	
  1.9637764099576064e+001	  1.9635323165475402e+001	  1.9610215499976690e+001	  1.9659916644752048e+001	  1.9655607118012693e+001	  1.9633854490934063e+001	  1.9689378058825298e+001	  1.9695210030894380e+001	  1.9717429774236535e+001	  1.9672822605840341e+001	  1.9627020457485095e+001	  1.9640865083807434e+001	  1.9669720246748287e+001	
  1.9637761320117619e+001	  1.9635327273193695e+001	  1.9610210803122325e+001	  1.9659924351006872e+001	  1.9655620068799006e+001	  1.9633858540351984e+001	  1.9689399421065520e+001	  1.9695233032856805e+001	  1.9717461387684398e+001	  1.9672838400133017e+001	  1.9627025350124182e+001	  1.9640877972878602e+001	  1.9669736145698913e+001	
  1.9637656770278653e+001	  1.9635265395621008e+001	  1.9610092982734521e+001	  1.9659878549378618e+001	  1.9655607445366925e+001	  1.9633789276011537e+001	  1.9689430143698161e+001	  1.9695272266625143e+001	  1.9717545792462253e+001	  1.9672837291290683e+001	  1.9626970589527104e+001	  1.9640868672497270e+001	  1.9669739449792651e+001	
  1.9637570952091728e+001	  1.9635205378576867e+001	  1.9609997224941385e+001	  1.9659823688478394e+001	  1.9655572718802311e+001	  1.9633718660686988e+001	  1.9689416022933784e+001	  1.9695260261139630e+001	  1.9717555271946654e+001	  1.9672804874829108e+001	  1.9626916570265891e+001	  1.9640839157689797e+001	  1.9669709429455907e+001	
  1.9637525846633089e+001	  1.9635084625110540e+001	  1.9609983499316709e+001	  1.9659763233839403e+001	  1.9655437116710978e+001	  1.9633697291928609e+001	  1.9689309614252533e+001	  1.9695151914357993e+001	  1.9717501332707737e+001	  1.9672729517868465e+001	  1.9626728561065235e+001	  1.9640619655099087e+001	  1.9669551967901491e+001	
  1.9637470858907772e+001	  1.9635018003947746e+001	  1.9609960856167959e+001	  1.9659708302475426e+001	  1.9655373920934629e+001	  1.9633674354599766e+001	  1.9689261145965425e+001	  1.9695108646093502e+001	  1.9717471177165727e+001	  1.9672684528600641e+001	  1.9626671793103181e+001	  1.9640570729810833e+001	  1.9669485235420836e+001	
  1.9637438725345415e+001	  1.9635012649842338e+001	  1.9609938304555460e+001	  1.9659681314674401e+001	  1.9655374530596582e+001	  1.9633654164412519e+001	  1.9689252832447973e+001	  1.9695104196688042e+001	  1.9717454781942568e+001	  1.9672669878223125e+001	  1.9626691767346955e+001	  1.9640601734739199e+001	  1.9669497813875498e+001	
  1.9637426626463082e+001	  1.9635034066275978e+001	  1.9609914077607456e+001	  1.9659675327576132e+001	  1.9655401252406637e+001	  1.9633633166837527e+001	  1.9689262813344570e+001	  1.9695116444299494e+001	  1.9717444137724929e+001	  1.9672670040900147e+001	  1.9626733078463509e+001	  1.9640651627888811e+001	  1.9669539741321593e+001	
  1.9637428575035830e+001	  1.9635059487584371e+001	  1.9609895062817863e+001	  1.9659682478231534e+001	  1.9655430772257208e+001	  1.9633617285362256e+001	  1.9689280124527926e+001	  1.9695134667639223e+001	  1.9717442089511522e+001	  1.9672677897626336e+001	  1.9626770758999633e+001	  1.9640695480948349e+001	  1.9669579283048019e+001	
  1.9637434901040685e+001	  1.9635079262810471e+001	  1.9609881632396480e+001	  1.9659692705596203e+001	  1.9655453378521024e+001	  1.9633606573079476e+001	  1.9689295646920019e+001	  1.9695150104760998e+001	  1.9717444689667900e+001	  1.9672686532647198e+001	  1.9626796698392269e+001	  1.9640725237165700e+001	  1.9669606981910714e+001	
  1.9637439908982586e+001	  1.9635092086909335e+001	  1.9609863780963416e+001	  1.9659703434797329e+001	  1.9655470082270210e+001	  1.9633593603215470e+001	  1.9689311032802014e+001	  1.9695163926907323e+001	  1.9717454243400734e+001	  1.9672694994673154e+001	  1.9626811094519919e+001	  1.9640743591873601e+001	  1.9669624649765286e+001	
  1.9637441175733624e+001	  1.9635097631214272e+001	  1.9609857210913436e+001	  1.9659709101983506e+001	  1.9655478763963554e+001	  1.9633590762417558e+001	  1.9689322129580379e+001	  1.9695173547808356e+001	  1.9717466446729070e+001	  1.9672702012030072e+001	  1.9626818211725393e+001	  1.9640754229123171e+001	  1.9669632042376545e+001	
  1.9637434677984899e+001	  1.9635088828846900e+001	  1.9609851979722276e+001	  1.9659704933708650e+001	  1.9655471539454233e+001	  1.9633587759213828e+001	  1.9689319942177839e+001	  1.9695170361942385e+001	  1.9717470705938521e+001	  1.9672699445276510e+001	  1.9626806526658310e+001	  1.9640743491752566e+001	  1.9669621887705830e+001	
  1.9637410881891480e+001	  1.9635065099331239e+001	  1.9609832418750639e+001	  1.9659685640721911e+001	  1.9655451323041817e+001	  1.9633571954933572e+001	  1.9689306285396309e+001	  1.9695156071010242e+001	  1.9717465250187587e+001	  1.9672684388865289e+001	  1.9626781386379143e+001	  1.9640721519266727e+001	  1.9669598951157408e+001	
  1.9637383519072543e+001	  1.9635039418341332e+001	  1.9609806887010539e+001	  1.9659661800124361e+001	  1.9655428464323091e+001	  1.9633549222176775e+001	  1.9689286923104500e+001	  1.9695136700670375e+001	  1.9717450284163647e+001	  1.9672663600552866e+001	  1.9626755499816650e+001	  1.9640698293801030e+001	  1.9669575243261477e+001	
  1.9637354529411269e+001	  1.9635012590932334e+001	  1.9609778429579240e+001	  1.9659635665032514e+001	  1.9655403941551914e+001	  1.9633522992399069e+001	  1.9689264442645015e+001	  1.9695114361269393e+001	  1.9717430498003807e+001	  1.9672639777000139e+001	  1.9626729022633857e+001	  1.9640674083592625e+001	  1.9669550538921683e+001	
  1.9637274331345701e+001	  1.9634938327195396e+001	  1.9609697279240731e+001	  1.9659560088723559e+001	  1.9655333220144840e+001	  1.9633445252555443e+001	  1.9689195028209099e+001	  1.9695044693498723e+001	  1.9717363153390426e+001	  1.9672567604138830e+001	  1.9626656971240678e+001	  1.9640606067642459e+001	  1.9669479219318582e+001	
  1.9637155370729705e+001	  1.9634821894678613e+001	  1.9609582726527496e+001	  1.9659444613803029e+001	  1.9655219920765209e+001	  1.9633333435290712e+001	  1.9689083455513533e+001	  1.9694934999466479e+001	  1.9717258046858948e+001	  1.9672456208623551e+001	  1.9626540645701628e+001	  1.9640492456476832e+001	  1.9669367853356931e+001	
  1.9637222443784122e+001	  1.9634939038207818e+001	  1.9609608631738134e+001	  1.9659521928906397e+001	  1.9655344842768766e+001	  1.9633364973397779e+001	  1.9689185640147137e+001	  1.9695033549871969e+001	  1.9717317086621012e+001	  1.9672535535441678e+001	  1.9626693788196633e+001	  1.9640662079990054e+001	  1.9669503732976182e+001	
  1.9637220423953117e+001	  1.9634897521636088e+001	  1.9609614170992387e+001	  1.9659511617363098e+001	  1.9655294518963693e+001	  1.9633366425723956e+001	  1.9689149374743266e+001	  1.9694994678985179e+001	  1.9717304649599942e+001	  1.9672514280142281e+001	  1.9626614455875259e+001	  1.9640564737346825e+001	  1.9669440007602269e+001	
  1.9637204644168911e+001	  1.9634863344687101e+001	  1.9609615822056927e+001	  1.9659493093746647e+001	  1.9655258992392341e+001	  1.9633366552546100e+001	  1.9689124234859786e+001	  1.9694970127048435e+001	  1.9717295028657780e+001	  1.9672495951711529e+001	  1.9626574348511525e+001	  1.9640523185782495e+001	  1.9669396351278689e+001	
  1.9637189302013937e+001	  1.9634845227033878e+001	  1.9609613427064662e+001	  1.9659476857052628e+001	  1.9655240694095713e+001	  1.9633363317526150e+001	  1.9689109949303049e+001	  1.9694956828335943e+001	  1.9717287024061569e+001	  1.9672483598273743e+001	  1.9626557349820732e+001	  1.9640506321387505e+001	  1.9669377439711759e+001	
  1.9637170982552224e+001	  1.9634830969075907e+001	  1.9609602623412684e+001	  1.9659458181653889e+001	  1.9655226540921941e+001	  1.9633351756938929e+001	  1.9689093938037832e+001	  1.9694941993992394e+001	  1.9717270988980474e+001	  1.9672468127764514e+001	  1.9626546460775980e+001	  1.9640496138848068e+001	  1.9669365803118261e+001	
  1.9637160533681641e+001	  1.9634824323228472e+001	  1.9609591207772546e+001	  1.9659447770243450e+001	  1.9655220057362371e+001	  1.9633340057904906e+001	  1.9689084524652323e+001	  1.9694933124314097e+001	  1.9717258010649438e+001	  1.9672457992141197e+001	  1.9626542250168864e+001	  1.9640492528998855e+001	  1.9669361529017387e+001	
  1.9637152088979942e+001	  1.9634817779147461e+001	  1.9609580572801661e+001	  1.9659439257622314e+001	  1.9655213489989112e+001	  1.9633329229183069e+001	  1.9689076005425949e+001	  1.9694924893942424e+001	  1.9717246978633334e+001	  1.9672448991219493e+001	  1.9626536851030838e+001	  1.9640487304388163e+001	  1.9669356181735253e+001	
  1.9637112232960494e+001	  1.9634780674349471e+001	  1.9609537575863154e+001	  1.9659398745363589e+001	  1.9655175807086508e+001	  1.9633285497197882e+001	  1.9689034615209515e+001	  1.9694883656716254e+001	  1.9717201800573864e+001	  1.9672407368259815e+001	  1.9626501765959290e+001	  1.9640452145035198e+001	  1.9669319779818451e+001	
