 -6.0043067855553023e-001	 -6.0043067855553023e-001	 -6.0043067855564125e-001	 -6.0043067855553023e-001	 -6.0043067855586330e-001	 -6.0043067855564125e-001	 -6.0043067855564125e-001	 -6.0043067855553023e-001	 -6.0043067855586330e-001	 -6.0043067855553023e-001	 -6.0043067855553023e-001	 -6.0043067855564125e-001	 -6.0043067855553023e-001	
 -6.0043067855553023e-001	 -6.0043067855553023e-001	 -6.0043067855564125e-001	 -6.0043067855553023e-001	 -6.0043067855586330e-001	 -6.0043067855564125e-001	 -6.0043067855564125e-001	 -6.0043067855553023e-001	 -6.0043067855586330e-001	 -6.0043067855553023e-001	 -6.0043067855553023e-001	 -6.0043067855564125e-001	 -6.0043067855553023e-001	
 -6.0043067855553023e-001	 -6.0043067855553023e-001	 -6.0043067855564125e-001	 -6.0043067855553023e-001	 -6.0043067855586330e-001	 -6.0043067855564125e-001	 -6.0043067855564125e-001	 -6.0043067855553023e-001	 -6.0043067855597432e-001	 -6.0043067855564125e-001	 -6.0043067855553023e-001	 -6.0043067855564125e-001	 -6.0043067855530818e-001	
 -6.0043067855553023e-001	 -6.0043067855553023e-001	 -6.0043067855564125e-001	 -6.0043067855553023e-001	 -6.0043067855586330e-001	 -6.0043067855564125e-001	 -6.0043067855564125e-001	 -6.0043067855553023e-001	 -6.0043067855597432e-001	 -6.0043067855564125e-001	 -6.0043067855530818e-001	 -6.0043067855564125e-001	 -6.0043067855553023e-001	
 -6.0043067855553023e-001	 -6.0043067855530818e-001	 -6.0043067855564125e-001	 -6.0043067855553023e-001	 -6.0043067855586330e-001	 -6.0043067855564125e-001	 -6.0043067855586330e-001	 -6.0043067855553023e-001	 -6.0043067855619636e-001	 -6.0043067855553023e-001	 -6.0043067855530818e-001	 -6.0043067855586330e-001	 -6.0043067855553023e-001	
 -6.0043067855553023e-001	 -6.0043067855530818e-001	 -6.0043067855564125e-001	 -6.0043067855553023e-001	 -6.0043067855586330e-001	 -6.0043067855564125e-001	 -6.0043067855586330e-001	 -6.0043067855553023e-001	 -6.0043067855619636e-001	 -6.0043067855564125e-001	 -6.0043067855530818e-001	 -6.0043067855619636e-001	 -6.0043067855586330e-001	
 -6.0043067855553023e-001	 -6.0043067855519716e-001	 -6.0043067855564125e-001	 -6.0043067855553023e-001	 -6.0043067855597432e-001	 -6.0043067855586330e-001	 -6.0043067855586330e-001	 -6.0043067855530818e-001	 -6.0043067855619636e-001	 -6.0043067855564125e-001	 -6.0043067855553023e-001	 -6.0043067855630738e-001	 -6.0043067855630738e-001	
 -6.0043067855586330e-001	 -6.0043067855553023e-001	 -6.0043067855586330e-001	 -6.0043067855553023e-001	 -6.0043067855619636e-001	 -6.0043067855597432e-001	 -6.0043067855730659e-001	 -6.0043067855952703e-001	 -6.0043067856463406e-001	 -6.0043067857051824e-001	 -6.0043067857984411e-001	 -6.0043067859383292e-001	 -6.0043067863424504e-001	
 -6.0043067855730659e-001	 -6.0043067855697352e-001	 -6.0043067855619636e-001	 -6.0043067855564125e-001	 -6.0043067855652943e-001	 -6.0043067855630738e-001	 -6.0043067856163646e-001	 -6.0043067857096233e-001	 -6.0043067858839283e-001	 -6.0043067861270671e-001	 -6.0043067864856692e-001	 -6.0043067869908207e-001	 -6.0043067885107160e-001	
 -6.0043067855986010e-001	 -6.0043067855952703e-001	 -6.0043067855664045e-001	 -6.0043067855630738e-001	 -6.0043067855686250e-001	 -6.0043067855697352e-001	 -6.0043067857018517e-001	 -6.0043067859349986e-001	 -6.0043067863435606e-001	 -6.0043067869475220e-001	 -6.0043067878234879e-001	 -6.0043067890325208e-001	 -6.0043067926818239e-001	
 -6.0043067892512347e-001	 -6.0043067892701085e-001	 -6.0043067863568833e-001	 -6.0043067862036725e-001	 -6.0043067862269872e-001	 -6.0043067867709965e-001	 -6.0043067978776676e-001	 -6.0043068175852365e-001	 -6.0043068495241325e-001	 -6.0043068963389068e-001	 -6.0043069592619069e-001	 -6.0043070376014640e-001	 -6.0043072322091273e-001	
 -6.0043067988035936e-001	 -6.0043067988702070e-001	 -6.0043067884241186e-001	 -6.0043067878745582e-001	 -6.0043067879522738e-001	 -6.0043067899162583e-001	 -6.0043068296256052e-001	 -6.0043068996318283e-001	 -6.0043070116866382e-001	 -6.0043071730619957e-001	 -6.0043073843751849e-001	 -6.0043076384919125e-001	 -6.0043082274274795e-001	
 -6.0043068161863555e-001	 -6.0043068163428970e-001	 -6.0043067921888849e-001	 -6.0043067909210102e-001	 -6.0043067910942050e-001	 -6.0043067956461194e-001	 -6.0043068872417393e-001	 -6.0043070476234472e-001	 -6.0043073013382742e-001	 -6.0043076602545042e-001	 -6.0043081184613101e-001	 -6.0043086514682820e-001	 -6.0043098089557212e-001	
 -6.0043072384574625e-001	 -6.0043072407500730e-001	 -6.0043068844040093e-001	 -6.0043068655424303e-001	 -6.0043068680593059e-001	 -6.0043069357884615e-001	 -6.0043082533833836e-001	 -6.0043103766138639e-001	 -6.0043133260445636e-001	 -6.0043168127621449e-001	 -6.0043203869997175e-001	 -6.0043236524431887e-001	 -6.0043286263089524e-001	
 -6.0043081110572327e-001	 -6.0043081177407753e-001	 -6.0043070760396056e-001	 -6.0043070206716731e-001	 -6.0043070280624278e-001	 -6.0043072268156639e-001	 -6.0043110303142910e-001	 -6.0043169097978577e-001	 -6.0043245613894403e-001	 -6.0043328530878792e-001	 -6.0043404918375121e-001	 -6.0043467188275468e-001	 -6.0043549188171230e-001	
 -6.0043095230466470e-001	 -6.0043095367912080e-001	 -6.0043073878290887e-001	 -6.0043072731252867e-001	 -6.0043072884363724e-001	 -6.0043076999338751e-001	 -6.0043154559585865e-001	 -6.0043269916121300e-001	 -6.0043411468302388e-001	 -6.0043553478605904e-001	 -6.0043673313070478e-001	 -6.0043763009298701e-001	 -6.0043870577852765e-001	
 -6.0043138044296729e-001	 -6.0043138394660911e-001	 -6.0043083403127362e-001	 -6.0043080445371100e-001	 -6.0043080840033181e-001	 -6.0043091436401408e-001	 -6.0043286093047765e-001	 -6.0043557484890098e-001	 -6.0043860586234121e-001	 -6.0044130909486793e-001	 -6.0044333213882251e-001	 -6.0044470002074135e-001	 -6.0044619685695189e-001	
 -6.0043207063087412e-001	 -6.0043207755988703e-001	 -6.0043098889506208e-001	 -6.0043092990924585e-001	 -6.0043093777950585e-001	 -6.0043114881636050e-001	 -6.0043493542494275e-001	 -6.0043991100700023e-001	 -6.0044501952627449e-001	 -6.0044914749746159e-001	 -6.0045197235369940e-001	 -6.0045376847150944e-001	 -6.0045566224786739e-001	
 -6.0043308601043233e-001	 -6.0043309799195921e-001	 -6.0043121867303650e-001	 -6.0043111608409916e-001	 -6.0043112977337110e-001	 -6.0043149629529502e-001	 -6.0043792561004228e-001	 -6.0044590562502442e-001	 -6.0045348239545770e-001	 -6.0045911044026568e-001	 -6.0046271850144883e-001	 -6.0046493473864260e-001	 -6.0046723778939270e-001	
 -6.0043448720559223e-001	 -6.0043450620927974e-001	 -6.0043153847988417e-001	 -6.0043137522158840e-001	 -6.0043139701171366e-001	 -6.0043197941894721e-001	 -6.0044197440234370e-001	 -6.0045371211359111e-001	 -6.0046407117086975e-001	 -6.0047123433437655e-001	 -6.0047561584852804e-001	 -6.0047825326337012e-001	 -6.0048096821696539e-001	
 -6.0043793893416186e-001	 -6.0043797555886513e-001	 -6.0043233580486799e-001	 -6.0043202122350703e-001	 -6.0043206324145171e-001	 -6.0043318239366705e-001	 -6.0045171340117331e-001	 -6.0047158109977072e-001	 -6.0048722502192842e-001	 -6.0049701613973383e-001	 -6.0050268196121248e-001	 -6.0050601746164389e-001	 -6.0050940559475130e-001	
 -6.0044294487882066e-001	 -6.0044300792161387e-001	 -6.0043350947125429e-001	 -6.0043297175749188e-001	 -6.0043304367163319e-001	 -6.0043495102413136e-001	 -6.0046548066672312e-001	 -6.0049542740781003e-001	 -6.0051665969973467e-001	 -6.0052894265683054e-001	 -6.0053579565577664e-001	 -6.0053976705642942e-001	 -6.0054376025597822e-001	
 -6.0044973625217324e-001	 -6.0044983674145680e-001	 -6.0043512655649778e-001	 -6.0043428046230307e-001	 -6.0043439385293329e-001	 -6.0043738585380257e-001	 -6.0048373533805322e-001	 -6.0052533529741936e-001	 -6.0055207964127000e-001	 -6.0056660523677419e-001	 -6.0057450374695343e-001	 -6.0057903281851566e-001	 -6.0058356395731316e-001	
 -6.0045850447165705e-001	 -6.0045865589830605e-001	 -6.0043724821678968e-001	 -6.0043599572878747e-001	 -6.0043616409111156e-001	 -6.0044057926489369e-001	 -6.0050681732259914e-001	 -6.0056115838136304e-001	 -6.0059304833937066e-001	 -6.0060952679241719e-001	 -6.0061833321356506e-001	 -6.0062335482968798e-001	 -6.0062837050889328e-001	
 -6.0046940500224633e-001	 -6.0046962354987077e-001	 -6.0043993012848240e-001	 -6.0043816097998803e-001	 -6.0043839978352054e-001	 -6.0044461661157289e-001	 -6.0053496724055133e-001	 -6.0060261809824489e-001	 -6.0063911798136083e-001	 -6.0065727394142954e-001	 -6.0066687242632533e-001	 -6.0067233021099398e-001	 -6.0067777582883952e-001	
 -6.0049065201395191e-001	 -6.0049101249970427e-001	 -6.0044527603941855e-001	 -6.0044246723267580e-001	 -6.0044284980675933e-001	 -6.0045267325370411e-001	 -6.0058858565548157e-001	 -6.0067678976094552e-001	 -6.0071921485638224e-001	 -6.0073947270478101e-001	 -6.0075008597104684e-001	 -6.0075611175713917e-001	 -6.0076212310644639e-001	
 -6.0051759896595502e-001	 -6.0051815836958955e-001	 -6.0045224409199793e-001	 -6.0044806139725182e-001	 -6.0044863820363226e-001	 -6.0046320341966553e-001	 -6.0065488146754387e-001	 -6.0076220990279428e-001	 -6.0080906682935531e-001	 -6.0083089759155328e-001	 -6.0084228605572498e-001	 -6.0084873685550821e-001	 -6.0085519141606092e-001	
 -6.0055044427109738e-001	 -6.0055127115588025e-001	 -6.0046098155619454e-001	 -6.0045504787131776e-001	 -6.0045587923540644e-001	 -6.0047646524308274e-001	 -6.0073356629319896e-001	 -6.0085716078195350e-001	 -6.0090699764481226e-001	 -6.0092988983828644e-001	 -6.0094181442915673e-001	 -6.0094859831005820e-001	 -6.0095538537363602e-001	
 -6.0058923159234112e-001	 -6.0059040508719796e-001	 -6.0047160807608080e-001	 -6.0046350537756865e-001	 -6.0046466272101195e-001	 -6.0049269156936536e-001	 -6.0082370566638676e-001	 -6.0095974161655796e-001	 -6.0101127649703212e-001	 -6.0103479146200733e-001	 -6.0104705734576047e-001	 -6.0105405206045681e-001	 -6.0106105610424621e-001	
 -6.0063386633291138e-001	 -6.0063547431632447e-001	 -6.0048421620317871e-001	 -6.0047348783975885e-001	 -6.0047505491234165e-001	 -6.0051209280986839e-001	 -6.0092383621779266e-001	 -6.0106809566462527e-001	 -6.0112027834280379e-001	 -6.0114404602573668e-001	 -6.0115646686520474e-001	 -6.0116354443107145e-001	 -6.0117066543552422e-001	
 -6.0068789063294492e-001	 -6.0069006842489170e-001	 -6.0049998661793058e-001	 -6.0048590003070057e-001	 -6.0048801394640972e-001	 -6.0053660047554303e-001	 -6.0104006852257363e-001	 -6.0118857637736500e-001	 -6.0124050969057041e-001	 -6.0126418067130150e-001	 -6.0127657441400029e-001	 -6.0128365490152991e-001	 -6.0129080507242971e-001	
 -6.0074800256315619e-001	 -6.0075086303790215e-001	 -6.0051816145867409e-001	 -6.0050010979395552e-001	 -6.0050290009683316e-001	 -6.0056519171214351e-001	 -6.0116324705683510e-001	 -6.0131184332667953e-001	 -6.0136275782374238e-001	 -6.0138602628467819e-001	 -6.0139825118377122e-001	 -6.0140526552776574e-001	 -6.0141236793076480e-001	
 -6.0081374703113699e-001	 -6.0081740463435729e-001	 -6.0053877409438350e-001	 -6.0051611084355194e-001	 -6.0051972656072206e-001	 -6.0058052377887083e-001	 -6.0129096876981869e-001	 -6.0143633382125916e-001	 -6.0148568978313222e-001	 -6.0150836649475181e-001	 -6.0152034073945870e-001	 -6.0152723642337147e-001	 -6.0153424120235055e-001	
 -6.0088463175300699e-001	 -6.0088919976697408e-001	 -6.0056184398638024e-001	 -6.0053388379510686e-001	 -6.0053849494334788e-001	 -6.0058349617386764e-001	 -6.0142114166095162e-001	 -6.0156095223617978e-001	 -6.0160847725887479e-001	 -6.0163049131700674e-001	 -6.0164218047675799e-001	 -6.0164893750502824e-001	 -6.0165582957449892e-001	
 -6.0096017596633633e-001	 -6.0096576457380202e-001	 -6.0058738719426241e-001	 -6.0055340459219675e-001	 -6.0055920383772499e-001	 -6.0058195737189290e-001	 -6.0155218583657355e-001	 -6.0168514052660882e-001	 -6.0173081343584123e-001	 -6.0175218330205116e-001	 -6.0176360003416640e-001	 -6.0177022942842218e-001	 -6.0177701971653175e-001	
 -6.0105599185122927e-001	 -6.0106293930695109e-001	 -6.0062119468584640e-001	 -6.0057900062604475e-001	 -6.0058650727068397e-001	 -6.0058005521357316e-001	 -6.0170868949060985e-001	 -6.0183298327498580e-001	 -6.0187665792199585e-001	 -6.0189737111904229e-001	 -6.0190852541863737e-001	 -6.0191503960271842e-001	 -6.0192174430573342e-001	
 -6.0115723782583341e-001	 -6.0116568838164408e-001	 -6.0065862648650548e-001	 -6.0060703802811144e-001	 -6.0061660858268251e-001	 -6.0057969589544236e-001	 -6.0186440286313925e-001	 -6.0198057032345709e-001	 -6.0202258445984924e-001	 -6.0204276794562084e-001	 -6.0205371316102152e-001	 -6.0206013294994420e-001	 -6.0206676488483435e-001	
 -6.0126339557087238e-001	 -6.0127348375182965e-001	 -6.0069975626686478e-001	 -6.0063749945582501e-001	 -6.0064953973970603e-001	 -6.0058006487273552e-001	 -6.0201914731361494e-001	 -6.0212817194471580e-001	 -6.0216879065910778e-001	 -6.0218852640181453e-001	 -6.0219929989790977e-001	 -6.0220564800272935e-001	 -6.0221223633305510e-001	
 -6.0137401820647973e-001	 -6.0138586637781266e-001	 -6.0074466756754319e-001	 -6.0067037209343699e-001	 -6.0068533998236529e-001	 -6.0058036993726471e-001	 -6.0217300847531519e-001	 -6.0227594534612017e-001	 -6.0231541180855164e-001	 -6.0233478358506787e-001	 -6.0234543250781147e-001	 -6.0235172647238322e-001	 -6.0235827864407732e-001	
 -6.0148870987142278e-001	 -6.0150242647460939e-001	 -6.0079345063079881e-001	 -6.0070564529357551e-001	 -6.0072405316879962e-001	 -6.0058044053501458e-001	 -6.0232619068611992e-001	 -6.0242404572619090e-001	 -6.0246254718188119e-001	 -6.0248162094755919e-001	 -6.0249214039820309e-001	 -6.0249838159198710e-001	 -6.0250489898716619e-001	
 -6.0175347940671919e-001	 -6.0177163171726278e-001	 -6.0091473462942080e-001	 -6.0079153674397201e-001	 -6.0081959504776350e-001	 -6.0058047979194562e-001	 -6.0266189541668957e-001	 -6.0275206795712410e-001	 -6.0278924475454243e-001	 -6.0280797618073034e-001	 -6.0281847702270408e-001	 -6.0282468502892428e-001	 -6.0283120911808208e-001	
 -6.0185038631199728e-001	 -6.0187018910817791e-001	 -6.0096223550387684e-001	 -6.0082451576948248e-001	 -6.0085675417376194e-001	 -6.0058043376087777e-001	 -6.0278130897783999e-001	 -6.0286910405471517e-001	 -6.0290555527653389e-001	 -6.0292390118921180e-001	 -6.0293403905031795e-001	 -6.0294013863149143e-001	 -6.0294654037074125e-001	
 -6.0194893366327662e-001	 -6.0197040791765133e-001	 -6.0101227344022679e-001	 -6.0085889836003492e-001	 -6.0089576245536680e-001	 -6.0058041847010912e-001	 -6.0289916281652811e-001	 -6.0298407724024283e-001	 -6.0301945970042681e-001	 -6.0303731992061849e-001	 -6.0304747216288757e-001	 -6.0305343583544335e-001	 -6.0305973799712476e-001	
 -6.0204887975534582e-001	 -6.0207203035389512e-001	 -6.0106484710698016e-001	 -6.0089465412616061e-001	 -6.0093661079685390e-001	 -6.0058042098620756e-001	 -6.0301523340844376e-001	 -6.0309751792786415e-001	 -6.0313227523023372e-001	 -6.0315005186928339e-001	 -6.0316004242633170e-001	 -6.0316604708943178e-001	 -6.0317239827278879e-001	
 -6.0215006293140583e-001	 -6.0217488739500169e-001	 -6.0111998263123745e-001	 -6.0093176576403451e-001	 -6.0097930822644585e-001	 -6.0058042578581272e-001	 -6.0313044340876143e-001	 -6.0321082819780880e-001	 -6.0324530222821693e-001	 -6.0326296587365213e-001	 -6.0327271810178829e-001	 -6.0327867829512716e-001	 -6.0328493414241180e-001	
 -6.0225241434119781e-001	 -6.0227891152808688e-001	 -6.0117773940537855e-001	 -6.0097023136818084e-001	 -6.0102388372396121e-001	 -6.0058042778221576e-001	 -6.0324553439961015e-001	 -6.0332444872934765e-001	 -6.0335863161697922e-001	 -6.0337622740935792e-001	 -6.0338533529546989e-001	 -6.0339152421839959e-001	 -6.0339834024980554e-001	
 -6.0245697187211178e-001	 -6.0248675943774810e-001	 -6.0129923681451203e-001	 -6.0104984066422507e-001	 -6.0111716884836408e-001	 -6.0058043024724395e-001	 -6.0347313517816747e-001	 -6.0354988501698514e-001	 -6.0358335952082065e-001	 -6.0360062252662328e-001	 -6.0361035506284466e-001	 -6.0361631634819890e-001	 -6.0362272025538122e-001	
 -6.0251913015918479e-001	 -6.0254990609065473e-001	 -6.0133779722204572e-001	 -6.0107474703163799e-001	 -6.0114664006660767e-001	 -6.0058042955901669e-001	 -6.0354189048628104e-001	 -6.0361781117446167e-001	 -6.0365103311454948e-001	 -6.0366826530688922e-001	 -6.0367812020722944e-001	 -6.0368397827115228e-001	 -6.0369017047234852e-001	
 -6.0258160357384849e-001	 -6.0261336357059214e-001	 -6.0137733744847210e-001	 -6.0110011890401882e-001	 -6.0117679902671473e-001	 -6.0058042929578281e-001	 -6.0361030904321211e-001	 -6.0368528591103754e-001	 -6.0371815014437225e-001	 -6.0373515679412737e-001	 -6.0374477645785962e-001	 -6.0375055610706330e-001	 -6.0375670218615340e-001	
 -6.0264434368939579e-001	 -6.0267707982564200e-001	 -6.0141785296319306e-001	 -6.0112594834560440e-001	 -6.0120764199400600e-001	 -6.0058042931621092e-001	 -6.0367822240292579e-001	 -6.0375218512609408e-001	 -6.0378465970600814e-001	 -6.0380144539706748e-001	 -6.0381092217620669e-001	 -6.0381669034448304e-001	 -6.0382284248616802e-001	
 -6.0270731664546773e-001	 -6.0274101970880789e-001	 -6.0145934711275384e-001	 -6.0115223005263729e-001	 -6.0123916961851709e-001	 -6.0058042938759826e-001	 -6.0374574786725699e-001	 -6.0381873223402938e-001	 -6.0385087777581337e-001	 -6.0386752868635263e-001	 -6.0387696764341303e-001	 -6.0388269844968701e-001	 -6.0388878486283826e-001	
 -6.0277050930368503e-001	 -6.0280517046329418e-001	 -6.0150183114382472e-001	 -6.0117896233735646e-001	 -6.0127138734278329e-001	 -6.0058042941657508e-001	 -6.0381307040557886e-001	 -6.0388517716425394e-001	 -6.0391706296480940e-001	 -6.0393362209321122e-001	 -6.0394303310462583e-001	 -6.0394873226654600e-001	 -6.0395480780661703e-001	
 -6.0291398420331266e-001	 -6.0295078094796395e-001	 -6.0160146185317398e-001	 -6.0124097281655242e-001	 -6.0134670354827779e-001	 -6.0058042948885060e-001	 -6.0396497005177352e-001	 -6.0403555300803102e-001	 -6.0406705410176453e-001	 -6.0408348536022949e-001	 -6.0409285720941508e-001	 -6.0409854822451869e-001	 -6.0410465443028194e-001	
 -6.0305855781683793e-001	 -6.0309746074871384e-001	 -6.0170640405099451e-001	 -6.0130528785806714e-001	 -6.0142568205245883e-001	 -6.0058042947441770e-001	 -6.0411748900524032e-001	 -6.0418681617702141e-001	 -6.0421795839771253e-001	 -6.0423428188671746e-001	 -6.0424362406175103e-001	 -6.0424932721381275e-001	 -6.0425541753539314e-001	
 -6.0320415053005672e-001	 -6.0324512980847178e-001	 -6.0181681082216443e-001	 -6.0137189973086258e-001	 -6.0150840846873166e-001	 -6.0058042943789136e-001	 -6.0427023095666055e-001	 -6.0433814936955432e-001	 -6.0436880777203772e-001	 -6.0438495333892117e-001	 -6.0439421789926229e-001	 -6.0439985266258489e-001	 -6.0440586677379393e-001	
 -6.0335060200666923e-001	 -6.0339361817174364e-001	 -6.0193278780495962e-001	 -6.0144078277013513e-001	 -6.0159494427325377e-001	 -6.0112609352658275e-001	 -6.0442240046876261e-001	 -6.0448879071595130e-001	 -6.0451894820601204e-001	 -6.0453486188116745e-001	 -6.0454398904252749e-001	 -6.0454955152822176e-001	 -6.0455552386273759e-001	
 -6.0349771482770542e-001	 -6.0354271652673930e-001	 -6.0205441163840856e-001	 -6.0151190099111407e-001	 -6.0168533884374931e-001	 -6.0215087611992235e-001	 -6.0457363401500430e-001	 -6.0463854517944782e-001	 -6.0466819916604742e-001	 -6.0468384787426555e-001	 -6.0469282611064212e-001	 -6.0469832364262732e-001	 -6.0470423501723936e-001	
 -6.0376610746259995e-001	 -6.0381457412794770e-001	 -6.0228997187672384e-001	 -6.0164665118023208e-001	 -6.0185954134384101e-001	 -6.0390515267338962e-001	 -6.0484664518201114e-001	 -6.0490926965051095e-001	 -6.0493816433415670e-001	 -6.0495349110578633e-001	 -6.0496233931872645e-001	 -6.0496777121954448e-001	 -6.0497363575728880e-001	
 -6.0403572831135843e-001	 -6.0408748357032582e-001	 -6.0254518147240255e-001	 -6.0178856287951277e-001	 -6.0204718833922755e-001	 -6.0481488330499378e-001	 -6.0511923230033293e-001	 -6.0517976304319543e-001	 -6.0520780975292787e-001	 -6.0522279923758138e-001	 -6.0523145401913947e-001	 -6.0523681746782465e-001	 -6.0524256928395914e-001	
 -6.0430621553886343e-001	 -6.0436106380290511e-001	 -6.0282053845750472e-001	 -6.0193751132786577e-001	 -6.0224872178360478e-001	 -6.0511738962509831e-001	 -6.0539006431592490e-001	 -6.0544852891042389e-001	 -6.0547598331472940e-001	 -6.0549077205918067e-001	 -6.0549940359966303e-001	 -6.0550470263920353e-001	 -6.0551049128498846e-001	
 -6.0449074106672107e-001	 -6.0454756094951989e-001	 -6.0301968553155838e-001	 -6.0204289832743729e-001	 -6.0239407346285301e-001	 -6.0529233650807868e-001	 -6.0557294804186590e-001	 -6.0563047950468185e-001	 -6.0565779492660621e-001	 -6.0567252905519009e-001	 -6.0568110649950047e-001	 -6.0568639485103493e-001	 -6.0569212207406409e-001	
 -6.0455827270067264e-001	 -6.0461577628112551e-001	 -6.0309490248156017e-001	 -6.0208226608327031e-001	 -6.0244892794669713e-001	 -6.0538492415385114e-001	 -6.0563894956666697e-001	 -6.0569586452918767e-001	 -6.0572269579239890e-001	 -6.0573700320287749e-001	 -6.0574522079415161e-001	 -6.0575024518683129e-001	 -6.0575560891928948e-001	
 -6.0462549961515233e-001	 -6.0468364671206754e-001	 -6.0317115478136785e-001	 -6.0212198273301709e-001	 -6.0250455321586571e-001	 -6.0547516274567226e-001	 -6.0570263217785136e-001	 -6.0575796834250184e-001	 -6.0578351010043274e-001	 -6.0579683460681988e-001	 -6.0580436905632862e-001	 -6.0580891738748477e-001	 -6.0581376317259128e-001	
 -6.0469215348157856e-001	 -6.0475088627398588e-001	 -6.0324825948698813e-001	 -6.0216198640250518e-001	 -6.0256085237275769e-001	 -6.0555704944309507e-001	 -6.0576279709412262e-001	 -6.0581556091610089e-001	 -6.0583929111324153e-001	 -6.0585147742120427e-001	 -6.0585834667592486e-001	 -6.0586251479710640e-001	 -6.0586698711462272e-001	
 -6.0475800647752376e-001	 -6.0481725139260867e-001	 -6.0332602743973229e-001	 -6.0220221893680925e-001	 -6.0261772981473616e-001	 -6.0563093519505617e-001	 -6.0581897758382741e-001	 -6.0586863270362112e-001	 -6.0589055744497688e-001	 -6.0590181137476495e-001	 -6.0590820378425558e-001	 -6.0591211237059905e-001	 -6.0591631277351343e-001	
 -6.0482288370156123e-001	 -6.0488255465496188e-001	 -6.0340427490312987e-001	 -6.0224262922359273e-001	 -6.0267509457201385e-001	 -6.0569865956305868e-001	 -6.0587121226229890e-001	 -6.0591768118523071e-001	 -6.0593804407060858e-001	 -6.0594855461426622e-001	 -6.0595454438150398e-001	 -6.0595819501307879e-001	 -6.0596210081897972e-001	
 -6.0492466505834841e-001	 -6.0498481615034461e-001	 -6.0353049832051475e-001	 -6.0230779572811866e-001	 -6.0276802610093050e-001	 -6.0579705059760069e-001	 -6.0594743820974184e-001	 -6.0598902098418783e-001	 -6.0600711937930374e-001	 -6.0601645527225134e-001	 -6.0602175083257492e-001	 -6.0602496129302796e-001	 -6.0602838790735358e-001	
 -6.0502305501741738e-001	 -6.0508341339904348e-001	 -6.0365675839824107e-001	 -6.0237311339328414e-001	 -6.0286159944655804e-001	 -6.0588307454079171e-001	 -6.0601451758635072e-001	 -6.0605156048176845e-001	 -6.0606760468684406e-001	 -6.0607583938165899e-001	 -6.0608048682309068e-001	 -6.0608329951394868e-001	 -6.0608629854730367e-001	
 -6.0511765943482843e-001	 -6.0517793973924316e-001	 -6.0378235987290640e-001	 -6.0243841723883751e-001	 -6.0295545276634055e-001	 -6.0595866807433563e-001	 -6.0607348727548249e-001	 -6.0610640767400081e-001	 -6.0612055415876220e-001	 -6.0612777500346215e-001	 -6.0613179989854604e-001	 -6.0613425051181391e-001	 -6.0613679372600870e-001	
 -6.0520818291320833e-001	 -6.0526809734018361e-001	 -6.0390663827625257e-001	 -6.0250355393931532e-001	 -6.0304921821707769e-001	 -6.0602435742695970e-001	 -6.0612482857225203e-001	 -6.0615398189278746e-001	 -6.0616638926913602e-001	 -6.0617268563067928e-001	 -6.0617617039038230e-001	 -6.0617829917808397e-001	 -6.0618049583138767e-001	
 -6.0535841276909697e-001	 -6.0541701650607127e-001	 -6.0412231747564160e-001	 -6.0261842871545124e-001	 -6.0321448904210317e-001	 -6.0611970018953354e-001	 -6.0620008769995959e-001	 -6.0622362207674030e-001	 -6.0623357380484855e-001	 -6.0623861542652424e-001	 -6.0624143046750234e-001	 -6.0624313781254546e-001	 -6.0624493961414228e-001	
 -6.0549497296802368e-001	 -6.0555151412178265e-001	 -6.0432931267617729e-001	 -6.0273179234104912e-001	 -6.0337681474753602e-001	 -6.0619347125945300e-001	 -6.0625910085487789e-001	 -6.0627841023408457e-001	 -6.0628658318573336e-001	 -6.0629072623230584e-001	 -6.0629304100079384e-001	 -6.0629443759241397e-001	 -6.0629590722582893e-001	
 -6.0561813483184235e-001	 -6.0567201794237135e-001	 -6.0452562695412215e-001	 -6.0284321606585145e-001	 -6.0353487516606741e-001	 -6.0625155251048390e-001	 -6.0630620048107708e-001	 -6.0632239148583622e-001	 -6.0632924864689741e-001	 -6.0633271485810436e-001	 -6.0633464134718373e-001	 -6.0633580111213448e-001	 -6.0633701583601152e-001	
 -6.0572860287477770e-001	 -6.0577940336592473e-001	 -6.0470995457706511e-001	 -6.0295239541841017e-001	 -6.0368765389162693e-001	 -6.0629826396263464e-001	 -6.0634469238396438e-001	 -6.0635859769408995e-001	 -6.0636449097728473e-001	 -6.0636746577047429e-001	 -6.0636911715217234e-001	 -6.0637011128383822e-001	 -6.0637115260220309e-001	
 -6.0591060696502108e-001	 -6.0595491017301217e-001	 -6.0503086309871001e-001	 -6.0315620639062040e-001	 -6.0396556085517972e-001	 -6.0636809740732822e-001	 -6.0640374138742903e-001	 -6.0641475806122447e-001	 -6.0641945382666762e-001	 -6.0642181842884835e-001	 -6.0642313843950468e-001	 -6.0642390977327931e-001	 -6.0642473701133515e-001	
 -6.0605678318692568e-001	 -6.0609443886006087e-001	 -6.0530473311959376e-001	 -6.0335038652026274e-001	 -6.0421887368622418e-001	 -6.0642017054934882e-001	 -6.0644980384227942e-001	 -6.0645937759573609e-001	 -6.0646343295434058e-001	 -6.0646552924426000e-001	 -6.0646664500552117e-001	 -6.0646740424952217e-001	 -6.0646811307196735e-001	
 -6.0617443726118658e-001	 -6.0620585300585894e-001	 -6.0553496434490039e-001	 -6.0353484928976631e-001	 -6.0444731039543953e-001	 -6.0646152219412386e-001	 -6.0648874941737763e-001	 -6.0649779657873104e-001	 -6.0650171072607062e-001	 -6.0650371115145152e-001	 -6.0650483515023446e-001	 -6.0650547214102790e-001	 -6.0650617595470191e-001	
 -6.0626991544576736e-001	 -6.0629580271986949e-001	 -6.0572709545325676e-001	 -6.0370981039437055e-001	 -6.0465210485616261e-001	 -6.0649600900797296e-001	 -6.0652351589829401e-001	 -6.0653238922536712e-001	 -6.0653620672157516e-001	 -6.0653808985511315e-001	 -6.0653913750685629e-001	 -6.0653971910440418e-001	 -6.0654035303242537e-001	
 -6.0637211093050869e-001	 -6.0639181940413955e-001	 -6.0593592597124601e-001	 -6.0393029376804019e-001	 -6.0489348548620203e-001	 -6.0653538176247412e-001	 -6.0656385214741260e-001	 -6.0657229120231193e-001	 -6.0657580460699023e-001	 -6.0657746687342584e-001	 -6.0657840804789753e-001	 -6.0657889611204219e-001	 -6.0657947141595780e-001	
 -6.0645123840907811e-001	 -6.0646611644676884e-001	 -6.0609855191184892e-001	 -6.0413521543045690e-001	 -6.0510083251208435e-001	 -6.0657061925228906e-001	 -6.0659873189516933e-001	 -6.0660650396493487e-001	 -6.0660952998925488e-001	 -6.0661102332981720e-001	 -6.0661178914911407e-001	 -6.0661233492897981e-001	 -6.0661281632512498e-001	
 -6.0651336622818963e-001	 -6.0652455945486849e-001	 -6.0622574709712218e-001	 -6.0432558589584850e-001	 -6.0527933390175370e-001	 -6.0660042260929359e-001	 -6.0662868982985785e-001	 -6.0663578259656514e-001	 -6.0663847179442953e-001	 -6.0663977058961205e-001	 -6.0664044857927646e-001	 -6.0664085575101723e-001	 -6.0664124197684632e-001	
 -6.0656259633085075e-001	 -6.0657100805283637e-001	 -6.0632571793095558e-001	 -6.0450236246101241e-001	 -6.0543355629816276e-001	 -6.0662529964095047e-001	 -6.0665344613131111e-001	 -6.0665977469809285e-001	 -6.0666182596680329e-001	 -6.0666293257893855e-001	 -6.0666348452820262e-001	 -6.0666381691509841e-001	 -6.0666408575149600e-001	
 -6.0662112863796303e-001	 -6.0662635330310799e-001	 -6.0644582151336834e-001	 -6.0476147037957784e-001	 -6.0564146749830794e-001	 -6.0665512680346811e-001	 -6.0668073088698815e-001	 -6.0668500140370618e-001	 -6.0668609960590203e-001	 -6.0668670887853438e-001	 -6.0668699016497296e-001	 -6.0668716530909439e-001	 -6.0668728910695524e-001	
 -6.0665870548448630e-001	 -6.0666191563685246e-001	 -6.0652712189412927e-001	 -6.0499041358674788e-001	 -6.0580787601016706e-001	 -6.0667492171018189e-001	 -6.0669589698814086e-001	 -6.0669781166400316e-001	 -6.0669888038478170e-001	 -6.0669900343957028e-001	 -6.0669911541044730e-001	 -6.0669910228217105e-001	 -6.0669926793055495e-001	
 -6.0667994729834973e-001	 -6.0668186342605068e-001	 -6.0658115896694564e-001	 -6.0519200705810849e-001	 -6.0594196451302373e-001	 -6.0668611736069966e-001	 -6.0670013753938434e-001	 -6.0670031672382940e-001	 -6.0670003303986419e-001	 -6.0669998010820514e-001	 -6.0669992319517529e-001	 -6.0669996155571226e-001	 -6.0669983337435784e-001	
 -6.0668708744360256e-001	 -6.0668812136643879e-001	 -6.0661493475422379e-001	 -6.0536853147952208e-001	 -6.0605021017456906e-001	 -6.0668928870544203e-001	 -6.0669300378468627e-001	 -6.0669067377516761e-001	 -6.0668914931272244e-001	 -6.0668862670687496e-001	 -6.0668830876897673e-001	 -6.0668813723452342e-001	 -6.0668793313689573e-001	
 -6.0667485703436164e-001	 -6.0667497672683979e-001	 -6.0663608615452169e-001	 -6.0558221254369826e-001	 -6.0616951621039750e-001	 -6.0668023637266977e-001	 -6.0666260980313247e-001	 -6.0665554257899323e-001	 -6.0665270480841915e-001	 -6.0665142168314645e-001	 -6.0665076159849285e-001	 -6.0665039051732705e-001	 -6.0665002939697121e-001	
 -6.0664019870748653e-001	 -6.0663968787699751e-001	 -6.0663153459927788e-001	 -6.0575305073173880e-001	 -6.0625366813316095e-001	 -6.0665803490345116e-001	 -6.0661437768361193e-001	 -6.0660297376546879e-001	 -6.0659940901464093e-001	 -6.0659764455506249e-001	 -6.0659679690178159e-001	 -6.0659631387538493e-001	 -6.0659588551970067e-001	
 -6.0661464634259588e-001	 -6.0661388915750347e-001	 -6.0662074144879341e-001	 -6.0582716800539060e-001	 -6.0628596634526577e-001	 -6.0664184013003997e-001	 -6.0658376140210191e-001	 -6.0657103836980752e-001	 -6.0656696648098141e-001	 -6.0656517209978222e-001	 -6.0656428367389381e-001	 -6.0656379613555078e-001	 -6.0656332528685741e-001	
 -6.0659524480810578e-001	 -6.0659435688592556e-001	 -6.0661073793111253e-001	 -6.0587421565005961e-001	 -6.0630494624436260e-001	 -6.0662916765130692e-001	 -6.0656261339053774e-001	 -6.0655046058000206e-001	 -6.0654690904826669e-001	 -6.0654547785987667e-001	 -6.0654482444943980e-001	 -6.0654447010077828e-001	 -6.0654413146243868e-001	
 -6.0657705301359055e-001	 -6.0657609818470792e-001	 -6.0660003931922724e-001	 -6.0591724061653807e-001	 -6.0632136519389590e-001	 -6.0661659194194417e-001	 -6.0654547202643183e-001	 -6.0653566789925506e-001	 -6.0653331113058595e-001	 -6.0653251241060691e-001	 -6.0653213516426163e-001	 -6.0653194638282670e-001	 -6.0653177660408009e-001	
 -6.0656188523755539e-001	 -6.0656094183320075e-001	 -6.0658973965788121e-001	 -6.0595695027354513e-001	 -6.0633592995040786e-001	 -6.0660499760134545e-001	 -6.0653431961998905e-001	 -6.0652812028416658e-001	 -6.0652716962217301e-001	 -6.0652696590157706e-001	 -6.0652687512219305e-001	 -6.0652684045980898e-001	 -6.0652681436890177e-001	
 -6.0655083928440323e-001	 -6.0654998243392377e-001	 -6.0658067991736786e-001	 -6.0599397271943189e-001	 -6.0634924665936563e-001	 -6.0659499213644441e-001	 -6.0652942971883839e-001	 -6.0652702868413400e-001	 -6.0652723861620572e-001	 -6.0652742600753040e-001	 -6.0652754511514306e-001	 -6.0652761170676417e-001	 -6.0652767631697024e-001	
 -6.0654358808287512e-001	 -6.0654289400297046e-001	 -6.0657256530660675e-001	 -6.0603252049007406e-001	 -6.0636307240147236e-001	 -6.0658600476137803e-001	 -6.0652997439269996e-001	 -6.0653088605344685e-001	 -6.0653175419511651e-001	 -6.0653213714301213e-001	 -6.0653233499641246e-001	 -6.0653244286579255e-001	 -6.0653254821974034e-001	
 -6.0654080813526967e-001	 -6.0654030781581714e-001	 -6.0656661618874175e-001	 -6.0606869911539185e-001	 -6.0637617886416528e-001	 -6.0657919871554000e-001	 -6.0653417005207544e-001	 -6.0653669380983377e-001	 -6.0653760831552717e-001	 -6.0653798764453981e-001	 -6.0653816447886477e-001	 -6.0653826301704239e-001	 -6.0653835876156581e-001	
 -6.0654097430978826e-001	 -6.0654065761001075e-001	 -6.0656251889945612e-001	 -6.0610271197281129e-001	 -6.0638867069184865e-001	 -6.0657419173093530e-001	 -6.0653930795628863e-001	 -6.0654198586007624e-001	 -6.0654271038229624e-001	 -6.0654302303175811e-001	 -6.0654316251484985e-001	 -6.0654324194098219e-001	 -6.0654332044352000e-001	
 -6.0654266745274743e-001	 -6.0654249944691596e-001	 -6.0655981418566984e-001	 -6.0613464790548743e-001	 -6.0640053754812406e-001	 -6.0657052910084719e-001	 -6.0654389862424551e-001	 -6.0654616757627178e-001	 -6.0654677047278227e-001	 -6.0654703477203142e-001	 -6.0654715950214655e-001	 -6.0654722879405210e-001	 -6.0654729664044726e-001	
 -6.0654501955614837e-001	 -6.0654496080292386e-001	 -6.0655812778187546e-001	 -6.0616458457274369e-001	 -6.0641176478004599e-001	 -6.0656785858781426e-001	 -6.0654773237212023e-001	 -6.0654969683149318e-001	 -6.0655027280021034e-001	 -6.0655051290114947e-001	 -6.0655063288128641e-001	 -6.0655069740167544e-001	 -6.0655075961180138e-001	
 -6.0655075097093558e-001	 -6.0655082512484082e-001	 -6.0655701886114244e-001	 -6.0622011772248907e-001	 -6.0643287099682031e-001	 -6.0656469312225791e-001	 -6.0655431443756846e-001	 -6.0655583558932857e-001	 -6.0655633719131075e-001	 -6.0655652137242555e-001	 -6.0655662354203166e-001	 -6.0655667510434164e-001	 -6.0655672339049449e-001	
 -6.0655524427333241e-001	 -6.0655535020637252e-001	 -6.0655741048332157e-001	 -6.0626838767219304e-001	 -6.0645138530235343e-001	 -6.0656320047047796e-001	 -6.0655809296450425e-001	 -6.0655886698612882e-001	 -6.0655896118777530e-001	 -6.0655894611150174e-001	 -6.0655894286709700e-001	 -6.0655893572403308e-001	 -6.0655892465466543e-001	
 -6.0655646264085039e-001	 -6.0655652105734426e-001	 -6.0655742717830030e-001	 -6.0630976161657468e-001	 -6.0646705425371206e-001	 -6.0656190311914049e-001	 -6.0655711764723286e-001	 -6.0655633206818660e-001	 -6.0655586740987477e-001	 -6.0655565153633351e-001	 -6.0655553825361697e-001	 -6.0655547541110799e-001	 -6.0655541562038007e-001	
 -6.0655301717515986e-001	 -6.0655296551259674e-001	 -6.0655535204590105e-001	 -6.0634439124673811e-001	 -6.0647948191017154e-001	 -6.0655950028432049e-001	 -6.0655026868305928e-001	 -6.0654781851410267e-001	 -6.0654694501482975e-001	 -6.0654656397229889e-001	 -6.0654637403811940e-001	 -6.0654626849887538e-001	 -6.0654616564193020e-001	
 -6.0654477156596442e-001	 -6.0654457801678774e-001	 -6.0655013810384517e-001	 -6.0637249946182692e-001	 -6.0648841647725771e-001	 -6.0655516650831576e-001	 -6.0653860719050989e-001	 -6.0653508056307537e-001	 -6.0653397944188114e-001	 -6.0653352564121743e-001	 -6.0653328809268103e-001	 -6.0653316120096168e-001	 -6.0653304004787412e-001	
 -6.0652482119227802e-001	 -6.0652442118924732e-001	 -6.0653562714108045e-001	 -6.0640479763418575e-001	 -6.0649569963300287e-001	 -6.0654416307148740e-001	 -6.0651509603237841e-001	 -6.0651076567974638e-001	 -6.0650950806928616e-001	 -6.0650897465330811e-001	 -6.0650870967704495e-001	 -6.0650856471011760e-001	 -6.0650842375264968e-001	
 -6.0650011719076691e-001	 -6.0649958876546339e-001	 -6.0651465224470513e-001	 -6.0642445341396733e-001	 -6.0649554172109710e-001	 -6.0652847886322192e-001	 -6.0648918950523267e-001	 -6.0648466564405812e-001	 -6.0648336483681842e-001	 -6.0648281294206630e-001	 -6.0648254073614183e-001	 -6.0648239074345689e-001	 -6.0648224639403558e-001	
 -6.0647257353796391e-001	 -6.0647190589080413e-001	 -6.0648890943792999e-001	 -6.0643362451762162e-001	 -6.0648902464210952e-001	 -6.0650882816859486e-001	 -6.0646095532701505e-001	 -6.0645430468830863e-001	 -6.0645456443131351e-001	 -6.0645439980333560e-001	 -6.0645364594003048e-001	 -6.0645202526499187e-001	 -6.0645267603931519e-001	
 -6.0644096889261867e-001	 -6.0644017304523068e-001	 -6.0645808394566014e-001	 -6.0643365313528541e-001	 -6.0647662921353707e-001	 -6.0648518827355336e-001	 -6.0642713846625895e-001	 -6.0642040265368458e-001	 -6.0641833223695762e-001	 -6.0641713182774115e-001	 -6.0641690056084663e-001	 -6.0641739524747162e-001	 -6.0641673385142258e-001	
 -6.0640434886005679e-001	 -6.0640346361551245e-001	 -6.0642176364034128e-001	 -6.0642541855138177e-001	 -6.0645854442653579e-001	 -6.0645726384211951e-001	 -6.0638750325392454e-001	 -6.0638126403711468e-001	 -6.0637813532871121e-001	 -6.0637719469558427e-001	 -6.0637697849097449e-001	 -6.0637712473132765e-001	 -6.0637672740537774e-001	
 -6.0634766123068840e-001	 -6.0634662622760516e-001	 -6.0636443665740281e-001	 -6.0640233425035550e-001	 -6.0642516618925058e-001	 -6.0641216310375334e-001	 -6.0632887744771491e-001	 -6.0632163763507663e-001	 -6.0631933053834075e-001	 -6.0631844153435921e-001	 -6.0631799094301719e-001	 -6.0631773390840138e-001	 -6.0631749713235816e-001	
 -6.0628583827393445e-001	 -6.0628465145384780e-001	 -6.0630062281674668e-001	 -6.0636787212142718e-001	 -6.0638318098871213e-001	 -6.0636017030035738e-001	 -6.0626617733938737e-001	 -6.0625812291292824e-001	 -6.0625594427665686e-001	 -6.0625494837829308e-001	 -6.0625444375872473e-001	 -6.0625416509607621e-001	 -6.0625390549817748e-001	
 -6.0621890554957147e-001	 -6.0621755874912253e-001	 -6.0623091585221278e-001	 -6.0632378262415187e-001	 -6.0633354620809321e-001	 -6.0630182195564597e-001	 -6.0619731606559313e-001	 -6.0618866738293420e-001	 -6.0618603865525422e-001	 -6.0618492745490027e-001	 -6.0618438607240588e-001	 -6.0618410153623348e-001	 -6.0618379661903088e-001	
 -6.0614650937163006e-001	 -6.0614499625311069e-001	 -6.0615578004985515e-001	 -6.0627129082146958e-001	 -6.0627692808379319e-001	 -6.0623743189591739e-001	 -6.0612292801687229e-001	 -6.0611375465535744e-001	 -6.0611110240726962e-001	 -6.0610997064636241e-001	 -6.0610938861727082e-001	 -6.0610904193614257e-001	 -6.0610875815958476e-001	
 -6.0607008624014025e-001	 -6.0606843336896699e-001	 -6.0607624325947906e-001	 -6.0621168792007740e-001	 -6.0621422440287898e-001	 -6.0616777214261841e-001	 -6.0604539304576210e-001	 -6.0603624834520975e-001	 -6.0603358037358834e-001	 -6.0603243017720576e-001	 -6.0603185357910316e-001	 -6.0603154627802969e-001	 -6.0603123984848128e-001	
 -6.0596499610754417e-001	 -6.0596320147554561e-001	 -6.0596679102442597e-001	 -6.0612401984116993e-001	 -6.0612357177558529e-001	 -6.0606905916793519e-001	 -6.0593911649886589e-001	 -6.0593007409259769e-001	 -6.0592731259989652e-001	 -6.0592612465837359e-001	 -6.0592552785798670e-001	 -6.0592520429636476e-001	 -6.0592488562649649e-001	
 -6.0585598059292867e-001	 -6.0585406653435037e-001	 -6.0585389593192929e-001	 -6.0602837226730877e-001	 -6.0602577306101413e-001	 -6.0596423986347681e-001	 -6.0582820405441495e-001	 -6.0581965958028672e-001	 -6.0581676489035452e-001	 -6.0581549517058075e-001	 -6.0581492277367310e-001	 -6.0581456034425329e-001	 -6.0581423074412832e-001	
 -6.0574306652172449e-001	 -6.0574102770161176e-001	 -6.0573788219542291e-001	 -6.0592631690559173e-001	 -6.0592210013565850e-001	 -6.0585433466275873e-001	 -6.0571347954463395e-001	 -6.0570551578797982e-001	 -6.0570254106995236e-001	 -6.0570122693059947e-001	 -6.0570066129927991e-001	 -6.0570027663853221e-001	 -6.0569993574055569e-001	
 -6.0562814109110796e-001	 -6.0562598504332321e-001	 -6.0562033528199777e-001	 -6.0581946089621752e-001	 -6.0581399444159523e-001	 -6.0574080309072631e-001	 -6.0559915516744667e-001	 -6.0559043522501188e-001	 -6.0558758919670996e-001	 -6.0558636282981304e-001	 -6.0558575575375695e-001	 -6.0558541487532036e-001	 -6.0558508233310437e-001	
 -6.0551265355657247e-001	 -6.0551078656045920e-001	 -6.0550288582561507e-001	 -6.0570936103410133e-001	 -6.0570282113481255e-001	 -6.0562531293262278e-001	 -6.0548399320403679e-001	 -6.0547512731123909e-001	 -6.0547226935148135e-001	 -6.0547081954798188e-001	 -6.0547109210540295e-001	 -6.0547036473590499e-001	 -6.0546977069364516e-001	
 -6.0533322207623197e-001	 -6.0533116334193782e-001	 -6.0532075107655459e-001	 -6.0553312058542197e-001	 -6.0552536935087886e-001	 -6.0544244277460635e-001	 -6.0530464164609832e-001	 -6.0529632475192496e-001	 -6.0529361683403504e-001	 -6.0529244463014553e-001	 -6.0529187918823002e-001	 -6.0529154334643120e-001	 -6.0529122037666916e-001	
 -6.0515526405424680e-001	 -6.0515288996298988e-001	 -6.0514048023629918e-001	 -6.0535559237862024e-001	 -6.0534699303771422e-001	 -6.0525984466774929e-001	 -6.0512575796922707e-001	 -6.0511806626339926e-001	 -6.0511542018404363e-001	 -6.0511423791043129e-001	 -6.0511362453463668e-001	 -6.0511328310119961e-001	 -6.0511296283383142e-001	
 -6.0510242647993095e-001	 -6.0510002955271869e-001	 -6.0508731060515686e-001	 -6.0530252437340781e-001	 -6.0529372275031079e-001	 -6.0520555878107452e-001	 -6.0507358073280670e-001	 -6.0506578293151314e-001	 -6.0506321212416836e-001	 -6.0506208837274311e-001	 -6.0506153062378498e-001	 -6.0506121584968930e-001	 -6.0506090883383212e-001	
 -6.0504828211427331e-001	 -6.0504640372782692e-001	 -6.0503298025194052e-001	 -6.0524924182936424e-001	 -6.0524025214270250e-001	 -6.0515106483272074e-001	 -6.0501920845779100e-001	 -6.0501066873419607e-001	 -6.0500716819844591e-001	 -6.0500740067592762e-001	 -6.0500485531045367e-001	 -6.0500536077545686e-001	 -6.0500563512755345e-001	
 -6.0502643741422446e-001	 -6.0502451639887767e-001	 -6.0501034624538264e-001	 -6.0522890489411729e-001	 -6.0521983418393432e-001	 -6.0513006434337324e-001	 -6.0499548268433401e-001	 -6.0498543372999869e-001	 -6.0498158319588491e-001	 -6.0498020464350155e-001	 -6.0497903735112768e-001	 -6.0497863473696345e-001	 -6.0497816041071850e-001	
 -6.0500041169919694e-001	 -6.0499805838531984e-001	 -6.0498190397650919e-001	 -6.0520756686532895e-001	 -6.0519837799055676e-001	 -6.0510743975417114e-001	 -6.0496372831120304e-001	 -6.0494968954172279e-001	 -6.0494424244417200e-001	 -6.0494152012002811e-001	 -6.0494029638558100e-001	 -6.0493944476480710e-001	 -6.0493867075739338e-001	
 -6.0496699043299795e-001	 -6.0496393314146690e-001	 -6.0494415612766250e-001	 -6.0518433941769700e-001	 -6.0517496896905776e-001	 -6.0508182605134575e-001	 -6.0492026111724773e-001	 -6.0490083442310549e-001	 -6.0489347170045171e-001	 -6.0489008081432427e-001	 -6.0488836575633975e-001	 -6.0488744202058520e-001	 -6.0488649759227187e-001	
 -6.0492467506334524e-001	 -6.0492078608176403e-001	 -6.0489632778037983e-001	 -6.0515849753917106e-001	 -6.0514886714668759e-001	 -6.0505222584661400e-001	 -6.0486592203001788e-001	 -6.0484184195974677e-001	 -6.0483330791949452e-001	 -6.0482956109830788e-001	 -6.0482767010394678e-001	 -6.0482661995664433e-001	 -6.0482558450425383e-001	
 -6.0487449956514450e-001	 -6.0486978701279615e-001	 -6.0484083062095628e-001	 -6.0512975657067702e-001	 -6.0511979351685063e-001	 -6.0501843939630984e-001	 -6.0480519405348154e-001	 -6.0477850103413111e-001	 -6.0476963365385661e-001	 -6.0476580548651793e-001	 -6.0476389055696966e-001	 -6.0476281630128526e-001	 -6.0476178608859232e-001	
 -6.0481070424756034e-001	 -6.0480519357841711e-001	 -6.0477251702040213e-001	 -6.0509346156689681e-001	 -6.0508305589257461e-001	 -6.0497524477742814e-001	 -6.0473345139056001e-001	 -6.0470582700389297e-001	 -6.0469699776766195e-001	 -6.0469324266487767e-001	 -6.0469131652418628e-001	 -6.0469027669363129e-001	 -6.0468927435952669e-001	
 -6.0474341391225650e-001	 -6.0473732454235929e-001	 -6.0470270025636541e-001	 -6.0505395680499063e-001	 -6.0504307441267002e-001	 -6.0492817793944553e-001	 -6.0466223700683663e-001	 -6.0463451413006464e-001	 -6.0462569391606102e-001	 -6.0462192721544294e-001	 -6.0462000242811342e-001	 -6.0461896149244243e-001	 -6.0461795287169995e-001	
 -6.0467449330992018e-001	 -6.0466802057357327e-001	 -6.0463264198828970e-001	 -6.0501161443948792e-001	 -6.0500024493459481e-001	 -6.0487801720732204e-001	 -6.0459136822521575e-001	 -6.0456321343715924e-001	 -6.0455418697802354e-001	 -6.0455031223327627e-001	 -6.0454835094747583e-001	 -6.0454728521186496e-001	 -6.0454625424155584e-001	
 -6.0460431982711782e-001	 -6.0459758259223673e-001	 -6.0456192794766661e-001	 -6.0496664346443296e-001	 -6.0495478876021469e-001	 -6.0482518255311479e-001	 -6.0451977154862835e-001	 -6.0449057098921344e-001	 -6.0448127057888268e-001	 -6.0447726910273225e-001	 -6.0447528400464634e-001	 -6.0447418566500488e-001	 -6.0447311741096410e-001	
 -6.0453277747007927e-001	 -6.0452583473868948e-001	 -6.0449001504192523e-001	 -6.0491916390248424e-001	 -6.0490683238845211e-001	 -6.0476990265101449e-001	 -6.0444693854833087e-001	 -6.0441654271670142e-001	 -6.0440706623798857e-001	 -6.0440299577668721e-001	 -6.0440099224157162e-001	 -6.0439988361105090e-001	 -6.0439879454532441e-001	
 -6.0434791810770605e-001	 -6.0434060410219370e-001	 -6.0430479275119797e-001	 -6.0478996794310902e-001	 -6.0477651699353263e-001	 -6.0462204986000412e-001	 -6.0425981935985362e-001	 -6.0422709962559829e-001	 -6.0421718988012962e-001	 -6.0421296327106688e-001	 -6.0421085877737646e-001	 -6.0420972214492163e-001	 -6.0420859603083077e-001	
 -6.0416180790945351e-001	 -6.0415437380889614e-001	 -6.0411946902760860e-001	 -6.0464913131885734e-001	 -6.0463470651139772e-001	 -6.0446475256703547e-001	 -6.0407471807122359e-001	 -6.0404186246076907e-001	 -6.0403240051631890e-001	 -6.0402835635686714e-001	 -6.0402640298728993e-001	 -6.0402533825998361e-001	 -6.0402425640793123e-001	
 -6.0397587330041080e-001	 -6.0396848289279159e-001	 -6.0393419445914365e-001	 -6.0449913058913118e-001	 -6.0448385507905211e-001	 -6.0430051227344794e-001	 -6.0388863318772135e-001	 -6.0385626718539864e-001	 -6.0384650587452793e-001	 -6.0384258738155339e-001	 -6.0384031873106370e-001	 -6.0383924513951470e-001	 -6.0383825607712716e-001	
 -6.0378893569923431e-001	 -6.0378149012452198e-001	 -6.0374672488205938e-001	 -6.0434160057787345e-001	 -6.0432555591805048e-001	 -6.0413052703034431e-001	 -6.0369904697776811e-001	 -6.0366693941393823e-001	 -6.0365726680655651e-001	 -6.0365324425704081e-001	 -6.0365124491112976e-001	 -6.0365009436214034e-001	 -6.0364908711918464e-001	
 -6.0375188143002578e-001	 -6.0374442234090164e-001	 -6.0370963982547821e-001	 -6.0430955892842864e-001	 -6.0429337024980878e-001	 -6.0409621792656409e-001	 -6.0366189086480393e-001	 -6.0363023108178648e-001	 -6.0362086950138671e-001	 -6.0361696317157154e-001	 -6.0361504930883658e-001	 -6.0361399644015545e-001	 -6.0361298733413449e-001	
 -6.0373132854407707e-001	 -6.0372386598661620e-001	 -6.0368912008224029e-001	 -6.0429163231490168e-001	 -6.0427536501739265e-001	 -6.0407706592835453e-001	 -6.0364148198588374e-001	 -6.0361015894194736e-001	 -6.0360096251987905e-001	 -6.0359710038160319e-001	 -6.0359519229435943e-001	 -6.0359414776045561e-001	 -6.0359312677593646e-001	
 -6.0372462355684497e-001	 -6.0371716075668935e-001	 -6.0368243283948075e-001	 -6.0428575807680573e-001	 -6.0426946529434922e-001	 -6.0407079670599106e-001	 -6.0363484452596872e-001	 -6.0360362964040348e-001	 -6.0359446028646069e-001	 -6.0359058917747177e-001	 -6.0358866562248981e-001	 -6.0358760684631196e-001	 -6.0358657066816868e-001	
 -6.0371792204527708e-001	 -6.0371045682172664e-001	 -6.0367574993069884e-001	 -6.0427987816424888e-001	 -6.0426355988618674e-001	 -6.0406452390515675e-001	 -6.0362820351833602e-001	 -6.0359706864931972e-001	 -6.0358788193959345e-001	 -6.0358397000892516e-001	 -6.0358199571175497e-001	 -6.0358099447510583e-001	 -6.0357996855509022e-001	
 -6.0371121412305939e-001	 -6.0370374428353468e-001	 -6.0366905605346854e-001	 -6.0427399080309474e-001	 -6.0425764725635656e-001	 -6.0405824482068216e-001	 -6.0362153692550269e-001	 -6.0359042837820898e-001	 -6.0358116567793552e-001	 -6.0357715662506806e-001	 -6.0357511670439123e-001	 -6.0357414006750876e-001	 -6.0357308189540326e-001	
 -6.0370448585067571e-001	 -6.0369701372009477e-001	 -6.0366233281106130e-001	 -6.0426809349056754e-001	 -6.0425172456246568e-001	 -6.0405195590151894e-001	 -6.0361480251980293e-001	 -6.0358361524348592e-001	 -6.0357420476253587e-001	 -6.0357008597489159e-001	 -6.0356798105243303e-001	 -6.0356683500739639e-001	 -6.0356562593533170e-001	
 -6.0369615704003454e-001	 -6.0368868039251122e-001	 -6.0365398757966648e-001	 -6.0426082175457640e-001	 -6.0424442137141376e-001	 -6.0404419996085146e-001	 -6.0360637242551363e-001	 -6.0357493004192797e-001	 -6.0356522579252392e-001	 -6.0356090494528836e-001	 -6.0355868168526783e-001	 -6.0355741917617056e-001	 -6.0355617312446430e-001	
 -6.0368774730945596e-001	 -6.0368026762769311e-001	 -6.0364552921898795e-001	 -6.0425352541926269e-001	 -6.0423709307255713e-001	 -6.0403641453710133e-001	 -6.0359773318507948e-001	 -6.0356585165322052e-001	 -6.0355575000581307e-001	 -6.0355123527411347e-001	 -6.0354889918212695e-001	 -6.0354744815027672e-001	 -6.0354611290858173e-001	
 -6.0367924317927812e-001	 -6.0367175543107887e-001	 -6.0363693996889900e-001	 -6.0424620150445474e-001	 -6.0422973679397085e-001	 -6.0402859458841274e-001	 -6.0358886899347652e-001	 -6.0355641547082950e-001	 -6.0354589958833138e-001	 -6.0354118823802150e-001	 -6.0353875822316549e-001	 -6.0353729884299323e-001	 -6.0353598342388626e-001	
 -6.0367064620059363e-001	 -6.0366314321902426e-001	 -6.0362822530080074e-001	 -6.0423884966687158e-001	 -6.0422235219070863e-001	 -6.0402073934351375e-001	 -6.0357980185188342e-001	 -6.0354672052875813e-001	 -6.0353586489070299e-001	 -6.0353101715260316e-001	 -6.0352855710621434e-001	 -6.0352718245382242e-001	 -6.0352589782586286e-001	
 -6.0365077024759906e-001	 -6.0364322045736163e-001	 -6.0360803469372559e-001	 -6.0422195280751545e-001	 -6.0420537924177342e-001	 -6.0400267504412408e-001	 -6.0355873799156079e-001	 -6.0352456073597960e-001	 -6.0351347118059451e-001	 -6.0350871048242549e-001	 -6.0350638814521407e-001	 -6.0350514554341483e-001	 -6.0350394723751588e-001	
 -6.0363078022851457e-001	 -6.0362318256623748e-001	 -6.0358776556268534e-001	 -6.0420497244428883e-001	 -6.0418832226005748e-001	 -6.0398452325849394e-001	 -6.0353774184684905e-001	 -6.0350329356084753e-001	 -6.0349261395620246e-001	 -6.0348832148726661e-001	 -6.0348630922391067e-001	 -6.0348525246933793e-001	 -6.0348417316513636e-001	
 -6.0361093077787586e-001	 -6.0360330387720929e-001	 -6.0356773456871071e-001	 -6.0418795119487889e-001	 -6.0417122512401722e-001	 -6.0396634921278114e-001	 -6.0351736138508638e-001	 -6.0348356986794638e-001	 -6.0347364207391507e-001	 -6.0346979141789880e-001	 -6.0346805056621378e-001	 -6.0346702289537646e-001	 -6.0346598529881224e-001	
 -6.0359141515753389e-001	 -6.0358378530322998e-001	 -6.0354819031527285e-001	 -6.0417092781583914e-001	 -6.0415412774383892e-001	 -6.0394821291742673e-001	 -6.0349794189218375e-001	 -6.0346549891610035e-001	 -6.0345638244563293e-001	 -6.0345285472596100e-001	 -6.0345129641403705e-001	 -6.0345028881425566e-001	 -6.0344931934608326e-001	
 -6.0358740007615541e-001	 -6.0357977138614238e-001	 -6.0354419506758461e-001	 -6.0416738414692528e-001	 -6.0415056894680408e-001	 -6.0394444398015334e-001	 -6.0349403832316018e-001	 -6.0346194284000010e-001	 -6.0345302261133327e-001	 -6.0344955774060960e-001	 -6.0344797030031927e-001	 -6.0344701138437262e-001	 -6.0344611339557819e-001	
 -6.0358340599109273e-001	 -6.0357577878478175e-001	 -6.0354023091013786e-001	 -6.0416384225270292e-001	 -6.0414701199873466e-001	 -6.0394067964619769e-001	 -6.0349018854877201e-001	 -6.0345843823994549e-001	 -6.0344970111014806e-001	 -6.0344628154884727e-001	 -6.0344466538275743e-001	 -6.0344371092535543e-001	 -6.0344283788626996e-001	
 -6.0357942975786116e-001	 -6.0357180482562001e-001	 -6.0353629228937500e-001	 -6.0416030154619715e-001	 -6.0414345638193367e-001	 -6.0393691899618407e-001	 -6.0348637650298187e-001	 -6.0345496023306300e-001	 -6.0344636867282198e-001	 -6.0344295836289863e-001	 -6.0344130532385964e-001	 -6.0344034751536046e-001	 -6.0343944993235255e-001	
 -6.0357546716938160e-001	 -6.0356784525783524e-001	 -6.0353237274790583e-001	 -6.0415676132008489e-001	 -6.0413990139940310e-001	 -6.0393316093443339e-001	 -6.0348258756159900e-001	 -6.0345147996898607e-001	 -6.0344298127978924e-001	 -6.0343954063613037e-001	 -6.0343783007599239e-001	 -6.0343686831310084e-001	 -6.0343591389755424e-001	
 -6.0356424598728697e-001	 -6.0355663353428568e-001	 -6.0352127882390416e-001	 -6.0414671054331848e-001	 -6.0412980909274605e-001	 -6.0392249853580271e-001	 -6.0347183208353528e-001	 -6.0344132059264588e-001	 -6.0343278008923029e-001	 -6.0342911001676214e-001	 -6.0342721129968968e-001	 -6.0342614816732976e-001	 -6.0342507742294771e-001	
 -6.0355301470849110e-001	 -6.0354541125051675e-001	 -6.0351016940796143e-001	 -6.0413664340785989e-001	 -6.0411970170859419e-001	 -6.0391182666952314e-001	 -6.0346092206031710e-001	 -6.0343061667622599e-001	 -6.0342170939564621e-001	 -6.0341768034011256e-001	 -6.0341549869780131e-001	 -6.0341458521107061e-001	 -6.0341321360679601e-001	
 -6.0354172712417942e-001	 -6.0353412876013035e-001	 -6.0349897782097095e-001	 -6.0412655169328477e-001	 -6.0410957001577614e-001	 -6.0390113202790641e-001	 -6.0344980429338779e-001	 -6.0341932816110333e-001	 -6.0340991726703930e-001	 -6.0340560677940580e-001	 -6.0340332155062182e-001	 -6.0340237553391241e-001	 -6.0340098593014702e-001	
 -6.0353036966342977e-001	 -6.0352277188713277e-001	 -6.0348768530638086e-001	 -6.0411643251179203e-001	 -6.0409941056627225e-001	 -6.0389040965247442e-001	 -6.0343849553823325e-001	 -6.0340760867805265e-001	 -6.0339776132223299e-001	 -6.0339333235615022e-001	 -6.0339108747686776e-001	 -6.0339001373821421e-001	 -6.0338874784027219e-001	
 -6.0350413601406583e-001	 -6.0349653419511373e-001	 -6.0346154858981205e-001	 -6.0409310118214599e-001	 -6.0407598675604746e-001	 -6.0386570188697419e-001	 -6.0341220180448740e-001	 -6.0338045788221883e-001	 -6.0337027668089238e-001	 -6.0336592210941120e-001	 -6.0336380349113039e-001	 -6.0336265651583787e-001	 -6.0336154604201386e-001	
 -6.0347789525050377e-001	 -6.0347028645413303e-001	 -6.0343541710849991e-001	 -6.0406968655346560e-001	 -6.0405248062733730e-001	 -6.0384094472853977e-001	 -6.0338601401099812e-001	 -6.0335392520005637e-001	 -6.0334399653760862e-001	 -6.0334002417927746e-001	 -6.0333809116264181e-001	 -6.0333687172908768e-001	 -6.0333598921269438e-001	
 -6.0345188030852537e-001	 -6.0344427955316693e-001	 -6.0340961047167241e-001	 -6.0404623433574223e-001	 -6.0402893969035976e-001	 -6.0381620643001899e-001	 -6.0336042750464003e-001	 -6.0332866106083127e-001	 -6.0331927208101543e-001	 -6.0331555705839257e-001	 -6.0331375512656660e-001	 -6.0331250699174888e-001	 -6.0331169480887237e-001	
 -6.0342624809028855e-001	 -6.0341867834079466e-001	 -6.0338432756190663e-001	 -6.0402278193893988e-001	 -6.0400540341620790e-001	 -6.0379154330525431e-001	 -6.0333564589987176e-001	 -6.0330463094038222e-001	 -6.0329574523931839e-001	 -6.0329214977672407e-001	 -6.0329039931694695e-001	 -6.0328920038654754e-001	 -6.0328841349643891e-001	
 -6.0335497290253670e-001	 -6.0334757234181691e-001	 -6.0331459609641591e-001	 -6.0395569861249054e-001	 -6.0393811638004280e-001	 -6.0372147017140332e-001	 -6.0326777065500270e-001	 -6.0323856037847179e-001	 -6.0323023219466254e-001	 -6.0322670924095600e-001	 -6.0322496794606995e-001	 -6.0322399194912002e-001	 -6.0322307675997333e-001	
 -6.0328669534592816e-001	 -6.0327954138816864e-001	 -6.0324838914926904e-001	 -6.0388895249952057e-001	 -6.0387121926008813e-001	 -6.0365245279181412e-001	 -6.0320346642583900e-001	 -6.0317526549269473e-001	 -6.0316703707785635e-001	 -6.0316355241873953e-001	 -6.0316182384267947e-001	 -6.0316088926193334e-001	 -6.0315997908721997e-001	
 -6.0322071238794184e-001	 -6.0321381641326166e-001	 -6.0318453309438080e-001	 -6.0382261850522312e-001	 -6.0380478366783841e-001	 -6.0358451253061940e-001	 -6.0314082907741984e-001	 -6.0311272393287485e-001	 -6.0310446685418739e-001	 -6.0310097345828151e-001	 -6.0309925680446241e-001	 -6.0309831042792972e-001	 -6.0309740165520598e-001	
 -6.0315518142151081e-001	 -6.0314846745923578e-001	 -6.0312063898337875e-001	 -6.0375646758970003e-001	 -6.0373856877926624e-001	 -6.0351721120166513e-001	 -6.0307664912151449e-001	 -6.0304718653048095e-001	 -6.0303833461938794e-001	 -6.0303451858367829e-001	 -6.0303261349248238e-001	 -6.0303155687313481e-001	 -6.0303052650478861e-001	
 -6.0303737492017895e-001	 -6.0303085469293194e-001	 -6.0300506854715774e-001	 -6.0363753997583203e-001	 -6.0361960761701194e-001	 -6.0339713792378902e-001	 -6.0295904385188059e-001	 -6.0292825110308534e-001	 -6.0291941993961817e-001	 -6.0291574369797374e-001	 -6.0291394999156811e-001	 -6.0291297599945892e-001	 -6.0291204234652618e-001	
 -6.0292172338816119e-001	 -6.0291509329524207e-001	 -6.0289132353119612e-001	 -6.0351952818415988e-001	 -6.0350180698531819e-001	 -6.0327903389501003e-001	 -6.0284409679933759e-001	 -6.0281502910031204e-001	 -6.0280741974649832e-001	 -6.0280537517887200e-001	 -6.0280426106074092e-001	 -6.0280111474719789e-001	 -6.0280129662282356e-001	
 -6.0281109586890480e-001	 -6.0280479349539284e-001	 -6.0278368089838885e-001	 -6.0340330744734771e-001	 -6.0338577100549351e-001	 -6.0316383173342203e-001	 -6.0273773751495785e-001	 -6.0271125302691075e-001	 -6.0270393969663605e-001	 -6.0270011938745593e-001	 -6.0269952482350231e-001	 -6.0269854700767400e-001	 -6.0269707556315222e-001	
 -6.0270349334923257e-001	 -6.0269767638609917e-001	 -6.0267897670074344e-001	 -6.0328886684468674e-001	 -6.0327144765759400e-001	 -6.0305115297287770e-001	 -6.0263304848739985e-001	 -6.0260532276590340e-001	 -6.0259692986275315e-001	 -6.0259321532973864e-001	 -6.0259049994504377e-001	 -6.0259091618164451e-001	 -6.0258989574224486e-001	
 -6.0259530506734382e-001	 -6.0258959903014553e-001	 -6.0257255829709866e-001	 -6.0317555764832775e-001	 -6.0315831472046444e-001	 -6.0293973625269448e-001	 -6.0252253709702774e-001	 -6.0249308989013262e-001	 -6.0248455246059152e-001	 -6.0248151403063943e-001	 -6.0247970642757220e-001	 -6.0247825368209273e-001	 -6.0247764593823749e-001	
 -6.0239271301332220e-001	 -6.0238706478910053e-001	 -6.0237272653762552e-001	 -6.0296620535038592e-001	 -6.0294928480719712e-001	 -6.0273377278319273e-001	 -6.0231760100504239e-001	 -6.0228971313036617e-001	 -6.0228196705569559e-001	 -6.0227883123487036e-001	 -6.0227724546890737e-001	 -6.0227634720033674e-001	 -6.0227553416458690e-001	
 -6.0219463926591832e-001	 -6.0218909061793280e-001	 -6.0217778982962766e-001	 -6.0276073280018938e-001	 -6.0274414127181597e-001	 -6.0253118437192388e-001	 -6.0212186312580407e-001	 -6.0209737862360058e-001	 -6.0209026413726718e-001	 -6.0208718662202454e-001	 -6.0208571287356794e-001	 -6.0208492623636811e-001	 -6.0208411453555044e-001	
 -6.0213734503800076e-001	 -6.0213191055846771e-001	 -6.0212165189643674e-001	 -6.0270007628093758e-001	 -6.0268356819115354e-001	 -6.0247128872392697e-001	 -6.0206585495869991e-001	 -6.0204207998226789e-001	 -6.0203495365684923e-001	 -6.0203191965813030e-001	 -6.0203042496842496e-001	 -6.0202962065736276e-001	 -6.0202884542781554e-001	
 -6.0208084365021008e-001	 -6.0207552480118220e-001	 -6.0206630202264133e-001	 -6.0263994337383942e-001	 -6.0262350335160697e-001	 -6.0241188034881876e-001	 -6.0200970135793064e-001	 -6.0198578353254373e-001	 -6.0197843286513564e-001	 -6.0197527979655163e-001	 -6.0197372124193294e-001	 -6.0197287773622321e-001	 -6.0197205290135614e-001	
 -6.0202417506993733e-001	 -6.0201892811362345e-001	 -6.0201069724552525e-001	 -6.0258016827552385e-001	 -6.0256378277223632e-001	 -6.0235272528630368e-001	 -6.0195246745531339e-001	 -6.0192798272251657e-001	 -6.0192038186779317e-001	 -6.0191719139235378e-001	 -6.0191560528355392e-001	 -6.0191471685655529e-001	 -6.0191386217234299e-001	
 -6.0196709980042673e-001	 -6.0196188834504838e-001	 -6.0195465742562959e-001	 -6.0252065797050669e-001	 -6.0250431728114950e-001	 -6.0229371235021034e-001	 -6.0189476058547520e-001	 -6.0187012548951202e-001	 -6.0186264015071878e-001	 -6.0185955813463199e-001	 -6.0185803304924068e-001	 -6.0185718502103747e-001	 -6.0185637315746110e-001	
 -6.0191015904909051e-001	 -6.0190498361689659e-001	 -6.0189879314642702e-001	 -6.0246146058506866e-001	 -6.0244515883045580e-001	 -6.0223493230826541e-001	 -6.0183781172151729e-001	 -6.0181376421086785e-001	 -6.0180662515840755e-001	 -6.0180363300965656e-001	 -6.0180215981986418e-001	 -6.0180136176668508e-001	 -6.0180058632941513e-001	
 -6.0179409327398847e-001	 -6.0178903700358610e-001	 -6.0178511074204799e-001	 -6.0233994822278536e-001	 -6.0232371154134157e-001	 -6.0211418709021913e-001	 -6.0172313948492206e-001	 -6.0170025763106594e-001	 -6.0169343464222536e-001	 -6.0169063897153041e-001	 -6.0168922601577801e-001	 -6.0168840538277202e-001	 -6.0168762221168848e-001	
 -6.0168217869649432e-001	 -6.0167731791427315e-001	 -6.0167555324330824e-001	 -6.0222062691250855e-001	 -6.0220443849312577e-001	 -6.0199562581420007e-001	 -6.0161310065798279e-001	 -6.0159159876760349e-001	 -6.0158503257756735e-001	 -6.0158215731309639e-001	 -6.0158076528227244e-001	 -6.0158004992694192e-001	 -6.0157934410720593e-001	
 -6.0157417549311365e-001	 -6.0156951732659447e-001	 -6.0156970276159516e-001	 -6.0210376253588827e-001	 -6.0208759668345380e-001	 -6.0187949965562204e-001	 -6.0150669370884202e-001	 -6.0148578314411782e-001	 -6.0147933896426142e-001	 -6.0147664803189560e-001	 -6.0147531384235897e-001	 -6.0147456276671285e-001	 -6.0147383924658016e-001	
 -6.0146897421375911e-001	 -6.0146447982878382e-001	 -6.0146655195147947e-001	 -6.0198935705790824e-001	 -6.0197318359633822e-001	 -6.0176573771919539e-001	 -6.0140308097367257e-001	 -6.0138192657144263e-001	 -6.0137562158801838e-001	 -6.0137307921770411e-001	 -6.0137178391883594e-001	 -6.0137102311152990e-001	 -6.0137030693641069e-001	
 -6.0136611448391442e-001	 -6.0136176157266075e-001	 -6.0136580135283779e-001	 -6.0187736711403428e-001	 -6.0186116240690257e-001	 -6.0165430234493389e-001	 -6.0130167006344770e-001	 -6.0128074228882333e-001	 -6.0127467472037566e-001	 -6.0127222188421925e-001	 -6.0127097638029703e-001	 -6.0127024623268799e-001	 -6.0126955651429448e-001	
 -6.0120401472352203e-001	 -6.0119992095952757e-001	 -6.0120725905843386e-001	 -6.0169959249456451e-001	 -6.0168331676502262e-001	 -6.0147750183092707e-001	 -6.0114075570649739e-001	 -6.0112237985221473e-001	 -6.0111674286644767e-001	 -6.0111431201803622e-001	 -6.0111311458044270e-001	 -6.0111247343497265e-001	 -6.0111184493760739e-001	
 -6.0105037784019544e-001	 -6.0104656425163938e-001	 -6.0105713193014942e-001	 -6.0152892036313688e-001	 -6.0151255805018788e-001	 -6.0130802271918249e-001	 -6.0098909551620228e-001	 -6.0097286255966775e-001	 -6.0096760201544530e-001	 -6.0096531567055411e-001	 -6.0096419227650966e-001	 -6.0096359214756312e-001	 -6.0096300151102344e-001	
 -6.0090435117976515e-001	 -6.0090079602270752e-001	 -6.0091448666477199e-001	 -6.0136536571242516e-001	 -6.0134890522012263e-001	 -6.0114585490977923e-001	 -6.0084572285001858e-001	 -6.0082994567678405e-001	 -6.0082492363333628e-001	 -6.0082277089745784e-001	 -6.0082170442421479e-001	 -6.0082111513815040e-001	 -6.0082054377963434e-001	
 -6.0076548440091138e-001	 -6.0076222647575950e-001	 -6.0077889472665014e-001	 -6.0120885074965713e-001	 -6.0119226830657180e-001	 -6.0099103908983764e-001	 -6.0070946998624919e-001	 -6.0069412802010724e-001	 -6.0068915537536682e-001	 -6.0068705392068988e-001	 -6.0068637525589885e-001	 -6.0068552700154321e-001	 -6.0068509677746462e-001	
 -6.0053413275151790e-001	 -6.0053129490489354e-001	 -6.0055351725063488e-001	 -6.0094510056996064e-001	 -6.0092841250658502e-001	 -6.0073154924433769e-001	 -6.0048245073862638e-001	 -6.0046917516110021e-001	 -6.0046501144606079e-001	 -6.0046323331930385e-001	 -6.0046234886934613e-001	 -6.0046185594153645e-001	 -6.0046137966152102e-001	
 -6.0032631972106731e-001	 -6.0032386115749237e-001	 -6.0035119332635389e-001	 -6.0070434776948733e-001	 -6.0068769726406845e-001	 -6.0049682877949540e-001	 -6.0027913513371889e-001	 -6.0026762303322379e-001	 -6.0026395404733091e-001	 -6.0026237021548745e-001	 -6.0026158477877178e-001	 -6.0026114606259728e-001	 -6.0026072234220518e-001	
 -6.0013902871702829e-001	 -6.0013689869864439e-001	 -6.0016906297621908e-001	 -6.0048541694512902e-001	 -6.0046895474230588e-001	 -6.0028549480184434e-001	 -6.0009569950758568e-001	 -6.0008538210432061e-001	 -6.0008205620687427e-001	 -6.0008062260608064e-001	 -6.0007992556310175e-001	 -6.0007952257290498e-001	 -6.0007914294901710e-001	
 -5.9997320037674662e-001	 -5.9997144540113734e-001	 -6.0000725659958842e-001	 -6.0028792582256241e-001	 -6.0027183204813817e-001	 -6.0009763085711043e-001	 -5.9993467851537918e-001	 -5.9992583871781857e-001	 -5.9992304476119696e-001	 -5.9992184955393046e-001	 -5.9992117210083684e-001	 -5.9992085764037917e-001	 -5.9992050726342949e-001	
 -5.9977217505025049e-001	 -5.9977076566697374e-001	 -5.9981094037342420e-001	 -6.0004464805918367e-001	 -6.0002932043223822e-001	 -5.9986994571226138e-001	 -5.9973886985198455e-001	 -5.9973169735139109e-001	 -5.9972929804696928e-001	 -5.9972826643728272e-001	 -5.9972787403639316e-001	 -5.9972755228754338e-001	 -5.9972731642821131e-001	
 -5.9960487086740955e-001	 -5.9960379495305194e-001	 -5.9964589772643073e-001	 -5.9983793196982660e-001	 -5.9982365493227441e-001	 -5.9968101659935158e-001	 -5.9957715383784915e-001	 -5.9957116347730821e-001	 -5.9956922567117044e-001	 -5.9956842222408380e-001	 -5.9956795493543158e-001	 -5.9956773754799020e-001	 -5.9956749576484114e-001	
 -5.9947080413658149e-001	 -5.9947005272797949e-001	 -5.9951172949768150e-001	 -5.9966572447900379e-001	 -5.9965275238049731e-001	 -5.9952852272548984e-001	 -5.9944872215866862e-001	 -5.9944419753610312e-001	 -5.9944273208090149e-001	 -5.9944209777340607e-001	 -5.9944178022197647e-001	 -5.9944160283598169e-001	 -5.9944143069534661e-001	
 -5.9936178072128588e-001	 -5.9936111610592313e-001	 -5.9940189129914501e-001	 -5.9952354795689278e-001	 -5.9951200712182739e-001	 -5.9940562490812255e-001	 -5.9934289692442633e-001	 -5.9933929222411031e-001	 -5.9933802169676031e-001	 -5.9933750870411195e-001	 -5.9933738831119410e-001	 -5.9933721375726723e-001	 -5.9933712808157846e-001	
 -5.9928373544770874e-001	 -5.9928335050074555e-001	 -5.9931831943926817e-001	 -5.9941117051309778e-001	 -5.9940125205237837e-001	 -5.9931432469417789e-001	 -5.9927130606585166e-001	 -5.9926924851627650e-001	 -5.9926858079717427e-001	 -5.9926829368084356e-001	 -5.9926819305855528e-001	 -5.9926810670751784e-001	 -5.9926804638466002e-001	
 -5.9925834787866172e-001	 -5.9925795371007506e-001	 -5.9929323645546706e-001	 -5.9937769864271129e-001	 -5.9936831125562140e-001	 -5.9928698118438817e-001	 -5.9924366657504446e-001	 -5.9924053510296282e-001	 -5.9923922174265343e-001	 -5.9923864773547830e-001	 -5.9923859679611446e-001	 -5.9923837942632563e-001	 -5.9923829691355124e-001	
 -5.9924041771042269e-001	 -5.9924008712841648e-001	 -5.9927403534398849e-001	 -5.9935235438723922e-001	 -5.9934342356937620e-001	 -5.9926687285549729e-001	 -5.9922949832569294e-001	 -5.9922725386074571e-001	 -5.9922698597647539e-001	 -5.9922681750168572e-001	 -5.9922627208430779e-001	 -5.9922640175669173e-001	 -5.9922622422392546e-001	
 -5.9922683530377885e-001	 -5.9922659980538029e-001	 -5.9925780410152729e-001	 -5.9932943305762709e-001	 -5.9932098221959773e-001	 -5.9924982466164067e-001	 -5.9921903783488606e-001	 -5.9921758445002915e-001	 -5.9921722316147452e-001	 -5.9921704286980404e-001	 -5.9921687116371025e-001	 -5.9921683429087214e-001	 -5.9921676016982950e-001	
 -5.9921514958327649e-001	 -5.9921489793257621e-001	 -5.9924313837800280e-001	 -5.9930862278023689e-001	 -5.9930066450908370e-001	 -5.9923491137359175e-001	 -5.9920786836209494e-001	 -5.9920623333065137e-001	 -5.9920569155158532e-001	 -5.9920540157876179e-001	 -5.9920525180745532e-001	 -5.9920522529699483e-001	 -5.9920514617639586e-001	
 -5.9920414146441559e-001	 -5.9920391468015755e-001	 -5.9922998120909288e-001	 -5.9928957449106868e-001	 -5.9928209590209836e-001	 -5.9922146004287580e-001	 -5.9919704990818445e-001	 -5.9919532110275231e-001	 -5.9919483050219213e-001	 -5.9919460092505705e-001	 -5.9919440134437174e-001	 -5.9919436392941172e-001	 -5.9919428141141928e-001	
 -5.9918972518757663e-001	 -5.9918961798333115e-001	 -5.9921214743863249e-001	 -5.9926363181017628e-001	 -5.9925689458451004e-001	 -5.9920386429468397e-001	 -5.9918381287416000e-001	 -5.9918259222890846e-001	 -5.9918224226096495e-001	 -5.9918206299680588e-001	 -5.9918195946917496e-001	 -5.9918192041552576e-001	 -5.9918187233265474e-001	
 -5.9917851979585102e-001	 -5.9917846865753521e-001	 -5.9919749801951028e-001	 -5.9924171027281314e-001	 -5.9923569501696416e-001	 -5.9918985818674386e-001	 -5.9917374543738688e-001	 -5.9917295127898118e-001	 -5.9917269765352721e-001	 -5.9917256525277018e-001	 -5.9917252955155043e-001	 -5.9917249466623357e-001	 -5.9917247200969026e-001	
 -5.9917085810068382e-001	 -5.9917084673211107e-001	 -5.9918605077591280e-001	 -5.9922365560871604e-001	 -5.9921835000864565e-001	 -5.9917948136889443e-001	 -5.9916760933009794e-001	 -5.9916712937446714e-001	 -5.9916699353235181e-001	 -5.9916690812289453e-001	 -5.9916687621508480e-001	 -5.9916685987082552e-001	 -5.9916684284222477e-001	
 -5.9916380106883604e-001	 -5.9916377021529410e-001	 -5.9917375552576146e-001	 -5.9920095486898362e-001	 -5.9919675662389871e-001	 -5.9916852534036558e-001	 -5.9916250225144907e-001	 -5.9916244288205078e-001	 -5.9916239986657072e-001	 -5.9916240293644840e-001	 -5.9916243388702384e-001	 -5.9916242339685954e-001	 -5.9916243377944323e-001	
 -5.9916332115939053e-001	 -5.9916329937192980e-001	 -5.9916805510640270e-001	 -5.9918626906829697e-001	 -5.9918311849826988e-001	 -5.9916462325737552e-001	 -5.9916387944092264e-001	 -5.9916411069549369e-001	 -5.9916420175309959e-001	 -5.9916423689754250e-001	 -5.9916425705075493e-001	 -5.9916427063932964e-001	 -5.9916428267658972e-001	
 -5.9917032460199415e-001	 -5.9917036313905658e-001	 -5.9916888470212815e-001	 -5.9917961089117622e-001	 -5.9917745274373768e-001	 -5.9916825398553808e-001	 -5.9917312918789101e-001	 -5.9917377482054945e-001	 -5.9917402358555805e-001	 -5.9917413017851473e-001	 -5.9917414888754905e-001	 -5.9917418206822948e-001	 -5.9917419752064660e-001	
 -5.9918264607272675e-001	 -5.9918267207315079e-001	 -5.9917536489417778e-001	 -5.9918005264536500e-001	 -5.9917879703685895e-001	 -5.9917776937101763e-001	 -5.9918630412092444e-001	 -5.9918725357710478e-001	 -5.9918752317988933e-001	 -5.9918765988686840e-001	 -5.9918778823542240e-001	 -5.9918781514178843e-001	 -5.9918787442181376e-001	
 -5.9921092051573588e-001	 -5.9921097226400821e-001	 -5.9919486492776564e-001	 -5.9919259953189474e-001	 -5.9919256200280380e-001	 -5.9920234921340132e-001	 -5.9921656489547725e-001	 -5.9921782903671339e-001	 -5.9921828545494993e-001	 -5.9921847427901742e-001	 -5.9921856806655072e-001	 -5.9921862654543911e-001	 -5.9921867974743748e-001	
 -5.9925170886099277e-001	 -5.9925178963970982e-001	 -5.9922614503649108e-001	 -5.9921883656299801e-001	 -5.9921983530486500e-001	 -5.9923917194737442e-001	 -5.9925969423768599e-001	 -5.9926146303268535e-001	 -5.9926208840432871e-001	 -5.9926235441976061e-001	 -5.9926248671804405e-001	 -5.9926256189835048e-001	 -5.9926263393628165e-001	
 -5.9929585317697320e-001	 -5.9929592242879970e-001	 -5.9926447242897307e-001	 -5.9925407466310254e-001	 -5.9925582708353353e-001	 -5.9928148175092399e-001	 -5.9930338531122285e-001	 -5.9930528171925346e-001	 -5.9930563535270931e-001	 -5.9930585980727535e-001	 -5.9930598448110217e-001	 -5.9930602799096455e-001	 -5.9930608001368402e-001	
 -5.9931558307979582e-001	 -5.9931566960380600e-001	 -5.9927999733300208e-001	 -5.9926859673264943e-001	 -5.9927059055642218e-001	 -5.9929888077370208e-001	 -5.9932638453430442e-001	 -5.9932930321127120e-001	 -5.9933048277260870e-001	 -5.9933097843789529e-001	 -5.9933122581212750e-001	 -5.9933138160750410e-001	 -5.9933152223912156e-001	
 -5.9933526919819791e-001	 -5.9933536170508894e-001	 -5.9929648858469964e-001	 -5.9928415965104787e-001	 -5.9928638410933210e-001	 -5.9931718450978444e-001	 -5.9934557609120365e-001	 -5.9934793676574838e-001	 -5.9934821023410745e-001	 -5.9934843435993645e-001	 -5.9934856653298674e-001	 -5.9934856303400785e-001	 -5.9934858731314211e-001	
 -5.9935328641702590e-001	 -5.9935336420113838e-001	 -5.9931315469763380e-001	 -5.9930011721021081e-001	 -5.9930253377704634e-001	 -5.9933506022924465e-001	 -5.9936237688995586e-001	 -5.9936364778268025e-001	 -5.9936447722541697e-001	 -5.9936467892363066e-001	 -5.9936475485222740e-001	 -5.9936491411083370e-001	 -5.9936502697244265e-001	
 -5.9937157522060858e-001	 -5.9937165517620627e-001	 -5.9933024952907310e-001	 -5.9931665035750648e-001	 -5.9931922736478072e-001	 -5.9935312907322125e-001	 -5.9938108022428160e-001	 -5.9938318994923190e-001	 -5.9938407395232485e-001	 -5.9938444445950534e-001	 -5.9938463266173692e-001	 -5.9938471473808264e-001	 -5.9938479791976640e-001	
 -5.9940043741768534e-001	 -5.9940051567275443e-001	 -5.9935683221024050e-001	 -5.9934257244032008e-001	 -5.9934535006422873e-001	 -5.9938104932144576e-001	 -5.9941046999978376e-001	 -5.9941313183398126e-001	 -5.9941373642280471e-001	 -5.9941406797869856e-001	 -5.9941424348053385e-001	 -5.9941431669807699e-001	 -5.9941440410660185e-001	
 -5.9942979999927370e-001	 -5.9942983693050955e-001	 -5.9938413450211225e-001	 -5.9936942054994446e-001	 -5.9937235535811872e-001	 -5.9940927969692748e-001	 -5.9943913054205655e-001	 -5.9944206822326596e-001	 -5.9944245233967131e-001	 -5.9944264682976200e-001	 -5.9944269063116895e-001	 -5.9944288182645078e-001	 -5.9944298960423748e-001	
 -5.9945962402419006e-001	 -5.9945976517294941e-001	 -5.9941242907457504e-001	 -5.9939733986413835e-001	 -5.9940039575001602e-001	 -5.9943867132838946e-001	 -5.9947086298395291e-001	 -5.9947188397480033e-001	 -5.9947357076450825e-001	 -5.9947385443581691e-001	 -5.9947387183933998e-001	 -5.9947419095474075e-001	 -5.9947447023045441e-001	
 -5.9948982698554421e-001	 -5.9948986269497961e-001	 -5.9944108355014514e-001	 -5.9942585699501727e-001	 -5.9942899227583002e-001	 -5.9946796144405567e-001	 -5.9949978740236887e-001	 -5.9950277739628799e-001	 -5.9950299038147303e-001	 -5.9950338428116368e-001	 -5.9950371545924863e-001	 -5.9950356959326268e-001	 -5.9950343636816505e-001	
 -5.9956733508459426e-001	 -5.9956736695065960e-001	 -5.9951750153997008e-001	 -5.9950240991635262e-001	 -5.9950558144006294e-001	 -5.9954487631064257e-001	 -5.9957717454439674e-001	 -5.9957958488998653e-001	 -5.9958024511219676e-001	 -5.9958052367359294e-001	 -5.9958065132126315e-001	 -5.9958074117627547e-001	 -5.9958081448197031e-001	
 -5.9964678697754792e-001	 -5.9964683848401368e-001	 -5.9959544296239731e-001	 -5.9958061896192572e-001	 -5.9958375468260883e-001	 -5.9962321109618966e-001	 -5.9965726292243726e-001	 -5.9965929203364965e-001	 -5.9966024130797546e-001	 -5.9966053782223305e-001	 -5.9966066616368163e-001	 -5.9966078048956373e-001	 -5.9966087034613036e-001	
 -5.9965390628990978e-001	 -5.9965395181338366e-001	 -5.9960430094330164e-001	 -5.9958968608830876e-001	 -5.9959278294252627e-001	 -5.9963154512798766e-001	 -5.9966157548019261e-001	 -5.9966330106209220e-001	 -5.9966323965121582e-001	 -5.9966336104055884e-001	 -5.9966344595874244e-001	 -5.9966339293793247e-001	 -5.9966336920058705e-001	
 -5.9966187058979603e-001	 -5.9966191490334886e-001	 -5.9961317898871158e-001	 -5.9959874825976645e-001	 -5.9960180809381924e-001	 -5.9963999675627377e-001	 -5.9967023399964958e-001	 -5.9967159890794708e-001	 -5.9967270352223601e-001	 -5.9967296608032239e-001	 -5.9967306161656797e-001	 -5.9967326678411759e-001	 -5.9967342000555313e-001	
 -5.9967131145688413e-001	 -5.9967136399285970e-001	 -5.9962237913113725e-001	 -5.9960807447145825e-001	 -5.9961110674355833e-001	 -5.9964904216114334e-001	 -5.9968087391104596e-001	 -5.9968338277438527e-001	 -5.9968440733160211e-001	 -5.9968483846406517e-001	 -5.9968506003582611e-001	 -5.9968515164288139e-001	 -5.9968524542441948e-001	
 -5.9968771691742973e-001	 -5.9968777347430002e-001	 -5.9963781755711931e-001	 -5.9962365011601015e-001	 -5.9962665023982620e-001	 -5.9966446839776477e-001	 -5.9969781539515044e-001	 -5.9970077039284142e-001	 -5.9970146610222042e-001	 -5.9970184324986686e-001	 -5.9970204112047565e-001	 -5.9970211414872576e-001	 -5.9970220316118983e-001	
 -5.9970374744866550e-001	 -5.9970380308227433e-001	 -5.9965329734124051e-001	 -5.9963924707817640e-001	 -5.9964221988295652e-001	 -5.9967995193799251e-001	 -5.9971371641942550e-001	 -5.9971633926814150e-001	 -5.9971701622629769e-001	 -5.9971733891373002e-001	 -5.9971750287712844e-001	 -5.9971758539723030e-001	 -5.9971766958255568e-001	
 -5.9971924998236670e-001	 -5.9971929865654250e-001	 -5.9966867392324819e-001	 -5.9965474236900462e-001	 -5.9965768842107359e-001	 -5.9969523760672327e-001	 -5.9972883646830510e-001	 -5.9973131502888410e-001	 -5.9973195950546732e-001	 -5.9973224686493687e-001	 -5.9973238170230037e-001	 -5.9973246750233411e-001	 -5.9973253418066363e-001	
 -5.9977183126402878e-001	 -5.9977187314441682e-001	 -5.9972266262742213e-001	 -5.9970927609598323e-001	 -5.9971209785969481e-001	 -5.9974843465848693e-001	 -5.9978086799172825e-001	 -5.9978298445306777e-001	 -5.9978366117940940e-001	 -5.9978392422854743e-001	 -5.9978404727512036e-001	 -5.9978413326511326e-001	 -5.9978420287698508e-001	
 -5.9981900850714087e-001	 -5.9981904199712943e-001	 -5.9977290205448508e-001	 -5.9976033454067768e-001	 -5.9976296645525284e-001	 -5.9979699720524859e-001	 -5.9982692385696090e-001	 -5.9982900528754435e-001	 -5.9982951219417213e-001	 -5.9982974658467914e-001	 -5.9982986064044397e-001	 -5.9982992670704061e-001	 -5.9982998276864041e-001	
 -5.9983615789183098e-001	 -5.9983620369508106e-001	 -5.9978917778202856e-001	 -5.9977672572197882e-001	 -5.9977932112198484e-001	 -5.9981324584179596e-001	 -5.9984581126304448e-001	 -5.9984786405786750e-001	 -5.9984895863340881e-001	 -5.9984929588607905e-001	 -5.9984944587732070e-001	 -5.9984958638836794e-001	 -5.9984970071691457e-001	
 -5.9985102068549345e-001	 -5.9985106293236612e-001	 -5.9980478693943962e-001	 -5.9979255739517345e-001	 -5.9979509827534638e-001	 -5.9982845209782809e-001	 -5.9985878802204518e-001	 -5.9986143448553797e-001	 -5.9986163753855681e-001	 -5.9986192985705955e-001	 -5.9986210760509806e-001	 -5.9986209950280145e-001	 -5.9986213083662587e-001	
 -5.9986542382761687e-001	 -5.9986546411205932e-001	 -5.9982007512549007e-001	 -5.9980805069825838e-001	 -5.9981054028834802e-001	 -5.9984332003115703e-001	 -5.9987342016143419e-001	 -5.9987515946524628e-001	 -5.9987588681909010e-001	 -5.9987610689227200e-001	 -5.9987619743451237e-001	 -5.9987630866265018e-001	 -5.9987639307701457e-001	
 -5.9988888425988041e-001	 -5.9988892482798484e-001	 -5.9984504345289569e-001	 -5.9983341109381971e-001	 -5.9983580566669303e-001	 -5.9986749484253199e-001	 -5.9989650820113649e-001	 -5.9989840326424293e-001	 -5.9989899423784632e-001	 -5.9989925925918453e-001	 -5.9989939590887609e-001	 -5.9989945170790815e-001	 -5.9989951168082367e-001	
 -5.9991149813720668e-001	 -5.9991152118776814e-001	 -5.9986911950948851e-001	 -5.9985784714744472e-001	 -5.9986014878343763e-001	 -5.9989071121746562e-001	 -5.9991872793685452e-001	 -5.9992058786073610e-001	 -5.9992108382866949e-001	 -5.9992127253982730e-001	 -5.9992133350184051e-001	 -5.9992140836917507e-001	 -5.9992145474274672e-001	
 -5.9993328267182733e-001	 -5.9993331308838549e-001	 -5.9989237633217840e-001	 -5.9988150365708481e-001	 -5.9988370807362301e-001	 -5.9991311388585267e-001	 -5.9994032868870839e-001	 -5.9994207515845499e-001	 -5.9994264215201820e-001	 -5.9994287150899606e-001	 -5.9994298346333075e-001	 -5.9994305242816459e-001	 -5.9994311591837768e-001	
 -5.9999119456788375e-001	 -5.9999121771248110e-001	 -5.9995578247284964e-001	 -5.9994626720216715e-001	 -5.9994815740538332e-001	 -5.9997351798168896e-001	 -5.9999694747492338e-001	 -5.9999860829518248e-001	 -5.9999891199558064e-001	 -5.9999906708119166e-001	 -5.9999913990371745e-001	 -5.9999919237141430e-001	 -5.9999922884534929e-001	
 -6.0001164986334121e-001	 -6.0001168277190597e-001	 -5.9997669355271732e-001	 -5.9996747554003083e-001	 -5.9996928751693268e-001	 -5.9999389961928884e-001	 -6.0001825962685551e-001	 -6.0001954839061789e-001	 -6.0002025077754428e-001	 -6.0002045653850811e-001	 -6.0002054633989665e-001	 -6.0002063453701293e-001	 -6.0002070537046315e-001	
 -6.0002778991574690e-001	 -6.0002781294665741e-001	 -5.9999550165212856e-001	 -5.9998678974959585e-001	 -5.9998848740783206e-001	 -6.0001146610866307e-001	 -6.0003211993464589e-001	 -6.0003411912024074e-001	 -6.0003412208164963e-001	 -6.0003431537081209e-001	 -6.0003443864131700e-001	 -6.0003442661815676e-001	 -6.0003444445211329e-001	
 -6.0004648938860594e-001	 -6.0004652236722578e-001	 -6.0001460818737140e-001	 -6.0000613596589147e-001	 -6.0000777210189593e-001	 -6.0003018735899083e-001	 -6.0005293227460843e-001	 -6.0005362356885250e-001	 -6.0005450344979838e-001	 -6.0005465168044836e-001	 -6.0005469021784386e-001	 -6.0005481251745874e-001	 -6.0005488895886749e-001	
 -6.0006001912382700e-001	 -6.0006003846602152e-001	 -6.0003124600382929e-001	 -6.0002332653197321e-001	 -6.0002484347154716e-001	 -6.0004543898606322e-001	 -6.0006334624074231e-001	 -6.0006536340417860e-001	 -6.0006517764565892e-001	 -6.0006536453860448e-001	 -6.0006549815994070e-001	 -6.0006545355617558e-001	 -6.0006545405266731e-001	
 -6.0007393387540020e-001	 -6.0007396453587436e-001	 -6.0004497530963263e-001	 -6.0003721568790969e-001	 -6.0003869094293893e-001	 -6.0005897280590581e-001	 -6.0008007024159316e-001	 -6.0008068967642991e-001	 -6.0008164141145404e-001	 -6.0008178852066774e-001	 -6.0008182132664789e-001	 -6.0008195915040030e-001	 -6.0008204525396902e-001	
 -6.0008384840259943e-001	 -6.0008386835475047e-001	 -6.0005709722354972e-001	 -6.0004973457450372e-001	 -6.0005112492023116e-001	 -6.0007013228469130e-001	 -6.0008689993884534e-001	 -6.0008890749563282e-001	 -6.0008865749772156e-001	 -6.0008885172657678e-001	 -6.0008899676133876e-001	 -6.0008893170637734e-001	 -6.0008892256546709e-001	
 -6.0009537752625519e-001	 -6.0009540296168673e-001	 -6.0006930602474196e-001	 -6.0006215430108423e-001	 -6.0006349704522233e-001	 -6.0008194559579842e-001	 -6.0010045684566471e-001	 -6.0010091736573123e-001	 -6.0010167042745532e-001	 -6.0010176058622466e-001	 -6.0010176540725713e-001	 -6.0010188634773698e-001	 -6.0010195604298655e-001	
 -6.0010532701493258e-001	 -6.0010534729015852e-001	 -6.0008102602382429e-001	 -6.0007423990349196e-001	 -6.0007550539697974e-001	 -6.0009283780615430e-001	 -6.0010861601555998e-001	 -6.0011007211113743e-001	 -6.0011009250116043e-001	 -6.0011026114159538e-001	 -6.0011037336482609e-001	 -6.0011035121931844e-001	 -6.0011036131990547e-001	
 -6.0011589635333706e-001	 -6.0011591880815285e-001	 -6.0009251604453695e-001	 -6.0008598579086581e-001	 -6.0008719614645933e-001	 -6.0010382299768850e-001	 -6.0012010181320630e-001	 -6.0012077672177977e-001	 -6.0012127918973590e-001	 -6.0012138027976114e-001	 -6.0012141011533959e-001	 -6.0012148568167056e-001	 -6.0012153543720359e-001	
 -6.0012491701144643e-001	 -6.0012493578398551e-001	 -6.0010308779945287e-001	 -6.0009689060191995e-001	 -6.0009803188620925e-001	 -6.0011366283130307e-001	 -6.0012803002595927e-001	 -6.0012917410956490e-001	 -6.0012928582209302e-001	 -6.0012941886289362e-001	 -6.0012949946997018e-001	 -6.0012950100474249e-001	 -6.0012951826737826e-001	
 -6.0014005818764815e-001	 -6.0014007765574195e-001	 -6.0012013349008964e-001	 -6.0011438674689721e-001	 -6.0011543722537919e-001	 -6.0012982173585083e-001	 -6.0014362578630909e-001	 -6.0014405405417470e-001	 -6.0014445463263399e-001	 -6.0014452106027516e-001	 -6.0014453523993261e-001	 -6.0014459624546657e-001	 -6.0014463139845819e-001	
 -6.0015245619060575e-001	 -6.0015247096112390e-001	 -6.0013496977950886e-001	 -6.0012978540446849e-001	 -6.0013072399378586e-001	 -6.0014346404113628e-001	 -6.0015490147524719e-001	 -6.0015577876737503e-001	 -6.0015587291650796e-001	 -6.0015596906293212e-001	 -6.0015602536289681e-001	 -6.0015603472762802e-001	 -6.0015605100338654e-001	
 -6.0016608383817172e-001	 -6.0016610334312492e-001	 -6.0014942388630921e-001	 -6.0014458345603039e-001	 -6.0014545206410475e-001	 -6.0015740626562231e-001	 -6.0016936141971122e-001	 -6.0016969220288985e-001	 -6.0017012313162699e-001	 -6.0017020375602304e-001	 -6.0017022980707324e-001	 -6.0017028727843424e-001	 -6.0017032673731485e-001	
 -6.0017150354318982e-001	 -6.0017150899371874e-001	 -6.0015834397353363e-001	 -6.0015410859881602e-001	 -6.0015486335862622e-001	 -6.0016486238401168e-001	 -6.0017208175533465e-001	 -6.0017328886985410e-001	 -6.0017294321201842e-001	 -6.0017301218995289e-001	 -6.0017307433390954e-001	 -6.0017302531678585e-001	 -6.0017300473380608e-001	
 -6.0017580780324931e-001	 -6.0017582277060999e-001	 -6.0016171024535048e-001	 -6.0015751069442125e-001	 -6.0015825496506636e-001	 -6.0016827569575604e-001	 -6.0017939643786100e-001	 -6.0018015020890658e-001	 -6.0018103513070908e-001	 -6.0018121509475275e-001	 -6.0018127407890365e-001	 -6.0018142031725841e-001	 -6.0018152525231905e-001	
 -6.0017944545764923e-001	 -6.0017946240054076e-001	 -6.0016499766435416e-001	 -6.0016085440917077e-001	 -6.0016158548714671e-001	 -6.0017154189140332e-001	 -6.0018205596801266e-001	 -6.0018361360647532e-001	 -6.0018347631818347e-001	 -6.0018365264535856e-001	 -6.0018378195048072e-001	 -6.0018369996561738e-001	 -6.0018366791636524e-001	
 -6.0018198493849706e-001	 -6.0018199803058003e-001	 -6.0016799277629040e-001	 -6.0016393027384485e-001	 -6.0016464490519894e-001	 -6.0017438725201711e-001	 -6.0018404161621408e-001	 -6.0018466899047773e-001	 -6.0018468170841555e-001	 -6.0018468818101578e-001	 -6.0018468068812059e-001	 -6.0018471101874749e-001	 -6.0018473267109407e-001	
 -6.0018669919470469e-001	 -6.0018671145534164e-001	 -6.0017422580183055e-001	 -6.0017038917192789e-001	 -6.0017106570708911e-001	 -6.0018020775509662e-001	 -6.0018884823231922e-001	 -6.0018869410782827e-001	 -6.0018897230684765e-001	 -6.0018897230540436e-001	 -6.0018895646762882e-001	 -6.0018898993896563e-001	 -6.0018899726266284e-001	
 -6.0019125281618457e-001	 -6.0019126428734193e-001	 -6.0017993446903617e-001	 -6.0017634714115697e-001	 -6.0017697870895503e-001	 -6.0018545880591301e-001	 -6.0019310282699578e-001	 -6.0019327879112794e-001	 -6.0019346665141082e-001	 -6.0019351482221150e-001	 -6.0019353599627401e-001	 -6.0019355441243150e-001	 -6.0019356854623673e-001	
 -6.0019553122803160e-001	 -6.0019551957701811e-001	 -6.0018512954518322e-001	 -6.0018180285548173e-001	 -6.0018238730830120e-001	 -6.0019018796653167e-001	 -6.0019691001711450e-001	 -6.0019741753714051e-001	 -6.0019744967521049e-001	 -6.0019750037099140e-001	 -6.0019753066775650e-001	 -6.0019753613249627e-001	 -6.0019752866835585e-001	
 -6.0020975859209624e-001	 -6.0020976391605974e-001	 -6.0020349996503519e-001	 -6.0020142278549571e-001	 -6.0020178596753571e-001	 -6.0020661832815847e-001	 -6.0021044484936947e-001	 -6.0021083631300876e-001	 -6.0021081739891624e-001	 -6.0021084432493321e-001	 -6.0021086229899989e-001	 -6.0021088709960591e-001	 -6.0021090568518343e-001	
 -6.0021683095967671e-001	 -6.0021684196354119e-001	 -6.0021035481971907e-001	 -6.0020840544128262e-001	 -6.0020874135813251e-001	 -6.0021343843119634e-001	 -6.0021839493229479e-001	 -6.0021839757540274e-001	 -6.0021867617798819e-001	 -6.0021872037274715e-001	 -6.0021873540549997e-001	 -6.0021877159432968e-001	 -6.0021879894078811e-001	
 -6.0021480571537111e-001	 -6.0021480324146115e-001	 -6.0021091297335349e-001	 -6.0020921054282361e-001	 -6.0020950697015074e-001	 -6.0021332680326722e-001	 -6.0021302044988012e-001	 -6.0021328635184723e-001	 -6.0021251106323614e-001	 -6.0021243994967666e-001	 -6.0021244120034289e-001	 -6.0021231571216749e-001	 -6.0021223186135231e-001	
 -6.0021495623718835e-001	 -6.0021495646433998e-001	 -6.0021160665579831e-001	 -6.0021001621346493e-001	 -6.0021029512513646e-001	 -6.0021378209895726e-001	 -6.0021551496269865e-001	 -6.0021476649996242e-001	 -6.0021537852839035e-001	 -6.0021534533294396e-001	 -6.0021528015563597e-001	 -6.0021541963917180e-001	 -6.0021549825450826e-001	
 -6.0021601468318586e-001	 -6.0021601940185576e-001	 -6.0021249735286997e-001	 -6.0021098835016939e-001	 -6.0021125281894960e-001	 -6.0021455279035685e-001	 -6.0021676279953251e-001	 -6.0021719939340468e-001	 -6.0021728582215772e-001	 -6.0021740003524116e-001	 -6.0021747994420949e-001	 -6.0021744346849815e-001	 -6.0021743154048401e-001	
 -6.0021704850354851e-001	 -6.0021705295543182e-001	 -6.0021339860361067e-001	 -6.0021195506543279e-001	 -6.0021220687445087e-001	 -6.0021534518017727e-001	 -6.0021769695250970e-001	 -6.0021814395139206e-001	 -6.0021812566768418e-001	 -6.0021815868160910e-001	 -6.0021817635902419e-001	 -6.0021817905064889e-001	 -6.0021818745537026e-001	
 -6.0021862151904415e-001	 -6.0021862471881793e-001	 -6.0021521943376399e-001	 -6.0021391595566076e-001	 -6.0021414198829781e-001	 -6.0021692952838546e-001	 -6.0021907977458877e-001	 -6.0021927297093658e-001	 -6.0021928585729523e-001	 -6.0021929094067339e-001	 -6.0021929266351748e-001	 -6.0021930091047615e-001	 -6.0021930478726393e-001	
 -6.0021973391410910e-001	 -6.0021973254476002e-001	 -6.0021677169252996e-001	 -6.0021559385525780e-001	 -6.0021580444491462e-001	 -6.0021829014789141e-001	 -6.0022020105066076e-001	 -6.0022023918260281e-001	 -6.0022025398187573e-001	 -6.0022024037054145e-001	 -6.0022022031758215e-001	 -6.0022022793937424e-001	 -6.0022020896055572e-001	
 -6.0022055443975653e-001	 -6.0022054786790235e-001	 -6.0021805402143968e-001	 -6.0021701124934879e-001	 -6.0021720269975987e-001	 -6.0021937557730443e-001	 -6.0022092029032859e-001	 -6.0022092383960057e-001	 -6.0022092256273307e-001	 -6.0022091206290984e-001	 -6.0022089805267242e-001	 -6.0022090416678164e-001	 -6.0022088989086786e-001	
 -6.0021986093683477e-001	 -6.0021986777181180e-001	 -6.0021960878953173e-001	 -6.0021955008171535e-001	 -6.0021957789213598e-001	 -6.0021981581659389e-001	 -6.0021967272594345e-001	 -6.0021973192470046e-001	 -6.0021969857970703e-001	 -6.0021972568569115e-001	 -6.0021975340240896e-001	 -6.0021977074153909e-001	 -6.0021979395730174e-001	
 -6.0021881454308534e-001	 -6.0021882364769130e-001	 -6.0021894328310399e-001	 -6.0021922290220964e-001	 -6.0021918665364993e-001	 -6.0021892754813511e-001	 -6.0021860053405263e-001	 -6.0021863828385591e-001	 -6.0021871135740312e-001	 -6.0021876975013821e-001	 -6.0021881716454395e-001	 -6.0021883308913893e-001	 -6.0021886770256216e-001	
 -6.0021693889455996e-001	 -6.0021693938860921e-001	 -6.0021845218571901e-001	 -6.0021880653304827e-001	 -6.0021876084959125e-001	 -6.0021821670697140e-001	 -6.0021413752797681e-001	 -6.0021306566915289e-001	 -6.0021158236966965e-001	 -6.0021116834541033e-001	 -6.0021100345042377e-001	 -6.0021066457471850e-001	 -6.0021037990154458e-001	
 -6.0021423957157261e-001	 -6.0021422777190025e-001	 -6.0021764529472055e-001	 -6.0021812523203266e-001	 -6.0021806160792668e-001	 -6.0021704148538468e-001	 -6.0021000913013101e-001	 -6.0020722539877447e-001	 -6.0020648210412642e-001	 -6.0020594295207008e-001	 -6.0020560305507065e-001	 -6.0020569138752311e-001	 -6.0020573347285833e-001	
 -6.0021195674564431e-001	 -6.0021194097703567e-001	 -6.0021682896371775e-001	 -6.0021742678617596e-001	 -6.0021734706294794e-001	 -6.0021591028835974e-001	 -6.0020772315449999e-001	 -6.0020555710760259e-001	 -6.0020551541195566e-001	 -6.0020541761762747e-001	 -6.0020538470229035e-001	 -6.0020540499716724e-001	 -6.0020540007321710e-001	
 -6.0021029919099522e-001	 -6.0021028386192388e-001	 -6.0021597350323752e-001	 -6.0021668058884980e-001	 -6.0021658579034742e-001	 -6.0021479068816941e-001	 -6.0020718681386143e-001	 -6.0020654614278968e-001	 -6.0020677068373107e-001	 -6.0020688320805426e-001	 -6.0020694930873475e-001	 -6.0020695197748886e-001	 -6.0020696404905483e-001	
 -6.0020972084240398e-001	 -6.0020969503671306e-001	 -6.0021530718390448e-001	 -6.0021611364979854e-001	 -6.0021600077375670e-001	 -6.0021397526643927e-001	 -6.0020763423596080e-001	 -6.0020815035999320e-001	 -6.0020829948082000e-001	 -6.0020852069408992e-001	 -6.0020870235155677e-001	 -6.0020868220389545e-001	 -6.0020874921173917e-001	
 -6.0020982864328332e-001	 -6.0020978921082602e-001	 -6.0021481649707997e-001	 -6.0021568587886875e-001	 -6.0021555773670521e-001	 -6.0021337873739089e-001	 -6.0020838915519903e-001	 -6.0020968601703917e-001	 -6.0020962415541224e-001	 -6.0020985145592398e-001	 -6.0021005902077817e-001	 -6.0021001489385384e-001	 -6.0021004103794073e-001	
 -6.0021069307036878e-001	 -6.0021067117743687e-001	 -6.0021404014809487e-001	 -6.0021490001949118e-001	 -6.0021476721516809e-001	 -6.0021267201981754e-001	 -6.0021031455237406e-001	 -6.0021145292776801e-001	 -6.0021132607890326e-001	 -6.0021141184496418e-001	 -6.0021147080513426e-001	 -6.0021145824651345e-001	 -6.0021146695188321e-001	
 -6.0021149289146702e-001	 -6.0021148448952122e-001	 -6.0021360081519148e-001	 -6.0021438215784872e-001	 -6.0021425833023390e-001	 -6.0021244702701537e-001	 -6.0021167785428986e-001	 -6.0021210199978636e-001	 -6.0021209568128508e-001	 -6.0021211338190383e-001	 -6.0021212327165951e-001	 -6.0021212935079671e-001	 -6.0021213625804926e-001	
 -6.0021169559953957e-001	 -6.0021169235557892e-001	 -6.0021321599024180e-001	 -6.0021392236464521e-001	 -6.0021380837627092e-001	 -6.0021224073991686e-001	 -6.0021168876978059e-001	 -6.0021184875147515e-001	 -6.0021177910685175e-001	 -6.0021178061631097e-001	 -6.0021178581914914e-001	 -6.0021177476898835e-001	 -6.0021176842062207e-001	
 -6.0021101236140684e-001	 -6.0021101003016053e-001	 -6.0021226148898599e-001	 -6.0021283705724571e-001	 -6.0021274374766342e-001	 -6.0021150636757614e-001	 -6.0021089782258397e-001	 -6.0021076124827655e-001	 -6.0021073667193559e-001	 -6.0021070926219444e-001	 -6.0021069039351005e-001	 -6.0021069276827710e-001	 -6.0021068680782275e-001	
 -6.0020989349807152e-001	 -6.0020989121190027e-001	 -6.0021120851871945e-001	 -6.0021171825119790e-001	 -6.0021163624535134e-001	 -6.0021054152992193e-001	 -6.0020966700558009e-001	 -6.0020953874195815e-001	 -6.0020951106809495e-001	 -6.0020949459571593e-001	 -6.0020948507299998e-001	 -6.0020948190342427e-001	 -6.0020947615435638e-001	
 -6.0020863575505068e-001	 -6.0020863051601925e-001	 -6.0021006714039427e-001	 -6.0021053950076730e-001	 -6.0021047224934065e-001	 -6.0020942828209467e-001	 -6.0020843536823243e-001	 -6.0020830701268402e-001	 -6.0020826253959214e-001	 -6.0020823945838853e-001	 -6.0020821892703413e-001	 -6.0020821515183176e-001	 -6.0020819406869652e-001	
 -6.0020521135895066e-001	 -6.0020520932357879e-001	 -6.0020660980653062e-001	 -6.0020705078567271e-001	 -6.0020698817342399e-001	 -6.0020601328081291e-001	 -6.0020500307345070e-001	 -6.0020487610834561e-001	 -6.0020487206358109e-001	 -6.0020486436596077e-001	 -6.0020486039336074e-001	 -6.0020486006484575e-001	 -6.0020485895706521e-001	
 -6.0019928908894293e-001	 -6.0019928448196147e-001	 -6.0020139780547765e-001	 -6.0020197776733397e-001	 -6.0020188886911185e-001	 -6.0020041354724718e-001	 -6.0019867472949073e-001	 -6.0019874904182480e-001	 -6.0019860816040715e-001	 -6.0019858883908483e-001	 -6.0019858161719508e-001	 -6.0019856708182218e-001	 -6.0019855308379721e-001	
 -6.0020303173236034e-001	 -6.0020304178753925e-001	 -6.0020229163992855e-001	 -6.0020261721527302e-001	 -6.0020256369475167e-001	 -6.0020199896904103e-001	 -6.0020575040109492e-001	 -6.0020596098342427e-001	 -6.0020674657346174e-001	 -6.0020688313833226e-001	 -6.0020692770001993e-001	 -6.0020704188878948e-001	 -6.0020712203801008e-001	
 -6.0020349547340590e-001	 -6.0020350517708820e-001	 -6.0020247508496549e-001	 -6.0020274455085953e-001	 -6.0020269928862113e-001	 -6.0020231303004046e-001	 -6.0020482777878303e-001	 -6.0020500796531540e-001	 -6.0020461564125327e-001	 -6.0020454387543776e-001	 -6.0020453078746261e-001	 -6.0020439403740689e-001	 -6.0020428729135045e-001	
 -6.0020313950648330e-001	 -6.0020322749354538e-001	 -6.0020265714200161e-001	 -6.0020272314686984e-001	 -6.0020269822991246e-001	 -6.0020252527825946e-001	 -6.0020458167553414e-001	 -6.0020279417316580e-001	 -6.0020314834396959e-001	 -6.0020252256398621e-001	 -6.0020170701069464e-001	 -6.0020228210355686e-001	 -6.0020271844607453e-001	
 -6.0020246260228394e-001	 -6.0020256396042804e-001	 -6.0020259135207255e-001	 -6.0020262171223138e-001	 -6.0020260918136614e-001	 -6.0020254868520251e-001	 -6.0020369985169797e-001	 -6.0020123633774958e-001	 -6.0020175944341947e-001	 -6.0020140190009119e-001	 -6.0020109729963522e-001	 -6.0020126729987133e-001	 -6.0020129062021699e-001	
 -6.0020122285808775e-001	 -6.0020128103921433e-001	 -6.0020219412104669e-001	 -6.0020227350188193e-001	 -6.0020225837953411e-001	 -6.0020204824051682e-001	 -6.0020113739989167e-001	 -6.0020000438465448e-001	 -6.0020006390004710e-001	 -6.0020001210003837e-001	 -6.0019998987737022e-001	 -6.0019996827409550e-001	 -6.0019994655513553e-001	
 -6.0020040992381229e-001	 -6.0020044216346768e-001	 -6.0020178379405209e-001	 -6.0020193005261291e-001	 -6.0020190879794821e-001	 -6.0020159830331821e-001	 -6.0020014507278230e-001	 -6.0019972972358282e-001	 -6.0019973646030511e-001	 -6.0019976953262777e-001	 -6.0019978876590940e-001	 -6.0019976380387696e-001	 -6.0019977207270703e-001	
 -6.0019989176840483e-001	 -6.0019990045900862e-001	 -6.0020137343408386e-001	 -6.0020158346818508e-001	 -6.0020155117168628e-001	 -6.0020107388303323e-001	 -6.0019938040567489e-001	 -6.0019937280320068e-001	 -6.0019930810639721e-001	 -6.0019933374977352e-001	 -6.0019936239585903e-001	 -6.0019934547583809e-001	 -6.0019934819799392e-001	
 -6.0019813808642741e-001	 -6.0019813483658258e-001	 -6.0019951469270083e-001	 -6.0019985509085494e-001	 -6.0019979782510724e-001	 -6.0019899480356909e-001	 -6.0019763057750364e-001	 -6.0019782992792869e-001	 -6.0019778779818456e-001	 -6.0019780155651237e-001	 -6.0019781456766008e-001	 -6.0019781195685962e-001	 -6.0019781782993942e-001	
