1.9556355173847500E+00
1.9662270658005700E+00
1.9657608068233000E+00
2.1321793928734300E+00
2.1621995694072100E+00
2.1906857027191400E+00
2.1785518831738800E+00
2.2387126190742400E+00
2.3080334833022900E+00
2.1261421707620300E+00
1.4695317029545400E+00
1.5517334128214300E+00
1.5101231412630100E+00
2.1928934624601700E+00
2.2054324482528600E+00
2.2050609873232900E+00
2.2034843149209800E+00
2.2164897728700700E+00
2.2304451707207300E+00
2.2554034803395700E+00
2.2734248122693200E+00
2.3154580645202100E+00
2.2479287755895100E+00
1.6291793692512300E+00
1.6184066038317500E+00
1.6413086906644000E+00
3.7000305617516900E-04
4.1194476399584000E-04
4.3002554795491200E-04
1.6604368199753200E-03
1.8436365047897000E-03
2.0191993815166300E-03
1.9391841290670100E-03
2.2984127296843000E-03
2.6511575488750000E-03
1.5970040208886700E-03
2.1514464433868400E-03
2.6935547299635100E-03
2.3591627247547900E-03
1.4843060344827500E+01
1.4843060344827500E+01
1.4843060344827500E+01
1.4843060344827500E+01
1.4843060344827500E+01
1.4843060344827500E+01
1.4843060344827500E+01
1.4843060344827500E+01
1.4843060344827500E+01
1.4843060344827500E+01
1.5014482758620600E+01
1.5014482758620600E+01
1.5014482758620600E+01
2.2406650449452200E-01
2.2416135399648300E-01
2.2394239098604800E-01
8.3951914343693700E-02
6.8413991026259800E-02
6.1249657885846000E-02
2.6077913755562400E-01
1.9926359790210400E-01
1.4161712860546600E-01
3.1938703146093400E-01
2.5559761902077900E-01
1.3477990894553200E-01
2.1394708171483800E-01
3.0661350420739800E-01
3.0674822670165200E-01
3.0674490237716400E-01
3.0692047400410000E-01
3.0708186307487800E-01
3.0725158061002900E-01
3.0749707357558000E-01
3.0773797391592300E-01
3.0822515455631400E-01
3.0736775723942000E-01
3.1571586465754000E-01
3.1569023812645700E-01
3.1587595225541700E-01
2.1562351162781900E-02
2.1679440850768700E-02
2.1672654496456100E-02
2.3466944393568200E-02
2.3792684673170700E-02
2.4101913992089400E-02
2.3996542573450200E-02
2.4644859244165100E-02
2.5394933922361400E-02
2.3432937291975000E-02
1.6204472071173900E-02
1.7085051666574600E-02
1.6641896264156500E-02
2.0638054320817400E+02
2.2556734967173600E+00
7.9489731073123800E-01
7.9489731073121100E-01
7.9489687482994800E-01
7.9489687482994800E-01
7.9489687482994800E-01
7.9489687482994800E-01
7.9489687482994800E-01
7.9489687482994800E-01
7.9489687482994800E-01
7.9489687483141000E-01
7.9489687482991800E-01
6.0287686348111600E-01
1.6750409902351700E-02
8.1382911815926000E-01
8.1382911815926000E-01
8.1382881461593600E-01
8.1382881461593600E-01
8.1382881461593600E-01
8.1382881461593600E-01
8.1382881461593600E-01
8.1382881461593600E-01
6.1992672619503300E-01
8.8496337637647700E-02
3.0124665093265000E-02
1.3589775321499000E-02
4.1766410559529200E-03
8.5970522542187100E-01
8.5970522542187100E-01
8.5970486804322600E-01
8.5970486804322600E-01
8.5970486804322600E-01
8.5970486804322600E-01
7.2914494191699700E-01
1.0133489290060400E-01
3.3673778157751300E-02
1.4992699767060400E-02
7.8375894450699600E-03
4.5331782545074300E-03
1.8336918381485200E-03
8.7599581391812300E-03
8.7599581391808700E-03
8.7599536359469400E-03
8.7599536359469400E-03
8.7599536359469400E-03
8.7599536359469400E-03
8.7599536359469400E-03
8.7599536359469400E-03
8.7599536359469400E-03
8.7599536359092400E-03
8.7599536359477300E-03
6.6438470280701700E-03
1.8459351357829900E-04
8.9687193779107200E-03
8.9687193779107200E-03
8.9687162686801100E-03
8.9687162686801100E-03
8.9687162686791200E-03
8.9687162686791200E-03
8.9687162686791200E-03
8.9687162686791200E-03
6.8318382141036800E-03
9.7526469719157800E-04
3.3198574248156500E-04
1.4976470727212100E-04
4.6028238897091300E-05
9.4735731021077200E-03
9.4735731021077200E-03
9.4735695934868400E-03
9.4735695934868400E-03
9.4735695934868400E-03
9.4735695935029800E-03
8.0348563729479600E-03
1.1166658833636700E-03
3.7107020211506400E-04
1.6521294715267400E-04
8.6366783219192100E-05
4.9953627492919600E-05
2.0206476311595500E-05
7.9489731072689900E-01
7.9489731073130600E-01
7.9489687483000900E-01
7.9489687483000900E-01
7.9489687483000900E-01
7.9489687483000900E-01
7.9489687483000900E-01
7.9489687483000900E-01
7.9489687483000900E-01
7.9489687483147100E-01
7.9489687482997900E-01
6.0287686347608500E-01
1.6750409902349600E-02
8.1382911816306700E-01
8.1382911816306700E-01
8.1382881461934400E-01
8.1382881461934400E-01
8.1382881461934400E-01
8.1382881461934400E-01
8.1382881461934400E-01
8.1382881461260800E-01
6.1992672619510000E-01
8.8496337637641600E-02
3.0124665093267900E-02
1.3589775321497600E-02
4.1766410559529500E-03
8.5970522541675500E-01
8.5970522541675500E-01
8.5970486806039100E-01
8.5970486806039100E-01
8.5970486806039100E-01
8.5970486806039100E-01
7.2914494191954100E-01
1.0133489290054300E-01
3.3673778157752200E-02
1.4992699767059600E-02
7.8375894450700700E-03
4.5331782545073700E-03
1.8336918381486000E-03
1.6396888537691000E-02
1.6396888537760200E-02
1.6396143021221900E-02
1.6396143021221900E-02
1.6396143021221900E-02
1.6396143021221900E-02
1.6396143021221900E-02
1.6396143021221900E-02
1.6396143021221900E-02
1.6396143021229800E-02
1.6396143021223500E-02
1.2435782726827300E-02
3.4552912415599500E-04
1.6794801511333800E-02
1.6794801511333800E-02
1.6794203681638800E-02
1.6794203681638800E-02
1.6794203681638800E-02
1.6794203681638800E-02
1.6794203681638800E-02
1.6794203681321000E-02
1.2793173491883100E-02
1.8263108885242300E-03
6.2168753603167300E-04
2.8045445483029400E-04
8.6194050932778500E-05
1.7741102764695600E-02
1.7741102764695600E-02
1.7740102185308600E-02
1.7740102185308600E-02
1.7740102185308600E-02
1.7740102185276600E-02
1.5046480279394700E-02
2.0912371214323100E-03
6.9492342240939200E-04
3.0940345017026300E-04
1.6174389358102200E-04
9.3550952607984300E-05
3.7841800929035200E-05
5.3287564134993900E-01
5.3287564104557300E-01
5.3287509474824300E-01
5.3287509597387600E-01
5.3287509597387600E-01
5.3287509597387600E-01
5.3287509658491300E-01
5.3287509597387600E-01
5.3287509597387600E-01
5.3287509597134600E-01
5.3287509658491300E-01
5.3287509597387600E-01
5.2162235087104100E-01
5.8730618150598700E-03
5.8730618086979700E-03
5.8730556458048700E-03
5.8730556611387300E-03
5.8730556611387300E-03
5.8730556611387300E-03
5.8730556738901900E-03
5.8730556611387300E-03
5.8730556611387300E-03
5.8730556611046800E-03
5.8730556738801800E-03
5.8730556611387300E-03
5.7490341292842500E-03
5.3287564135119300E-01
5.3287564134993900E-01
5.3287509597387600E-01
5.3287509597387600E-01
5.3287509658491300E-01
5.3287509658491300E-01
5.3287509658491300E-01
5.3287509597387600E-01
5.3287509474650700E-01
5.3287509658404000E-01
5.3287509597272400E-01
5.3287509597387600E-01
5.2162235089406900E-01
1.1189403712184500E-02
1.1189403712167000E-02
1.1189430892455600E-02
1.1189430892455600E-02
1.1189430898413900E-02
1.1189430898413900E-02
1.1189430898413900E-02
1.1189430892455600E-02
1.1189430860000600E-02
1.1189430898395600E-02
1.1189430892434400E-02
1.1189430892455600E-02
1.0953138070452300E-02
