  1.9868410858565329e+000	
  2.0060657899309238e+000	
  2.0146683673527743e+000	
  2.3010233314136315e+000	
  2.3441336449356829e+000	
  2.3868769857418775e+000	
  2.2486998248504420e+000	
  2.3339856336707445e+000	
  2.4747640842774099e+000	
  2.1760266501361012e+000	
  2.1270630870396796e+000	
  2.1489951638330265e+000	
  2.1585520002780978e+000	
  2.1613935992754141e+000	
  2.1865202760531424e+000	
  2.2179165574474453e+000	
  2.2543525695330358e+000	
  2.2923245675174644e+000	
  2.3838521843635725e+000	
  2.2373976999099661e+000	
  7.2739914741731478e-004	
  7.8586586646883306e-004	
  8.2257618198120646e-004	
  3.3770834115479952e-003	
  3.6515331321514749e-003	
  3.9609120862821598e-003	
  4.0255641299207674e-003	
  4.4919865489093649e-003	
  5.1846988663179451e-003	
  3.5741841900276531e-003	
  1.7928663793103958e+001	
  1.7928663793103958e+001	
  1.7928663793103961e+001	
  1.7928663793103958e+001	
  1.7928663793103958e+001	
  1.7928663793103961e+001	
  1.7928663793103958e+001	
  1.7928663793103961e+001	
  1.7928663793103961e+001	
  1.7928663793103958e+001	
  2.1268587110419504e-001	
  2.1307929262115646e-001	
  2.1266233185704322e-001	
  3.3205345651368362e-003	
  1.9426943678573006e-003	
  1.1505440747665110e-003	
  1.9512630095552383e-001	
  1.1596981026256860e-001	
  1.3393539373830060e-002	
  2.7209129615476929e-001	
  3.7112149745878154e-001	
  3.7135559366580684e-001	
  3.7145771338058292e-001	
  3.7188519838739575e-001	
  3.7218641722185714e-001	
  3.7255790287716106e-001	
  3.7294541293676342e-001	
  3.7341000627708182e-001	
  3.7446340742009043e-001	
  3.7270075986343226e-001	
  2.1914588374592866e-002	
  2.2127225892058018e-002	
  2.2220607822222883e-002	
  2.5294688298367465e-002	
  2.5762365707523868e-002	
  2.6226206808944819e-002	
  2.4763114263690607e-002	
  2.5682953925493329e-002	
  2.7205782145231762e-002	
  2.3981696829742872e-002	
  3.9440906329486984e+002	
  4.3139601819051583e+000	
  8.6899464405923554e-001	
  8.3305916997682239e-001	
  1.5041760444829808e-001	
  8.6899472247429732e-001	
  8.6899472247429732e-001	
  8.6899472247429732e-001	
  8.6899472247429732e-001	
  8.6899472247429732e-001	
  8.6899472247429732e-001	
  8.6058987791672437e-001	
  2.8464627825795463e-001	
  6.2301215765705950e-002	
  1.2143464404117522e-002	
  8.8597727142544769e-001	
  8.3598237657311114e-001	
  1.5536244769270030e-001	
  8.8597731600585927e-001	
  8.8597731600585927e-001	
  8.8525030688748607e-001	
  8.2443152767623351e-001	
  2.3429618657832788e-001	
  8.3403806854289234e-002	
  3.9970246096942670e-002	
  2.1886200904904094e-002	
  1.3080804898145278e-002	
  5.5351684965469789e-003	
  9.2277050043567765e-001	
  8.4897724279683295e-001	
  1.1506759859631636e-001	
  9.0303123457637768e-001	
  5.6178047913817453e-001	
  1.3253145132808908e-001	
  6.1943825828977027e-002	
  3.3337566633841326e-002	
  1.9666607749401748e-002	
  1.2371335181415926e-002	
  8.1600648245570631e-003	
  5.5820466641193726e-003	
  2.8332178862309873e-003	
  9.5801009307144719e-003	
  9.1839356914685949e-003	
  1.6582562761629433e-003	
  9.5801018922180552e-003	
  9.5801018922180552e-003	
  9.5801018922180552e-003	
  9.5801018922180552e-003	
  9.5801018922180552e-003	
  9.5801018922180552e-003	
  9.4874439400984729e-003	
  3.1380400765862394e-003	
  6.8683039305456549e-004	
  1.3387379907285035e-004	
  9.7675845167576707e-003	
  9.2164085672736522e-003	
  1.7128157608785946e-003	
  9.7675850737450106e-003	
  9.7675850737450106e-003	
  9.7595700562185111e-003	
  9.0890646105832949e-003	
  2.5830321768885562e-003	
  9.1949732468922887e-004	
  4.4065775581215549e-004	
  2.4128758553754482e-004	
  1.4421122443689842e-004	
  6.1023265201887918e-005	
  1.0172527415626376e-002	
  9.3590380998931147e-003	
  1.2684934086312099e-003	
  9.9549238530831034e-003	
  6.1930104142509631e-003	
  1.4610131308499363e-003	
  6.8286238485949465e-004	
  3.6750991648563204e-004	
  2.1680266742002586e-004	
  1.3638033061139901e-004	
  8.9955717977201064e-005	
  6.1535910099790004e-005	
  3.1233103488848131e-005	
  8.6899464405923499e-001	
  8.3305916997683660e-001	
  1.5041760444845031e-001	
  8.6899472247429976e-001	
  8.6899472247429976e-001	
  8.6899472247429976e-001	
  8.6899472247429976e-001	
  8.6899472247429976e-001	
  8.6899472247429976e-001	
  8.6058987791675601e-001	
  2.8464627825794625e-001	
  6.2301215765704569e-002	
  1.2143464404118065e-002	
  8.8597727142544713e-001	
  8.3598237657310559e-001	
  1.5536244769267393e-001	
  8.8597731600586838e-001	
  8.8597731600586838e-001	
  8.8525030688750628e-001	
  8.2443152767620909e-001	
  2.3429618657833973e-001	
  8.3403806854292259e-002	
  3.9970246096942677e-002	
  2.1886200904903976e-002	
  1.3080804898145245e-002	
  5.5351684965469789e-003	
  9.2277050043567732e-001	
  8.4897724279682474e-001	
  1.1506759859630182e-001	
  9.0303123457619683e-001	
  5.6178047913823681e-001	
  1.3253145132809530e-001	
  6.1943825828979102e-002	
  3.3337566633841062e-002	
  1.9666607749401571e-002	
  1.2371335181415923e-002	
  8.1600648245570093e-003	
  5.5820466641193838e-003	
  2.8332178862310042e-003	
  1.7962779835679649e-002	
  1.7219982540782979e-002	
  3.1092668810057998e-003	
  1.7962155090640655e-002	
  1.7962155090640655e-002	
  1.7962155090640655e-002	
  1.7962155090640655e-002	
  1.7962155090640655e-002	
  1.7962155090640655e-002	
  1.7788448261522771e-002	
  5.8838777151566171e-003	
  1.2878232519981814e-003	
  2.5101656184380885e-004	
  1.8325388251561183e-002	
  1.7291323522444176e-002	
  3.2135075335647948e-003	
  1.8324965182061236e-002	
  1.8324965182061236e-002	
  1.8309929543493690e-002	
  1.7052096367406327e-002	
  4.8461627451601716e-003	
  1.7251199941741755e-003	
  8.2674268736732971e-004	
  4.5269318424439274e-004	
  2.7056278261851932e-004	
  1.1448918014370309e-004	
  1.9091595424809319e-002	
  1.7564899187599979e-002	
  2.3807059780357946e-003	
  1.8682672011162582e-002	
  1.1622911915747516e-002	
  2.7420259613740710e-003	
  1.2815952604005461e-003	
  6.8974227269974844e-004	
  4.0689507676158212e-004	
  2.5595850704604375e-004	
  1.6882883046765335e-004	
  1.1549055561923035e-004	
  5.8618268771130149e-005	
