  2.0357703563398366e+000	
  2.0530041270745962e+000	
  2.0612082555268567e+000	
  2.2110314717517094e+000	
  2.2531358133432025e+000	
  2.2907085145925694e+000	
  2.3158762414135490e+000	
  2.3950963468687156e+000	
  2.4429951848537006e+000	
  2.2502306512863322e+000	
  2.3541696597000255e+000	
  2.3750660328839430e+000	
  2.3856785444855855e+000	
  2.3713042863339164e+000	
  2.3933254510783932e+000	
  2.4143701309106276e+000	
  2.4474165165105224e+000	
  2.4780849811145513e+000	
  2.5106290433251313e+000	
  2.4323691151798235e+000	
  3.3873798711582293e-004	
  3.8973162680810389e-004	
  4.1507792659763431e-004	
  1.5343823681965602e-003	
  1.7539488850173979e-003	
  1.9405909221260112e-003	
  1.9254605258977138e-003	
  2.3704144357640121e-003	
  2.6004675919469112e-003	
  1.5198302637318252e-003	
  1.0557500000000001e+001	
  1.0557500000000001e+001	
  1.0557500000000001e+001	
  1.0557500000000001e+001	
  1.0557500000000001e+001	
  1.0557500000000001e+001	
  1.0557500000000001e+001	
  1.0557500000000001e+001	
  1.0557500000000001e+001	
  1.0557500000000001e+001	
  2.2615871357937564e-001	
  2.2640334094687739e-001	
  2.2611714616250081e-001	
  9.0422828213362005e-002	
  7.2752215652518409e-002	
  6.8297627379250755e-002	
  2.5841753345066171e-001	
  1.8157743580011512e-001	
  1.4387208733486209e-001	
  3.2843003480917715e-001	
  2.1964656119860296e-001	
  2.1987065531787092e-001	
  2.1998462986724726e-001	
  2.2001075281285540e-001	
  2.2027340879057725e-001	
  2.2052134622500114e-001	
  2.2086303008643685e-001	
  2.2125136758312505e-001	
  2.2162608739471115e-001	
  2.2064351594079490e-001	
  2.2411032983704345e-002	
  2.2601927386596894e-002	
  2.2690160779374316e-002	
  2.4308747306521203e-002	
  2.4767631894239795e-002	
  2.5176791802149795e-002	
  2.5472102828255790e-002	
  2.6329312287993765e-002	
  2.6849156581579971e-002	
  2.4762974430084513e-002	
  1.5891346975036231e+002	
  1.7340911265893511e+000	
  7.8929797079877395e-001	
  7.8929797079877395e-001	
  7.8929797079877395e-001	
  7.8929797079877395e-001	
  7.8929797079877395e-001	
  7.8929797079877395e-001	
  7.8929797079877395e-001	
  7.8929797079877395e-001	
  7.8929797079877395e-001	
  7.8858511097074135e-001	
  2.4988629477787333e-001	
  4.6376980074352425e-002	
  7.7350227721833652e-003	
  8.3500118562128822e-001	
  8.3500118562128822e-001	
  8.3500118562128822e-001	
  8.3500118562128822e-001	
  8.3500118562128822e-001	
  8.3500118562128822e-001	
  8.3495163532236438e-001	
  6.8937422130878534e-001	
  1.1663516711708419e-001	
  4.1297276224904991e-002	
  1.8960527707178230e-002	
  1.0094521391787686e-002	
  3.6974113103517988e-003	
  8.6356489321313490e-001	
  8.6356489321313490e-001	
  8.6356489321313468e-001	
  8.6356489321313468e-001	
  8.6356489321313468e-001	
  8.6356489321313468e-001	
  7.3461256138446485e-001	
  1.0350661729673884e-001	
  3.4585415770672832e-002	
  1.5430899156410714e-002	
  8.0727271016648207e-003	
  4.6696480727272385e-003	
  1.8875503702423507e-003	
  8.6847410421581304e-003	
  8.6847410421581304e-003	
  8.6847410421581287e-003	
  8.6847410421581287e-003	
  8.6847410421581287e-003	
  8.6847410421581287e-003	
  8.6847410421581287e-003	
  8.6847410421581287e-003	
  8.6847410421581287e-003	
  8.6768973592463976e-003	
  2.7495291264133985e-003	
  5.1029152128120989e-004	
  8.5109391151259983e-005	
  9.1880964087154536e-003	
  9.1880964087154536e-003	
  9.1880964087154553e-003	
  9.1880964087154553e-003	
  9.1880964087154553e-003	
  9.1880964087154553e-003	
  9.1875511724553941e-003	
  7.5856620519111958e-003	
  1.2834175311033070e-003	
  4.5442253484880062e-004	
  2.0863581936599425e-004	
  1.1107701084109829e-004	
  4.0685177658652107e-005	
  9.5015285354017182e-003	
  9.5015285354017182e-003	
  9.5015285354017182e-003	
  9.5015285354017182e-003	
  9.5015285354017182e-003	
  9.5015285354017182e-003	
  8.0827072398557253e-003	
  1.1388502306857219e-003	
  3.8053227665506300e-004	
  1.6978125189412541e-004	
  8.8821636356224749e-005	
  5.1378645382647486e-005	
  2.0768113486104125e-005	
  7.8929797079877395e-001	
  7.8929797079877395e-001	
  7.8929797079877395e-001	
  7.8929797079877395e-001	
  7.8929797079877395e-001	
  7.8929797079877395e-001	
  7.8929797079877395e-001	
  7.8929797079877395e-001	
  7.8929797079877395e-001	
  7.8858511097074135e-001	
  2.4988629477787336e-001	
  4.6376980074352425e-002	
  7.7350227721833652e-003	
  8.3500118562128822e-001	
  8.3500118562128822e-001	
  8.3500118562128822e-001	
  8.3500118562128822e-001	
  8.3500118562128822e-001	
  8.3500118562128822e-001	
  8.3495163532236427e-001	
  6.8937422130878545e-001	
  1.1663516711708417e-001	
  4.1297276224904991e-002	
  1.8960527707178230e-002	
  1.0094521391787686e-002	
  3.6974113103517984e-003	
  8.6356489321313490e-001	
  8.6356489321313490e-001	
  8.6356489321313479e-001	
  8.6356489321313479e-001	
  8.6356489321313479e-001	
  8.6356489321313479e-001	
  7.3461256138446474e-001	
  1.0350661729673884e-001	
  3.4585415770672832e-002	
  1.5430899156410719e-002	
  8.0727271016648224e-003	
  4.6696480727272385e-003	
  1.8875503702423507e-003	
  1.6398188191136181e-002	
  1.6398188191136181e-002	
  1.6398188191136181e-002	
  1.6398188191136181e-002	
  1.6398188191136181e-002	
  1.6398188191136181e-002	
  1.6398188191136181e-002	
  1.6398188191136181e-002	
  1.6398188191136181e-002	
  1.6383378055995265e-002	
  5.1915533040157438e-003	
  9.6351248214432265e-004	
  1.6070022193598644e-004	
  1.7365401725098612e-002	
  1.7365401725098612e-002	
  1.7365401725098609e-002	
  1.7365401725098609e-002	
  1.7365401725098609e-002	
  1.7365401725098609e-002	
  1.7364371234530177e-002	
  1.4336818316068374e-002	
  2.4256450974439675e-003	
  8.5885362098527245e-004	
  3.9431941681618906e-004	
  2.0993433567470318e-004	
  7.6894540813625964e-005	
  1.7968746767234721e-002	
  1.7968746767234721e-002	
  1.7968746767234717e-002	
  1.7968746767234717e-002	
  1.7968746767234717e-002	
  1.7968746767234717e-002	
  1.5285553166054001e-002	
  2.1537283527332351e-003	
  7.1964085467907688e-004	
  3.2108058295492403e-004	
  1.6797439329786036e-004	
  9.7164352523339899e-005	
  3.9275467170842896e-005	
