  2.1441707066069502e+000	
  2.1624878803957608e+000	
  2.1719079082644348e+000	
  2.5606032365167386e+000	
  2.6086057545521899e+000	
  2.6605263365447120e+000	
  2.4317513735666259e+000	
  2.5317981547896760e+000	
  2.7294351478870742e+000	
  2.3476516261265785e+000	
  2.2479739465930884e+000	
  2.2684352651493151e+000	
  2.2786669914401263e+000	
  2.2962744743670740e+000	
  2.3218569058212832e+000	
  2.3613206927273258e+000	
  2.4050136878064032e+000	
  2.4500908801144212e+000	
  2.5792323600789033e+000	
  2.3861093505418909e+000	
  1.0176386464070568e-003	
  1.0854823909624740e-003	
  1.1313262591598260e-003	
  4.7437385675632082e-003	
  5.0730686411706843e-003	
  5.4728651468749761e-003	
  5.6300367570995113e-003	
  6.1723603901463597e-003	
  7.1381203760285733e-003	
  5.1087634546736508e-003	
  1.9471465517241377e+001	
  1.9471465517241377e+001	
  1.9471465517241377e+001	
  1.9471465517241377e+001	
  1.9471465517241377e+001	
  1.9471465517241377e+001	
  1.9471465517241377e+001	
  1.9471465517241377e+001	
  1.9471465517241377e+001	
  1.9471465517241377e+001	
  2.0644714431301439e-001	
  2.0708062717986309e-001	
  2.0650557998939004e-001	
  1.1375273059481561e-003	
  7.8702177127467634e-004	
  5.7791539399243050e-004	
  1.5964083748030924e-001	
  6.7810362821306480e-002	
  1.3878610140242809e-003	
  2.4898740214136614e-001	
  4.0363990277765277e-001	
  4.0386042227303687e-001	
  4.0397108787730485e-001	
  4.0471643570897692e-001	
  4.0503139812118671e-001	
  4.0550110205481005e-001	
  4.0597872895329168e-001	
  4.0652939936370891e-001	
  4.0801637299859822e-001	
  4.0570262197500584e-001	
  2.3635710485888327e-002	
  2.3838432501355155e-002	
  2.3940879150778336e-002	
  2.8110552327777975e-002	
  2.8630227804750313e-002	
  2.9193030898977613e-002	
  2.6757880842097286e-002	
  2.7836374173880369e-002	
  2.9973130104543104e-002	
  2.5854251267633872e-002	
  5.9014929790145607e+002	
  6.4526496305878664e+000	
  8.9448416070245074e-001	
  7.5316270167288035e-001	
  5.7421576743901810e-002	
  8.9448420293833864e-001	
  8.9448420293833864e-001	
  8.9448420293833864e-001	
  8.9448420293833864e-001	
  8.9448420293833864e-001	
  8.9448420293833864e-001	
  8.9448420278978369e-001	
  8.1480993060838269e-001	
  1.3718142120668902e-001	
  2.1728469277693480e-002	
  9.1074830331722967e-001	
  7.8548691959723116e-001	
  8.2905590040568397e-002	
  9.1074832452055487e-001	
  9.1074832452055487e-001	
  9.1074555745883812e-001	
  8.9397212029947004e-001	
  6.4422272728044527e-001	
  1.4970745394491913e-001	
  6.9590015795821178e-002	
  3.7419026388412248e-002	
  2.2114658225393508e-002	
  9.2493184074064830e-003	
  9.4273149675296353e-001	
  7.6762985389359617e-001	
  7.2979219536073822e-002	
  9.3126986235096465e-001	
  8.0636372107685295e-001	
  1.9870202836679871e-001	
  9.5591796339961538e-002	
  5.2434931874044889e-002	
  3.1374705063792564e-002	
  1.9962204436606911e-002	
  1.3293509550000969e-002	
  9.1694965394491790e-003	
  4.7197144899656053e-003	
  9.8551844344631143e-003	
  8.2981428406539125e-003	
  6.3265539499051651e-004	
  9.8551848939078049e-003	
  9.8551848939078049e-003	
  9.8551848939078049e-003	
  9.8551848939078049e-003	
  9.8551848939078049e-003	
  9.8551848939078049e-003	
  9.8551848921829537e-003	
  8.9773552786710214e-003	
  1.5114279179085077e-003	
  2.3939839475518792e-004	
  1.0034718226788853e-002	
  8.6545754515064723e-003	
  9.1346229530400605e-004	
  1.0034718457397816e-002	
  1.0034718457397816e-002	
  1.0034687969567389e-002	
  9.8498765067800871e-003	
  7.0981120608019270e-003	
  1.6494920862600393e-003	
  7.6674993177808584e-004	
  4.1228667065895279e-004	
  2.4366157256058062e-004	
  1.0190993891300442e-004	
  1.0386506646699808e-002	
  8.4573312846931165e-003	
  8.0404563906249832e-004	
  1.0260228535269511e-002	
  8.8840800914726844e-003	
  2.1891916684866450e-003	
  1.0531788010927148e-003	
  5.7769976921823792e-004	
  3.4566956089044374e-004	
  2.1993279071765582e-004	
  1.4646071095302486e-004	
  1.0102456219505605e-004	
  5.1999266047023707e-005	
  8.9448416070245118e-001	
  7.5316270167284993e-001	
  5.7421576743912295e-002	
  8.9448420293833741e-001	
  8.9448420293833741e-001	
  8.9448420293833741e-001	
  8.9448420293833741e-001	
  8.9448420293833741e-001	
  8.9448420293833741e-001	
  8.9448420278974972e-001	
  8.1480993061032914e-001	
  1.3718142120669902e-001	
  2.1728469277693480e-002	
  9.1074830331723022e-001	
  7.8548691959721106e-001	
  8.2905590040527763e-002	
  9.1074832452056764e-001	
  9.1074832452056764e-001	
  9.1074555745880115e-001	
  8.9397212029955775e-001	
  6.4422272728031005e-001	
  1.4970745394491747e-001	
  6.9590015795814308e-002	
  3.7419026388409202e-002	
  2.2114658225394029e-002	
  9.2493184074061655e-003	
  9.4273149675296930e-001	
  7.6762985389344995e-001	
  7.2979219536064593e-002	
  9.3126986235100828e-001	
  8.0636372107655785e-001	
  1.9870202836680659e-001	
  9.5591796339964230e-002	
  5.2434931874048248e-002	
  3.1374705063793321e-002	
  1.9962204436606637e-002	
  1.3293509550001264e-002	
  9.1694965394490853e-003	
  4.7197144899656946e-003	
  1.8516445843390392e-002	
  1.5591021925495274e-002	
  1.1886718751657631e-003	
  1.8515901838476061e-002	
  1.8515901838476061e-002	
  1.8515901838476061e-002	
  1.8515901838476061e-002	
  1.8515901838476061e-002	
  1.8515901838476061e-002	
  1.8515901801073282e-002	
  1.6866747954768498e-002	
  2.8397767254984725e-003	
  4.4979653101896673e-004	
  1.8863435165545474e-002	
  1.6269043544445565e-002	
  1.7171485187763365e-003	
  1.8863104617886855e-002	
  1.8863104617886855e-002	
  1.8863047312981440e-002	
  1.8515662061296446e-002	
  1.3343085519520157e-002	
  3.1007543376896820e-003	
  1.4413551885063332e-003	
  7.7502663243325502e-004	
  4.5804105475542243e-004	
  1.9157283638103926e-004	
  1.9531189212247758e-002	
  1.5903536889294776e-002	
  1.5119667639640082e-003	
  1.9293329904702002e-002	
  1.6705780125133705e-002	
  4.1166592578243131e-003	
  1.9804486341103824e-003	
  1.0863350367826064e-003	
  6.5001411034367276e-004	
  4.1357250535653122e-004	
  2.7541197969633305e-004	
  1.8997159764162585e-004	
  9.7782001183406326e-005	
