0.83574	0.83574	0.83574	0.83574	0.83574	0.83574	0.82482	0.37677	0.079198	0.031876	0.015694	0.0087261	0.0033618
0.83853	0.83853	0.83853	0.83853	0.83853	0.83853	0.82461	0.35428	0.078666	0.03218	0.015993	0.0089467	0.0034732
0.8433	0.8433	0.8433	0.8433	0.8433	0.8433	0.77682	0.16862	0.057467	0.02581	0.013552	0.0078595	0.003189
0.85151	0.85151	0.85151	0.85151	0.85151	0.84764	0.63269	0.11929	0.046826	0.022719	0.012516	0.0074992	0.0031722
0.85612	0.85612	0.85612	0.85612	0.85612	0.84427	0.50168	0.10437	0.043525	0.021864	0.012317	0.0074967	0.0032368
0.85524	0.85524	0.85524	0.85524	0.85524	0.83609	0.40351	0.093756	0.040164	0.020496	0.011665	0.0071501	0.0031156
0.85358	0.85358	0.85358	0.85358	0.85358	0.82495	0.31624	0.084064	0.036807	0.019027	0.01092	0.0067334	0.0029563
0.85425	0.85425	0.85425	0.85425	0.85425	0.81029	0.2438	0.076516	0.034453	0.018114	0.010513	0.0065342	0.0028993
0.85056	0.85056	0.85056	0.85056	0.85055	0.78529	0.18856	0.06701	0.030718	0.016325	0.0095426	0.0059602	0.0026611
0.84836	0.84836	0.84836	0.84836	0.84826	0.76805	0.17309	0.062501	0.028907	0.015446	0.009061	0.0056734	0.0025412
0.84867	0.84867	0.84867	0.84867	0.84867	0.78813	0.19228	0.067507	0.030743	0.016273	0.0094866	0.0059138	0.0026337
0.85097	0.85097	0.85097	0.85097	0.85097	0.79392	0.1995	0.070136	0.031959	0.016925	0.0098713	0.0061563	0.002744
0.85236	0.85236	0.85218	0.85236	0.85235	0.78995	0.19506	0.069587	0.031965	0.017013	0.0099565	0.0062251	0.0027844
0.85605	0.85605	0.8507	0.85605	0.85605	0.83681	0.41548	0.096421	0.041496	0.02124	0.012116	0.0074407	0.0032522
0.86423	0.85329	0.65245	0.86423	0.86423	0.85516	0.60288	0.12385	0.051695	0.025997	0.014667	0.0089413	0.0038745
0.86349	0.823	0.22556	0.86349	0.86349	0.85897	0.69273	0.14356	0.057995	0.028625	0.015961	0.0096552	0.0041447
0.86078	0.83541	0.3383	0.86078	0.86078	0.85394	0.63492	0.12889	0.05292	0.026365	0.014789	0.0089814	0.0038743
0.85386	0.84987	0.75847	0.85386	0.85386	0.84179	0.51069	0.10726	0.044968	0.022674	0.012813	0.0078192	0.0033919
0.84926	0.84926	0.84586	0.84926	0.84926	0.84609	0.66098	0.12813	0.050139	0.024299	0.013385	0.0080247	0.0034015
0.84742	0.84742	0.84742	0.84742	0.84742	0.84723	0.75108	0.15761	0.057381	0.026717	0.014354	0.0084605	0.0035097
0.84997	0.84997	0.84671	0.84997	0.84997	0.84877	0.71409	0.14166	0.053629	0.025516	0.013895	0.0082659	0.0034696
0.85365	0.85364	0.84267	0.85365	0.85365	0.85365	0.78783	0.18407	0.065224	0.029923	0.015935	0.0093388	0.0038483
0.85424	0.85424	0.84927	0.85424	0.85424	0.85424	0.82666	0.30067	0.080339	0.034988	0.01806	0.010369	0.0041664
0.85101	0.85101	0.85101	0.85101	0.85101	0.85101	0.83948	0.44113	0.091734	0.037779	0.018876	0.01061	0.0041544
0.87173	0.8678	0.80603	0.87173	0.87173	0.87165	0.81555	0.21846	0.076151	0.035394	0.019	0.011196	0.0046459
0.8732	0.8677	0.78392	0.8732	0.8732	0.8732	0.83381	0.27867	0.083643	0.038092	0.020197	0.011804	0.0048494
0.86719	0.86259	0.76416	0.86719	0.86719	0.86347	0.69915	0.14014	0.055821	0.027324	0.015149	0.0091232	0.0038904
0.85872	0.85872	0.85649	0.85872	0.85872	0.85236	0.60459	0.11744	0.047476	0.023433	0.013056	0.0078876	0.0033746
0.85538	0.85538	0.85538	0.85538	0.85538	0.85295	0.68388	0.13097	0.050671	0.024395	0.013378	0.0079936	0.0033717
0.85782	0.85782	0.85779	0.85782	0.85782	0.85642	0.72196	0.14255	0.054239	0.025873	0.014109	0.0083987	0.0035266
0.85892	0.85892	0.85833	0.85892	0.85892	0.8582	0.74728	0.15233	0.056958	0.02691	0.014587	0.0086494	0.0036142
0.8644	0.86407	0.8401	0.8644	0.8644	0.85522	0.56345	0.11277	0.046632	0.023318	0.013101	0.0079602	0.0034311
0.86575	0.86494	0.83087	0.86575	0.86575	0.85805	0.59793	0.11798	0.048406	0.024096	0.013499	0.0081858	0.0035194
0.86349	0.86315	0.8374	0.86349	0.86349	0.84394	0.40311	0.094154	0.040543	0.020757	0.01184	0.0072702	0.0031756
0.877	0.8555	0.23838	0.877	0.877	0.86628	0.5782	0.11864	0.050142	0.025405	0.014402	0.0088093	0.003833
0.88304	0.84159	0.13275	0.88304	0.88304	0.87275	0.60778	0.12488	0.053047	0.026964	0.015322	0.0093895	0.0040975
0.88725	0.82983	0.11506	0.88725	0.88725	0.8751	0.5946	0.12523	0.054053	0.027732	0.015853	0.0097556	0.0042801
0.89015	0.82083	0.11288	0.89015	0.89015	0.8851	0.74109	0.15705	0.064843	0.03241	0.018219	0.011082	0.0047907
0.89406	0.80455	0.1033	0.89406	0.89406	0.8921	0.81091	0.19389	0.077053	0.03767	0.020881	0.012581	0.0053753
0.89835	0.76844	0.096776	0.89835	0.89835	0.89811	0.8586	0.32922	0.097957	0.046334	0.02516	0.014951	0.0062796
0.90148	0.76282	0.0864	0.90148	0.90148	0.90117	0.86223	0.33871	0.10027	0.047649	0.025953	0.015456	0.0065118
0.90856	0.79277	0.088422	0.90856	0.90856	0.90839	0.87778	0.41071	0.1109	0.052437	0.028474	0.016923	0.0071126
0.91198	0.7559	0.083789	0.91198	0.91198	0.91196	0.89076	0.53599	0.12813	0.059664	0.032093	0.018955	0.0079065
0.91407	0.79475	0.072	0.91407	0.91407	0.91327	0.87369	0.34852	0.10535	0.051108	0.028209	0.016957	0.007232
0.91542	0.85529	0.034612	0.91542	0.89481	0.49342	0.11755	0.053993	0.028784	0.016888	0.010589	0.0069725	0.0033553
0.9176	0.85508	0.03834	0.9176	0.91204	0.7909	0.17221	0.073381	0.037391	0.021294	0.013076	0.0084782	0.0039949
0.92187	0.85075	0.035509	0.92187	0.9192	0.85322	0.22851	0.088526	0.044306	0.024949	0.015205	0.0098058	0.0045896
0.92604	0.85268	0.032781	0.92604	0.92329	0.86275	0.24992	0.093663	0.047161	0.026668	0.016304	0.010542	0.0049536
0.92959	0.85526	0.031327	0.92959	0.92725	0.87732	0.29435	0.102	0.051349	0.02904	0.01776	0.011489	0.0054044
0.93211	0.85974	0.029384	0.93211	0.92816	0.86294	0.24889	0.096696	0.049705	0.028499	0.017599	0.011467	0.0054498
0.93405	0.85908	0.031936	0.93405	0.93338	0.90836	0.5051	0.13197	0.064665	0.035951	0.021734	0.013944	0.006491
0.94164	0.87977	0.035326	0.94164	0.94151	0.92871	0.74974	0.17409	0.083278	0.045598	0.027284	0.017376	0.0080108
0.9434	0.89443	0.024499	0.93262	0.8036	0.19272	0.091778	0.050057	0.029848	0.01895	0.012602	0.0086852	0.0044671
0.94195	0.89578	0.024462	0.93348	0.82597	0.19731	0.091469	0.049057	0.02892	0.018208	0.012032	0.0082514	0.0042127
0.94006	0.89271	0.036476	0.94006	0.93857	0.90702	0.41851	0.12243	0.061382	0.034621	0.021135	0.013653	0.0064115
0.9392	0.88892	0.042908	0.9392	0.9392	0.92972	0.79382	0.18159	0.08399	0.045017	0.02654	0.016719	0.0075899
0.93697	0.8937	0.039866	0.93697	0.93697	0.93055	0.78577	0.16035	0.069993	0.036249	0.020889	0.012946	0.0057509
0.93426	0.89224	0.046193	0.93426	0.93426	0.92945	0.81691	0.17056	0.072834	0.037221	0.021258	0.01309	0.0057631
0.93188	0.89336	0.042187	0.93188	0.93187	0.91065	0.42687	0.10774	0.049932	0.026797	0.015804	0.0099532	0.0045115
