0.83774	0.83774	0.83774	0.83774	0.83774	0.83774	0.83774	0.83774	0.83774	0.83774	0.83774	0.83774	0.83774
0.94713	0.94713	0.94713	0.94713	0.94713	0.94713	0.94713	0.94713	0.94713	0.94712	0.94712	0.94712	0.94712
1.0006	1.0006	1.0006	1.0006	1.0006	1.0006	1.0006	1.0006	1.0006	1.0006	1.0006	1.0006	1.0006
0.99928	0.99928	0.99929	0.99929	0.99929	0.99929	0.99929	0.99929	0.99928	0.99927	0.99927	0.99927	0.99927
1.0307	1.0307	1.0307	1.0307	1.0307	1.0307	1.0307	1.0307	1.0307	1.0307	1.0307	1.0307	1.0307
1.1613	1.1613	1.1613	1.1613	1.1613	1.1613	1.1613	1.1613	1.1613	1.1613	1.1613	1.1613	1.1613
1.2958	1.2958	1.2958	1.2958	1.2958	1.2958	1.2958	1.2958	1.2958	1.2958	1.2958	1.2958	1.2958
1.3619	1.3619	1.3619	1.3619	1.3619	1.3619	1.3619	1.3619	1.3619	1.3619	1.3619	1.3619	1.3619
1.4521	1.4521	1.4521	1.4521	1.4521	1.4521	1.4521	1.4521	1.4521	1.4521	1.4521	1.4521	1.4521
1.4673	1.4673	1.4673	1.4673	1.4673	1.4673	1.4673	1.4673	1.4673	1.4673	1.4673	1.4673	1.4673
1.4528	1.4528	1.4528	1.4528	1.4528	1.4528	1.4528	1.4528	1.4526	1.4528	1.4528	1.4528	1.4528
1.4266	1.4266	1.4266	1.4266	1.4266	1.4266	1.4266	1.4266	1.4266	1.4266	1.4266	1.4266	1.4266
1.4233	1.4233	1.4233	1.4233	1.4233	1.4233	1.4233	1.4233	1.4282	1.4233	1.4233	1.4233	1.4233
1.407	1.407	1.407	1.407	1.407	1.407	1.407	1.407	1.407	1.407	1.407	1.407	1.407
1.3272	1.3271	1.3271	1.3272	1.3272	1.3272	1.3272	1.3272	1.3271	1.3271	1.3271	1.3271	1.3271
1.3127	1.3127	1.3127	1.3127	1.3127	1.3127	1.3127	1.3127	1.3127	1.3127	1.3127	1.3127	1.3127
1.4359	1.4359	1.4359	1.4359	1.4359	1.4359	1.4359	1.4359	1.4359	1.4359	1.4359	1.4359	1.4359
1.614	1.614	1.614	1.614	1.614	1.614	1.614	1.614	1.614	1.614	1.614	1.614	1.614
1.7243	1.7243	1.7244	1.7244	1.7244	1.7244	1.7244	1.7244	1.7243	1.7243	1.7243	1.7243	1.7243
1.7947	1.7947	1.7947	1.7947	1.7947	1.7947	1.7947	1.7947	1.7947	1.7947	1.7947	1.7947	1.7947
1.8221	1.8221	1.8221	1.8221	1.8221	1.8221	1.8221	1.8221	1.8221	1.8221	1.8221	1.8221	1.8221
1.8503	1.8503	1.8503	1.8503	1.8503	1.8503	1.8503	1.8503	1.8503	1.8503	1.8503	1.8503	1.8503
1.9016	1.9016	1.9016	1.9017	1.9017	1.9017	1.9017	1.9016	1.9016	1.9016	1.9016	1.9016	1.9016
2.0057	2.0057	2.0057	2.0057	2.0057	2.0057	2.0057	2.0057	2.0057	2.0057	2.0057	2.0057	2.0057
2.3931	2.3931	2.3931	2.3931	2.3931	2.3931	2.3931	2.3931	2.3931	2.3931	2.3931	2.3931	2.3931
2.3795	2.3795	2.3795	2.3795	2.3795	2.3795	2.3795	2.3795	2.3795	2.3795	2.3795	2.3795	2.3795
2.5426	2.5426	2.5426	2.5426	2.5426	2.5426	2.5426	2.5426	2.5426	2.5426	2.5426	2.5426	2.5426
2.7521	2.7521	2.7521	2.7521	2.7521	2.7521	2.7521	2.7521	2.7521	2.7521	2.7521	2.7521	2.7521
2.9031	2.9031	2.9031	2.9031	2.9031	2.9031	2.9031	2.9031	2.9031	2.9031	2.9031	2.9031	2.9031
2.9666	2.9666	2.9666	2.9666	2.9666	2.9666	2.9666	2.9666	2.9666	2.9666	2.9666	2.9666	2.9666
3.04	3.04	3.04	3.04	3.04	3.04	3.04	3.04	3.04	3.04	3.04	3.04	3.04
3.1716	3.1716	3.1717	3.1716	3.1716	3.1716	3.1716	3.1717	3.1717	3.1717	3.1717	3.1717	3.1717
3.1644	3.1644	3.1644	3.1644	3.1644	3.1644	3.1644	3.1644	3.1644	3.1644	3.1644	3.1644	3.1644
3.2148	3.2148	3.2148	3.2148	3.2148	3.2148	3.2148	3.2148	3.2148	3.2148	3.2148	3.2148	3.2148
2.98	2.98	2.98	2.9801	2.9801	2.9801	2.98	2.98	2.98	2.98	2.98	2.98	2.98
2.833	2.833	2.833	2.833	2.833	2.833	2.833	2.833	2.833	2.833	2.833	2.833	2.833
2.8842	2.8842	2.8842	2.8842	2.8842	2.8842	2.8842	2.8842	2.8842	2.8842	2.8842	2.8842	2.8842
2.8462	2.8462	2.8462	2.8462	2.8462	2.8462	2.8462	2.8462	2.8462	2.8462	2.8462	2.8462	2.8462
2.7753	2.7753	2.7753	2.7753	2.7753	2.7753	2.7753	2.7753	2.7753	2.7753	2.7753	2.7753	2.7753
2.6769	2.6769	2.6769	2.6769	2.6769	2.6769	2.6769	2.6769	2.6769	2.6769	2.6769	2.6769	2.6769
2.5945	2.5945	2.5945	2.5945	2.5945	2.5945	2.5945	2.5945	2.5945	2.5945	2.5945	2.5945	2.5945
2.6229	2.6229	2.6229	2.6229	2.6229	2.6229	2.6229	2.6229	2.6229	2.6229	2.6229	2.6229	2.6229
2.5742	2.5742	2.5742	2.5742	2.5742	2.5742	2.5742	2.5742	2.5742	2.5742	2.5742	2.5742	2.5742
2.5713	2.5713	2.5713	2.5713	2.5713	2.5713	2.5713	2.5713	2.5713	2.5713	2.5713	2.5713	2.5713
2.5957	2.5957	2.5957	2.5957	2.5957	2.5957	2.5957	2.5957	2.5957	2.5957	2.5957	2.5957	2.5957
2.572	2.572	2.572	2.572	2.572	2.572	2.572	2.572	2.572	2.572	2.572	2.572	2.572
2.4494	2.4494	2.4494	2.4494	2.4494	2.4494	2.4494	2.4494	2.4494	2.4494	2.4494	2.4494	2.4494
2.2884	2.2884	2.2884	2.2884	2.2884	2.2884	2.2884	2.2884	2.2884	2.2884	2.2884	2.2884	2.2884
2.1517	2.1517	2.1517	2.1517	2.1517	2.1517	2.1517	2.1517	2.1517	2.1517	2.1517	2.1517	2.1517
2.0682	2.0682	2.0682	2.0682	2.0682	2.0682	2.0682	2.0682	2.0682	2.0682	2.0682	2.0682	2.0682
2.0019	2.0019	2.0019	2.002	2.0019	2.0019	2.0019	2.0019	2.0019	2.0019	2.0019	2.0019	2.0019
1.7394	1.7394	1.7394	1.7394	1.7394	1.7394	1.7394	1.7394	1.7394	1.7394	1.7394	1.7394	1.7394
1.6218	1.6218	1.6218	1.6218	1.6221	1.6218	1.6218	1.6218	1.6218	1.6218	1.6218	1.6218	1.6218
1.3517	1.3517	1.3517	1.3517	1.3517	1.3517	1.3517	1.3517	1.3517	1.3517	1.3517	1.3517	1.3517
1.75	1.75	1.75	1.75	1.75	1.75	1.75	1.75	1.75	1.75	1.75	1.75	1.75
2.1401	2.1401	2.1401	2.1401	2.1401	2.1401	2.1401	2.1401	2.1401	2.1401	2.1401	2.1401	2.1401
2.6649	2.6649	2.6649	2.6649	2.6649	2.6649	2.6649	2.6649	2.6649	2.6649	2.6649	2.6649	2.6649
3.1856	3.1856	3.1856	3.1855	3.1855	3.1855	3.1855	3.1855	3.1855	3.1855	3.1856	3.1856	3.1856
3.6311	3.6311	3.6311	3.6311	3.6311	3.6311	3.6359	3.6311	3.6311	3.6311	3.6311	3.6311	3.6311
