0.859	0.859	0.859	0.859	0.859	0.859	0.859	0.8411	0.15525	0.040338	0.016023	0.0078503	0.0026254
0.86212	0.86212	0.86212	0.86212	0.86212	0.86212	0.86212	0.83934	0.15038	0.040456	0.01632	0.0080666	0.0027241
0.86712	0.86712	0.86712	0.86712	0.86712	0.86712	0.86712	0.8346	0.1426	0.040494	0.016743	0.0083931	0.0028792
0.87538	0.87538	0.87538	0.87538	0.87538	0.87538	0.87538	0.8157	0.12819	0.039959	0.01727	0.0088831	0.0031373
0.88004	0.88004	0.88004	0.88004	0.88004	0.88004	0.88004	0.80074	0.12277	0.040073	0.017717	0.0092379	0.0033141
0.87714	0.87714	0.87714	0.87714	0.87714	0.87714	0.87714	0.78874	0.11756	0.038557	0.017088	0.0089228	0.0032062
0.87565	0.87565	0.87565	0.87565	0.87565	0.87565	0.87565	0.80244	0.12281	0.039338	0.017232	0.0089356	0.0031859
0.87639	0.87639	0.87639	0.87639	0.87639	0.87639	0.87639	0.80871	0.12672	0.040394	0.017653	0.0091424	0.0032555
0.87273	0.87273	0.87273	0.87273	0.87273	0.87273	0.87273	0.82727	0.13859	0.041837	0.017808	0.0090813	0.0031782
0.87043	0.87043	0.87043	0.87043	0.87043	0.87043	0.87043	0.83827	0.15093	0.043552	0.018148	0.0091423	0.0031567
0.86818	0.86818	0.86818	0.86818	0.86818	0.86818	0.86818	0.81948	0.13252	0.039886	0.016956	0.0086403	0.0030213
0.87027	0.87027	0.87027	0.87027	0.87027	0.87027	0.87027	0.72127	0.097549	0.033024	0.014874	0.0078414	0.0028485
0.87132	0.87132	0.87132	0.87132	0.87132	0.87132	0.87132	0.71902	0.098032	0.033397	0.015091	0.0079723	0.0029034
0.87467	0.87467	0.86574	0.87467	0.87467	0.87467	0.87467	0.72993	0.10246	0.035175	0.015959	0.0084534	0.0030892
0.88267	0.8429	0.33949	0.88267	0.88267	0.88267	0.88267	0.83489	0.15086	0.047661	0.020749	0.01073	0.0038208
0.88785	0.57298	0.13268	0.88785	0.88785	0.88785	0.88785	0.87781	0.31369	0.068881	0.027852	0.013813	0.0047029
0.88431	0.74673	0.18696	0.88431	0.88431	0.88431	0.88431	0.87524	0.31196	0.067306	0.026964	0.013301	0.0045021
0.87587	0.86918	0.7856	0.87587	0.87587	0.87587	0.87587	0.85873	0.19838	0.054955	0.022473	0.011211	0.0038371
0.86918	0.86918	0.8686	0.86918	0.86918	0.86918	0.86918	0.85615	0.20415	0.053392	0.021368	0.01053	0.0035554
0.86496	0.86496	0.86496	0.86496	0.86496	0.86496	0.86496	0.85813	0.2551	0.05589	0.021655	0.010482	0.0034726
0.86299	0.86299	0.8619	0.86299	0.86299	0.86299	0.86299	0.84308	0.17391	0.047465	0.019288	0.0095867	0.003267
0.8643	0.8643	0.85556	0.8643	0.8643	0.8643	0.8643	0.85694	0.25272	0.056134	0.021841	0.0106	0.0035228
0.8661	0.8661	0.85316	0.8661	0.8661	0.8661	0.8661	0.86261	0.33823	0.06227	0.023602	0.011294	0.003699
0.8631	0.8631	0.8631	0.8631	0.8631	0.8631	0.8631	0.86217	0.42773	0.065999	0.024092	0.011299	0.0036237
0.88061	0.51016	0.082764	0.88061	0.88061	0.88061	0.88061	0.84052	0.15502	0.047544	0.020404	0.010463	0.003691
0.88291	0.46715	0.072014	0.88291	0.88291	0.88291	0.88291	0.84652	0.16131	0.0492	0.02106	0.010784	0.0037989
0.87708	0.73347	0.11524	0.87708	0.87708	0.87708	0.87708	0.79236	0.12108	0.039813	0.017679	0.0092474	0.0033336
0.86835	0.86125	0.70017	0.86835	0.86835	0.86835	0.86835	0.74831	0.10368	0.03441	0.015347	0.0080458	0.0029054
0.86539	0.86532	0.84053	0.86539	0.86539	0.86539	0.86539	0.73097	0.098079	0.032584	0.014539	0.0076228	0.0027523
0.86883	0.86552	0.76137	0.86883	0.86883	0.86883	0.86883	0.73266	0.099344	0.033279	0.014913	0.0078397	0.0028398
0.87078	0.86427	0.65149	0.87078	0.87078	0.87078	0.87078	0.70654	0.094967	0.032445	0.014685	0.0077666	0.0028329
0.86816	0.85331	0.35461	0.86816	0.86816	0.86816	0.86072	0.28844	0.061326	0.023969	0.011645	0.006432	0.0024662
0.87029	0.84137	0.17632	0.87029	0.87029	0.87029	0.84184	0.171	0.049813	0.020821	0.010503	0.0059411	0.0023435
0.86832	0.85068	0.26472	0.86832	0.86832	0.86832	0.8064	0.13323	0.04208	0.018286	0.0094321	0.0054119	0.0021713
0.88413	0.79329	0.047043	0.88413	0.88413	0.88413	0.75808	0.11053	0.038156	0.017355	0.0092045	0.0053819	0.0022126
0.89137	0.73176	0.036071	0.89137	0.89137	0.89137	0.82344	0.13792	0.045855	0.020467	0.010736	0.0062337	0.0025421
0.89027	0.74336	0.037765	0.89027	0.89027	0.89027	0.79858	0.12654	0.043318	0.019622	0.010383	0.0060634	0.0024901
0.89408	0.71574	0.033745	0.89408	0.89408	0.89408	0.80608	0.1306	0.045003	0.020455	0.010848	0.0063451	0.0026115
0.89901	0.67217	0.029514	0.89901	0.89901	0.89901	0.82804	0.14291	0.048934	0.022174	0.011741	0.0068608	0.0028216
0.9043	0.62436	0.025821	0.9043	0.9043	0.9043	0.84527	0.15561	0.053189	0.024084	0.01275	0.007451	0.003066
0.90825	0.61157	0.023213	0.90825	0.90825	0.9082	0.82793	0.14435	0.051443	0.023807	0.012772	0.0075315	0.003135
0.90904	0.66895	0.022495	0.90904	0.90904	0.90887	0.81232	0.13607	0.049261	0.022991	0.012398	0.0073374	0.0030683
0.91333	0.68852	0.019396	0.91333	0.91333	0.91041	0.66402	0.10747	0.042164	0.020554	0.011389	0.0068657	0.0029395
0.91604	0.70222	0.017609	0.91604	0.91604	0.90208	0.35198	0.081788	0.034841	0.017792	0.010156	0.0062492	0.0027471
0.91792	0.71325	0.016323	0.91792	0.91791	0.86525	0.1731	0.0612	0.02819	0.015076	0.0088706	0.0055765	0.0025209
0.92071	0.7174	0.015544	0.92071	0.92012	0.83227	0.14984	0.056097	0.026639	0.014517	0.00865	0.0054876	0.0025112
0.92575	0.72643	0.015379	0.92575	0.92575	0.90257	0.28033	0.079475	0.035524	0.018668	0.010861	0.0067753	0.0030341
0.93066	0.72769	0.014672	0.93066	0.93066	0.91263	0.35298	0.089317	0.039803	0.020885	0.012142	0.0075731	0.0033922
0.93483	0.74302	0.013392	0.93483	0.93439	0.88543	0.19471	0.07357	0.035138	0.019235	0.011506	0.007325	0.0033729
0.93783	0.76188	0.012263	0.93783	0.93001	0.66467	0.12709	0.055134	0.028473	0.016383	0.010144	0.0066229	0.0031564
0.94019	0.77408	0.011575	0.93984	0.9071	0.28598	0.09129	0.043675	0.023929	0.014322	0.0091206	0.0060812	0.0029843
0.93943	0.78112	0.011986	0.93943	0.93337	0.74156	0.13969	0.060027	0.030837	0.017687	0.01093	0.0071273	0.0033925
0.94299	0.79923	0.013282	0.94299	0.93171	0.61076	0.12777	0.057778	0.030584	0.017888	0.011206	0.0073808	0.0035613
0.94292	0.79895	0.014729	0.94292	0.94033	0.86215	0.17949	0.074133	0.037204	0.021014	0.012845	0.0083081	0.0039094
0.94029	0.78628	0.016017	0.94029	0.94029	0.9213	0.39318	0.10045	0.046179	0.024693	0.014541	0.0091535	0.0041527
0.93877	0.76876	0.017236	0.93877	0.93877	0.93475	0.78533	0.14341	0.059734	0.03014	0.017086	0.010472	0.004588
0.93456	0.77444	0.014837	0.93456	0.93439	0.88689	0.18479	0.067798	0.031877	0.017278	0.010264	0.0065004	0.0029711
0.93069	0.77311	0.015675	0.93069	0.93019	0.8588	0.16	0.059976	0.028518	0.015559	0.0092822	0.0058951	0.0027032
0.92708	0.7726	0.016587	0.92708	0.92603	0.82106	0.1416	0.054122	0.026	0.014273	0.0085481	0.0054434	0.0025041
