1.2055e+13
1.2221e+13
1.2474e+13
1.2889e+13
1.3186e+13
1.3235e+13
1.3251e+13
1.3374e+13
1.3296e+13
1.3289e+13
1.3389e+13
1.3616e+13
1.3806e+13
1.4117e+13
1.4704e+13
1.5182e+13
1.514e+13
1.485e+13
1.471e+13
1.4716e+13
1.495e+13
1.5686e+13
1.6354e+13
1.6791e+13
1.6347e+13
1.7083e+13
1.7277e+13
1.7376e+13
1.7813e+13
1.8604e+13
1.9338e+13
1.8847e+13
1.8558e+13
1.8028e+13
1.8587e+13
1.8671e+13
1.8018e+13
1.784e+13
1.7755e+13
1.7715e+13
1.7564e+13
1.8425e+13
1.8851e+13
1.9113e+13
1.9277e+13
1.9575e+13
2.0219e+13
2.0976e+13
2.1691e+13
2.2233e+13
2.2671e+13
2.3073e+13
2.4459e+13
2.4763e+13
2.4266e+13
2.4079e+13
2.344e+13
2.2706e+13
2.2077e+13
