  4.6335214062007157e+000	  4.5691463629741893e+000	  4.3738884966246303e+000	  1.0565629008061481e+000	  9.4658219085221973e-001	  1.0121589085819738e+000	  9.4414385270027468e-001	  8.1950466431970515e-001	  7.9040308997355146e-001	  2.7596187871688951e+000	  3.4520301944848142e+000	  8.2827330875091387e-001	  7.7606102192353899e-001	
  4.6307316659310080e+000	  4.5664201139005645e+000	  4.3712382538949504e+000	  1.0564299338159331e+000	  9.4656264941963530e-001	  1.0121465777385441e+000	  9.3965690311208239e-001	  8.1950003727849019e-001	  7.9040185113059924e-001	  2.7579534380283341e+000	  3.4498736600519435e+000	  8.2825262618346474e-001	  7.7603962499692425e-001	
  4.6278125254320859e+000	  4.5635764853830683e+000	  4.3684734663550602e+000	  1.0561544318312985e+000	  9.4652136352468086e-001	  1.0121203134790882e+000	  9.3529160422438584e-001	  8.1949017902598131e-001	  7.9039958540204114e-001	  2.7561255811650121e+000	  3.4476359174938627e+000	  8.2820938657943088e-001	  7.7599455628283687e-001	
  4.6249243519734149e+000	  4.5607689354677428e+000	  4.3657426583173855e+000	  1.0557460050619545e+000	  9.4645915876135178e-001	  1.0120800758907964e+000	  9.3104504967390411e-001	  8.1947475094120259e-001	  7.9039599720221743e-001	  2.7543128280916651e+000	  3.4454262916307639e+000	  8.2814496955493999e-001	  7.7592691417555115e-001	
  4.6020964350174722e+000	  4.5385918559067662e+000	  4.3441685159409253e+000	  1.0494769969410120e+000	  9.4541955458000926e-001	  1.0113336696804163e+000	  9.0052031824599033e-001	  8.1916042804457456e-001	  7.9031132730975873e-001	  2.7399612170095975e+000	  3.4279948506911646e+000	  8.2712505687040172e-001	  7.7481740597339754e-001	
  4.5803524682104673e+000	  4.5173106736787059e+000	  4.3234376698519705e+000	  1.0395138718982497e+000	  9.4364774898759052e-001	  1.0099492952655633e+000	  8.7569005980056625e-001	  8.1856325853841505e-001	  7.9016955818435952e-001	  2.7261937840379398e+000	  3.4113416163270811e+000	  8.2546104387359787e-001	  7.7295258999930105e-001	
  4.5594532450097747e+000	  4.4964175284414072e+000	  4.3030109058419876e+000	  1.0283549088523203e+000	  9.4144599650331895e-001	  1.0080600717159418e+000	  8.5528122506129767e-001	  8.1770348241395308e-001	  7.8995545483137952e-001	  2.7127944473789509e+000	  3.3950872148612579e+000	  8.2348024368598050e-001	  7.7067904156164369e-001	
  4.5394135085850964e+000	  4.4757960777937056e+000	  4.2827294159851528e+000	  1.0174552011616171e+000	  9.3902022767585169e-001	  1.0057906095737914e+000	  8.3832036547647670e-001	  8.1662163711296776e-001	  7.8967425922127121e-001	  2.6997144260877985e+000	  3.3791317725930310e+000	  8.2137685680304395e-001	  7.6822500031459684e-001	
  4.5093799585435175e+000	  4.4436931901679655e+000	  4.2508674933825050e+000	  1.0020759868653537e+000	  9.3495925612526476e-001	  1.0016349772194419e+000	  8.1704752044510875e-001	  8.1452207807018462e-001	  7.8906884409403777e-001	  2.6796053326997646e+000	  3.3544119444299030e+000	  8.1797850425950080e-001	  7.6422497295986391e-001	
  4.4818689935955156e+000	  4.4128743873531242e+000	  4.2198597763093062e+000	  9.8953853848897577e-001	  9.3089787436538951e-001	  9.9709040975930574e-001	  8.0056071604535795e-001	  8.1213746100454176e-001	  7.8838041818582105e-001	  2.6605619737702431e+000	  3.3307953107832118e+000	  8.1469478005021612e-001	  7.6034488338477535e-001	
  4.4561258622084718e+000	  4.3829939790674572e+000	  4.1893722870582772e+000	  9.7939490635976201e-001	  9.2688647437361615e-001	  9.9230207628171985e-001	  7.8751078194019630e-001	  8.0951498931643118e-001	  7.8757075253738162e-001	  2.6422460595281350e+000	  3.3079472272162986e+000	  8.1152937985047813e-001	  7.5662368259702051e-001	
  4.4318495833843672e+000	  4.3541506060507542e+000	  4.1595214285600504e+000	  9.7102690823351701e-001	  9.2296045397318816e-001	  9.8739514326840938e-001	  7.7700115244501977e-001	  8.0673156303937177e-001	  7.8665392028151815e-001	  2.6246181290841348e+000	  3.2859245531880634e+000	  8.0848952127159091e-001	  7.5307249499014495e-001	
  4.4088168810708801e+000	  4.3264385510242400e+000	  4.1304283892813904e+000	  9.6399594433034053e-001	  9.1914965015106909e-001	  9.8245467986137669e-001	  7.6833516037841443e-001	  8.0384513649999800e-001	  7.8564248289455163e-001	  2.6076556610503370e+000	  3.2647909169197189e+000	  8.0558875635487437e-001	  7.4970031295693895e-001	
  4.3713151217570863e+000	  4.2816430079826402e+000	  4.0826826935503826e+000	  9.5436283941940325e-001	  9.1297595008560839e-001	  9.7417737468787491e-001	  7.5656712827449557e-001	  7.9878999061117750e-001	  7.8362651144593287e-001	  2.5799642271107568e+000	  3.2306350030400721e+000	  8.0096500049382890e-001	  7.4436498778186089e-001	
  4.3376441901995522e+000	  4.2419072211600692e+000	  4.0391607719310638e+000	  9.4664754010537733e-001	  9.0745523798739947e-001	  9.6635197725304189e-001	  7.4687878801735885e-001	  7.9391696737422290e-001	  7.8163205276356928e-001	  2.5550248989456472e+000	  3.2004677749893022e+000	  7.9695361311492818e-001	  7.3974904742806824e-001	
  4.3045547443108410e+000	  4.2047789997982372e+000	  3.9977025957420174e+000	  9.3969261454795339e-001	  9.0242674580457471e-001	  9.5891312099600223e-001	  7.3744348380308378e-001	  7.8911071253450804e-001	  7.7947549877765121e-001	  2.5310802792695584e+000	  3.1723245561752056e+000	  7.9338674256294150e-001	  7.3569671463930997e-001	
  4.2709101245457637e+000	  4.1697583507976930e+000	  3.9580437587540542e+000	  9.3266801303961744e-001	  8.9780769933775872e-001	  9.5187964495706257e-001	  7.2736571808798611e-001	  7.8441216955808390e-001	  7.7717946198863475e-001	  2.5077014458498974e+000	  3.1458389648889278e+000	  7.9017654971231288e-001	  7.3210396089870389e-001	
  4.2361931843333887e+000	  4.1365114948396640e+000	  3.9200698924333963e+000	  9.2524562571722380e-001	  8.9350551661328703e-001	  9.4522113554712284e-001	  7.1710916200418051e-001	  7.7982695875831720e-001	  7.7475864491946844e-001	  2.4847810251997036e+000	  3.1207696079815128e+000	  7.8724020540668871e-001	  7.2886139494441338e-001	
  4.2006078346692055e+000	  4.1046834561018226e+000	  3.8835988946674100e+000	  9.1768037527814650e-001	  8.8945895814033160e-001	  9.3890273998780249e-001	  7.0762446394324285e-001	  7.7535370226532063e-001	  7.7222478680762552e-001	  2.4623879509398856e+000	  3.0968590591086209e+000	  7.8452499912825058e-001	  7.2589834709666134e-001	
  4.1611632344444276e+000	  4.0707207407071726e+000	  3.8448186612584907e+000	  9.0975628955029131e-001	  8.8520992038453650e-001	  9.3227967263010225e-001	  6.9882378109174270e-001	  7.7053623807823968e-001	  7.6927855754925090e-001	  2.4383612892743338e+000	  3.0714180821375510e+000	  7.8170456437547076e-001	  7.2285562510024304e-001	
  4.1237770910544143e+000	  4.0388611436290587e+000	  3.8084261805821522e+000	  9.0283284835012034e-001	  8.8126948427229923e-001	  9.2607910983671649e-001	  6.9187756022793034e-001	  7.6596172108604366e-001	  7.6630356273698186e-001	  2.4158768441962026e+000	  3.0476594843190865e+000	  7.7913706015043838e-001	  7.2011438151780904e-001	
  4.0884455183899027e+000	  4.0083589642598394e+000	  3.7737190091522428e+000	  8.9693211667827522e-001	  8.7757982238129550e-001	  9.2023686274921035e-001	  6.8629046965014251e-001	  7.6159244174368157e-001	  7.6324375665749089e-001	  2.3945376883712166e+000	  3.0249421036802882e+000	  7.7675775321823370e-001	  7.1760688705616149e-001	
  4.0551400812436240e+000	  3.9791267836785358e+000	  3.7405821252264588e+000	  8.9183436176167319e-001	  8.7412340092846796e-001	  9.1473646767642525e-001	  6.8160731627702809e-001	  7.5744939822302870e-001	  7.6012441971527855e-001	  2.3742561269044433e+000	  3.0031770788622048e+000	  7.7454057060856130e-001	  7.1529287392820762e-001	
  4.0237129582614815e+000	  3.9512053973677279e+000	  3.7090240122608642e+000	  8.8732316913836096e-001	  8.7088226901614085e-001	  9.0955127907167943e-001	  6.7756811559784180e-001	  7.5353217803349526e-001	  7.5696999671850695e-001	  2.3549833913227083e+000	  2.9823779324024398e+000	  7.7246800458790332e-001	  7.1313992950795646e-001	
  3.9939084273718786e+000	  3.9244747430941738e+000	  3.6788933914538835e+000	  8.8329465976673871e-001	  8.6784760820142903e-001	  9.0465853053009793e-001	  6.7402750055190352e-001	  7.4982757328389582e-001	  7.5379936192355212e-001	  2.3366170001799063e+000	  2.9624582416452214e+000	  7.7053520822480248e-001	  7.1113831870345146e-001	
  3.9236603309429139e+000	  3.8600877025267906e+000	  3.6079226347308015e+000	  8.7433002434418261e-001	  8.6045478468428316e-001	  8.9334344838064417e-001	  6.6618154736526747e-001	  7.4107789201656615e-001	  7.4564037678765782e-001	  2.2928150833702783e+000	  2.9141487442724112e+000	  7.6561244984379084e-001	  7.0593372210640593e-001	
  3.8726258651354599e+000	  3.8138622610432540e+000	  3.5552893458411852e+000	  8.6820767606697713e-001	  8.5559796893547757e-001	  8.8482531705550826e-001	  6.6038802579802225e-001	  7.3457638389069302e-001	  7.3904027486853785e-001	  2.2609730916088391e+000	  2.8799457767006968e+000	  7.6274990366823436e-001	  7.0300492774512024e-001	
  3.8236633909416193e+000	  3.7696010447524921e+000	  3.5058709772834700e+000	  8.6279969698283221e-001	  8.5155812870438696e-001	  8.7762175723026681e-001	  6.5475370167620972e-001	  7.2874187358657350e-001	  7.3258652586815420e-001	  2.2306448337400844e+000	  2.8469556771188458e+000	  7.6042201085678229e-001	  7.0083175082083859e-001	
  3.7903810577005737e+000	  3.7401847549522897e+000	  3.4731968479757906e+000	  8.5911350002442932e-001	  8.4917582286001758e-001	  8.7321127730992398e-001	  6.5051257610060009e-001	  7.2505116390516766e-001	  7.2824887586791975e-001	  2.2103985286356864e+000	  2.8251191325138039e+000	  7.5916416725026781e-001	  6.9977113264353452e-001	
  3.7514190368329188e+000	  3.7054916293857407e+000	  3.4364312489691957e+000	  8.5450156428545143e-001	  8.4603812940485001e-001	  8.6840934042393336e-001	  6.4546538234235673e-001	  7.2066199807455356e-001	  7.2342589867698592e-001	  2.1868973525226170e+000	  2.7991448712062823e+000	  7.5724218064910198e-001	  6.9794506539581880e-001	
  3.7486704782616389e+000	  3.7039522230588586e+000	  3.4338771236446783e+000	  8.5409769050090112e-001	  8.4609620190035650e-001	  8.6798412061860930e-001	  6.4484412342866682e-001	  7.2027348880844755e-001	  7.2298513674845244e-001	  2.1854861843756193e+000	  2.7983769050723644e+000	  7.5754924579579030e-001	  6.9832214983526419e-001	
  3.7358513851162471e+000	  3.6924606646635634e+000	  3.4220965819079030e+000	  8.5275497738514516e-001	  8.4520462568190124e-001	  8.6664187921269320e-001	  6.4334967969418666e-001	  7.1887037866557435e-001	  7.2149225687266694e-001	  2.1778887374360885e+000	  2.7897058794678378e+000	  7.5701621430349009e-001	  6.9789227849386759e-001	
  3.7238411171690915e+000	  3.6816880140475283e+000	  3.4110952761873010e+000	  8.5135055310706698e-001	  8.4420992513545401e-001	  8.6527559684051270e-001	  6.4190827516580651e-001	  7.1749338269785778e-001	  7.2002619035742721e-001	  2.1705806194902153e+000	  2.7815566045461910e+000	  7.5638310208771919e-001	  6.9732093893374125e-001	
  3.7110668293197788e+000	  3.6701540355780464e+000	  3.3994091507216391e+000	  8.4987909398711670e-001	  8.4311021699366484e-001	  8.6384970412451567e-001	  6.4050566949198617e-001	  7.1612317607369458e-001	  7.1857950904210166e-001	  2.1630724790863276e+000	  2.7729412155758073e+000	  7.5565707528688864e-001	  6.9659921002082337e-001	
  3.6995120108554045e+000	  3.6597389577386572e+000	  3.3888137194261674e+000	  8.4842435172644526e-001	  8.4200064787292894e-001	  8.6240118145253475e-001	  6.3914877947956261e-001	  7.1475940580746300e-001	  7.1714829694925308e-001	  2.1560689270594753e+000	  2.7651238001895497e+000	  7.5492932419327019e-001	  6.9584350397306471e-001	
  3.6674075690323966e+000	  3.6303548423975420e+000	  3.3592429787211047e+000	  8.4449340104196324e-001	  8.3882003992956777e-001	  8.5833499821984294e-001	  6.3556312430718098e-001	  7.1098093122636707e-001	  7.1320667393634596e-001	  2.1366739011515246e+000	  2.7430384646824928e+000	  7.5276144876534501e-001	  6.9352417455392001e-001	
  3.6423410120666513e+000	  3.6076743937338760e+000	  3.3359839931428108e+000	  8.4157136641097152e-001	  8.3654880309668933e-001	  8.5504969245921203e-001	  6.3279526198773317e-001	  7.0794797596840953e-001	  7.0995294921570706e-001	  2.1215600883468433e+000	  2.7261875253255239e+000	  7.5137816483330899e-001	  6.9206708125420058e-001	
  3.6183231997309364e+000	  3.5858037969417862e+000	  3.3135892471553414e+000	  8.3902467545434078e-001	  8.3458237529130441e-001	  8.5208915932928886e-001	  6.3028188583161604e-001	  7.0516373263820453e-001	  7.0680517627099249e-001	  2.1070442016751048e+000	  2.7098495998984609e+000	  7.5020353498428793e-001	  6.9092398560858770e-001	
  3.5951396648829581e+000	  3.5645970287011637e+000	  3.2919424774064598e+000	  8.3666562646566500e-001	  8.3276012850781689e-001	  8.4936925321619117e-001	  6.2794237407891895e-001	  7.0263132254828820e-001	  7.0377747827978121e-001	  2.0930133009922050e+000	  2.6939479189682478e+000	  7.4909261221725754e-001	  6.8986133910579384e-001	
  3.5727499433256096e+000	  3.5441033639020398e+000	  3.2710523860191643e+000	  8.3441685505674434e-001	  8.3104403800602389e-001	  8.4680478877995424e-001	  6.2570409589381260e-001	  7.0030326430729817e-001	  7.0087204443862572e-001	  2.0794731527535766e+000	  2.6785581633195998e+000	  7.4803248732171601e-001	  6.8882025004251823e-001	
  3.5321438236356864e+000	  3.5068406453207346e+000	  3.2333706655253076e+000	  8.3011429628406730e-001	  8.2775549231852263e-001	  8.4209833604897077e-001	  6.2133146022409613e-001	  6.9608928655187974e-001	  6.9566755302688887e-001	  2.0548322637470009e+000	  2.6504297390513178e+000	  7.4586553488854401e-001	  6.8657632334141150e-001	
  3.5117370814521109e+000	  3.4890677362389502e+000	  3.2147623922082471e+000	  8.2816880276706895e-001	  8.2675834120913072e-001	  8.4002473988609849e-001	  6.1895329027984869e-001	  6.9428426229994789e-001	  6.9306501667546583e-001	  2.0428340713502595e+000	  2.6372882160009059e+000	  7.4547053727806112e-001	  6.8627038655551120e-001	
  3.4866323996237250e+000	  3.4668128145252979e+000	  3.1922016055278695e+000	  8.2563638561729957e-001	  8.2529933454855897e-001	  8.3761106269956098e-001	  6.1600850689792475e-001	  6.9207251036126760e-001	  6.9002364718904619e-001	  2.0278788591215622e+000	  2.6204367296843922e+000	  7.4461600305540632e-001	  6.8551725157198995e-001	
  3.4615436730381184e+000	  3.4447029247550272e+000	  3.1699383180726617e+000	  8.2305488545712213e-001	  8.2382449355925536e-001	  8.3528273999070679e-001	  6.1316818398391726e-001	  6.8996933478204059e-001	  6.8713979121418545e-001	  2.0132000364661935e+000	  2.6038036767379436e+000	  7.4372593512178720e-001	  6.8467549919308868e-001	
  3.4375088327340184e+000	  3.4235366168012611e+000	  3.1486952969570021e+000	  8.2060025057826758e-001	  8.2240518328304690e-001	  8.3305002284182672e-001	  6.1059254729017542e-001	  6.8794106669477306e-001	  6.8439777507237343e-001	  1.9991155621779721e+000	  2.5878677837888064e+000	  7.4287677950384168e-001	  6.8385070285686511e-001	
  3.4311224676717922e+000	  3.4185518815787410e+000	  3.1433039781838081e+000	  8.2019822549878252e-001	  8.2252062322095165e-001	  8.3270986714917816e-001	  6.1004978106010477e-001	  6.8764028772495012e-001	  6.8371678437065286e-001	  1.9956282433554611e+000	  2.5843004886843746e+000	  7.4317759441433684e-001	  6.8424999710580015e-001	
  3.4292703754509963e+000	  3.4171342321154210e+000	  3.1417589815979992e+000	  8.2014896971384876e-001	  8.2263262198998099e-001	  8.3267145671150666e-001	  6.0994120019586973e-001	  6.8759163285373059e-001	  6.8353584917744070e-001	  1.9946454895987142e+000	  2.5832856554511778e+000	  7.4333595888274395e-001	  6.8446499051657606e-001	
  3.4297279890359853e+000	  3.4179686735129109e+000	  3.1423381422038568e+000	  8.2075998699626740e-001	  8.2254723629224902e-001	  8.3241420538959277e-001	  6.1710106837753165e-001	  6.8728152704871048e-001	  6.8306065279877082e-001	  1.9950567641326098e+000	  2.5839749728474040e+000	  7.4333890900178945e-001	  6.8452566852449503e-001	
  3.4325957944765912e+000	  3.4212026079897786e+000	  3.1451697760625135e+000	  8.2283046391463111e-001	  8.2260889951465588e-001	  8.3226563600596870e-001	  6.2761174957679078e-001	  6.8703537742593868e-001	  6.8260331809868569e-001	  1.9970166528328648e+000	  2.5865284527253602e+000	  7.4349686757076472e-001	  6.8474214807289702e-001	
  3.4361903255906450e+000	  3.4252446001353976e+000	  3.1487729646613722e+000	  8.2617694819167209e-001	  8.2283046246103619e-001	  8.3224643053108338e-001	  6.3858223374744516e-001	  6.8686974475499929e-001	  6.8217305490167335e-001	  1.9994894236215013e+000	  2.5896945393865014e+000	  7.4380913096491186e-001	  6.8512482741794212e-001	
  3.4413839353787754e+000	  3.4316857045749707e+000	  3.1545879793158842e+000	  8.3293125045629779e-001	  8.2342833664664594e-001	  8.3246100291214964e-001	  6.5428156226794931e-001	  6.8675088060685974e-001	  6.8148446987535682e-001	  2.0033473305882610e+000	  2.5946771495688847e+000	  7.4450566345412861e-001	  6.8598145753020634e-001	
  3.4469813573504204e+000	  3.4389715415474722e+000	  3.1612777315236311e+000	  8.3979648108802496e-001	  8.2426406247566442e-001	  8.3296097334651131e-001	  6.6830181825400814e-001	  6.8686809120218861e-001	  6.8093323377716242e-001	  2.0076561805865261e+000	  2.6002783381029380e+000	  7.4537701182799376e-001	  6.8704751894646998e-001	
  3.4524280301824102e+000	  3.4464139096595456e+000	  3.1682126273078719e+000	  8.4623631401474875e-001	  8.2520725434070596e-001	  8.3362789694843720e-001	  6.8076730039836653e-001	  6.8712439287381000e-001	  6.8044383779729301e-001	  2.0120069067582063e+000	  2.6059645751715288e+000	  7.4630933900597207e-001	  6.8819394038231052e-001	
  3.4619088464425483e+000	  3.4601872143032386e+000	  3.1813071808657658e+000	  8.5739009905341035e-001	  8.2707167232134871e-001	  8.3509888961738499e-001	  7.0201543066855232e-001	  6.8777186694873393e-001	  6.7948211123721780e-001	  2.0199461889727508e+000	  2.6164052562002120e+000	  7.4808239530658405e-001	  6.9038563666189001e-001	
  3.4727511371789546e+000	  3.4753598969296200e+000	  3.1960613470422121e+000	  8.6662460838113331e-001	  8.2923351560388459e-001	  8.3704051966260729e-001	  7.1900869281048152e-001	  6.8889930194678950e-001	  6.7886755721478942e-001	  2.0287521303213922e+000	  2.6278909607632341e+000	  7.5003323049941995e-001	  6.9274689055199234e-001	
  3.4837782479706263e+000	  3.4902871862808356e+000	  3.2109387596707770e+000	  8.7404075716300689e-001	  8.3147108499939060e-001	  8.3920181952189421e-001	  7.3237578392257063e-001	  6.9028072319617484e-001	  6.7844069629192383e-001	  2.0375031120849805e+000	  2.6391427531428713e+000	  7.5198122873228224e-001	  6.9508077393407375e-001	
  3.4950378866741856e+000	  3.5047593050850119e+000	  3.2257077461135024e+000	  8.8006561975984465e-001	  8.3371385678938337e-001	  8.4148672636060784e-001	  7.4295164845181028e-001	  6.9184152081968275e-001	  6.7818760261621625e-001	  2.0461247994486662e+000	  2.6500119554100152e+000	  7.5387774282670150e-001	  6.9732546526174299e-001	
  3.5144351811945751e+000	  3.5280405941358381e+000	  3.2502625517612551e+000	  8.8818238727937893e-001	  8.3743783011478579e-001	  8.4551052335210064e-001	  7.5647909589232387e-001	  6.9474647081358465e-001	  6.7802209596042717e-001	  2.0603309748837169e+000	  2.6673881470564424e+000	  7.5691940661906587e-001	  7.0086322108110366e-001	
  3.5349649683476176e+000	  3.5503791110049656e+000	  3.2744649323784731e+000	  8.9469841546443851e-001	  8.4104495022081649e-001	  8.4959970459524514e-001	  7.6633396791836261e-001	  6.9787863136157202e-001	  6.7836193741310069e-001	  2.0744355713530216e+000	  2.6840042789212286e+000	  7.5977749962639973e-001	  7.0409824458099823e-001	
  3.5551480913182467e+000	  3.5708966452271063e+000	  3.2972515897342505e+000	  9.0029882422637086e-001	  8.4442272025391785e-001	  8.5358182419271422e-001	  7.7404741782688213e-001	  7.0099852615475611e-001	  6.7902607372907575e-001	  2.0877547447416998e+000	  2.6991674136472725e+000	  7.6238557425481557e-001	  7.0700207920066227e-001	
  3.5746645510688091e+000	  3.5898594257334242e+000	  3.3186881682894942e+000	  9.0525607409402886e-001	  8.4757388656248889e-001	  8.5743212783666578e-001	  7.8036594763238765e-001	  7.0404307298615998e-001	  6.7995193568451329e-001	  2.1003081884688926e+000	  2.7131031205543423e+000	  7.6476704743412061e-001	  7.0961633725811224e-001	
  3.5934281725683106e+000	  3.6075651545800658e+000	  3.3389334723463890e+000	  9.0970065230427932e-001	  8.5052081276431868e-001	  8.6114222070304869e-001	  7.8569275869262201e-001	  7.0698326648686272e-001	  6.8108765221251533e-001	  2.1121772157117173e+000	  2.7260605147516270e+000	  7.6695832828591515e-001	  7.1198859553465299e-001	
  3.6281051885348377e+000	  3.6393839902065763e+000	  3.3755527596482744e+000	  9.1735748675923745e-001	  8.5582428079503059e-001	  8.6800396863221418e-001	  7.9420343413985728e-001	  7.1241281997871897e-001	  6.8379683874259067e-001	  2.1337432540691945e+000	  2.7492743752213595e+000	  7.7084958366088707e-001	  7.1614535546043911e-001	
  3.6589362586174783e+000	  3.6671100904111529e+000	  3.4077816421279352e+000	  9.2399047190709616e-001	  8.6046308149991091e-001	  8.7423480731260361e-001	  8.0125691859810588e-001	  7.1726065762321844e-001	  6.8675038022685242e-001	  2.1526764665282063e+000	  2.7693722232557114e+000	  7.7419208105369874e-001	  7.1966471553886913e-001	
  3.6878981812167302e+000	  3.6930890496126212e+000	  3.4377471535609323e+000	  9.3008763862372035e-001	  8.6475465722516498e-001	  8.8007545013455890e-001	  8.0759400491278466e-001	  7.2174852844311532e-001	  6.8994552685204535e-001	  2.1703589636389062e+000	  2.7882078560327268e+000	  7.7727910942286238e-001	  7.2288872357073308e-001	
  3.7153457169228514e+000	  3.7177300760518275e+000	  3.4659097782790900e+000	  9.3580216308189845e-001	  8.6882112727762473e-001	  8.8563137472322395e-001	  8.1340827138034322e-001	  7.2596879011122584e-001	  6.9327721397217557e-001	  2.1870479963695337e+000	  2.8060694838910161e+000	  7.8020715330712842e-001	  7.2594685019608307e-001	
  3.7414407189831116e+000	  3.7411758938976964e+000	  3.4924950847237182e+000	  9.4119634581301925e-001	  8.7270162757486636e-001	  8.9095103716451063e-001	  8.1881249486646090e-001	  7.2998943763949420e-001	  6.9667960887919289e-001	  2.2028774209979876e+000	  2.8230655099056112e+000	  7.8299827208918216e-001	  7.2886312776106088e-001	
  3.7822089825071803e+000	  3.7779864494984419e+000	  3.5336720553237564e+000	  9.4955713133293707e-001	  8.7880734092136426e-001	  8.9926713016847071e-001	  8.2707757554546424e-001	  7.3629874885191227e-001	  7.0237264484918494e-001	  2.2276128003785929e+000	  2.8498199273550773e+000	  7.8740656635857187e-001	  7.3348306584642409e-001	
  3.8172924795788474e+000	  3.8095624782129964e+000	  3.5691609733171350e+000	  9.5679269653795196e-001	  8.8405626283309380e-001	  9.0660399701566841e-001	  8.3419785254292012e-001	  7.4181465924294443e-001	  7.0765593669510551e-001	  2.2487838422547228e+000	  2.8726234987170689e+000	  7.9113083448698962e-001	  7.3733410067327287e-001	
  3.8510823809207588e+000	  3.8402897801103366e+000	  3.6032272230269653e+000	  9.6356307792922924e-001	  8.8905663430500248e-001	  9.1353047655442154e-001	  8.4082738754271069e-001	  7.4702847242415382e-001	  7.1289472915774488e-001	  2.2692631631582647e+000	  2.8949488320540078e+000	  7.9471118502445515e-001	  7.4103076148214697e-001	
  3.8837455544368820e+000	  3.8700931788597939e+000	  3.6360471813440944e+000	  9.7010973306825243e-001	  8.9391205342628122e-001	  9.2022348640479090e-001	  8.4718598978201054e-001	  7.5202832408498688e-001	  7.1804212201922446e-001	  2.2890275124608004e+000	  2.9166074734995333e+000	  7.9820596150729795e-001	  7.4466450360493230e-001	
  3.9148128289774839e+000	  3.8983640231627334e+000	  3.6671476482983527e+000	  9.7640201069503918e-001	  8.9854390432451170e-001	  9.2665403432024751e-001	  8.5334018342148821e-001	  7.5684651261810598e-001	  7.2306789338378985e-001	  2.3078507549575935e+000	  2.9371733962864104e+000	  8.0152583598989835e-001	  7.4811929005915689e-001	
  3.9464769568760061e+000	  3.9271795549820214e+000	  3.6988133180556542e+000	  9.8278482555455682e-001	  9.0324058765588222e-001	  9.3319663018139065e-001	  8.5959317906817456e-001	  7.6178711819522982e-001	  7.2828418771290160e-001	  2.3270365155228352e+000	  2.9581442456222216e+000	  8.0488093518303616e-001	  7.5159801797873671e-001	
  3.9761669872454672e+000	  3.9542376712878067e+000	  3.7285594921858762e+000	  9.8873291105868955e-001	  9.0762727120007347e-001	  9.3934170722431698e-001	  8.6543855995116215e-001	  7.6643302809982006e-001	  7.3326450976253799e-001	  2.3450394931484486e+000	  2.9778320335120121e+000	  8.0800298136328685e-001	  7.5482293821256108e-001	
  4.0044834893465566e+000	  3.9800901663854495e+000	  3.7569378824936335e+000	  9.9436514351508065e-001	  9.1178102921833737e-001	  9.4518344892936268e-001	  8.7099828661481393e-001	  7.7082927117240108e-001	  7.3804840949546324e-001	  2.3622366391412633e+000	  2.9966741274028847e+000	  8.1096319459247845e-001	  7.5788059999898727e-001	
  4.0315820935126556e+000	  4.0047966953132272e+000	  3.7840771674195710e+000	  9.9973204844152863e-001	  9.1570944659965348e-001	  9.5075563811243080e-001	  8.7630705328738256e-001	  7.7497554787481537e-001	  7.4263072770589544e-001	  2.3786792358264011e+000	  3.0146963180388537e+000	  8.1376613936415676e-001	  7.6077999542710828e-001	
  4.0573565191016954e+000	  4.0282516476335770e+000	  3.8099050481344712e+000	  1.0048176721754838e+000	  9.1940595248235613e-001	  9.5605429269575659e-001	  8.8135370609731978e-001	  7.7889573774170284e-001	  7.4701266973330194e-001	  2.3943202257406804e+000	  3.0318149179185725e+000	  8.1639907621770547e-001	  7.6350290142151145e-001	
  4.0987627158503646e+000	  4.0660238361361376e+000	  3.8514186935690420e+000	  1.0129285693765768e+000	  9.2532843671679144e-001	  9.6452370080275873e-001	  8.8945146279741305e-001	  7.8524684588089078e-001	  7.5406462682406927e-001	  2.4195291620988972e+000	  3.0594310667737532e+000	  8.2061210801903717e-001	  7.6786202247014901e-001	
  4.1335419330287078e+000	  4.0976508357859966e+000	  3.8864623788494028e+000	  1.0196028028940394e+000	  9.3012829935591701e-001	  9.7160561111440580e-001	  8.9625735506887716e-001	  7.9057328779845737e-001	  7.6011048419265015e-001	  2.4405940981626659e+000	  3.0824183715631950e+000	  8.2394051087120468e-001	  7.7123547789817859e-001	
  4.1682479116106981e+000	  4.1295606938137315e+000	  3.9212525386727211e+000	  1.0260531057056106e+000	  9.3488134665359046e-001	  9.7839814561899630e-001	  9.0275102143972596e-001	  7.9575363898298235e-001	  7.6591430404683658e-001	  2.4617316240710458e+000	  3.1057916987984924e+000	  8.2729966555914003e-001	  7.7467485678296366e-001	
  4.2008107191277348e+000	  4.1596239654763041e+000	  3.9540617287088753e+000	  1.0320899116869509e+000	  9.3938639974457305e-001	  9.8485634324007998e-001	  9.0880428945653802e-001	  8.0069552728285975e-001	  7.7137880786489177e-001	  2.4816496157975161e+000	  3.1278205443342535e+000	  8.3047643521585079e-001	  7.7795080492851476e-001	
  4.2302603594294581e+000	  4.1868575940984591e+000	  3.9839814463322369e+000	  1.0374460351202859e+000	  9.4337952087522670e-001	  9.9070214162432169e-001	  9.1432184017693463e-001	  8.0522402305158769e-001	  7.7643536307704730e-001	  2.4997583989055037e+000	  3.1477785218311385e+000	  8.3325365364734583e-001	  7.8079709474076908e-001	
  4.2623988442362180e+000	  4.2165417289824916e+000	  4.0166354489416207e+000	  1.0431056407500292e+000	  9.4753997979324545e-001	  9.9688686502150758e-001	  9.2030925610627989e-001	  8.1005732998405156e-001	  7.8196036112719358e-001	  2.5194969348582150e+000	  3.1695237319934422e+000	  8.3611252215600274e-001	  7.8370604289686618e-001	
  4.2921936088765937e+000	  4.2441104184422533e+000	  4.0468093720930129e+000	  1.0482103809870349e+000	  9.5128487404629680e-001	  1.0024456007025226e+000	  9.2578447948605247e-001	  8.1446001022584069e-001	  7.8700469930208117e-001	  2.5378231042311659e+000	  3.1897659943027747e+000	  8.3868082383226528e-001	  7.8633073682849297e-001	
  4.3192166040645921e+000	  4.2691573717981326e+000	  4.0741595957587142e+000	  1.0527043314668945e+000	  9.5457164294648944e-001	  1.0073459609312814e+000	  9.3072789594060890e-001	  8.1843586998707607e-001	  7.9149216464713601e-001	  2.5544736804305805e+000	  3.2081738789315328e+000	  8.4090856123460123e-001	  7.8861157048005659e-001	
  4.3433668152472862e+000	  4.2915839392567294e+000	  4.0986086442306169e+000	  1.0565455675906243e+000	  9.5736257835555527e-001	  1.0115476516018891e+000	  9.3510848854040873e-001	  8.2195286874175710e-001	  7.9544187975760894e-001	  2.5693835362571500e+000	  3.2246662479956609e+000	  8.4276506828933606e-001	  7.9051078190534996e-001	
  4.3761159289160290e+000	  4.3220583260665970e+000	  4.1317757073177344e+000	  1.0613713392135264e+000	  9.6081688905451479e-001	  1.0168692394337215e+000	  9.4092979667538434e-001	  8.2659602857957315e-001	  8.0073433495392876e-001	  2.5896549486269156e+000	  3.2470884958004285e+000	  8.4498793482504408e-001	  7.9278398292077923e-001	
  4.4018792126129291e+000	  4.3460577673233569e+000	  4.1578867662276249e+000	  1.0645708293606269e+000	  9.6299202817846941e-001	  1.0204824225216835e+000	  9.4528615128258420e-001	  8.2999960822127383e-001	  8.0479976422909361e-001	  2.6055898279351770e+000	  3.2647032363602881e+000	  8.4624700768058281e-001	  7.9405183565713433e-001	
  4.4265984208498610e+000	  4.3692248904058184e+000	  4.1828172685927285e+000	  1.0675383836002215e+000	  9.6504210136419599e-001	  1.0237635373753826e+000	  9.4946935549927902e-001	  8.3328623253767953e-001	  8.0859874388671049e-001	  2.6210884852232952e+000	  3.2818570208496789e+000	  8.4745375278582113e-001	  7.9533189246234925e-001	
  4.4449724648867672e+000	  4.3864032264607351e+000	  4.2014524104717665e+000	  1.0691494067466101e+000	  9.6599038947893667e-001	  1.0256611052926641e+000	  9.5249735676426373e-001	  8.3559470494320098e-001	  8.1144949794529542e-001	  2.6326396286512255e+000	  3.2945033994040247e+000	  8.4779734254434680e-001	  7.9569823594677092e-001	
  4.4646690219729086e+000	  4.4049070204263829e+000	  4.2212758977216698e+000	  1.0701454514331745e+000	  9.6636696936344546e-001	  1.0268953200857633e+000	  9.5548100885032639e-001	  8.3777940489919278e-001	  8.1432340342484077e-001	  2.6451033271502804e+000	  3.3081641337157337e+000	  8.4761285854489909e-001	  7.9554023109611482e-001	
  4.4799570650151708e+000	  4.4193340802254166e+000	  4.2365361664080972e+000	  1.0701751700825994e+000	  9.6599246596217614e-001	  1.0270466553033952e+000	  9.5760010699613729e-001	  8.3922976212927469e-001	  8.1637851327753985e-001	  2.6548790260241386e+000	  3.3188410864876703e+000	  8.4687898251220939e-001	  7.9483621532205506e-001	
  4.4919479491994441e+000	  4.4307130524670209e+000	  4.2484104279189729e+000	  1.0695190920441686e+000	  9.6508860916660621e-001	  1.0264297996689031e+000	  9.5913227695305847e-001	  8.4018993526159158e-001	  8.1787295948186345e-001	  2.6626914706043445e+000	  3.3273042998894375e+000	  8.4575763968883499e-001	  7.9375111670621890e-001	
  4.4997208726916700e+000	  4.4381547557196459e+000	  4.2559834771609131e+000	  1.0679420978371841e+000	  9.6345472545736566e-001	  1.0248229409282219e+000	  9.5982657694448059e-001	  8.4043586801372683e-001	  8.1865124297030933e-001	  2.6678635421350476e+000	  3.3328340070273175e+000	  8.4408900592659308e-001	  7.9208956162162802e-001	
  4.5071140459950643e+000	  4.4453828348834543e+000	  4.2629204356327568e+000	  1.0650026685596601e+000	  9.6061907952857850e-001	  1.0217321413883200e+000	  9.6007065919400469e-001	  8.4016326401648478e-001	  8.1904975808928959e-001	  2.6729561220311440e+000	  3.3382624026324521e+000	  8.4137677542674494e-001	  7.8938237454865079e-001	
  4.5121039419170534e+000	  4.4504279407626761e+000	  4.2673631267163081e+000	  1.0616341565980538e+000	  9.5747629356254071e-001	  1.0181418130306867e+000	  9.5990830549601647e-001	  8.3955623416843661e-001	  8.1901863638937711e-001	  2.6766310130077899e+000	  3.3421366422004670e+000	  8.3846349230128425e-001	  7.8648223126594141e-001	
  4.5138147602785672e+000	  4.4524445196715012e+000	  4.2684604896261575e+000	  1.0576191431422606e+000	  9.5384066971493287e-001	  1.0138578755042258e+000	  9.5910891554238353e-001	  8.3841166853583660e-001	  8.1842692596758215e-001	  2.6782410558632055e+000	  3.3437683637984472e+000	  8.3519830997023436e-001	  7.8319796032912548e-001	
  4.5149246431104899e+000	  4.4539778062635680e+000	  4.2688821408859168e+000	  1.0535615694538791e+000	  9.5021089849734153e-001	  1.0094939480182024e+000	  9.5822125107372491e-001	  8.3720651412066804e-001	  8.1770471550400015e-001	  2.6795369355409768e+000	  3.3451109712135554e+000	  8.3197154686906261e-001	  7.7996190395238596e-001	
  4.5116761837403763e+000	  4.4518035870499624e+000	  4.2644152162100681e+000	  1.0460161717617933e+000	  9.4359739981595858e-001	  1.0014032625395730e+000	  9.5565378382101795e-001	  8.3428236344194040e-001	  8.1553042751344473e-001	  2.6782513745356145e+000	  3.3437699176176769e+000	  8.2624017571265451e-001	  7.7411894884805843e-001	
  4.5133072179116045e+000	  4.4543671408720051e+000	  4.2648587843644075e+000	  1.0398942345835469e+000	  9.3821999589887639e-001	  9.9475987137579103e-001	  9.5432207476997744e-001	  8.3248478874884668e-001	  8.1425184028427355e-001	  2.6803796290665223e+000	  3.3462074242762769e+000	  8.2151733656651926e-001	  7.6940102512803155e-001	
  4.5063805256998295e+000	  4.4488991918154195e+000	  4.2567877860539740e+000	  1.0320339894414305e+000	  9.3146387199601632e-001	  9.8642020328217206e-001	  9.5106272639726641e-001	  8.2901569133456765e-001	  8.1149783820149135e-001	  2.6766608752353727e+000	  3.3424554958225401e+000	  8.1577943388322982e-001	  7.6345496438048088e-001	
  4.5125475814960607e+000	  4.4556362126172342e+000	  4.2619498702164202e+000	  1.0286115540832919e+000	  9.2843589046482711e-001	  9.8258407658847002e-001	  9.5108538883511839e-001	  8.2857592620637788e-001	  8.1122749934644800e-001	  2.6815516191007371e+000	  3.3480717283922927e+000	  8.1305562504782725e-001	  7.6082874825765201e-001	
  4.5038882394464439e+000	  4.4481119482330813e+000	  4.2527316662092440e+000	  1.0230673117676488e+000	  9.2371150985502171e-001	  9.7681923480421329e-001	  9.4836865487520017e-001	  8.2584458329331489e-001	  8.0902953215096585e-001	  2.6764044989449514e+000	  3.3425953847859575e+000	  8.0909252456150671e-001	  7.5662731201638223e-001	
  4.5081663705236048e+000	  4.4528437565171162e+000	  4.2561967209736213e+000	  1.0209161386443126e+000	  9.2184593756590782e-001	  9.7435469929840224e-001	  9.4822236396584214e-001	  8.2542049408010831e-001	  8.0868910035422503e-001	  2.6796391264576092e+000	  3.3465517677929588e+000	  8.0745692351238518e-001	  7.5504908086766842e-001	
  4.5069013741450181e+000	  4.4521941667637188e+000	  4.2544393328873644e+000	  1.0178297767345841e+000	  9.1918059844965516e-001	  9.7107528033628976e-001	  9.4726664377196346e-001	  8.2431118360500377e-001	  8.0777908317051572e-001	  2.6792922600616915e+000	  3.3463237339490490e+000	  8.0516102185375393e-001	  7.5268777454839286e-001	
  4.5052313401078683e+000	  4.4512400685429059e+000	  4.2521593402154521e+000	  1.0145765861768516e+000	  9.1640621164759739e-001	  9.6759450418993465e-001	  9.4602081696439999e-001	  8.2294218588821233e-001	  8.0665643203125414e-001	  2.6785738908674626e+000	  3.3458829004558468e+000	  8.0281711152176871e-001	  7.5025354461377103e-001	
  4.5065712516256271e+000	  4.4531184643961499e+000	  4.2528782269242731e+000	  1.0120635950509957e+000	  9.1423714712423321e-001	  9.6485320486269932e-001	  9.4544632975657994e-001	  8.2216752900015799e-001	  8.0601085609197443e-001	  2.6798632870275521e+000	  3.3476210704869307e+000	  8.0094257115098533e-001	  7.4836004882290386e-001	
  4.5041702458433086e+000	  4.4517646486648434e+000	  4.2495932093400537e+000	  1.0073699885518079e+000	  9.1023280064440282e-001	  9.5984687933040880e-001	  9.4354697090375927e-001	  8.2009580166816431e-001	  8.0422948096682123e-001	  2.6787208934948952e+000	  3.3469924208413007e+000	  7.9756936929637900e-001	  7.4482615223102455e-001	
  4.5081929355922261e+000	  4.4558409681142574e+000	  4.2533392514535908e+000	  1.0070091931118641e+000	  9.0988607855028414e-001	  9.5938400324699424e-001	  9.4403343778233606e-001	  8.2040700614951456e-001	  8.0450050420059371e-001	  2.6816053896571455e+000	  3.3502682175993521e+000	  7.9720813448051064e-001	  7.4453422580799467e-001	
  4.5068802566456592e+000	  4.4548303780120335e+000	  4.2518892877326726e+000	  1.0055724490087850e+000	  9.0864969170843912e-001	  9.5790327779880180e-001	  9.4350581400552747e-001	  8.1983417983495055e-001	  8.0405315190459536e-001	  2.6809581021965703e+000	  3.3496164011451253e+000	  7.9615130399088374e-001	  7.4342115833822808e-001	
  4.5068075022592424e+000	  4.4550530452896817e+000	  4.2515602616618535e+000	  1.0043280274062449e+000	  9.0758855044579900e-001	  9.5657394977641386e-001	  9.4310144137293361e-001	  8.1936217618770602e-001	  8.0368473368809745e-001	  2.6810861739741441e+000	  3.3499356415325043e+000	  7.9525209794922302e-001	  7.4248915799954296e-001	
  4.5068287336312824e+000	  4.4560152830934294e+000	  4.2506964505486247e+000	  1.0002413214699877e+000	  9.0408645666381593e-001	  9.5219840905685615e-001	  9.4175170911027162e-001	  8.1777914193336843e-001	  8.0235240065583013e-001	  2.6815981775834867e+000	  3.3511338426432493e+000	  7.9227507252765972e-001	  7.3940592971873365e-001	
  4.4991283455451558e+000	  4.4488911668136391e+000	  4.2429205218352175e+000	  9.9786503714351893e-001	  9.0211239910646512e-001	  9.4981102248706117e-001	  9.3986837500096332e-001	  8.1604876068714904e-001	  8.0087078078144136e-001	  2.6764749063844659e+000	  3.3457146864084302e+000	  7.9071222054853763e-001	  7.3762692248219597e-001	
  4.5078744062165903e+000	  4.4574769599711699e+000	  4.2511493362667299e+000	  9.9877506154703555e-001	  9.0286628579282635e-001	  9.5053340021289789e-001	  9.4108289483105279e-001	  8.1702520956327085e-001	  8.0164694853712604e-001	  2.6822646510447026e+000	  3.3524443866135885e+000	  7.9128669747256764e-001	  7.3837771916776618e-001	
  4.5091826932307786e+000	  4.4587716151431236e+000	  4.2524430756718443e+000	  9.9849656243596807e-001	  9.0257882286111790e-001	  9.5024947216196864e-001	  9.4134990866481738e-001	  8.1719997460842919e-001	  8.0175410547702464e-001	  2.6833043744000968e+000	  3.3534816832243788e+000	  7.9097972036343356e-001	  7.3809402667926249e-001	
  4.5091437417555191e+000	  4.4589563850347806e+000	  4.2523265102789303e+000	  9.9738610438885134e-001	  9.0161115592830365e-001	  9.4911498197916733e-001	  9.4111410278041541e-001	  8.1689429586579765e-001	  8.0154906722887831e-001	  2.6835157236821439e+000	  3.3537543974124087e+000	  7.9013117883362982e-001	  7.3720723870460136e-001	
  4.5086803111978728e+000	  4.4587940758719897e+000	  4.2516588961998645e+000	  9.9612445847555364e-001	  9.0053471987575573e-001	  9.4779542960845553e-001	  9.4065137494127549e-001	  8.1637727488224698e-001	  8.0115823819115617e-001	  2.6833737412360104e+000	  3.3537734711466940e+000	  7.8922199839527896e-001	  7.3625192059559064e-001	
  4.5089580345616378e+000	  4.4593435998806337e+000	  4.2516767902525689e+000	  9.9501790058786677e-001	  8.9958839890356090e-001	  9.4661211432598547e-001	  9.4030755980233049e-001	  8.1596068681908684e-001	  8.0082256722699829e-001	  2.6837003324316071e+000	  3.3543427794518625e+000	  7.8841983313504282e-001	  7.3541977564815519e-001	
  4.5098553746048013e+000	  4.4611088862654338e+000	  4.2517425927062282e+000	  9.9135512603854803e-001	  8.9644303497178190e-001	  9.4270222352273692e-001	  9.3912950177420773e-001	  8.1454710985743406e-001	  7.9961390041511793e-001	  2.6847010989254536e+000	  3.3561559880954501e+000	  7.8574595218364407e-001	  7.3263685469542061e-001	
  4.5021337996289148e+000	  4.4539532367758703e+000	  4.2439709954363281e+000	  9.8906917156257945e-001	  8.9454659843189055e-001	  9.4041977692655121e-001	  9.3725692411835093e-001	  8.1283285302651764e-001	  7.9814032122549361e-001	  2.6795324807820093e+000	  3.3507097233227623e+000	  7.8425347747020457e-001	  7.3092122760396394e-001	
  4.5112236381819537e+000	  4.4628579178682193e+000	  4.2525449913100974e+000	  9.9009926905752943e-001	  8.9540220840693119e-001	  9.4126607841048759e-001	  9.3853501953061891e-001	  8.1387160960705196e-001	  7.9896825110934289e-001	  2.6855355692454004e+000	  3.3576816160332421e+000	  7.8491090200318425e-001	  7.3176298651341121e-001	
  4.5128179681868223e+000	  4.4644052391269105e+000	  4.2541382679518804e+000	  9.8995346590969424e-001	  8.9522492336993631e-001	  9.4112229919309953e-001	  9.3887405314406636e-001	  8.1411552687670263e-001	  7.9913237807098059e-001	  2.6867492463200660e+000	  3.3589052830621151e+000	  7.8469424220713047e-001	  7.3157503993980377e-001	
  4.5129922849392701e+000	  4.4647529616812216e+000	  4.2542805927024370e+000	  9.8906326624163166e-001	  8.9444249295257261e-001	  9.4022776927667107e-001	  9.3872860295553873e-001	  8.1390482503364536e-001	  7.9900664437032987e-001	  2.6870751875794729e+000	  3.3592896146108298e+000	  7.8400120342955859e-001	  7.3084713904622622e-001	
  4.5127703589826744e+000	  4.4647837503113710e+000	  4.2539004839967509e+000	  9.8802577063774599e-001	  8.9355511286158518e-001	  9.3915267486671516e-001	  9.3836192870187696e-001	  8.1348810758528622e-001	  7.9870357300117956e-001	  2.6870677282245174e+000	  3.3594452643903301e+000	  7.8325054425452056e-001	  7.3005461536362271e-001	
  4.5131268985415112e+000	  4.4653719264416081e+000	  4.2540372529453290e+000	  9.8710119863223289e-001	  8.9276258141899267e-001	  9.3817075060820776e-001	  9.3807364829143569e-001	  8.1313560119721662e-001	  7.9842576516590769e-001	  2.6874158371695689e+000	  3.3600298625042737e+000	  7.8257890139287478e-001	  7.2935554504307665e-001	
  4.5145053426595378e+000	  4.4674602676702078e+000	  4.2547184810904914e+000	  9.8418970233323644e-001	  8.9025629751681823e-001	  9.3507127139213231e-001	  9.3716985268904407e-001	  8.1202153157081547e-001	  7.9747368945472463e-001	  2.6886396108087443e+000	  3.3620444468433202e+000	  7.8044828073742156e-001	  7.2713016931464358e-001	
  4.5093850188609901e+000	  4.4629298568882980e+000	  4.2493209860581063e+000	  9.8193124061123560e-001	  8.8837764756507254e-001	  9.3274740688752822e-001	  9.3550003632363088e-001	  8.1043178805818405e-001	  7.9605862891133561e-001	  2.6851499680080186e+000	  3.3586855145393204e+000	  7.7896167132382010e-001	  7.2545062520358516e-001	
  4.5202382288310101e+000	  4.4734270232554616e+000	  4.2597953011235390e+000	  9.8337007185160052e-001	  8.8953406869822504e-001	  9.3404737607808153e-001	  9.3735900510689518e-001	  8.1198471682451456e-001	  7.9733834546033366e-001	  2.6924792856223965e+000	  3.3668770290580747e+000	  7.7980359215835793e-001	  7.2652887533071808e-001	
  4.5176883644953563e+000	  4.4710539682957409e+000	  4.2573899106961761e+000	  9.8229650545421487e-001	  8.8858829431122655e-001	  9.3303742690807545e-001	  9.3689446642894569e-001	  8.1152093260758906e-001	  7.9697341670427624e-001	  2.6909814181040654e+000	  3.3651040880991459e+000	  7.7898354854939966e-001	  7.2562390743165417e-001	
  4.5176708373933030e+000	  4.4712383886863929e+000	  4.2572551755957093e+000	  9.8152761341992323e-001	  8.8793568429941661e-001	  9.3224224769484643e-001	  9.3661147138293166e-001	  8.1120264080036641e-001	  7.9675857863720867e-001	  2.6910703839235985e+000	  3.3653622790009097e+000	  7.7843684694399329e-001	  7.2504080799818593e-001	
  4.5185032149087485e+000	  4.4724239136497150e+000	  4.2577367001969328e+000	  9.8014524914280243e-001	  8.8674692517013842e-001	  9.3077562042309847e-001	  9.3618459603072901e-001	  8.1066978657713340e-001	  7.9633078364316534e-001	  2.6917735665480658e+000	  3.3664904953752961e+000	  7.7742959983001481e-001	  7.2398951190088146e-001	
  4.5185379820013809e+000	  4.4728482438206987e+000	  4.2574167530726843e+000	  9.7861135257412324e-001	  8.8543483396189859e-001	  9.2915418369255443e-001	  9.3555620565725806e-001	  8.0996027922811609e-001	  7.9570645534761197e-001	  2.6918882931524877e+000	  3.3670204988191976e+000	  7.7633338168730481e-001	  7.2282064479180763e-001	
  4.5209493937518719e+000	  4.4754962654789461e+000	  4.2594977610096363e+000	  9.7762509566970568e-001	  8.8456620124590990e-001	  9.2808200180438993e-001	  9.3548258740782242e-001	  8.0974480593371234e-001	  7.9551230374343729e-001	  2.6936364528429091e+000	  3.3692602015220756e+000	  7.7556949142266707e-001	  7.2204614933756328e-001	
  4.5217115094413112e+000	  4.4768430453400985e+000	  4.2597225733198947e+000	  9.7526405252569337e-001	  8.8253342560374504e-001	  9.2559470684381839e-001	  9.3458400176657497e-001	  8.0869864642857636e-001	  7.9458142947624066e-001	  2.6942764515427267e+000	  3.3706262543821093e+000	  7.7385859383196021e-001	  7.2022065018580517e-001	
  4.5251573163175394e+000	  4.4806915547148520e+000	  4.2626639340990069e+000	  9.7357395979748562e-001	  8.8104597321761835e-001	  9.2378645502702006e-001	  9.3433642603783595e-001	  8.0823557075307417e-001	  7.9417923932249634e-001	  2.6967745929293812e+000	  3.3739222164686855e+000	  7.7256145257237485e-001	  7.1888309125882932e-001	
  4.5261717411116713e+000	  4.4822406918747957e+000	  4.2631603169806791e+000	  9.7142340384022974e-001	  8.7918930294933773e-001	  9.2152137403525602e-001	  9.3349601178574937e-001	  8.0725378511656654e-001	  7.9329434687729483e-001	  2.6975295040868357e+000	  3.3754326590578541e+000	  7.7100145319196711e-001	  7.1721077019616053e-001	
  4.5312650437246633e+000	  4.4877821843402916e+000	  4.2676378419558656e+000	  9.6952056749584847e-001	  8.7749451976021231e-001	  9.1948622050880302e-001	  9.3336431537884201e-001	  8.0683215841976397e-001	  7.9293996599077843e-001	  2.7011920991327787e+000	  3.3801390889688667e+000	  7.6950574520279214e-001	  7.1567641960072126e-001	
  4.5231135687148791e+000	  4.4801761120075598e+000	  4.2594946659193562e+000	  9.6738154372342477e-001	  8.7572154082829978e-001	  9.1738207499363167e-001	  9.3145069375286349e-001	  8.0509986082211638e-001	  7.9144451028509077e-001	  2.6956638190724624e+000	  3.3743402786038401e+000	  7.6813169207714460e-001	  7.1405768199242081e-001	
  4.5331084961020442e+000	  4.4899093205882465e+000	  4.2689874081092807e+000	  9.6871735554732352e-001	  8.7683150791388464e-001	  9.1854698187170769e-001	  9.3291800593117291e-001	  8.0631897990431178e-001	  7.9242857728301841e-001	  2.7022552237401629e+000	  3.3819421562958922e+000	  7.6898973763513789e-001	  7.1512586006874290e-001	
  4.5348331905332859e+000	  4.4915280984026484e+000	  4.2707582079827588e+000	  9.6878515690193701e-001	  8.7683121091108984e-001	  9.1863609530592183e-001	  9.3335074148223907e-001	  8.0666167154573221e-001	  7.9268293204971796e-001	  2.7035467407304745e+000	  3.3832092184540512e+000	  7.6891858339983876e-001	  7.1508937974008302e-001	
  4.5351322053732002e+000	  4.4919241056130694e+000	  4.2710874869084368e+000	  9.6823907896668537e-001	  8.7633924170574440e-001	  9.1811420752730588e-001	  9.3330502533379600e-001	  8.0656418337183955e-001	  7.9266204592749778e-001	  2.7039135943632031e+000	  3.3836193955064267e+000	  7.6847588202446016e-001	  7.1461413619500169e-001	
  4.5351439786121048e+000	  4.4921092814899479e+000	  4.2709977573394093e+000	  9.6756779080842215e-001	  8.7576006559406905e-001	  9.1743278166263509e-001	  9.3305449081000114e-001	  8.0627474609005600e-001	  7.9246804913002966e-001	  2.7040088038648258e+000	  3.3838818867765639e+000	  7.6798932851025692e-001	  7.1409051488946185e-001	
  4.5356661347271974e+000	  4.4927875832037101e+000	  4.2713519409060741e+000	  9.6699034985124699e-001	  8.7525984597399120e-001	  9.1682382767361703e-001	  9.3286655493085169e-001	  8.0603656786423872e-001	  7.9228291213041013e-001	  2.7044121763333253e+000	  3.3845222411089355e+000	  7.6756812849381140e-001	  7.1364597244741168e-001	
  4.5372678790358600e+000	  4.4947424343003437e+000	  4.2725297424750561e+000	  9.6562390261723186e-001	  8.7406676289008400e-001	  9.1536897559028940e-001	  9.3244630799360129e-001	  8.0548547614995314e-001	  7.9179298358282235e-001	  2.7055806762884238e+000	  3.3863067491011822e+000	  7.6655647290686224e-001	  7.1257594600026952e-001	
  4.5376088091351825e+000	  4.4955042512021537e+000	  4.2724282199441515e+000	  9.6400307320969836e-001	  8.7267057388827907e-001	  9.1365344831566087e-001	  9.3164497616494168e-001	  8.0460000554403022e-001	  7.9095640181568194e-001	  2.7057752846559273e+000	  3.3871498939117335e+000	  7.6540628338407823e-001	  7.1131915358286923e-001	
  4.5426402628962865e+000	  4.5005351547123942e+000	  4.2772093859391314e+000	  9.6388376411891608e-001	  8.7250780291896823e-001	  9.1347800353039110e-001	  9.3224627217010581e-001	  8.0500560599037407e-001	  7.9130556076396497e-001	  2.7092994635935792e+000	  3.3912191170609622e+000	  7.6519206263437944e-001	  7.1116425859417931e-001	
  4.5409840641611323e+000	  4.4992641094209507e+000	  4.2753103064025257e+000	  9.6237581834678576e-001	  8.7121889590724100e-001	  9.1193488633368791e-001	  9.3133692463208706e-001	  8.0408093297568761e-001	  7.9049371294665538e-001	  2.7081922934721439e+000	  3.3904330016816400e+000	  7.6414501278351910e-001	  7.0999268551003170e-001	
  4.5454369594450030e+000	  4.5037595648650255e+000	  4.2794764062266673e+000	  9.6215917297618569e-001	  8.7098409272482880e-001	  9.1165407928799003e-001	  9.3176928666629133e-001	  8.0433894516244520e-001	  7.9070872095782141e-001	  2.7112854207541943e+000	  3.3940941892171761e+000	  7.6388927709832832e-001	  7.0978067776913811e-001	
  4.5442772498697934e+000	  4.5029558560645659e+000	  4.2780518762610908e+000	  9.6076881571099815e-001	  8.6979132259056191e-001	  9.1022143173306425e-001	  9.3094378938808198e-001	  8.0348810427765638e-001	  7.8994363915005084e-001	  2.7104927564522718e+000	  3.3936693089324996e+000	  7.6291902842739900e-001	  7.0869675422944656e-001	
  4.5485887313886240e+000	  4.5073088704506628e+000	  4.2820844252852446e+000	  9.6054785647664387e-001	  8.6955198272291612e-001	  9.0993994184226379e-001	  9.3134608901665028e-001	  8.0372137645309694e-001	  7.9013069595023311e-001	  2.7134824682486216e+000	  3.3972216240062427e+000	  7.6266156780483862e-001	  7.0847765376912486e-001	
  4.5475829322630172e+000	  4.5066364214600334e+000	  4.2808204622610360e+000	  9.5924538013074645e-001	  8.6843237026242759e-001	  9.0859706160049003e-001	  9.3056196957748161e-001	  8.0291209482680281e-001	  7.8939699246407025e-001	  2.7127816218471361e+000	  3.3968939702406873e+000	  7.6175181346852083e-001	  7.0745865257794283e-001	
  4.5518859976613060e+000	  4.5109803623748599e+000	  4.2848438823426687e+000	  9.5902373497092175e-001	  8.6819066294989777e-001	  9.0831704085780451e-001	  9.3094988850989535e-001	  8.0313171682493212e-001	  7.8956885059935999e-001	  2.7157609173467558e+000	  3.4004462832148619e+000	  7.6149322424614152e-001	  7.0723539588385209e-001	
  4.5509833978256484e+000	  4.5104070643873371e+000	  4.2836707126718681e+000	  9.5774092022999324e-001	  8.6708610725484725e-001	  9.0699194428627572e-001	  9.3015985469575246e-001	  8.0231599499006212e-001	  7.8882047075849782e-001	  2.7151113511680300e+000	  3.4002009792755179e+000	  7.6059769340963013e-001	  7.0622920852988746e-001	
  4.5556551295097139e+000	  4.5150785569941547e+000	  4.2880843824196750e+000	  9.5766628055973213e-001	  8.6696487818036105e-001	  9.0686493885378894e-001	  9.3066466531184000e-001	  8.0264496524244866e-001	  7.8909075620224156e-001	  2.7183531007748605e+000	  3.4040029825988833e+000	  7.6043222422492740e-001	  7.0611243532146062e-001	
  4.5541338572081322e+000	  4.5139081479339342e+000	  4.2862981516520957e+000	  9.5631405532590608e-001	  8.6580598272540521e-001	  9.0547398259443024e-001	  9.2974551458447630e-001	  8.0172092188400268e-001	  7.8824301191029666e-001	  2.7172622881893549e+000	  3.4032941329598101e+000	  7.5950296708803489e-001	  7.0505662712387307e-001	
  4.5594361049713727e+000	  4.5191590096822285e+000	  4.2913528370359852e+000	  9.5643296865184801e-001	  8.6584422416241824e-001	  9.0554212051604599e-001	  9.3041330287078405e-001	  8.0219891109531916e-001	  7.8864262573265154e-001	  2.7209415347055526e+000	  3.4075408039209449e+000	  7.5946084496352750e-001	  7.0508358337421551e-001	
  4.5565091358519307e+000	  4.5165992234385763e+000	  4.2882242366367995e+000	  9.5503243266511650e-001	  8.6465749294014804e-001	  9.0411872713163488e-001	  9.2930714573836903e-001	  8.0113625418803192e-001	  7.8767923704505605e-001	  2.7188807556250545e+000	  3.4057216159443371e+000	  7.5852753067140188e-001	  7.0400216083040557e-001	
  4.5624307765873597e+000	  4.5223614793327966e+000	  4.2939361480066767e+000	  9.5561472660985647e-001	  8.6509931454597722e-001	  9.0464612732866478e-001	  9.3022711784680046e-001	  8.0187351229763337e-001	  7.8829011581084008e-001	  2.7229373755815591e+000	  3.4102925359607572e+000	  7.5881953973332772e-001	  7.0440405853716348e-001	
  4.5606154660327984e+000	  4.5207634018023652e+000	  4.2920563290599993e+000	  9.5469303966039110e-001	  8.6430247376652358e-001	  9.0373515419856532e-001	  9.2960537951463851e-001	  8.0126375833180230e-001	  7.8776258581646130e-001	  2.7217426219279579e+000	  3.4091811029438657e+000	  7.5817281551949267e-001	  7.0366265065134570e-001	
  4.5626721500448344e+000	  4.5228796334779560e+000	  4.2939120941275384e+000	  9.5450004361602148e-001	  8.6411500055109702e-001	  9.0349932792359577e-001	  9.2967805846780793e-001	  8.0125771418191472e-001	  7.8773746497581454e-001	  2.7231443309548808e+000	  3.4109542357895548e+000	  7.5800214397765431e-001	  7.0349648116168051e-001	
  4.5641794092087995e+000	  4.5246136782228525e+000	  4.2950792998287826e+000	  9.5359147172044423e-001	  8.6330097742641909e-001	  9.0253681085367110e-001	  9.2928600976429554e-001	  8.0077271704524067e-001	  7.8724711826120874e-001	  2.7241200454986281e+000	  3.4125429755881842e+000	  7.5731859845005078e-001	  7.0274887056626689e-001	
  4.5659254727838450e+000	  4.5265668074197807e+000	  4.2964743468295756e+000	  9.5277111035825623e-001	  8.6256297657289827e-001	  9.0165549640273512e-001	  9.2890534698886940e-001	  8.0030183166797031e-001	  7.8674717063952904e-001	  2.7252205543010977e+000	  3.4142972709151875e+000	  7.5670293708107639e-001	  7.0207038150284784e-001	
  4.5699926416640988e+000	  4.5306667904491640e+000	  4.3002835966718989e+000	  9.5255001605913037e-001	  8.6230813582296573e-001	  9.0139763510023641e-001	  9.2921064607080872e-001	  8.0044588160418484e-001	  7.8683964281778807e-001	  2.7280454656210886e+000	  3.4177138979501289e+000	  7.5643626318535240e-001	  7.0182046550480726e-001	
  4.5658053467048410e+000	  4.5268214432397205e+000	  4.2959800372524191e+000	  9.5127067048129954e-001	  8.6123942688404709e-001	  9.0011343444874603e-001	  9.2800197899340298e-001	  7.9933410067861455e-001	  7.8583678295197812e-001	  2.7250989906360288e+000	  3.4148415462013268e+000	  7.5562023236085996e-001	  7.0084695382407014e-001	
  4.5732309908055493e+000	  4.5339825577811563e+000	  4.3031656909019240e+000	  9.5232910268872806e-001	  8.6208875849604960e-001	  9.0109786448435136e-001	  9.2924026865543996e-001	  8.0036894198731856e-001	  7.8667809277750478e-001	  2.7301271976917860e+000	  3.4204635467393181e+000	  7.5624326000611464e-001	  7.0163052299848927e-001	
  4.5721840677344927e+000	  4.5330136003525432e+000	  4.3021723994696606e+000	  9.5184195593499787e-001	  8.6164687888289127e-001	  9.0064925390390360e-001	  9.2898416745174872e-001	  8.0010891042669063e-001	  7.8645976884367008e-001	  2.7295064095064783e+000	  3.4197917363091141e+000	  7.5586444661586882e-001	  7.0119689022963938e-001	
  4.5730647406492615e+000	  4.5340071989709534e+000	  4.3028901357571563e+000	  9.5144903595444652e-001	  8.6129337072863799e-001	  9.0023457745140512e-001	  9.2882007015192447e-001	  7.9989744409141972e-001	  7.8627524614867317e-001	  2.7301163163700699e+000	  3.4207165172755789e+000	  7.5557037663007987e-001	  7.0087442033235980e-001	
  4.5737537582213186e+000	  4.5348092022816635e+000	  4.3033918183878637e+000	  9.5103518637229800e-001	  8.6092099549744150e-001	  8.9979164492574959e-001	  9.2860200353321942e-001	  7.9963786960629091e-001	  7.8601087255147384e-001	  2.7305586352486233e+000	  3.4214793216058972e+000	  7.5526347029251462e-001	  7.0053522389797240e-001	
  4.5752343739889128e+000	  4.5363475987215462e+000	  4.3046976023680257e+000	  9.5080742950874797e-001	  8.6069926223143667e-001	  8.9953434431057622e-001	  9.2857365532804270e-001	  7.9954790393965858e-001	  7.8588726756973182e-001	  2.7315535070455090e+000	  3.4228074609395103e+000	  7.5506812755878217e-001	  7.0032911491320504e-001	
  4.5777126327707718e+000	  4.5390983532017071e+000	  4.3066561490830857e+000	  9.4973484032680655e-001	  8.5971774146512425e-001	  8.9838329334121136e-001	  9.2792678698715214e-001	  7.9878640883095409e-001	  7.8503622469105538e-001	  2.7330548735846794e+000	  3.4253368818471355e+000	  7.5426013557734617e-001	  6.9941655053991847e-001	
  4.5808846553317979e+000	  4.5424520927419918e+000	  4.3093574057748931e+000	  9.4897477163151023e-001	  8.5899628385476312e-001	  8.9755718855735656e-001	  9.2744517511664015e-001	  7.9818899503753027e-001	  7.8430951788866676e-001	  2.7349845298098878e+000	  3.4283024155583970e+000	  7.5366114521027550e-001	  6.9873176996641273e-001	
  4.5883255555171081e+000	  4.5495564357193503e+000	  4.3166594320245526e+000	  9.5029891429548208e-001	  8.6007474212398527e-001	  8.9882883147834802e-001	  9.2886739450606004e-001	  7.9941469213675675e-001	  7.8534845884409554e-001	  2.7400737141466256e+000	  3.4338369071984225e+000	  7.5446558366187855e-001	  6.9972120939721183e-001	
  4.5856861626847847e+000	  4.5469507545724879e+000	  4.3142602068379619e+000	  9.4983147570323478e-001	  8.5964575794586018e-001	  8.9845231982342821e-001	  9.2858047676965405e-001	  7.9916265188166113e-001	  7.8516043634040966e-001	  2.7384535948455282e+000	  3.4318333994188843e+000	  7.5409046014918468e-001	  6.9927949361919706e-001	
  4.5849191076205909e+000	  4.5462769706582602e+000	  4.3135080419575118e+000	  9.4952604221655301e-001	  8.5938950685694060e-001	  8.9816286653296173e-001	  9.2834900036981338e-001	  7.9894564115756206e-001	  7.8503266903181945e-001	  2.7379883502823819e+000	  3.4313898614303788e+000	  7.5389185378309342e-001	  6.9904041172031373e-001	
  4.5851210026552200e+000	  4.5465787947613547e+000	  4.3135690016790109e+000	  9.4926458939743874e-001	  8.5916215352877390e-001	  8.9788371860572314e-001	  9.2816113658655630e-001	  7.9873930958655082e-001	  7.8487034100608566e-001	  2.7381317900801472e+000	  3.4317426588617774e+000	  7.5371602080345157e-001	  6.9884720055520122e-001	
  4.5850364096501881e+000	  4.5465889028022435e+000	  4.3133388668143029e+000	  9.4896202108270367e-001	  8.5889621784336223e-001	  8.9755889532444666e-001	  9.2791849441275231e-001	  7.9848612056246082e-001	  7.8461710699536569e-001	  2.7380523035585420e+000	  3.4318541871149604e+000	  7.5350803203707806e-001	  6.9861069865004910e-001	
  4.5858600079843068e+000	  4.5474512870907198e+000	  4.3140235412427961e+000	  9.4885204307284254e-001	  8.5878693242007553e-001	  8.9742194882187210e-001	  9.2787052449381013e-001	  7.9840561267157273e-001	  7.8449932827661040e-001	  2.7385956210548068e+000	  3.4326208485641030e+000	  7.5341687401577573e-001	  6.9851296988603895e-001	
  4.5876463228945603e+000	  4.5493647231454766e+000	  4.3154819616647657e+000	  9.4838562173066410e-001	  8.5833899011309456e-001	  8.9690746200976834e-001	  9.2755600496126533e-001	  7.9801619603526086e-001	  7.8401041449018605e-001	  2.7397267994004002e+000	  3.4343911691818794e+000	  7.5304805556619747e-001	  6.9809457434305233e-001	
  4.5846408192633881e+000	  4.5466398197039712e+000	  4.3122796668981005e+000	  9.4738863670132856e-001	  8.5750544126771711e-001	  8.9587978153849002e-001	  9.2645941525862763e-001	  7.9700410978031577e-001	  7.8301551372613731e-001	  2.7374735040482996e+000	  3.4323939469728222e+000	  7.5243081986382487e-001	  6.9733979322619266e-001	
  4.5947263745251776e+000	  4.5563213671746343e+000	  4.3220600155557296e+000	  9.4917541717275433e-001	  8.5898784421311680e-001	  8.9755247535982263e-001	  9.2824115254006001e-001	  7.9854104966450057e-001	  7.8429067980089184e-001	  2.7442600483519151e+000	  3.4399283591830465e+000	  7.5356859545959209e-001	  6.9872776674320169e-001	
  4.5927929077383576e+000	  4.5543160157769025e+000	  4.3203904014494903e+000	  9.4892957965508129e-001	  8.5872775514454736e-001	  8.9740892157551122e-001	  9.2815596522495558e-001	  7.9847132447939240e-001	  7.8419050421585634e-001	  2.7430278356640359e+000	  3.4382986859177276e+000	  7.5330453306254408e-001	  6.9843112926175588e-001	
  4.5911055783602013e+000	  4.5527000028477724e+000	  4.3188513803523163e+000	  9.4860512703653566e-001	  8.5844945047591581e-001	  8.9712999657382764e-001	  9.2793400945005311e-001	  7.9827816865374879e-001	  7.8409286348350404e-001	  2.7420708280404589e+000	  3.4371290329612800e+000	  7.5308247246609661e-001	  6.9814537773826213e-001	
  4.5910242112790458e+000	  4.5527116291512542e+000	  4.3187148857685784e+000	  9.4837504459364952e-001	  8.5825475102507742e-001	  8.9689849961694978e-001	  9.2773186000963470e-001	  7.9807569977414183e-001	  7.8396657986898599e-001	  2.7420436029360320e+000	  3.4372505396076161e+000	  7.5293852064100641e-001	  6.9797868969386712e-001	
  4.5907132781183284e+000	  4.5524836232645134e+000	  4.3183013380403423e+000	  9.4812512670181015e-001	  8.5803853310610323e-001	  8.9663828371082155e-001	  9.2748989310260865e-001	  7.9783579641971714e-001	  7.8374376806012946e-001	  2.7418082822992456e+000	  3.4371553262817955e+000	  7.5277464848598485e-001	  6.9778893514388596e-001	
  4.5912746623172058e+000	  4.5530767699311623e+000	  4.3187470199250217e+000	  9.4805571740020278e-001	  8.5796921404584725e-001	  8.9654786245267237e-001	  9.2742989404414278e-001	  7.9775622711106275e-001	  7.8363618596013751e-001	  2.7421677471159405e+000	  3.4376933287849800e+000	  7.5272074707459902e-001	  6.9772940216433077e-001	
  4.5927862389879675e+000	  4.5546507301423489e+000	  4.3200211568338567e+000	  9.4784419197269809e-001	  8.5774819277543202e-001	  8.9630442968882185e-001	  9.2725324206953885e-001	  7.9752506075894392e-001	  7.8331042427640163e-001	  2.7431333138192842e+000	  3.4391315662940767e+000	  7.5253812207871640e-001	  6.9751931589084248e-001	
  4.5925584681456861e+000	  4.5545860416608290e+000	  4.3195279508076085e+000	  9.4727100034513767e-001	  8.5723876263519505e-001	  8.9569297843960138e-001	  9.2655797425444408e-001	  7.9684099820065679e-001	  7.8253872818390136e-001	  2.7427660659091764e+000	  3.4392823862688346e+000	  7.5215804496210403e-001	  6.9704835674646548e-001	
  4.5986135825355490e+000	  4.5603462641358830e+000	  4.3255030432625636e+000	  9.4838026369386241e-001	  8.5813285040021825e-001	  8.9677345754085869e-001	  9.2773528958812712e-001	  7.9785559651164872e-001	  7.8338537549658149e-001	  2.7469407919160251e+000	  3.4437900396736514e+000	  7.5281921845995226e-001	  6.9785940653549638e-001	
  4.5959830349705246e+000	  4.5578040892895313e+000	  4.3230228561145685e+000	  9.4785239579027958e-001	  8.5766770877045584e-001	  8.9631218296202397e-001	  9.2728535719995164e-001	  7.9745491662091272e-001	  7.8305932401729117e-001	  2.7452455231489283e+000	  3.4418673437521088e+000	  7.5243980143232281e-001	  6.9740050568035283e-001	
  4.5960547456675398e+000	  4.5579374432956890e+000	  4.3230255291229920e+000	  9.4771789105037219e-001	  8.5755344061944583e-001	  8.9617012952107744e-001	  9.2713757214408554e-001	  7.9730579905595955e-001	  7.8293888779642862e-001	  2.7452929112510054e+000	  3.4420574731705984e+000	  7.5235952958246655e-001	  6.9730191011239895e-001	
  4.5968232946973231e+000	  4.5587454380980743e+000	  4.3236426329261226e+000	  9.4763257879317042e-001	  8.5746095696326530e-001	  8.9606558854365681e-001	  9.2702083488905429e-001	  7.9716315138738325e-001	  7.8275366123907097e-001	  2.7457795665953699e+000	  3.4428144048676801e+000	  7.5228893457148605e-001	  6.9722016417060662e-001	
  4.5970073343579427e+000	  4.5589891789257919e+000	  4.3236929632441052e+000	  9.4744057143108706e-001	  8.5728025777281891e-001	  8.9585726451230385e-001	  9.2677132810009710e-001	  7.9690694271813167e-001	  7.8244813410204739e-001	  2.7458430289735984e+000	  3.4431264543177824e+000	  7.5215300711824040e-001	  6.9705175046329326e-001	
  4.5986218800359246e+000	  4.5605716038798345e+000	  4.3252031149717993e+000	  9.4757045165266118e-001	  8.5736108096194741e-001	  8.9597507807537791e-001	  9.2686873213402599e-001	  7.9695873468251666e-001	  7.8242039709660760e-001	  2.7469218663873822e+000	  3.4444702885539891e+000	  7.5220913913983034e-001	  6.9711748157577713e-001	
  4.5992020481070881e+000	  4.5612130296273641e+000	  4.3256098447416376e+000	  9.4736188872998872e-001	  8.5714850611274818e-001	  8.9575575430403487e-001	  9.2651653792991440e-001	  7.9659374758841550e-001	  7.8196510387381324e-001	  2.7472139134533982e+000	  3.4451713526523084e+000	  7.5205055135384014e-001	  6.9690951643032284e-001	
  4.6012448333953024e+000	  4.5632173945756112e+000	  4.3275083981086020e+000	  9.4751895819173415e-001	  8.5723476315776859e-001	  8.9590703701129637e-001	  9.2654097168786764e-001	  7.9656577040488497e-001	  7.8181928906561438e-001	  2.7485577001262418e+000	  3.4469251387712823e+000	  7.5211422901133995e-001	  6.9697123646462456e-001	
  4.6020728784658118e+000	  4.5640675834745768e+000	  4.3281897164136893e+000	  9.4746108214170088e-001	  8.5714871473889720e-001	  8.9584543122889604e-001	  9.2628393720300850e-001	  7.9629446703561491e-001	  7.8144875552711213e-001	  2.7490277003592318e+000	  3.4477781715162505e+000	  7.5205629052446310e-001	  6.9687731478347592e-001	
  4.6039579627358966e+000	  4.5659393588526296e+000	  4.3298135863404070e+000	  9.4755417219697891e-001	  8.5715992879306835e-001	  8.9593196314744117e-001	  9.2583658075998954e-001	  7.9583195017296438e-001	  7.8075178153548153e-001	  2.7500567236476590e+000	  3.4495597872818853e+000	  7.5209453890532640e-001	  6.9685571823446557e-001	
  4.6089626389351688e+000	  4.5706813453227069e+000	  4.3347666056957967e+000	  9.4855068669065390e-001	  8.5796634149050266e-001	  8.9690884171816532e-001	  9.2683465818858457e-001	  7.9669930455727633e-001	  7.8147715781264593e-001	  2.7535088032749990e+000	  3.4532662192874088e+000	  7.5269694174714763e-001	  6.9758800878528282e-001	
  4.6074066353637653e+000	  4.5691313360185601e+000	  4.3333724887241427e+000	  9.4834324037968087e-001	  8.5776809075213023e-001	  8.9676525781908467e-001	  9.2666932439181016e-001	  7.9655837337584368e-001	  7.8137581704311676e-001	  2.7525722697816200e+000	  3.4520981639004491e+000	  7.5252338847109879e-001	  6.9737362836270789e-001	
  4.6070306452678009e+000	  4.5687965132707067e+000	  4.3329996897706984e+000	  9.4824372453103600e-001	  8.5768247341287573e-001	  8.9667881774477554e-001	  9.2653622671527669e-001	  7.9643547761905342e-001	  7.8129472213326367e-001	  2.7523454581281142e+000	  3.4519038423879973e+000	  7.5246331847611669e-001	  6.9729334715954994e-001	
  4.6071856139257763e+000	  4.5689803538841351e+000	  4.3330613022594857e+000	  9.4823308196880962e-001	  8.5766162950441394e-001	  8.9666358794277945e-001	  9.2640755438946321e-001	  7.9630296450676907e-001	  7.8114732077931570e-001	  2.7524490193712094e+000	  3.4521595990696019e+000	  7.5245876260081279e-001	  6.9727989358394349e-001	
  4.6069557524059626e+000	  4.5687909583291342e+000	  4.3327343781569594e+000	  9.4814697024152150e-001	  8.5757765511801765e-001	  8.9656825400286211e-001	  9.2617664942890610e-001	  7.9608191200323941e-001	  7.8088355314806568e-001	  2.7522532545317615e+000	  3.4521152781358699e+000	  7.5240764590071907e-001	  6.9720429377315740e-001	
  4.6078888262365227e+000	  4.5696906622406912e+000	  4.3335888877228772e+000	  9.4831327671142618e-001	  8.5769857023002904e-001	  8.9672566347131799e-001	  9.2620920708184529e-001	  7.9609440709839518e-001	  7.8081788423538034e-001	  2.7528657545431301e+000	  3.4529067711683576e+000	  7.5250750316282733e-001	  6.9731166252773780e-001	
  4.6085254590591118e+000	  4.5703153875465743e+000	  4.3340668144478407e+000	  9.4843716418284552e-001	  8.5775825400285333e-001	  8.9685055911615919e-001	  9.2583926246106496e-001	  7.9573479848543471e-001	  7.8027840984360008e-001	  2.7531669673213157e+000	  3.4536443626631854e+000	  7.5258678940266355e-001	  6.9734920990944071e-001	
  4.6094446329519014e+000	  4.5711861783424848e+000	  4.3348461405415097e+000	  9.4868747243566509e-001	  8.5792601566222437e-001	  8.9710710962718143e-001	  9.2549682321318494e-001	  7.9540981930357091e-001	  7.7975159454284138e-001	  2.7536036801856723e+000	  3.4545458642369486e+000	  7.5275661778405445e-001	  6.9748144378728294e-001	
  4.6140143726117815e+000	  4.5754703415017293e+000	  4.3394376466140381e+000	  9.4971229151380354e-001	  8.5874460631661975e-001	  8.9814100153596621e-001	  9.2648120224460728e-001	  7.9627220697036227e-001	  7.8047763724998409e-001	  2.7568203751823224e+000	  3.4579207919176440e+000	  7.5336415064506412e-001	  6.9821256427851430e-001	
  4.6111355391686795e+000	  4.5727034774944126e+000	  4.3366487441560331e+000	  9.4922829429416600e-001	  8.5832918520083534e-001	  8.9770911312097168e-001	  9.2589355892797542e-001	  7.9575757833428229e-001	  7.8003485538397388e-001	  2.7549024014330392e+000	  3.4558494896414533e+000	  7.5305085748263423e-001	  6.9781373474720709e-001	
  4.6119616457843513e+000	  4.5735160717666457e+000	  4.3373904712423403e+000	  9.4941415618277092e-001	  8.5848039078865523e-001	  8.9788257838114627e-001	  9.2592362292660868e-001	  7.9577528395200736e-001	  7.8001154265094297e-001	  2.7554494487151362e+000	  3.4565663771186244e+000	  7.5318435429169805e-001	  6.9796032073653680e-001	
  4.6122668763911481e+000	  4.5737865264763906e+000	  4.3376004855223789e+000	  9.4962067358643476e-001	  8.5862438905446670e-001	  8.9809375957196691e-001	  9.2572159786215069e-001	  7.9558588550122045e-001	  7.7969304363465819e-001	  2.7555943118077257e+000	  3.4569450963175230e+000	  7.5332374773222677e-001	  6.9808356132721883e-001	
  4.6121915652994963e+000	  4.5736981959632290e+000	  4.3374284268796934e+000	  9.4975170209083482e-001	  8.5871195710722192e-001	  8.9822730863341116e-001	  9.2536214208270628e-001	  7.9526230130404951e-001	  7.7922859169080161e-001	  2.7554044866836236e+000	  3.4570306353128673e+000	  7.5343079853088601e-001	  6.9815427333797397e-001	
  4.6152580688302303e+000	  4.5765350344315276e+000	  4.3405241353497948e+000	  9.5059634030187379e-001	  8.5937673040696949e-001	  8.9909814158245482e-001	  9.2597242035243177e-001	  7.9580031360528347e-001	  7.7962869947558822e-001	  2.7575764744110294e+000	  3.4593435629653055e+000	  7.5393914845915821e-001	  6.9874095725614982e-001	
  4.6108505556477963e+000	  4.5723518187820096e+000	  4.3361496105921704e+000	  9.4976152293818283e-001	  8.5868840146657954e-001	  8.9829546996958642e-001	  9.2497367256311613e-001	  7.9492515470712533e-001	  7.7884016398781464e-001	  2.7545178626646281e+000	  3.4561543509821218e+000	  7.5343553440727884e-001	  6.9810569661792254e-001	
  4.6149054833362406e+000	  4.5762385126271683e+000	  4.3400477792215639e+000	  9.5057553027587349e-001	  8.5936348533732954e-001	  8.9905888546925106e-001	  9.2562447638256995e-001	  7.9548852887122512e-001	  7.7925994625802175e-001	  2.7572239784691863e+000	  3.4592201017022499e+000	  7.5396911941766354e-001	  6.9874151782881411e-001	
  4.6150517744290243e+000	  4.5763066874000522e+000	  4.3402540299226393e+000	  9.5073422931755602e-001	  8.5947166151632426e-001	  8.9924508135479009e-001	  9.2569697532305895e-001	  7.9555643735735071e-001	  7.7927416044490749e-001	  2.7573451949151906e+000	  3.4592903171934877e+000	  7.5404328941917831e-001	  6.9881978808989154e-001	
  4.6150624644009772e+000	  4.5762749421881832e+000	  4.3402879982020961e+000	  9.5093467242236962e-001	  8.5962052093463270e-001	  8.9947460229023357e-001	  9.2561633362312468e-001	  7.9548977906214635e-001	  7.7915737127072138e-001	  2.7573739943980908e+000	  3.4593793262159900e+000	  7.5417606970914663e-001	  6.9894250856981488e-001	
  4.6145141532430598e+000	  4.5757353237542322e+000	  4.3396874507456147e+000	  9.5098629667024837e-001	  8.5965366367554930e-001	  8.9953347534615113e-001	  9.2530800817322212e-001	  7.9521979431741097e-001	  7.7881660750013171e-001	  2.7569241620080507e+000	  3.4590654759803496e+000	  7.5423380762249725e-001	  6.9897049575945380e-001	
  4.6161740870859891e+000	  4.5772538071804032e+000	  4.3413350207791339e+000	  9.5154536764359965e-001	  8.6009496412150699e-001	  9.0010511240611191e-001	  9.2556015842432726e-001	  7.9544603554152649e-001	  7.7892008410418490e-001	  2.7580555187360254e+000	  3.4603379565003420e+000	  7.5458738044610829e-001	  6.9936265971893374e-001	
  4.6152512162404085e+000	  4.5763292274793708e+000	  4.3403846033319402e+000	  9.5162152997216387e-001	  8.6014409731891617e-001	  9.0020147786288618e-001	  9.2515189600048797e-001	  7.9509519902272896e-001	  7.7847488801500297e-001	  2.7573314694938134e+000	  3.4597430771831781e+000	  7.5466578747912039e-001	  6.9939789318545598e-001	
  4.6174349598008941e+000	  4.5783089870609750e+000	  4.3425870316753024e+000	  9.5241173842928006e-001	  8.6076951088992959e-001	  9.0101815870228430e-001	  9.2553981600567070e-001	  7.9544797159425729e-001	  7.7867950524893215e-001	  2.7588497308492332e+000	  3.4613968410584017e+000	  7.5516360599567889e-001	  6.9995238103078083e-001	
  4.6148859096051984e+000	  4.5758706623349870e+000	  4.3399843034687970e+000	  9.5209794860329511e-001	  8.6051017131611451e-001	  9.0071293017234788e-001	  9.2475730481243756e-001	  7.9476886209208364e-001	  7.7794048647057712e-001	  2.7569576842685106e+000	  3.4596019956322879e+000	  7.5501458537874488e-001	  6.9971429230994975e-001	
  4.6205002121565393e+000	  4.5811756990734347e+000	  4.3455163929615388e+000	  9.5331422462044657e-001	  8.6150239344153701e-001	  9.0189514938164561e-001	  9.2586871685219729e-001	  7.9574372113933756e-001	  7.7874542106318134e-001	  2.7607972084991492e+000	  3.4637368331697247e+000	  7.5577082430545484e-001	  7.0062595442380049e-001	
  4.6179112998437741e+000	  4.5786112751096537e+000	  4.3431280151003158e+000	  9.5301269920380105e-001	  8.6122942148729409e-001	  9.0167040746552796e-001	  9.2553510047464360e-001	  7.9546668867725401e-001	  7.7851126227540024e-001	  2.7591439137852474e+000	  3.4617616710250951e+000	  7.5554708804588211e-001	  7.0034010674069358e-001	
  4.6174730410918903e+000	  4.5782032796870302e+000	  4.3426930248234195e+000	  9.5298146957736429e-001	  8.6120757061432507e-001	  9.0164828556674503e-001	  9.2537974353105767e-001	  7.9533400038754853e-001	  7.7840302236184555e-001	  2.7588389346857736e+000	  3.4614950584225226e+000	  7.5554738100271723e-001	  7.0032153207988523e-001	
  4.6175996683638880e+000	  4.5783003641279114e+000	  4.3427712088126640e+000	  9.5318806131986922e-001	  8.6137360505922411e-001	  9.0185595611417146e-001	  9.2530206056620545e-001	  7.9527024495093857e-001	  7.7828024455442013e-001	  2.7588905933477212e+000	  3.4616437763827625e+000	  7.5570055609243425e-001	  7.0047819054086347e-001	
  4.6173706718578842e+000	  4.5780463443166415e+000	  4.3425139439605820e+000	  9.5333594113823894e-001	  8.6148894837383205e-001	  9.0200854638628003e-001	  9.2516175180560423e-001	  7.9515447233144809e-001	  7.7809151549207833e-001	  2.7586913171339784e+000	  3.4615119653382225e+000	  7.5581308110398182e-001	  7.0058121099027082e-001	
  4.6179396726327822e+000	  4.5785382472085727e+000	  4.3430726081019948e+000	  9.5366180548588098e-001	  8.6174821030621329e-001	  9.0234173427094544e-001	  9.2520902591091592e-001	  7.9520512100627727e-001	  7.7805481284074773e-001	  2.7590545905416564e+000	  3.4619543382442570e+000	  7.5603134416325857e-001	  7.0081280423634429e-001	
  4.6179094246967693e+000	  4.5783788070613181e+000	  4.3430506698470523e+000	  9.5423705614931886e-001	  8.6220277076782281e-001	  9.0295173479732094e-001	  9.2500441524631638e-001	  7.9505561554756921e-001	  7.7771668936632044e-001	  2.7589397002517355e+000	  3.4619827419739422e+000	  7.5643957959997166e-001	  7.0121227266809982e-001	
  4.6180751700095763e+000	  4.5783951702226497e+000	  4.3432292903181509e+000	  9.5488743476654991e-001	  8.6272148055074871e-001	  9.0363798816286789e-001	  9.2482484681532484e-001	  7.9493322243797526e-001	  7.7739605423135250e-001	  2.7589307016875440e+000	  3.4621333054398833e+000	  7.5690118404690554e-001	  7.0166988529693108e-001	
  4.6201752253842994e+000	  4.5802255995390944e+000	  4.3454213246425866e+000	  9.5589891474375333e-001	  8.6352650379005969e-001	  9.0469974985767398e-001	  9.2530997446192231e-001	  7.9539130528555357e-001	  7.7770679418096356e-001	  2.7604356802270122e+000	  3.4636644030819390e+000	  7.5754316089767970e-001	  7.0238246100283808e-001	
  4.6154439522978592e+000	  4.5757347096400283e+000	  4.3407026647038025e+000	  9.5506313498045092e-001	  8.6284820566727538e-001	  9.0388898977417886e-001	  9.2420555841657082e-001	  7.9443125494096933e-001	  7.7681170353751106e-001	  2.7571075801706546e+000	  3.4602285551074070e+000	  7.5706249213164678e-001	  7.0176277113066987e-001	
  4.6207845234351561e+000	  4.5807834734479211e+000	  4.3459100902891157e+000	  9.5628256378333798e-001	  8.6384889034520151e-001	  9.0505888220346786e-001	  9.2518620901815984e-001	  7.9529526835044673e-001	  7.7747393573048840e-001	  2.7607001411553989e+000	  3.4641764078867752e+000	  7.5784287731236899e-001	  7.0269114106731745e-001	
  4.6199271533952651e+000	  4.5798603088229148e+000	  4.3451890409532368e+000	  9.5638143618410321e-001	  8.6390857640166352e-001	  9.0521063038056460e-001	  9.2514123194326148e-001	  7.9527393509982436e-001	  7.7742761695774076e-001	  2.7601822003849668e+000	  3.4634781537888415e+000	  7.5788463111686766e-001	  7.0271765849377932e-001	
  4.6196800792824311e+000	  4.5795483394071308e+000	  4.3449868884494460e+000	  9.5669672514685922e-001	  8.6416190773490764e-001	  9.0555774588047033e-001	  9.2505668768034399e-001	  7.9522180594407887e-001	  7.7732700324342585e-001	  2.7600158577918528e+000	  3.4633194376565850e+000	  7.5811176800539759e-001	  7.0294191877085954e-001	
  4.6192643331923220e+000	  4.5790805442136557e+000	  4.3445681409327657e+000	  9.5697012832980410e-001	  8.6438233727434244e-001	  9.0584710756394460e-001	  9.2488783345794834e-001	  7.9509390240730349e-001	  7.7711441489639022e-001	  2.7596810903073576e+000	  3.4630293945313424e+000	  7.5831886512634139e-001	  7.0314107916688884e-001	
  4.6199859306897526e+000	  4.5796692509513255e+000	  4.3453103765623773e+000	  9.5751059625741308e-001	  8.6481665981423339e-001	  9.0640661657635835e-001	  9.2500783934078745e-001	  7.9522248112348182e-001	  7.7712996900106590e-001	  2.7601578972836638e+000	  3.4635527219759137e+000	  7.5868115467328501e-001	  7.0353005196781349e-001	
  4.6192927394305938e+000	  4.5788419352050251e+000	  4.3446568765851197e+000	  9.5811288879841194e-001	  8.6530175646825724e-001	  9.0704964935559018e-001	  9.2472557019789292e-001	  7.9502256488086764e-001	  7.7674929820719474e-001	  2.7595748213394087e+000	  3.4630297539419783e+000	  7.5912539499327736e-001	  7.0396043747980563e-001	
  4.6205048293406330e+000	  4.5797799374267072e+000	  4.3459623631111972e+000	  9.5919659226821308e-001	  8.6617259164478344e-001	  9.0818749130842324e-001	  9.2498639901363677e-001	  7.9530484855034245e-001	  7.7683839596600068e-001	  2.7604020761273946e+000	  3.4638751666240624e+000	  7.5984855049629585e-001	  7.0473627045163012e-001	
  4.6170244245791308e+000	  4.5764552436758548e+000	  4.3424658938992051e+000	  9.5870938556174357e-001	  8.6578319064494180e-001	  9.0771317938218310e-001	  9.2409401265032887e-001	  7.9453829981530033e-001	  7.7606475475370684e-001	  2.7578844172533055e+000	  3.4613408295303532e+000	  7.5959986374953992e-001	  7.0438405168162388e-001	
  4.6236744624787054e+000	  4.5827771429299657e+000	  4.3489352925555433e+000	  9.6010336498914983e-001	  8.6693207347770529e-001	  9.0903329098852348e-001	  9.2532266187610912e-001	  7.9561396146744456e-001	  7.7693883570260347e-001	  2.7623623083556081e+000	  3.4662627852836581e+000	  7.6049071131895518e-001	  7.0545788626176187e-001	
  4.6218155467642301e+000	  4.5808518984911597e+000	  4.3472967315155779e+000	  9.6001826380915078e-001	  8.6682484520077541e-001	  9.0902778662413874e-001	  9.2522937457234189e-001	  7.9555157443391300e-001	  7.7686560992620068e-001	  2.7612166417309756e+000	  3.4647389357497449e+000	  7.6037928918949738e-001	  7.0531539120007136e-001	
  4.6209715070031034e+000	  4.5800244331224613e+000	  4.3465456033077734e+000	  9.5995936954653938e-001	  8.6677697990300162e-001	  9.0900234666222757e-001	  9.2510379393217268e-001	  7.9545473883673212e-001	  7.7681111051827112e-001	  2.7606912975022104e+000	  3.4641270216045132e+000	  7.6034902155504858e-001	  7.0525758430724494e-001	
  4.6206557110782329e+000	  4.5796823419969908e+000	  4.3462506954343247e+000	  9.6016633309433908e-001	  8.6695020712523363e-001	  9.0922961051159246e-001	  9.2500634966888151e-001	  7.9538588884578643e-001	  7.7673927394400621e-001	  2.7604728624180903e+000	  3.4639189977210672e+000	  7.6051259536865723e-001	  7.0542095301646002e-001	
  4.6200546624827066e+000	  4.5790572719709770e+000	  4.3456426800132810e+000	  9.6032377009164904e-001	  8.6707929796293504e-001	  9.0939776987238929e-001	  9.2484233241512170e-001	  7.9525846892309071e-001	  7.7656432231539707e-001	  2.7600274734324981e+000	  3.4634788006565023e+000	  7.6064136993535236e-001	  7.0554079732555341e-001	
  4.6203912412430981e+000	  4.5793106416668472e+000	  4.3459765995148425e+000	  9.6068594746887781e-001	  8.6737375468590161e-001	  9.0976632597523466e-001	  9.2488811443000229e-001	  7.9531700090429880e-001	  7.7654023065554190e-001	  2.7602307014439931e+000	  3.4637150328163004e+000	  7.6089230410320985e-001	  7.0580834498988132e-001	
  4.6201692049959542e+000	  4.5789438193809184e+000	  4.3458059284893062e+000	  9.6128722340547623e-001	  8.6785934894390271e-001	  9.1040080380955313e-001	  9.2481161148989177e-001	  7.9529308756605921e-001	  7.7637291462688562e-001	  2.7600266500816719e+000	  3.4635072543167245e+000	  7.6131779011255396e-001	  7.0624176145656525e-001	
