  1.9633981419202140e+001	
  1.9633980149775827e+001	
  1.9633977689301574e+001	
  1.9633974367167596e+001	
  1.9633943467561259e+001	
  1.9633916520314813e+001	
  1.9633910114975929e+001	
  1.9633929058114230e+001	
  1.9634008996888895e+001	
  1.9634145598633388e+001	
  1.9634329090638456e+001	
  1.9634550272028797e+001	
  1.9634801914115460e+001	
  1.9635286996378301e+001	
  1.9635819450136417e+001	
  1.9636373511346640e+001	
  1.9636923248204635e+001	
  1.9637453753268296e+001	
  1.9637967660623797e+001	
  1.9638517201128789e+001	
  1.9639086211292835e+001	
  1.9639685503791437e+001	
  1.9640313972608908e+001	
  1.9640963148406641e+001	
  1.9641621873397018e+001	
  1.9642629778207894e+001	
  1.9643649489447370e+001	
  1.9644680799658030e+001	
  1.9645727546311825e+001	
  1.9646790562864304e+001	
  1.9648217512632922e+001	
  1.9649673681810654e+001	
  1.9651140490424918e+001	
  1.9651572824857261e+001	
  1.9651999533612361e+001	
  1.9652427927155017e+001	
  1.9652863209202167e+001	
  1.9653305821158835e+001	
  1.9654561528941144e+001	
  1.9655846927284106e+001	
  1.9657115969282025e+001	
  1.9658361418376170e+001	
  1.9659611934042175e+001	
  1.9661609096574665e+001	
  1.9663044939496878e+001	
  1.9664491214237419e+001	
  1.9664696199334152e+001	
  1.9664912718976122e+001	
  1.9665135504094437e+001	
  1.9665358845025306e+001	
  1.9665776134097378e+001	
  1.9666180647577644e+001	
  1.9666573075615968e+001	
  1.9666956249323647e+001	
  1.9667662570646957e+001	
  1.9668357727112756e+001	
  1.9669047248650422e+001	
  1.9669733370844980e+001	
  1.9671018979159733e+001	
  1.9672287926088508e+001	
  1.9673534231871962e+001	
  1.9674753179316284e+001	
  1.9676895028997933e+001	
  1.9678931553817684e+001	
  1.9680859326490147e+001	
  1.9682677135992787e+001	
  1.9684969999466379e+001	
  1.9687080151751680e+001	
  1.9689021242916883e+001	
  1.9690803189498912e+001	
  1.9693190252602342e+001	
  1.9695288467305708e+001	
  1.9697138595085434e+001	
  1.9698761307975225e+001	
  1.9700176278944145e+001	
  1.9701781638285148e+001	
  1.9703121706474725e+001	
  1.9704229191577930e+001	
  1.9705122217183732e+001	
  1.9705827943280788e+001	
  1.9706587851170148e+001	
  1.9707097730644410e+001	
  1.9707387461669732e+001	
  1.9707477783734081e+001	
  1.9707411194526326e+001	
  1.9707073492584918e+001	
  1.9706550139451259e+001	
  1.9705848505333226e+001	
  1.9705025686343159e+001	
  1.9704143555085885e+001	
  1.9702737419758417e+001	
  1.9701252965683519e+001	
  1.9699707182090407e+001	
  1.9698178060474433e+001	
  1.9696641208750773e+001	
  1.9694693921010789e+001	
  1.9692699627193722e+001	
  1.9690869937512385e+001	
  1.9688870130327498e+001	
  1.9688364021541950e+001	
  1.9688097828833179e+001	
  1.9687794884734824e+001	
  1.9687513250383596e+001	
  1.9687254489828021e+001	
  1.9686728259104036e+001	
  1.9686226930446047e+001	
  1.9685733203214298e+001	
  1.9685241888897870e+001	
  1.9683750559563318e+001	
  1.9682462833581464e+001	
  1.9681922055487089e+001	
  1.9681466997108419e+001	
  1.9681034777220713e+001	
  1.9680104310073411e+001	
  1.9679235641436872e+001	
  1.9678324222774890e+001	
  1.9677070091175533e+001	
  1.9675753631420104e+001	
  1.9674616776669030e+001	
  1.9674094229508658e+001	
  1.9673649073031598e+001	
  1.9673216390257345e+001	
  1.9672067627120811e+001	
  1.9671041510132707e+001	
  1.9670086551063783e+001	
  1.9669516373315641e+001	
  1.9668876960727054e+001	
  1.9668375368853447e+001	
  1.9667827571919627e+001	
  1.9667122123885154e+001	
  1.9666418931344250e+001	
  1.9665735375728101e+001	
  1.9665642713089035e+001	
  1.9665513929329464e+001	
  1.9665375019931346e+001	
  1.9665249804890149e+001	
  1.9665010229829242e+001	
  1.9664785078250876e+001	
  1.9664567633845540e+001	
  1.9663923607300124e+001	
  1.9663349959243575e+001	
  1.9662731766687330e+001	
  1.9661905857099089e+001	
  1.9661020829622821e+001	
  1.9660294812459636e+001	
  1.9659929523538302e+001	
  1.9659649507882833e+001	
  1.9659379168264707e+001	
  1.9658699129500214e+001	
  1.9658073316929837e+001	
  1.9657384948522548e+001	
  1.9656721422039862e+001	
  1.9656380427293392e+001	
  1.9656124330753300e+001	
  1.9655871110007077e+001	
  1.9655210650010549e+001	
  1.9654605755736295e+001	
  1.9653923948817123e+001	
  1.9653500623629043e+001	
  1.9653237279317906e+001	
  1.9653057415100321e+001	
  1.9652898990656404e+001	
  1.9652580297580037e+001	
  1.9652272930850764e+001	
  1.9651960371885888e+001	
  1.9651041221335291e+001	
  1.9650176709772545e+001	
  1.9649793243732937e+001	
  1.9649508110390091e+001	
  1.9649170373282345e+001	
  1.9648759040808390e+001	
  1.9648294043555804e+001	
  1.9647947033897704e+001	
  1.9647524576128124e+001	
  1.9647478249837995e+001	
  1.9647358343130879e+001	
  1.9647226938524074e+001	
  1.9646952357658730e+001	
  1.9646705984625779e+001	
  1.9646449132272110e+001	
  1.9645812479508056e+001	
  1.9645163367161260e+001	
  1.9644643641424135e+001	
  1.9644457431028915e+001	
  1.9644358490780458e+001	
  1.9644288951441947e+001	
  1.9644168994158782e+001	
  1.9644047115692452e+001	
  1.9643922517430273e+001	
  1.9643414188855232e+001	
  1.9643004967052839e+001	
  1.9642844072826708e+001	
  1.9642759974698158e+001	
  1.9642706954225389e+001	
  1.9642616213603716e+001	
  1.9642523696363579e+001	
  1.9642427216350004e+001	
  1.9642069968187670e+001	
  1.9641768155256909e+001	
  1.9641568538090759e+001	
  1.9641483369080852e+001	
  1.9641343487311552e+001	
  1.9641186063016004e+001	
  1.9641013797087435e+001	
  1.9640864883035526e+001	
  1.9640501471746422e+001	
  1.9640162066740970e+001	
  1.9639783640571185e+001	
  1.9639822809786406e+001	
  1.9639730822270167e+001	
  1.9639646501911386e+001	
  1.9639521790820559e+001	
  1.9639415074100835e+001	
  1.9639306294904433e+001	
  1.9638966627498380e+001	
  1.9638629299337815e+001	
  1.9638358234218554e+001	
  1.9638119113278286e+001	
  1.9638151295840515e+001	
  1.9638051306227727e+001	
  1.9637991706750419e+001	
  1.9637908184976350e+001	
  1.9637832699850303e+001	
  1.9637755557385233e+001	
  1.9637440103880838e+001	
  1.9637129464298535e+001	
  1.9636905966407436e+001	
