 -6.0003381247086818e-001	 -6.0003381247097920e-001	 -6.0003381247064613e-001	 -6.0003381247064613e-001	 -6.0003381247086818e-001	 -6.0003381247086818e-001	 -6.0003381247086818e-001	 -6.0003381247064613e-001	 -6.0003381247053511e-001	 -6.0003381247053511e-001	 -6.0003381247086818e-001	 -6.0003381247064613e-001	 -6.0003381247086818e-001	
 -6.0003381162743175e-001	 -6.0003381108686416e-001	 -6.0003380950990337e-001	 -6.0003380879070090e-001	 -6.0003380591711064e-001	 -6.0003380182327426e-001	 -6.0003379640727328e-001	 -6.0003378950013175e-001	 -6.0003378117523543e-001	 -6.0003377149986381e-001	 -6.0003376084316606e-001	 -6.0003374969752610e-001	 -6.0003372744488193e-001	
 -6.0003380910966797e-001	 -6.0003380695994313e-001	 -6.0003380071305124e-001	 -6.0003379787698652e-001	 -6.0003378661710460e-001	 -6.0003377077955111e-001	 -6.0003375021577821e-001	 -6.0003372457551052e-001	 -6.0003369461592015e-001	 -6.0003366105765288e-001	 -6.0003362566574125e-001	 -6.0003359043359072e-001	 -6.0003352541027066e-001	
 -6.0003380437201326e-001	 -6.0003379920503530e-001	 -6.0003378425654841e-001	 -6.0003377750061926e-001	 -6.0003375086692401e-001	 -6.0003371392614024e-001	 -6.0003366685201787e-001	 -6.0003360966665031e-001	 -6.0003354490523186e-001	 -6.0003347509884897e-001	 -6.0003340467884581e-001	 -6.0003333788838376e-001	 -6.0003322372770285e-001	
 -6.0003369487204861e-001	 -6.0003362235827584e-001	 -6.0003342308778684e-001	 -6.0003333771951883e-001	 -6.0003302690947447e-001	 -6.0003265389541038e-001	 -6.0003225600069321e-001	 -6.0003186169432787e-001	 -6.0003150278875594e-001	 -6.0003119280938044e-001	 -6.0003094029847936e-001	 -6.0003074346248741e-001	 -6.0003047884038541e-001	
 -6.0003348965043113e-001	 -6.0003329535340821e-001	 -6.0003278061060428e-001	 -6.0003256856111520e-001	 -6.0003184137347176e-001	 -6.0003106028250208e-001	 -6.0003033760314128e-001	 -6.0002973452877306e-001	 -6.0002928396185595e-001	 -6.0002897089950213e-001	 -6.0002876849163389e-001	 -6.0002864374963938e-001	 -6.0002852183960176e-001	
 -6.0003327878976886e-001	 -6.0003296783417426e-001	 -6.0003218368309685e-001	 -6.0003187776425104e-001	 -6.0003091486893201e-001	 -6.0003004037600949e-001	 -6.0002940311831843e-001	 -6.0002902608902176e-001	 -6.0002886331578242e-001	 -6.0002883335286139e-001	 -6.0002886846688419e-001	 -6.0002892480481851e-001	 -6.0002903106948224e-001	
 -6.0003317870327422e-001	 -6.0003282859821816e-001	 -6.0003201674330153e-001	 -6.0003173102296525e-001	 -6.0003097443250830e-001	 -6.0003054101498421e-001	 -6.0003049222923099e-001	 -6.0003071950220921e-001	 -6.0003106331074640e-001	 -6.0003140999320692e-001	 -6.0003170263778216e-001	 -6.0003192938040684e-001	 -6.0003222973492587e-001	
 -6.0003350667858779e-001	 -6.0003340293401930e-001	 -6.0003339060121785e-001	 -6.0003349542880891e-001	 -6.0003421728005435e-001	 -6.0003553278353827e-001	 -6.0003710394329612e-001	 -6.0003859038482155e-001	 -6.0003978288447612e-001	 -6.0004067025576369e-001	 -6.0004130340174378e-001	 -6.0004175165484508e-001	 -6.0004231297317023e-001	
 -6.0003478327474991e-001	 -6.0003549828246960e-001	 -6.0003771907846115e-001	 -6.0003878441816649e-001	 -6.0004246124545357e-001	 -6.0004646286804242e-001	 -6.0004994553264357e-001	 -6.0005259890338891e-001	 -6.0005445087718545e-001	 -6.0005573051158390e-001	 -6.0005661763951057e-001	 -6.0005724154221785e-001	 -6.0005802256091201e-001	
 -6.0003734465652325e-001	 -6.0003961849086629e-001	 -6.0004573384830895e-001	 -6.0004836437854703e-001	 -6.0005609579405483e-001	 -6.0006304918491793e-001	 -6.0006821861480208e-001	 -6.0007176408982676e-001	 -6.0007412167040197e-001	 -6.0007573242626400e-001	 -6.0007684967511299e-001	 -6.0007763474623221e-001	 -6.0007861290189979e-001	
 -6.0004144917613633e-001	 -6.0004613413011665e-001	 -6.0005782537020380e-001	 -6.0006256332489905e-001	 -6.0007489161095773e-001	 -6.0008458487759153e-001	 -6.0009111618608557e-001	 -6.0009539845207183e-001	 -6.0009822155770998e-001	 -6.0010014978995052e-001	 -6.0010148224398652e-001	 -6.0010241348762428e-001	 -6.0010356864281800e-001	
 -6.0004729776075294e-001	 -6.0005532163065478e-001	 -6.0007416720464501e-001	 -6.0008144402234898e-001	 -6.0009845007169549e-001	 -6.0011053523556512e-001	 -6.0011822933037084e-001	 -6.0012319924818147e-001	 -6.0012646244600454e-001	 -6.0012867765713018e-001	 -6.0013019985305505e-001	 -6.0013126074309753e-001	 -6.0013257612812065e-001	
 -6.0006173221371917e-001	 -6.0007772609604881e-001	 -6.0011195784059890e-001	 -6.0012426132161067e-001	 -6.0014878772352009e-001	 -6.0016428512910114e-001	 -6.0017368103548741e-001	 -6.0017967780634507e-001	 -6.0018358064040100e-001	 -6.0018621391499938e-001	 -6.0018802219641287e-001	 -6.0018928211136302e-001	 -6.0019084662832345e-001	
 -6.0008230992025791e-001	 -6.0010928384557349e-001	 -6.0016201949886216e-001	 -6.0017967764469660e-001	 -6.0021040417268523e-001	 -6.0022851456131843e-001	 -6.0023927691721379e-001	 -6.0024604071917675e-001	 -6.0025042624101133e-001	 -6.0025337848979010e-001	 -6.0025539453190113e-001	 -6.0025680507347356e-001	 -6.0025855264556061e-001	
 -6.0010933134813094e-001	 -6.0015025186399562e-001	 -6.0022320411234897e-001	 -6.0024592305019109e-001	 -6.0028121771715792e-001	 -6.0030116194087491e-001	 -6.0031282489825255e-001	 -6.0032012522270861e-001	 -6.0032482033078871e-001	 -6.0032797806230942e-001	 -6.0033015453542227e-001	 -6.0033166708928221e-001	 -6.0033355006539058e-001	
 -6.0014279867182108e-001	 -6.0020037391583791e-001	 -6.0029371758241190e-001	 -6.0032074452232020e-001	 -6.0035902787947126e-001	 -6.0038009658003322e-001	 -6.0039229477470979e-001	 -6.0039992834259870e-001	 -6.0040484316714604e-001	 -6.0040815554085469e-001	 -6.0041043590663978e-001	 -6.0041202566130103e-001	 -6.0041400468602291e-001	
 -6.0018249067816942e-001	 -6.0025901331983711e-001	 -6.0037158623693632e-001	 -6.0040195959687459e-001	 -6.0044192147434838e-001	 -6.0046358051257798e-001	 -6.0047608825908316e-001	 -6.0048391846279081e-001	 -6.0048897472197993e-001	 -6.0049238442760888e-001	 -6.0049472795375980e-001	 -6.0049636601500200e-001	 -6.0049840637865781e-001	
 -6.0022802869863501e-001	 -6.0032527690834225e-001	 -6.0045493804061767e-001	 -6.0048768698262034e-001	 -6.0052832399271061e-001	 -6.0055018750071465e-001	 -6.0056281627074437e-001	 -6.0057071991470590e-001	 -6.0057582828976219e-001	 -6.0057927490708707e-001	 -6.0058164656828783e-001	 -6.0058330593182330e-001	 -6.0058537590235161e-001	
 -6.0028275994805647e-001	 -6.0040353850465689e-001	 -6.0054841414369786e-001	 -6.0058273593577294e-001	 -6.0062325926313331e-001	 -6.0064499541423455e-001	 -6.0065754917859593e-001	 -6.0066541087266945e-001	 -6.0067049723577792e-001	 -6.0067393547880155e-001	 -6.0067630543669814e-001	 -6.0067796528806561e-001	 -6.0068003898294808e-001	
 -6.0034293814925643e-001	 -6.0048789680255954e-001	 -6.0064441673524094e-001	 -6.0067944932229445e-001	 -6.0071920270965418e-001	 -6.0074051518232974e-001	 -6.0075283172689176e-001	 -6.0076056259295019e-001	 -6.0076557567922961e-001	 -6.0076896796701362e-001	 -6.0077130893632091e-001	 -6.0077295013882814e-001	 -6.0077500356237046e-001	
 -6.0040780672432348e-001	 -6.0057689088588440e-001	 -6.0074143745936226e-001	 -6.0077647445777593e-001	 -6.0081500737074744e-001	 -6.0083570400959463e-001	 -6.0084769994817044e-001	 -6.0085524964770265e-001	 -6.0086015395199865e-001	 -6.0086347948284935e-001	 -6.0086577706197630e-001	 -6.0086739147680035e-001	 -6.0086941410830708e-001	
 -6.0047662628082143e-001	 -6.0066916903289691e-001	 -6.0083837572999510e-001	 -6.0087290527099935e-001	 -6.0090999432937942e-001	 -6.0093000968830523e-001	 -6.0094165888058271e-001	 -6.0094901025953273e-001	 -6.0095379825730877e-001	 -6.0095705166207658e-001	 -6.0095930406178777e-001	 -6.0096088811834036e-001	 -6.0096287633226719e-001	
 -6.0054872734371934e-001	 -6.0076358995397872e-001	 -6.0093458452659121e-001	 -6.0096830923828115e-001	 -6.0100392027839789e-001	 -6.0102326696054309e-001	 -6.0103457137661298e-001	 -6.0104172892561092e-001	 -6.0104640547076205e-001	 -6.0104958728923741e-001	 -6.0105179400493647e-001	 -6.0105334749216421e-001	 -6.0105530088783166e-001	
 -6.0062352768941452e-001	 -6.0085924817498970e-001	 -6.0102976174003508e-001	 -6.0106255016834087e-001	 -6.0109673867125846e-001	 -6.0111544151908447e-001	 -6.0112641222209717e-001	 -6.0113338282041795e-001	 -6.0113794721372571e-001	 -6.0114105882291824e-001	 -6.0114321963866679e-001	 -6.0114474361994130e-001	 -6.0114666231869673e-001	
 -6.0074036805990438e-001	 -6.0100451956712764e-001	 -6.0117138050586050e-001	 -6.0120273105834787e-001	 -6.0123507112785912e-001	 -6.0125296584778720e-001	 -6.0126356993872587e-001	 -6.0127035548673824e-001	 -6.0127479966542996e-001	 -6.0127786536967598e-001	 -6.0127999268733134e-001	 -6.0128150156191218e-001	 -6.0128340256304647e-001	
 -6.0086093784250671e-001	 -6.0114966430935279e-001	 -6.0131077710867675e-001	 -6.0134088730801061e-001	 -6.0137150850614329e-001	 -6.0138865608461156e-001	 -6.0139878025333715e-001	 -6.0140525151386459e-001	 -6.0140957810916884e-001	 -6.0141246322575892e-001	 -6.0141450079820302e-001	 -6.0141592244900011e-001	 -6.0141773432076384e-001	
 -6.0098393153129592e-001	 -6.0129313088241876e-001	 -6.0144700097719550e-001	 -6.0147563644508129e-001	 -6.0150445052242763e-001	 -6.0152061988316685e-001	 -6.0153023736886357e-001	 -6.0153642759064319e-001	 -6.0154048045846231e-001	 -6.0154331162365349e-001	 -6.0154527270628311e-001	 -6.0154668090361962e-001	 -6.0154845265047996e-001	
 -6.0110811187030766e-001	 -6.0143355548158972e-001	 -6.0157908376501368e-001	 -6.0160607772163921e-001	 -6.0163306944072126e-001	 -6.0164830278897075e-001	 -6.0165744457618686e-001	 -6.0166335384348457e-001	 -6.0166724860888365e-001	 -6.0166995483479369e-001	 -6.0167183843584660e-001	 -6.0167317885173599e-001	 -6.0167487300877287e-001	
 -6.0123241630971602e-001	 -6.0157000724192500e-001	 -6.0170669557957357e-001	 -6.0173212109648766e-001	 -6.0175745019774851e-001	 -6.0177187978827096e-001	 -6.0178056426030135e-001	 -6.0178618534501016e-001	 -6.0178991814285876e-001	 -6.0179248600644719e-001	 -6.0179428833218029e-001	 -6.0179556906947429e-001	 -6.0179719611985760e-001	
 -6.0139413831672428e-001	 -6.0174244672439592e-001	 -6.0186807927242736e-001	 -6.0189181192527030e-001	 -6.0191540397924737e-001	 -6.0192900423261531e-001	 -6.0193723325951964e-001	 -6.0194259333390399e-001	 -6.0194617486797330e-001	 -6.0194865255247532e-001	 -6.0195039683763607e-001	 -6.0195164074383634e-001	 -6.0195322605294255e-001	
 -6.0155403440276256e-001	 -6.0190872439791487e-001	 -6.0202477179382985e-001	 -6.0204720740875128e-001	 -6.0206937393447735e-001	 -6.0208225429381201e-001	 -6.0209009237044420e-001	 -6.0209522141718708e-001	 -6.0209865785454397e-001	 -6.0210104168878509e-001	 -6.0210271875948962e-001	 -6.0210391523252138e-001	 -6.0210544219940765e-001	
 -6.0171169762823773e-001	 -6.0206981245303215e-001	 -6.0217761935366099e-001	 -6.0219889377555180e-001	 -6.0221978849239743e-001	 -6.0223203171816397e-001	 -6.0223953428262256e-001	 -6.0224446637680007e-001	 -6.0224778203754603e-001	 -6.0225008941328095e-001	 -6.0225171902172914e-001	 -6.0225288490844964e-001	 -6.0225437846739283e-001	
 -6.0175846520826859e-001	 -6.0211708426205490e-001	 -6.0222246320729145e-001	 -6.0224330731106779e-001	 -6.0226372044935861e-001	 -6.0227566177772918e-001	 -6.0228294885511513e-001	 -6.0228771091652700e-001	 -6.0229089225294352e-001	 -6.0229309616977034e-001	 -6.0229464315686432e-001	 -6.0229574417580700e-001	 -6.0229714689985503e-001	
 -6.0180487514815972e-001	 -6.0216355079045769e-001	 -6.0226624895354242e-001	 -6.0228653421945388e-001	 -6.0230630300328603e-001	 -6.0231781404329610e-001	 -6.0232480629807128e-001	 -6.0232937604032255e-001	 -6.0233243770546618e-001	 -6.0233455540115166e-001	 -6.0233605568849047e-001	 -6.0233713199031591e-001	 -6.0233851223157053e-001	
 -6.0185090354625270e-001	 -6.0220922686826661e-001	 -6.0230917645176518e-001	 -6.0232890757572211e-001	 -6.0234812229797985e-001	 -6.0235936103192333e-001	 -6.0236625151455225e-001	 -6.0237080344638372e-001	 -6.0237388317618823e-001	 -6.0237604902924069e-001	 -6.0237758589964940e-001	 -6.0237868913048942e-001	 -6.0238011052349272e-001	
 -6.0189661829568308e-001	 -6.0225440670313990e-001	 -6.0235191332302929e-001	 -6.0237128024787090e-001	 -6.0239026425579212e-001	 -6.0240152661150681e-001	 -6.0240852930759647e-001	 -6.0241318800990928e-001	 -6.0241634960600532e-001	 -6.0241857725962245e-001	 -6.0242015065736787e-001	 -6.0242127784460031e-001	 -6.0242272544186459e-001	
 -6.0194212129749403e-001	 -6.0229942909906242e-001	 -6.0239500819914138e-001	 -6.0241422433682246e-001	 -6.0243324301556544e-001	 -6.0244464596714842e-001	 -6.0245178558337997e-001	 -6.0245651514745369e-001	 -6.0245960341442917e-001	 -6.0246197257685097e-001	 -6.0246356632820408e-001	 -6.0246467092961442e-001	 -6.0246616462455993e-001	
 -6.0206689594466400e-001	 -6.0242398100984751e-001	 -6.0251648845888184e-001	 -6.0253597095705214e-001	 -6.0255545509657615e-001	 -6.0256726261331828e-001	 -6.0257463706836489e-001	 -6.0257947307673643e-001	 -6.0258273617785907e-001	 -6.0258504225196852e-001	 -6.0258667535273425e-001	 -6.0258784391209463e-001	 -6.0258935653423329e-001	
 -6.0219156565932686e-001	 -6.0255052718605207e-001	 -6.0264153466738080e-001	 -6.0266118692142712e-001	 -6.0268039386524030e-001	 -6.0269186619354986e-001	 -6.0269897949405404e-001	 -6.0270366052539437e-001	 -6.0270685979380012e-001	 -6.0270908918402810e-001	 -6.0271067749173568e-001	 -6.0271181513182892e-001	 -6.0271327441507871e-001	
 -6.0231605481220196e-001	 -6.0267757549348211e-001	 -6.0276603632658521e-001	 -6.0278502407595802e-001	 -6.0280324372630201e-001	 -6.0281413843410458e-001	 -6.0282097157993153e-001	 -6.0282547673240483e-001	 -6.0282858499249858e-001	 -6.0283071867928140e-001	 -6.0283228290369806e-001	 -6.0283338347133508e-001	 -6.0283483230372248e-001	
 -6.0243990278008308e-001	 -6.0280315690242059e-001	 -6.0288781144390846e-001	 -6.0290589816991424e-001	 -6.0292334745293275e-001	 -6.0293394521482302e-001	 -6.0294061332633042e-001	 -6.0294505711677715e-001	 -6.0294808808147859e-001	 -6.0295022888245953e-001	 -6.0295174462576817e-001	 -6.0295284534028770e-001	 -6.0295425481260434e-001	
 -6.0256282728976540e-001	 -6.0292672891104626e-001	 -6.0300765756382546e-001	 -6.0302523468946934e-001	 -6.0304230552499227e-001	 -6.0305273353933320e-001	 -6.0305925851855680e-001	 -6.0306365410611740e-001	 -6.0306662972742231e-001	 -6.0306875348681288e-001	 -6.0307024287920008e-001	 -6.0307132760673010e-001	 -6.0307272186521654e-001	
 -6.0275067003556781e-001	 -6.0311543200464168e-001	 -6.0319212069226413e-001	 -6.0320927163393101e-001	 -6.0322591919148572e-001	 -6.0323614249846447e-001	 -6.0324257216892718e-001	 -6.0324690996171881e-001	 -6.0324987472171188e-001	 -6.0325197576072132e-001	 -6.0325347487377723e-001	 -6.0325455857235255e-001	 -6.0325596525401259e-001	
 -6.0288218205573063e-001	 -6.0324684263524109e-001	 -6.0332066326151956e-001	 -6.0333733735573603e-001	 -6.0335323427140874e-001	 -6.0336296676910539e-001	 -6.0336905832003573e-001	 -6.0337314186287294e-001	 -6.0337597590964798e-001	 -6.0337794276787982e-001	 -6.0337935174492596e-001	 -6.0338037407536849e-001	 -6.0338169034557243e-001	
 -6.0301235676984977e-001	 -6.0337604169524717e-001	 -6.0344674844314827e-001	 -6.0346275140132910e-001	 -6.0347798087867499e-001	 -6.0348733062154380e-001	 -6.0349329640341232e-001	 -6.0349733701925423e-001	 -6.0350005257259198e-001	 -6.0350202805137254e-001	 -6.0350343867110467e-001	 -6.0350445320778157e-001	 -6.0350578676493516e-001	
 -6.0302989723981515e-001	 -6.0339340944748354e-001	 -6.0346373863295888e-001	 -6.0347968502383331e-001	 -6.0349489431210657e-001	 -6.0350427805477835e-001	 -6.0351028174421284e-001	 -6.0351435997352265e-001	 -6.0351715088469149e-001	 -6.0351916149725682e-001	 -6.0352060709867317e-001	 -6.0352165829680171e-001	 -6.0352303385857731e-001	
 -6.0304743597183741e-001	 -6.0341086321402670e-001	 -6.0348094794404616e-001	 -6.0349691519745452e-001	 -6.0351221972554381e-001	 -6.0352175026501254e-001	 -6.0352789020434727e-001	 -6.0353209741215164e-001	 -6.0353501914611751e-001	 -6.0353712561522777e-001	 -6.0353865099960213e-001	 -6.0353976459381897e-001	 -6.0354122895744933e-001	
 -6.0306498841744549e-001	 -6.0342845126082345e-001	 -6.0349844488494231e-001	 -6.0351450628781667e-001	 -6.0353000308432936e-001	 -6.0353974827787038e-001	 -6.0354606571266789e-001	 -6.0355041608206594e-001	 -6.0355345143525696e-001	 -6.0355563009850677e-001	 -6.0355720278781888e-001	 -6.0355834665914987e-001	 -6.0355983685012049e-001	
 -6.0308255880436867e-001	 -6.0344618001828554e-001	 -6.0351621441545600e-001	 -6.0353241169819327e-001	 -6.0354813786933637e-001	 -6.0355808832357472e-001	 -6.0356455249954699e-001	 -6.0356901491298576e-001	 -6.0357203565930551e-001	 -6.0357424925738812e-001	 -6.0357583228043410e-001	 -6.0357694051238475e-001	 -6.0357844346647926e-001	
 -6.0311608361540703e-001	 -6.0348016137101723e-001	 -6.0355033000802916e-001	 -6.0356673600259203e-001	 -6.0358275091731972e-001	 -6.0359287747002721e-001	 -6.0359939550869157e-001	 -6.0360383121194072e-001	 -6.0360682940374666e-001	 -6.0360897918210199e-001	 -6.0361050764801139e-001	 -6.0361159887001303e-001	 -6.0361302998646060e-001	
 -6.0314956960183519e-001	 -6.0351409721226545e-001	 -6.0358425359352541e-001	 -6.0360070590892434e-001	 -6.0361673837761032e-001	 -6.0362676678482607e-001	 -6.0363312804778690e-001	 -6.0363739619428980e-001	 -6.0364029582959944e-001	 -6.0364234068310818e-001	 -6.0364379647004363e-001	 -6.0364484760622172e-001	 -6.0364620747532793e-001	
 -6.0318293032302073e-001	 -6.0354764708270281e-001	 -6.0361744529757733e-001	 -6.0363372913085911e-001	 -6.0364950947866536e-001	 -6.0365924875294130e-001	 -6.0366535919531561e-001	 -6.0366943496648062e-001	 -6.0367220923285281e-001	 -6.0367416097051319e-001	 -6.0367555236295889e-001	 -6.0367655700310774e-001	 -6.0367785698156595e-001	
 -6.0321608111191249e-001	 -6.0358053318509963e-001	 -6.0364956572389605e-001	 -6.0366549423918059e-001	 -6.0368084302597769e-001	 -6.0369021502248987e-001	 -6.0369606483001714e-001	 -6.0369996464515463e-001	 -6.0370262031383959e-001	 -6.0370449033642082e-001	 -6.0370582310087517e-001	 -6.0370678430488045e-001	 -6.0370802837728110e-001	
 -6.0327746556598782e-001	 -6.0363985820732768e-001	 -6.0370658214081718e-001	 -6.0372159106680812e-001	 -6.0373600101515379e-001	 -6.0374471359647686e-001	 -6.0375014362124002e-001	 -6.0375376609345111e-001	 -6.0375623279507185e-001	 -6.0375796972278462e-001	 -6.0375920697408603e-001	 -6.0376009912499473e-001	 -6.0376125284555826e-001	
 -6.0333748341356852e-001	 -6.0369560265516320e-001	 -6.0375923541455823e-001	 -6.0377318303850291e-001	 -6.0378662854321252e-001	 -6.0379473175564691e-001	 -6.0379978059177386e-001	 -6.0380314344110619e-001	 -6.0380542788629477e-001	 -6.0380703334317332e-001	 -6.0380817499339212e-001	 -6.0380899685386069e-001	 -6.0381005869625248e-001	
 -6.0339581659163422e-001	 -6.0374744203994801e-001	 -6.0380757559819198e-001	 -6.0382045895635006e-001	 -6.0383297618327170e-001	 -6.0384049879935731e-001	 -6.0384517254818970e-001	 -6.0384827502124594e-001	 -6.0385037850652079e-001	 -6.0385185347533454e-001	 -6.0385290113007528e-001	 -6.0385365508941469e-001	 -6.0385462729384276e-001	
 -6.0345220466673233e-001	 -6.0379530708620788e-001	 -6.0385180258915039e-001	 -6.0386367391718210e-001	 -6.0387530421179836e-001	 -6.0388226822516433e-001	 -6.0388657955290359e-001	 -6.0388943435940590e-001	 -6.0389136826388690e-001	 -6.0389272252814319e-001	 -6.0389368374091923e-001	 -6.0389437503671761e-001	 -6.0389526583559672e-001	
 -6.0355264290934407e-001	 -6.0387564320152354e-001	 -6.0392557656618884e-001	 -6.0393576626216472e-001	 -6.0394592600476749e-001	 -6.0395197923313049e-001	 -6.0395571804172654e-001	 -6.0395818832548187e-001	 -6.0395986037908855e-001	 -6.0396102940707408e-001	 -6.0396185844890926e-001	 -6.0396245436933338e-001	 -6.0396322109035339e-001	
 -6.0364508448507159e-001	 -6.0394439450883741e-001	 -6.0398857195842481e-001	 -6.0399740848027239e-001	 -6.0400635970958572e-001	 -6.0401167812418333e-001	 -6.0401496256179410e-001	 -6.0401713132218759e-001	 -6.0401858816117038e-001	 -6.0401961315870167e-001	 -6.0402033792283927e-001	 -6.0402085667421446e-001	 -6.0402152646577001e-001	
 -6.0372952502663058e-001	 -6.0400372815505587e-001	 -6.0404318679074809e-001	 -6.0405097987437095e-001	 -6.0405899661686302e-001	 -6.0406376321764377e-001	 -6.0406670583634803e-001	 -6.0406864847095676e-001	 -6.0406995482886749e-001	 -6.0407087314906516e-001	 -6.0407152205621539e-001	 -6.0407198681300400e-001	 -6.0407258565642330e-001	
 -6.0380638239621032e-001	 -6.0405582273304059e-001	 -6.0409164179298092e-001	 -6.0409867503197212e-001	 -6.0410602967686522e-001	 -6.0411041649099939e-001	 -6.0411312704278242e-001	 -6.0411491845069332e-001	 -6.0411612322808228e-001	 -6.0411697080831050e-001	 -6.0411756931477711e-001	 -6.0411799748394390e-001	 -6.0411854950559452e-001	
 -6.0393006692704976e-001	 -6.0413878485732209e-001	 -6.0417020970249258e-001	 -6.0417632332943061e-001	 -6.0418296651187919e-001	 -6.0418693095742881e-001	 -6.0418940462292348e-001	 -6.0419104324838102e-001	 -6.0419210545592517e-001	 -6.0419288435398233e-001	 -6.0419342820716704e-001	 -6.0419381173726361e-001	 -6.0419431544156410e-001	
 -6.0403590738733470e-001	 -6.0421163252355470e-001	 -6.0424111639134637e-001	 -6.0424689507609930e-001	 -6.0425333128599767e-001	 -6.0425721199475202e-001	 -6.0425960961130176e-001	 -6.0426119435241787e-001	 -6.0426227149301681e-001	 -6.0426302484073435e-001	 -6.0426355503195861e-001	 -6.0426393624590791e-001	 -6.0426442396277480e-001	
 -6.0412858148972681e-001	 -6.0427949408092818e-001	 -6.0430868102956392e-001	 -6.0431444896313913e-001	 -6.0432090672635219e-001	 -6.0432478736138773e-001	 -6.0432717039493600e-001	 -6.0432872979088170e-001	 -6.0432979538516118e-001	 -6.0433053109487656e-001	 -6.0433104404677973e-001	 -6.0433141594828932e-001	 -6.0433189344732963e-001	
 -6.0421185030457014e-001	 -6.0434463725589360e-001	 -6.0437395436307995e-001	 -6.0437982271688284e-001	 -6.0438617769731362e-001	 -6.0439015449520461e-001	 -6.0439241716880865e-001	 -6.0439370924014746e-001	 -6.0439498416686721e-001	 -6.0439567405157213e-001	 -6.0439607905760084e-001	 -6.0439648636501087e-001	 -6.0439713872684209e-001	
 -6.0431433298102633e-001	 -6.0442929132797918e-001	 -6.0445870568226479e-001	 -6.0446433142535838e-001	 -6.0447061852497708e-001	 -6.0447437561916839e-001	 -6.0447661933560326e-001	 -6.0447805312191516e-001	 -6.0447906974692156e-001	 -6.0447975349386951e-001	 -6.0448022101577958e-001	 -6.0448056667050665e-001	 -6.0448100970966756e-001	
 -6.0440745858603151e-001	 -6.0450987435956005e-001	 -6.0453916709890532e-001	 -6.0454458167003011e-001	 -6.0455081993238124e-001	 -6.0455445553408982e-001	 -6.0455667226055887e-001	 -6.0455813981918904e-001	 -6.0455909185752610e-001	 -6.0455974277828783e-001	 -6.0456022104105056e-001	 -6.0456054384971925e-001	 -6.0456095531624676e-001	
 -6.0449346441326934e-001	 -6.0458633530424688e-001	 -6.0461524265442712e-001	 -6.0462043880127325e-001	 -6.0462654637316593e-001	 -6.0463008280065011e-001	 -6.0463222660789295e-001	 -6.0463359658813332e-001	 -6.0463450372172378e-001	 -6.0463514733066770e-001	 -6.0463557500367582e-001	 -6.0463589079828850e-001	 -6.0463628940254921e-001	
 -6.0457327652307935e-001	 -6.0465801668929675e-001	 -6.0468604881624977e-001	 -6.0469096463455774e-001	 -6.0469678921781789e-001	 -6.0470013087032815e-001	 -6.0470213318031263e-001	 -6.0470341004015271e-001	 -6.0470425969672004e-001	 -6.0470484683294856e-001	 -6.0470524995026587e-001	 -6.0470553824698570e-001	 -6.0470590380645728e-001	
 -6.0468123867118972e-001	 -6.0475469511811486e-001	 -6.0478030696298202e-001	 -6.0478466186064672e-001	 -6.0478982676170912e-001	 -6.0479274933455951e-001	 -6.0479448183059503e-001	 -6.0479559529269533e-001	 -6.0479632591536880e-001	 -6.0479682271341595e-001	 -6.0479716746353329e-001	 -6.0479741270458298e-001	 -6.0479772232002738e-001	
 -6.0477620053922543e-001	 -6.0483912785536109e-001	 -6.0486224017852752e-001	 -6.0486627981959362e-001	 -6.0487103673811937e-001	 -6.0487375115270137e-001	 -6.0487534759767758e-001	 -6.0487645014561942e-001	 -6.0487718501678334e-001	 -6.0487758907878941e-001	 -6.0487796036468033e-001	 -6.0487817455689985e-001	 -6.0487847321299970e-001	
 -6.0485923589903567e-001	 -6.0491289224307021e-001	 -6.0493423177809813e-001	 -6.0493761598423568e-001	 -6.0494209476258387e-001	 -6.0494456995607848e-001	 -6.0494609006545019e-001	 -6.0494695922652664e-001	 -6.0494746511363662e-001	 -6.0494797116483756e-001	 -6.0494817901746156e-001	 -6.0494839830860236e-001	 -6.0494863328630633e-001	
 -6.0493067351397034e-001	 -6.0497597003206227e-001	 -6.0499471876029887e-001	 -6.0499753996523520e-001	 -6.0500125619467049e-001	 -6.0500323787604504e-001	 -6.0500440717137227e-001	 -6.0500513680961099e-001	 -6.0500557746057115e-001	 -6.0500590384360287e-001	 -6.0500612884240024e-001	 -6.0500627950832442e-001	 -6.0500645698224886e-001	
 -6.0499071273967253e-001	 -6.0502818152641247e-001	 -6.0504358586221940e-001	 -6.0504612673306646e-001	 -6.0504906531844149e-001	 -6.0505072844019292e-001	 -6.0505165057933574e-001	 -6.0505229949003869e-001	 -6.0505277003020108e-001	 -6.0505299710333915e-001	 -6.0505320828097009e-001	 -6.0505333893412505e-001	 -6.0505352146422720e-001	
 -6.0505508314756540e-001	 -6.0508346932364176e-001	 -6.0509556486487703e-001	 -6.0509755033166801e-001	 -6.0510001545999170e-001	 -6.0510139883540592e-001	 -6.0510219367904128e-001	 -6.0510269396130134e-001	 -6.0510302356042711e-001	 -6.0510324080398359e-001	 -6.0510338930130914e-001	 -6.0510349476794456e-001	 -6.0510362723364963e-001	
 -6.0510527512491752e-001	 -6.0512696417647227e-001	 -6.0513722823340999e-001	 -6.0513883116175560e-001	 -6.0514103036657385e-001	 -6.0514220818885800e-001	 -6.0514287856250348e-001	 -6.0514329562610936e-001	 -6.0514356783125667e-001	 -6.0514374537001814e-001	 -6.0514388004040409e-001	 -6.0514396958277761e-001	 -6.0514407289224970e-001	
 -6.0514443738890478e-001	 -6.0516115026576500e-001	 -6.0516942460597800e-001	 -6.0517061716802711e-001	 -6.0517223331280068e-001	 -6.0517306413832017e-001	 -6.0517354543032642e-001	 -6.0517383362479471e-001	 -6.0517401781767788e-001	 -6.0517414532224034e-001	 -6.0517421521100179e-001	 -6.0517427291728598e-001	 -6.0517435120222007e-001	
 -6.0517340067645087e-001	 -6.0518554069455277e-001	 -6.0519107756862311e-001	 -6.0519183386953390e-001	 -6.0519277490977963e-001	 -6.0519326786212524e-001	 -6.0519355112709228e-001	 -6.0519372067979749e-001	 -6.0519381586776611e-001	 -6.0519389592961215e-001	 -6.0519394074665112e-001	 -6.0519397014557885e-001	 -6.0519401658698513e-001	
 -6.0519262473412994e-001	 -6.0520042792011619e-001	 -6.0520351127146821e-001	 -6.0520392862961625e-001	 -6.0520445237266518e-001	 -6.0520473301750588e-001	 -6.0520488711657272e-001	 -6.0520498354643681e-001	 -6.0520504425942701e-001	 -6.0520508611183743e-001	 -6.0520511601791505e-001	 -6.0520513591144631e-001	 -6.0520515963613519e-001	
 -6.0520611643499755e-001	 -6.0520889946935608e-001	 -6.0520947459175023e-001	 -6.0520947461162322e-001	 -6.0520953791065590e-001	 -6.0520954027276641e-001	 -6.0520953758791407e-001	 -6.0520953229381558e-001	 -6.0520953818576917e-001	 -6.0520952997744626e-001	 -6.0520952608233980e-001	 -6.0520952660980676e-001	 -6.0520952238685144e-001	
 -6.0520711532341398e-001	 -6.0520690361631768e-001	 -6.0520617752291006e-001	 -6.0520600135360869e-001	 -6.0520579005129971e-001	 -6.0520565258614933e-001	 -6.0520554880294508e-001	 -6.0520549823339653e-001	 -6.0520547173636974e-001	 -6.0520543658115766e-001	 -6.0520543974706964e-001	 -6.0520543019926265e-001	 -6.0520540740716111e-001	
 -6.0519846200413063e-001	 -6.0519597530095393e-001	 -6.0519341093712153e-001	 -6.0519285923066324e-001	 -6.0519199838893201e-001	 -6.0519151295779228e-001	 -6.0519133417458182e-001	 -6.0519116209400980e-001	 -6.0519101890288418e-001	 -6.0519099716016544e-001	 -6.0519085147403562e-001	 -6.0519080191956398e-001	 -6.0519080194332275e-001	
 -6.0518011976185004e-001	 -6.0517508309232415e-001	 -6.0517024869255476e-001	 -6.0516946785038606e-001	 -6.0516808389443622e-001	 -6.0516737896854078e-001	 -6.0516696247447932e-001	 -6.0516671854271564e-001	 -6.0516653739317583e-001	 -6.0516643294017403e-001	 -6.0516638665786271e-001	 -6.0516633024898514e-001	 -6.0516626289397468e-001	
 -6.0515339315947436e-001	 -6.0514617663309789e-001	 -6.0514004596079474e-001	 -6.0513910461990061e-001	 -6.0513761421188139e-001	 -6.0513683952689856e-001	 -6.0513635817616152e-001	 -6.0513609243151301e-001	 -6.0513594680988714e-001	 -6.0513581394505689e-001	 -6.0513576648912881e-001	 -6.0513572385412218e-001	 -6.0513564414443888e-001	
 -6.0510093991683611e-001	 -6.0509196713698365e-001	 -6.0508495800359885e-001	 -6.0508379525658906e-001	 -6.0508208103082772e-001	 -6.0508116311119853e-001	 -6.0508065018516355e-001	 -6.0508033173567455e-001	 -6.0508013314153342e-001	 -6.0507999595504902e-001	 -6.0507990450331395e-001	 -6.0507984259916547e-001	 -6.0507976325840929e-001	
 -6.0504130323313365e-001	 -6.0503174306048013e-001	 -6.0502417356378402e-001	 -6.0502291020347876e-001	 -6.0502095745695872e-001	 -6.0501993338313298e-001	 -6.0501936552248559e-001	 -6.0501901252185686e-001	 -6.0501878800434117e-001	 -6.0501864190387611e-001	 -6.0501854070882377e-001	 -6.0501847195137959e-001	 -6.0501838792037521e-001	
 -6.0497344280219245e-001	 -6.0496247213626120e-001	 -6.0495316627495743e-001	 -6.0495162635010313e-001	 -6.0494910041697381e-001	 -6.0494778288211482e-001	 -6.0494706936986553e-001	 -6.0494661718035747e-001	 -6.0494632053897934e-001	 -6.0494614335293573e-001	 -6.0494599539617777e-001	 -6.0494590275328441e-001	 -6.0494580271208687e-001	
 -6.0489822399678594e-001	 -6.0488606467390404e-001	 -6.0487596355718320e-001	 -6.0487447535140237e-001	 -6.0487203803383238e-001	 -6.0487083225491123e-001	 -6.0486996155950656e-001	 -6.0486956094729649e-001	 -6.0486934788961388e-001	 -6.0486908254309135e-001	 -6.0486915952662201e-001	 -6.0486910573864794e-001	 -6.0486892381261814e-001	
 -6.0482077155754599e-001	 -6.0480858945255456e-001	 -6.0479902114063400e-001	 -6.0479748680042356e-001	 -6.0479517655076531e-001	 -6.0479393601620135e-001	 -6.0479326603124495e-001	 -6.0479283830949804e-001	 -6.0479259752865833e-001	 -6.0479242335376160e-001	 -6.0479225670906356e-001	 -6.0479217965803134e-001	 -6.0479208882691093e-001	
 -6.0470362274234191e-001	 -6.0469176357091925e-001	 -6.0468216853004630e-001	 -6.0468058722784601e-001	 -6.0467809621500557e-001	 -6.0467678330966557e-001	 -6.0467605681879810e-001	 -6.0467562084043358e-001	 -6.0467533619257274e-001	 -6.0467515753537260e-001	 -6.0467502903938097e-001	 -6.0467494811000666e-001	 -6.0467484487192191e-001	
 -6.0458391417061996e-001	 -6.0457146949699503e-001	 -6.0456028357014358e-001	 -6.0455907487755312e-001	 -6.0455653586133362e-001	 -6.0455446689855474e-001	 -6.0455341522247519e-001	 -6.0455348009313958e-001	 -6.0455287768801380e-001	 -6.0455308528450935e-001	 -6.0455287561189675e-001	 -6.0455321140773233e-001	 -6.0455325299557661e-001	
 -6.0446087698895479e-001	 -6.0444800541348265e-001	 -6.0443719453606715e-001	 -6.0443562405432250e-001	 -6.0443283137867621e-001	 -6.0443136527821295e-001	 -6.0443073918092782e-001	 -6.0443015214417528e-001	 -6.0443004729182626e-001	 -6.0443009700417161e-001	 -6.0442978638608480e-001	 -6.0442980161312665e-001	 -6.0442963714812947e-001	
 -6.0434006184784117e-001	 -6.0432802808774166e-001	 -6.0431894223922367e-001	 -6.0431702554775146e-001	 -6.0431418262840708e-001	 -6.0431320621978646e-001	 -6.0431271570215994e-001	 -6.0431176435060685e-001	 -6.0431182435372044e-001	 -6.0431160466745126e-001	 -6.0431135574201544e-001	 -6.0431107918634819e-001	 -6.0431083854184386e-001	
 -6.0421999872894983e-001	 -6.0420780213288339e-001	 -6.0419715892057191e-001	 -6.0419612242934573e-001	 -6.0419379989795630e-001	 -6.0419213461315735e-001	 -6.0419078443085805e-001	 -6.0419115263621315e-001	 -6.0419003675815652e-001	 -6.0418936032413662e-001	 -6.0418969336462069e-001	 -6.0418966646491601e-001	 -6.0418976526732671e-001	
 -6.0406890208419828e-001	 -6.0405740183966383e-001	 -6.0404793568669124e-001	 -6.0404650343304223e-001	 -6.0404406817260448e-001	 -6.0404280208681271e-001	 -6.0404211715170408e-001	 -6.0404170649364097e-001	 -6.0404145565662315e-001	 -6.0404129186686362e-001	 -6.0404117319601269e-001	 -6.0404109179701404e-001	 -6.0404099191213589e-001	
 -6.0391557674344121e-001	 -6.0390364267026708e-001	 -6.0389360648316348e-001	 -6.0389199933963411e-001	 -6.0388932463140144e-001	 -6.0388793738352931e-001	 -6.0388715318293595e-001	 -6.0388671693978324e-001	 -6.0388640122410742e-001	 -6.0388620266582649e-001	 -6.0388608249140052e-001	 -6.0388600237937240e-001	 -6.0388590007520726e-001	
 -6.0377396706479125e-001	 -6.0376338935130835e-001	 -6.0375498825149254e-001	 -6.0375355314179480e-001	 -6.0375128040435211e-001	 -6.0375017787872576e-001	 -6.0374959563280761e-001	 -6.0374917534333772e-001	 -6.0374898484816253e-001	 -6.0374883973535187e-001	 -6.0374872154167480e-001	 -6.0374863663303913e-001	 -6.0374853982902987e-001	
 -6.0362189538287758e-001	 -6.0360978270268539e-001	 -6.0359919068864176e-001	 -6.0359764343476119e-001	 -6.0359488786554394e-001	 -6.0359337824211767e-001	 -6.0359248964869661e-001	 -6.0359210903637717e-001	 -6.0359170972468235e-001	 -6.0359148814159713e-001	 -6.0359138641108423e-001	 -6.0359132398213333e-001	 -6.0359123350173238e-001	
 -6.0357940499233820e-001	 -6.0357087753537542e-001	 -6.0356546552242651e-001	 -6.0356468363553795e-001	 -6.0356376758929908e-001	 -6.0356345503309594e-001	 -6.0356336945466271e-001	 -6.0356324876287282e-001	 -6.0356327121369180e-001	 -6.0356326626231915e-001	 -6.0356323469523687e-001	 -6.0356321346133335e-001	 -6.0356319269339043e-001	
 -6.0356310167231086e-001	 -6.0355401572398382e-001	 -6.0354613173974059e-001	 -6.0354469508461239e-001	 -6.0354170423049247e-001	 -6.0353984921734938e-001	 -6.0353860302064799e-001	 -6.0353785864375453e-001	 -6.0353725642825484e-001	 -6.0353681970726214e-001	 -6.0353661333034658e-001	 -6.0353642502064542e-001	 -6.0353621409492408e-001	
 -6.0354223905978444e-001	 -6.0353097171816916e-001	 -6.0351943370229311e-001	 -6.0351694707305725e-001	 -6.0351295760308066e-001	 -6.0351084862098059e-001	 -6.0350983743429065e-001	 -6.0350915938900407e-001	 -6.0350892689231550e-001	 -6.0350885725446446e-001	 -6.0350863163616264e-001	 -6.0350857144297887e-001	 -6.0350845315881863e-001	
 -6.0351968782468290e-001	 -6.0350698563704785e-001	 -6.0349497961698084e-001	 -6.0349297202799690e-001	 -6.0348985500702224e-001	 -6.0348846001656575e-001	 -6.0348775791796427e-001	 -6.0348735124304831e-001	 -6.0348707560098358e-001	 -6.0348686752442759e-001	 -6.0348676629184972e-001	 -6.0348667421949997e-001	 -6.0348657218589619e-001	
 -6.0349805685211422e-001	 -6.0348549318922640e-001	 -6.0347558972950743e-001	 -6.0347536131422075e-001	 -6.0347306821328939e-001	 -6.0347212022149321e-001	 -6.0347118126069521e-001	 -6.0347070632127409e-001	 -6.0347005113503549e-001	 -6.0346936491761927e-001	 -6.0346934708932487e-001	 -6.0346899945740162e-001	 -6.0346875924177645e-001	
 -6.0345633043001889e-001	 -6.0344480635998732e-001	 -6.0343620096847683e-001	 -6.0343522392070081e-001	 -6.0343281412400529e-001	 -6.0343153102848657e-001	 -6.0343075515223443e-001	 -6.0343031354281873e-001	 -6.0343002507212695e-001	 -6.0342984717232095e-001	 -6.0342973147853307e-001	 -6.0342965309811980e-001	 -6.0342956006387283e-001	
 -6.0341806637453921e-001	 -6.0340728700791768e-001	 -6.0339811305021307e-001	 -6.0339522717545169e-001	 -6.0339320021129961e-001	 -6.0339193859559881e-001	 -6.0339157687139267e-001	 -6.0339151965149718e-001	 -6.0339158198718934e-001	 -6.0339206798609712e-001	 -6.0339189780811431e-001	 -6.0339214848526002e-001	 -6.0339228985006876e-001	
 -6.0338099964507563e-001	 -6.0337061110804502e-001	 -6.0336158371732118e-001	 -6.0335992772775349e-001	 -6.0335808534450752e-001	 -6.0335701198421798e-001	 -6.0335644802822497e-001	 -6.0335633218866480e-001	 -6.0335600070715589e-001	 -6.0335578102177490e-001	 -6.0335577895931358e-001	 -6.0335574584302609e-001	 -6.0335570396552463e-001	
 -6.0334417442498012e-001	 -6.0333389372790869e-001	 -6.0332525541229032e-001	 -6.0332408352004041e-001	 -6.0332186825184930e-001	 -6.0332068290325225e-001	 -6.0331996389262343e-001	 -6.0331957456594143e-001	 -6.0331927837053989e-001	 -6.0331913699740447e-001	 -6.0331901315424652e-001	 -6.0331897267429380e-001	 -6.0331889503917324e-001	
 -6.0323092728964411e-001	 -6.0322094809117655e-001	 -6.0321273422170307e-001	 -6.0321139441577021e-001	 -6.0320914284539562e-001	 -6.0320801402113933e-001	 -6.0320739300478987e-001	 -6.0320700395388727e-001	 -6.0320677632563768e-001	 -6.0320662031498884e-001	 -6.0320651310385998e-001	 -6.0320643834543830e-001	 -6.0320634815613783e-001	
 -6.0313214504759127e-001	 -6.0312350401892090e-001	 -6.0311670433532694e-001	 -6.0311548975466867e-001	 -6.0311354381725746e-001	 -6.0311260869450045e-001	 -6.0311209894203799e-001	 -6.0311173343818858e-001	 -6.0311155791481497e-001	 -6.0311142163915754e-001	 -6.0311132279577961e-001	 -6.0311124786582848e-001	 -6.0311116466738035e-001	
 -6.0309291531412956e-001	 -6.0308212020865337e-001	 -6.0307219065480755e-001	 -6.0307060787845312e-001	 -6.0306761781570017e-001	 -6.0306600531978560e-001	 -6.0306505442719871e-001	 -6.0306455551117910e-001	 -6.0306415210620301e-001	 -6.0306389583264508e-001	 -6.0306376408847395e-001	 -6.0306366430917802e-001	 -6.0306354385197825e-001	
 -6.0305662196791232e-001	 -6.0304600010574472e-001	 -6.0303720370413760e-001	 -6.0303560116059529e-001	 -6.0303334506139894e-001	 -6.0303227556990358e-001	 -6.0303176587928053e-001	 -6.0303139375605941e-001	 -6.0303125653982104e-001	 -6.0303116360860276e-001	 -6.0303105091052966e-001	 -6.0303098973635283e-001	 -6.0303090817548366e-001	
 -6.0302296584857640e-001	 -6.0301335849566318e-001	 -6.0300624031039973e-001	 -6.0300591485051847e-001	 -6.0300351014097586e-001	 -6.0300243816813204e-001	 -6.0300170764393535e-001	 -6.0300112306577169e-001	 -6.0300073577479463e-001	 -6.0300009184111047e-001	 -6.0300006671143436e-001	 -6.0299971734145696e-001	 -6.0299945755004636e-001	
 -6.0295259009091051e-001	 -6.0294334612953637e-001	 -6.0293581613024561e-001	 -6.0293467971284098e-001	 -6.0293247432841035e-001	 -6.0293136865374741e-001	 -6.0293074359030197e-001	 -6.0293037487002543e-001	 -6.0293013687906516e-001	 -6.0292997941169268e-001	 -6.0292988246668511e-001	 -6.0292981328879947e-001	 -6.0292973157549667e-001	
 -6.0288667083208125e-001	 -6.0287795126368060e-001	 -6.0287088098542885e-001	 -6.0286967759226595e-001	 -6.0286772201068040e-001	 -6.0286675198817363e-001	 -6.0286622422600633e-001	 -6.0286588655011908e-001	 -6.0286569582457261e-001	 -6.0286556380761969e-001	 -6.0286547021914938e-001	 -6.0286540461540472e-001	 -6.0286532655073888e-001	
 -6.0281785349691752e-001	 -6.0280875097429298e-001	 -6.0280106316923376e-001	 -6.0279986819700149e-001	 -6.0279777297644888e-001	 -6.0279669069818187e-001	 -6.0279608125446416e-001	 -6.0279574588384399e-001	 -6.0279550345154753e-001	 -6.0279535185625566e-001	 -6.0279526010553752e-001	 -6.0279519876671461e-001	 -6.0279512102490163e-001	
 -6.0272214348533470e-001	 -6.0271385962340496e-001	 -6.0270724802258258e-001	 -6.0270600395428975e-001	 -6.0270411392804313e-001	 -6.0270320718591730e-001	 -6.0270272751483667e-001	 -6.0270236881176942e-001	 -6.0270221356439890e-001	 -6.0270208640633705e-001	 -6.0270198757772508e-001	 -6.0270191165157083e-001	 -6.0270182694432961e-001	
 -6.0262239954733676e-001	 -6.0261368123848413e-001	 -6.0260626814079288e-001	 -6.0260516626464700e-001	 -6.0260319223304215e-001	 -6.0260216592755711e-001	 -6.0260158512281947e-001	 -6.0260128359135301e-001	 -6.0260104665332825e-001	 -6.0260090435682034e-001	 -6.0260082169782958e-001	 -6.0260077044926863e-001	 -6.0260070109352526e-001	
 -6.0253549709088361e-001	 -6.0252801370630493e-001	 -6.0252221222178992e-001	 -6.0252104527402928e-001	 -6.0251930913091112e-001	 -6.0251849702375182e-001	 -6.0251806953182108e-001	 -6.0251772235397905e-001	 -6.0251759117024850e-001	 -6.0251747238870834e-001	 -6.0251737794536631e-001	 -6.0251730138349835e-001	 -6.0251721953441528e-001	
 -6.0249711322080124e-001	 -6.0248802980067406e-001	 -6.0247981116723359e-001	 -6.0247858907869212e-001	 -6.0247615458175474e-001	 -6.0247485424347325e-001	 -6.0247409107350158e-001	 -6.0247370369492792e-001	 -6.0247337942909152e-001	 -6.0247317904682518e-001	 -6.0247307734118127e-001	 -6.0247300303228890e-001	 -6.0247291162385253e-001	
 -6.0246217860460138e-001	 -6.0245350214616078e-001	 -6.0244646419016501e-001	 -6.0244506430473521e-001	 -6.0244323360236773e-001	 -6.0244237771944764e-001	 -6.0244197584002901e-001	 -6.0244166554679346e-001	 -6.0244156356548118e-001	 -6.0244148649390983e-001	 -6.0244139385301487e-001	 -6.0244133954101553e-001	 -6.0244127002695436e-001	
 -6.0242898733187111e-001	 -6.0242110023867035e-001	 -6.0241519237358432e-001	 -6.0241527125848293e-001	 -6.0241314181908034e-001	 -6.0241212068690153e-001	 -6.0241138827787921e-001	 -6.0241088960488742e-001	 -6.0241046527087505e-001	 -6.0240987091819687e-001	 -6.0240984134563025e-001	 -6.0240952716106300e-001	 -6.0240928495014501e-001	
 -6.0234253778146396e-001	 -6.0233493183348141e-001	 -6.0232872189758258e-001	 -6.0232776795066112e-001	 -6.0232590021891408e-001	 -6.0232497581058642e-001	 -6.0232445919949917e-001	 -6.0232414460381634e-001	 -6.0232395432724406e-001	 -6.0232382624159087e-001	 -6.0232374324509230e-001	 -6.0232368459023355e-001	 -6.0232361558620884e-001	
 -6.0226479877278916e-001	 -6.0225795040591557e-001	 -6.0225254722601207e-001	 -6.0225152892401379e-001	 -6.0224991109791848e-001	 -6.0224913480499964e-001	 -6.0224871259695334e-001	 -6.0224841114908667e-001	 -6.0224826550880906e-001	 -6.0224815274945165e-001	 -6.0224807079733989e-001	 -6.0224800892039188e-001	 -6.0224793948138178e-001	
 -6.0219319032761565e-001	 -6.0218497598629739e-001	 -6.0217760466374504e-001	 -6.0217665716821855e-001	 -6.0217475312074331e-001	 -6.0217372743565090e-001	 -6.0217313739430178e-001	 -6.0217288487740550e-001	 -6.0217262862261034e-001	 -6.0217249004501650e-001	 -6.0217242210691690e-001	 -6.0217238514814753e-001	 -6.0217232835491075e-001	
 -6.0214893665155866e-001	 -6.0214266657876436e-001	 -6.0213822028720720e-001	 -6.0213709207257438e-001	 -6.0213578384904487e-001	 -6.0213522188123925e-001	 -6.0213496582572912e-001	 -6.0213468067749076e-001	 -6.0213463681058066e-001	 -6.0213456727753467e-001	 -6.0213448623758214e-001	 -6.0213442077505785e-001	 -6.0213435227973733e-001	
 -6.0210201915078532e-001	 -6.0209402922650757e-001	 -6.0208668197248016e-001	 -6.0208590626653624e-001	 -6.0208381179727155e-001	 -6.0208265245342840e-001	 -6.0208193983379843e-001	 -6.0208165467012797e-001	 -6.0208132125982861e-001	 -6.0208113603332780e-001	 -6.0208106607106959e-001	 -6.0208101832903704e-001	 -6.0208095471492307e-001	
 -6.0206303200349698e-001	 -6.0205618340070099e-001	 -6.0205097320065182e-001	 -6.0204967266774823e-001	 -6.0204828016707790e-001	 -6.0204767449034691e-001	 -6.0204742310077108e-001	 -6.0204715015232946e-001	 -6.0204712129185989e-001	 -6.0204707173117100e-001	 -6.0204698937227352e-001	 -6.0204693331589176e-001	 -6.0204686827258769e-001	
 -6.0202215330951159e-001	 -6.0201510011126391e-001	 -6.0200916782571223e-001	 -6.0200842561330958e-001	 -6.0200669662868744e-001	 -6.0200578197755483e-001	 -6.0200523125109040e-001	 -6.0200496182338803e-001	 -6.0200471774829456e-001	 -6.0200457039882860e-001	 -6.0200450111569381e-001	 -6.0200445142788439e-001	 -6.0200439055235755e-001	
 -6.0196886422037021e-001	 -6.0196225552899829e-001	 -6.0195693866149647e-001	 -6.0195586791811362e-001	 -6.0195435779331063e-001	 -6.0195363517845379e-001	 -6.0195326687029205e-001	 -6.0195299362608701e-001	 -6.0195288210795894e-001	 -6.0195279303554283e-001	 -6.0195271569341013e-001	 -6.0195266000895309e-001	 -6.0195259504136622e-001	
 -6.0191594793790326e-001	 -6.0190937630832941e-001	 -6.0190392866610321e-001	 -6.0190307384633268e-001	 -6.0190152514638662e-001	 -6.0190074073129818e-001	 -6.0190030014972695e-001	 -6.0190004808768904e-001	 -6.0189987527770050e-001	 -6.0189976422686531e-001	 -6.0189969596036175e-001	 -6.0189964954282527e-001	 -6.0189959217271660e-001	
 -6.0186456275379552e-001	 -6.0185816271296488e-001	 -6.0185293877823565e-001	 -6.0185173911919687e-001	 -6.0185028192649703e-001	 -6.0184966491250158e-001	 -6.0184938609908478e-001	 -6.0184906010130046e-001	 -6.0184905097215857e-001	 -6.0184899490822730e-001	 -6.0184892312942218e-001	 -6.0184885144309863e-001	 -6.0184880037938981e-001	
 -6.0185522130873359e-001	 -6.0185174895088789e-001	 -6.0185041548432849e-001	 -6.0184974616583897e-001	 -6.0184969140186784e-001	 -6.0184982008504306e-001	 -6.0184997144996366e-001	 -6.0184995258760754e-001	 -6.0185006716884093e-001	 -6.0185011276703282e-001	 -6.0185010821056650e-001	 -6.0185010503222003e-001	 -6.0185010623747814e-001	
 -6.0184878826785582e-001	 -6.0184442131350213e-001	 -6.0184052595624316e-001	 -6.0184002978258544e-001	 -6.0183803060553931e-001	 -6.0183668569224746e-001	 -6.0183570093186312e-001	 -6.0183512144262874e-001	 -6.0183460273244282e-001	 -6.0183422506510098e-001	 -6.0183405878666552e-001	 -6.0183389762269446e-001	 -6.0183371832600585e-001	
 -6.0184054816392329e-001	 -6.0183411693448541e-001	 -6.0182618272741628e-001	 -6.0182064185454465e-001	 -6.0181853934904161e-001	 -6.0181748313370420e-001	 -6.0181750869359174e-001	 -6.0181750194698846e-001	 -6.0181827858007964e-001	 -6.0181993986618831e-001	 -6.0181961335403766e-001	 -6.0182043542678088e-001	 -6.0182104575268180e-001	
 -6.0183093391108500e-001	 -6.0182322083202067e-001	 -6.0181442842111021e-001	 -6.0180944163412686e-001	 -6.0180803973797214e-001	 -6.0180758709271753e-001	 -6.0180788602459678e-001	 -6.0180790486497049e-001	 -6.0180837591905512e-001	 -6.0180882517446577e-001	 -6.0180876543358686e-001	 -6.0180895331141127e-001	 -6.0180906522344646e-001	
 -6.0181098099454378e-001	 -6.0180293033518240e-001	 -6.0179583276764870e-001	 -6.0179420216044388e-001	 -6.0179278452432428e-001	 -6.0179207437394133e-001	 -6.0179167189555738e-001	 -6.0179139680149873e-001	 -6.0179121332859520e-001	 -6.0179107528413045e-001	 -6.0179099350077259e-001	 -6.0179092882339802e-001	 -6.0179085180067649e-001	
 -6.0179274220895085e-001	 -6.0178534983501564e-001	 -6.0177996846844106e-001	 -6.0177967640284713e-001	 -6.0177790670723486e-001	 -6.0177704152786227e-001	 -6.0177647326531414e-001	 -6.0177596664134914e-001	 -6.0177574167386005e-001	 -6.0177547938733422e-001	 -6.0177533994398846e-001	 -6.0177516406345610e-001	 -6.0177497810831593e-001	
 -6.0177573777053794e-001	 -6.0176882367957152e-001	 -6.0176376439335932e-001	 -6.0176322349247968e-001	 -6.0176137359879700e-001	 -6.0176048677029748e-001	 -6.0175996160927170e-001	 -6.0175955305408202e-001	 -6.0175936963591248e-001	 -6.0175919288607549e-001	 -6.0175908590787142e-001	 -6.0175897034209225e-001	 -6.0175885413449315e-001	
 -6.0172718124129609e-001	 -6.0172080612519441e-001	 -6.0171569898526123e-001	 -6.0171486547244690e-001	 -6.0171331151870344e-001	 -6.0171254810159613e-001	 -6.0171212514248396e-001	 -6.0171186917934438e-001	 -6.0171171079692609e-001	 -6.0171160477462404e-001	 -6.0171153624188900e-001	 -6.0171148757603987e-001	 -6.0171143048448616e-001	
 -6.0168415896111327e-001	 -6.0167850506342990e-001	 -6.0167410695755041e-001	 -6.0167326941895638e-001	 -6.0167193460125556e-001	 -6.0167129199029112e-001	 -6.0167094455920722e-001	 -6.0167070290184643e-001	 -6.0167058279814167e-001	 -6.0167049319681531e-001	 -6.0167042701997353e-001	 -6.0167037827441039e-001	 -6.0167032288038769e-001	
 -6.0163821776371140e-001	 -6.0163215596009678e-001	 -6.0162692009801955e-001	 -6.0162623374593327e-001	 -6.0162477023650851e-001	 -6.0162400679197869e-001	 -6.0162356749349222e-001	 -6.0162335302593739e-001	 -6.0162316945266969e-001	 -6.0162306267164123e-001	 -6.0162300598431973e-001	 -6.0162297049204394e-001	 -6.0162292362619940e-001	
 -6.0157605123678515e-001	 -6.0157073857902699e-001	 -6.0156666818089732e-001	 -6.0156567514402237e-001	 -6.0156438924874323e-001	 -6.0156380132214693e-001	 -6.0156350428353100e-001	 -6.0156323615156992e-001	 -6.0156315585824238e-001	 -6.0156307073344628e-001	 -6.0156299583280504e-001	 -6.0156293301616426e-001	 -6.0156286546064752e-001	
 -6.0150980702411427e-001	 -6.0150399695946266e-001	 -6.0149890139837847e-001	 -6.0149827585875837e-001	 -6.0149693488587008e-001	 -6.0149622996108487e-001	 -6.0149582494017917e-001	 -6.0149564304756709e-001	 -6.0149546949650468e-001	 -6.0149537431375411e-001	 -6.0149532544473416e-001	 -6.0149530006448071e-001	 -6.0149526088570937e-001	
 -6.0145501971531345e-001	 -6.0145038615011526e-001	 -6.0144708772102984e-001	 -6.0144616081037050e-001	 -6.0144498017022929e-001	 -6.0144445919674272e-001	 -6.0144419470486987e-001	 -6.0144392454020146e-001	 -6.0144385896931940e-001	 -6.0144377594273379e-001	 -6.0144370162640293e-001	 -6.0144363521053013e-001	 -6.0144356735358784e-001	
 -6.0142874965329884e-001	 -6.0142247005889882e-001	 -6.0141646552325234e-001	 -6.0141579051231631e-001	 -6.0141390084844648e-001	 -6.0141287053550041e-001	 -6.0141224520948722e-001	 -6.0141196155372167e-001	 -6.0141168094440811e-001	 -6.0141151347470334e-001	 -6.0141144298453408e-001	 -6.0141138909453051e-001	 -6.0141132375746142e-001	
 -6.0140657670304520e-001	 -6.0140083574444780e-001	 -6.0139632563116496e-001	 -6.0139503346390288e-001	 -6.0139393205005387e-001	 -6.0139348259558023e-001	 -6.0139333636954895e-001	 -6.0139315319285291e-001	 -6.0139316835206014e-001	 -6.0139316311069724e-001	 -6.0139310439810689e-001	 -6.0139307553097598e-001	 -6.0139303555284407e-001	
 -6.0138578309676394e-001	 -6.0138099035511594e-001	 -6.0137782307145837e-001	 -6.0137910680346796e-001	 -6.0137744109212132e-001	 -6.0137656923608951e-001	 -6.0137582932706657e-001	 -6.0137532980109043e-001	 -6.0137480680644284e-001	 -6.0137408396565561e-001	 -6.0137403786808541e-001	 -6.0137364794765613e-001	 -6.0137331696119567e-001	
 -6.0133556264030386e-001	 -6.0133070859114124e-001	 -6.0132670740709049e-001	 -6.0132625911535342e-001	 -6.0132489332087591e-001	 -6.0132421930414459e-001	 -6.0132383897892883e-001	 -6.0132362708809062e-001	 -6.0132348758668019e-001	 -6.0132340069751766e-001	 -6.0132334833795653e-001	 -6.0132331296891550e-001	 -6.0132327137885078e-001	
 -6.0128894797695231e-001	 -6.0128438670770112e-001	 -6.0128074755283478e-001	 -6.0128001675041620e-001	 -6.0127891052697002e-001	 -6.0127838236068154e-001	 -6.0127810031396223e-001	 -6.0127790044595120e-001	 -6.0127780408414377e-001	 -6.0127772992080164e-001	 -6.0127767444806413e-001	 -6.0127763351502939e-001	 -6.0127758610595272e-001	
 -6.0123771833819895e-001	 -6.0123260255007249e-001	 -6.0122803286377646e-001	 -6.0122748239332946e-001	 -6.0122630919134945e-001	 -6.0122569072107446e-001	 -6.0122533927997601e-001	 -6.0122518452387919e-001	 -6.0122503540360750e-001	 -6.0122495431280676e-001	 -6.0122491270220291e-001	 -6.0122489109892818e-001	 -6.0122485749070087e-001	
 -6.0118789221774716e-001	 -6.0118395056318885e-001	 -6.0118128853159369e-001	 -6.0118037283229953e-001	 -6.0117931944569936e-001	 -6.0117886964106138e-001	 -6.0117864731756843e-001	 -6.0117838584317074e-001	 -6.0117834020878558e-001	 -6.0117826380823303e-001	 -6.0117819133953532e-001	 -6.0117812300053419e-001	 -6.0117805457304829e-001	
 -6.0116331361692588e-001	 -6.0115786201053734e-001	 -6.0115261657789354e-001	 -6.0115208608624293e-001	 -6.0115044715769450e-001	 -6.0114955390999647e-001	 -6.0114901045604796e-001	 -6.0114877463757210e-001	 -6.0114852854065148e-001	 -6.0114838502633994e-001	 -6.0114832751945180e-001	 -6.0114828457880076e-001	 -6.0114823188561761e-001	
 -6.0114316970361070e-001	 -6.0113834691355450e-001	 -6.0113466094102730e-001	 -6.0113346793344569e-001	 -6.0113256830107709e-001	 -6.0113221687940754e-001	 -6.0113211763890284e-001	 -6.0113195984501377e-001	 -6.0113198877820295e-001	 -6.0113198923406053e-001	 -6.0113193791444530e-001	 -6.0113191087241002e-001	 -6.0113187449162275e-001	
 -6.0112379781684933e-001	 -6.0111972732657115e-001	 -6.0111696431508488e-001	 -6.0111853861866127e-001	 -6.0111701560339181e-001	 -6.0111617179237076e-001	 -6.0111542209961843e-001	 -6.0111498559423104e-001	 -6.0111442688404182e-001	 -6.0111370666671160e-001	 -6.0111367602488919e-001	 -6.0111330176360056e-001	 -6.0111298529830215e-001	
 -6.0107529154163064e-001	 -6.0107115974872283e-001	 -6.0106774852475287e-001	 -6.0106735238196762e-001	 -6.0106617605426571e-001	 -6.0106560436945511e-001	 -6.0106528827219563e-001	 -6.0106510395119273e-001	 -6.0106499451129114e-001	 -6.0106492361877706e-001	 -6.0106487778810447e-001	 -6.0106484586064379e-001	 -6.0106480863919565e-001	
 -6.0103043894610408e-001	 -6.0102657972627149e-001	 -6.0102353070068393e-001	 -6.0102288333663267e-001	 -6.0102192527400344e-001	 -6.0102147207174994e-001	 -6.0102122936889213e-001	 -6.0102105039039344e-001	 -6.0102096798120286e-001	 -6.0102090162528210e-001	 -6.0102085190893995e-001	 -6.0102081428869969e-001	 -6.0102077113577401e-001	
 -6.0097990208851648e-001	 -6.0097540839509911e-001	 -6.0097126234814890e-001	 -6.0097083249566197e-001	 -6.0096984528590358e-001	 -6.0096931624142869e-001	 -6.0096901563078120e-001	 -6.0096890239613732e-001	 -6.0096877062276732e-001	 -6.0096870463921537e-001	 -6.0096867403713894e-001	 -6.0096866231029722e-001	 -6.0096863838410286e-001	
 -6.0094814474109803e-001	 -6.0094514547426314e-001	 -6.0094345641104052e-001	 -6.0094260943743816e-001	 -6.0094178891823002e-001	 -6.0094146201816745e-001	 -6.0094131060395295e-001	 -6.0094107949359987e-001	 -6.0094106368813183e-001	 -6.0094100541285833e-001	 -6.0094094023543931e-001	 -6.0094087756379366e-001	 -6.0094081615968964e-001	
 -6.0093018368678752e-001	 -6.0092515922549605e-001	 -6.0091990860589029e-001	 -6.0091954908203515e-001	 -6.0091762667502380e-001	 -6.0091653366378672e-001	 -6.0091583138000004e-001	 -6.0091552396002168e-001	 -6.0091518918492515e-001	 -6.0091498330805404e-001	 -6.0091491037661537e-001	 -6.0091484466384681e-001	 -6.0091477078128008e-001	
 -6.0091543639018141e-001	 -6.0091062345624113e-001	 -6.0090667129575337e-001	 -6.0090515257638089e-001	 -6.0090433296500212e-001	 -6.0090408079849222e-001	 -6.0090410363966562e-001	 -6.0090401081014377e-001	 -6.0090412678837080e-001	 -6.0090419700586928e-001	 -6.0090416132208002e-001	 -6.0090416267732927e-001	 -6.0090415189717472e-001	
 -6.0090303445869964e-001	 -6.0089891976766729e-001	 -6.0089597984069876e-001	 -6.0089563188436834e-001	 -6.0089477951663639e-001	 -6.0089433390708713e-001	 -6.0089404229324295e-001	 -6.0089387021600160e-001	 -6.0089372483296266e-001	 -6.0089362205217878e-001	 -6.0089357470649585e-001	 -6.0089353253356403e-001	 -6.0089348580827373e-001	
 -6.0087978835698941e-001	 -6.0087606843883812e-001	 -6.0087309723078075e-001	 -6.0087281298615292e-001	 -6.0087185780310914e-001	 -6.0087136507269712e-001	 -6.0087107178330434e-001	 -6.0087092380245455e-001	 -6.0087080595516706e-001	 -6.0087073693015913e-001	 -6.0087070063197245e-001	 -6.0087067601732880e-001	 -6.0087064800340428e-001	
 -6.0085733625858673e-001	 -6.0085377561613917e-001	 -6.0085086369765506e-001	 -6.0085035013801580e-001	 -6.0084948883087907e-001	 -6.0084906785917713e-001	 -6.0084884310873665e-001	 -6.0084870456555972e-001	 -6.0084862532772121e-001	 -6.0084857237019396e-001	 -6.0084853447861519e-001	 -6.0084850896768849e-001	 -6.0084847797303720e-001	
 -6.0083423924350843e-001	 -6.0083045044612149e-001	 -6.0082704231012585e-001	 -6.0082686899387561e-001	 -6.0082601273303560e-001	 -6.0082556664109443e-001	 -6.0082528419491688e-001	 -6.0082520224225000e-001	 -6.0082504594016761e-001	 -6.0082491722601716e-001	 -6.0082493117152858e-001	 -6.0082489124069216e-001	 -6.0082487406476481e-001	
 -6.0076642832784799e-001	 -6.0076327083902203e-001	 -6.0076090592220410e-001	 -6.0076027568345403e-001	 -6.0075942462101128e-001	 -6.0075904705392258e-001	 -6.0075884495647269e-001	 -6.0075864214814700e-001	 -6.0075858465158394e-001	 -6.0075851081387022e-001	 -6.0075845451257326e-001	 -6.0075839963891209e-001	 -6.0075834153239249e-001	
 -6.0070268991119224e-001	 -6.0069966927711604e-001	 -6.0069727538858420e-001	 -6.0069682965291360e-001	 -6.0069603387347126e-001	 -6.0069597301826150e-001	 -6.0069598047352013e-001	 -6.0069560085551643e-001	 -6.0069575055166080e-001	 -6.0069553528840913e-001	 -6.0069557649666816e-001	 -6.0069534429474380e-001	 -6.0069527656492205e-001	
 -6.0067440040356690e-001	 -6.0067049994627641e-001	 -6.0066676056769186e-001	 -6.0066641462352965e-001	 -6.0066546279780031e-001	 -6.0066496365396294e-001	 -6.0066467179809013e-001	 -6.0066455387708384e-001	 -6.0066442665285269e-001	 -6.0066435765349091e-001	 -6.0066432952687876e-001	 -6.0066431416672117e-001	 -6.0066429094773888e-001	
 -6.0065298055356209e-001	 -6.0065006726905956e-001	 -6.0064817921856584e-001	 -6.0064732568221313e-001	 -6.0064668729931103e-001	 -6.0064643501378523e-001	 -6.0064634331669087e-001	 -6.0064618267974268e-001	 -6.0064618965915972e-001	 -6.0064616212895938e-001	 -6.0064611235144394e-001	 -6.0064607067122910e-001	 -6.0064602509268816e-001	
 -6.0062844704089624e-001	 -6.0062505916547160e-001	 -6.0062198718591198e-001	 -6.0062187811704693e-001	 -6.0062096782054208e-001	 -6.0062046620290577e-001	 -6.0062014962047883e-001	 -6.0062003662852970e-001	 -6.0061988375970099e-001	 -6.0061980482895017e-001	 -6.0061977927128307e-001	 -6.0061976552761021e-001	 -6.0061974633363047e-001	
 -6.0059830543679471e-001	 -6.0059565435310880e-001	 -6.0059387539568299e-001	 -6.0059308035209646e-001	 -6.0059239978249579e-001	 -6.0059212395846551e-001	 -6.0059200842688121e-001	 -6.0059183444327591e-001	 -6.0059182925864540e-001	 -6.0059178947713399e-001	 -6.0059173805893096e-001	 -6.0059168986748013e-001	 -6.0059163966508233e-001	
 -6.0056431249455589e-001	 -6.0056112307738108e-001	 -6.0055815356307996e-001	 -6.0055797219071838e-001	 -6.0055721650731364e-001	 -6.0055680507442588e-001	 -6.0055655771718008e-001	 -6.0055647865686623e-001	 -6.0055636193401263e-001	 -6.0055630733957255e-001	 -6.0055628838406871e-001	 -6.0055628411559425e-001	 -6.0055627198118966e-001	
 -6.0053887857858257e-001	 -6.0053667107473618e-001	 -6.0053541627691498e-001	 -6.0053474358112702e-001	 -6.0053411030935866e-001	 -6.0053385501079859e-001	 -6.0053373688062628e-001	 -6.0053355949396536e-001	 -6.0053354641742551e-001	 -6.0053350111910486e-001	 -6.0053345004251746e-001	 -6.0053340102139696e-001	 -6.0053335170895394e-001	
 -6.0050818561840913e-001	 -6.0050453450555263e-001	 -6.0050064155703353e-001	 -6.0050064893968358e-001	 -6.0049980374321521e-001	 -6.0049930638472748e-001	 -6.0049899709657684e-001	 -6.0049895868563574e-001	 -6.0049879740275980e-001	 -6.0049873527689979e-001	 -6.0049873125833653e-001	 -6.0049874228274014e-001	 -6.0049874381229440e-001	
 -6.0050357992924575e-001	 -6.0050158904234596e-001	 -6.0050080744855627e-001	 -6.0050013216905729e-001	 -6.0050025456548362e-001	 -6.0050043840143008e-001	 -6.0050063551986277e-001	 -6.0050065927363949e-001	 -6.0050079760176622e-001	 -6.0050087240104411e-001	 -6.0050087231533489e-001	 -6.0050088188268180e-001	 -6.0050088952356973e-001	
 -6.0049593690880698e-001	 -6.0049369050363399e-001	 -6.0049171700504722e-001	 -6.0049226927938459e-001	 -6.0049137046958023e-001	 -6.0049077504986670e-001	 -6.0049030561259986e-001	 -6.0049012469354235e-001	 -6.0048985373439834e-001	 -6.0048968599069052e-001	 -6.0048964440173602e-001	 -6.0048959650582656e-001	 -6.0048954830604906e-001	
 -6.0048676583290828e-001	 -6.0048402758194896e-001	 -6.0048138510537807e-001	 -6.0048075059504491e-001	 -6.0048000077417285e-001	 -6.0047966324450197e-001	 -6.0047953626607420e-001	 -6.0047945361152433e-001	 -6.0047944829488831e-001	 -6.0047945132180036e-001	 -6.0047942912022645e-001	 -6.0047942422480904e-001	 -6.0047941332652677e-001	
 -6.0046640514166416e-001	 -6.0046364473120839e-001	 -6.0046141271619113e-001	 -6.0046078780140455e-001	 -6.0046015467485336e-001	 -6.0045986147994057e-001	 -6.0045972149946891e-001	 -6.0045959927867987e-001	 -6.0045955515075633e-001	 -6.0045951252463148e-001	 -6.0045947484888007e-001	 -6.0045944617159730e-001	 -6.0045941049524654e-001	
 -6.0044828436667252e-001	 -6.0044581349172343e-001	 -6.0044396214542495e-001	 -6.0044358088606753e-001	 -6.0044294290251266e-001	 -6.0044263444902768e-001	 -6.0044246353052610e-001	 -6.0044234171441335e-001	 -6.0044228036071345e-001	 -6.0044223338973080e-001	 -6.0044219991661762e-001	 -6.0044217432964064e-001	 -6.0044214519971995e-001	
 -6.0042967935414193e-001	 -6.0042711830021744e-001	 -6.0042493035528111e-001	 -6.0042467507037678e-001	 -6.0042401693027880e-001	 -6.0042368075552410e-001	 -6.0042348774624887e-001	 -6.0042339153210111e-001	 -6.0042331236531687e-001	 -6.0042326561038362e-001	 -6.0042324085052279e-001	 -6.0042322494446854e-001	 -6.0042320489472889e-001	
 -6.0038354795866056e-001	 -6.0038148822971760e-001	 -6.0038010057184010e-001	 -6.0037951802938139e-001	 -6.0037889875841355e-001	 -6.0037864142503672e-001	 -6.0037851051708557e-001	 -6.0037834166770665e-001	 -6.0037831469783587e-001	 -6.0037825950431944e-001	 -6.0037821208669406e-001	 -6.0037816278102341e-001	 -6.0037811255908569e-001	
 -6.0033642357637529e-001	 -6.0033413666260582e-001	 -6.0033203001386148e-001	 -6.0033180578367151e-001	 -6.0033130574588256e-001	 -6.0033105002921250e-001	 -6.0033090293387659e-001	 -6.0033083553467925e-001	 -6.0033077111643074e-001	 -6.0033073306919871e-001	 -6.0033071281162531e-001	 -6.0033070356957374e-001	 -6.0033068511544663e-001	
 -6.0029894923840921e-001	 -6.0029734582944805e-001	 -6.0029653223947488e-001	 -6.0029603051137137e-001	 -6.0029541434658551e-001	 -6.0029516396720162e-001	 -6.0029502585934313e-001	 -6.0029484005830192e-001	 -6.0029480828249770e-001	 -6.0029474678868766e-001	 -6.0029469654188095e-001	 -6.0029464337529870e-001	 -6.0029459179844480e-001	
 -6.0028677806200914e-001	 -6.0028315690052736e-001	 -6.0027890567670994e-001	 -6.0027884920177410e-001	 -6.0027710424881420e-001	 -6.0027608963131307e-001	 -6.0027542137064405e-001	 -6.0027512976001951e-001	 -6.0027480481406048e-001	 -6.0027460021427892e-001	 -6.0027453221900284e-001	 -6.0027446548982510e-001	 -6.0027439334853216e-001	
 -6.0027803296935911e-001	 -6.0027463435186057e-001	 -6.0027182854438532e-001	 -6.0027016216579465e-001	 -6.0026979219729437e-001	 -6.0026982362137993e-001	 -6.0027005214002838e-001	 -6.0027007609453342e-001	 -6.0027029942477661e-001	 -6.0027044825772258e-001	 -6.0027044521049344e-001	 -6.0027048029187569e-001	 -6.0027050480704336e-001	
 -6.0027211876989561e-001	 -6.0026965120818510e-001	 -6.0026830504744666e-001	 -6.0026824017211933e-001	 -6.0026789639799905e-001	 -6.0026769935350721e-001	 -6.0026752803776784e-001	 -6.0026741705798692e-001	 -6.0026730265427819e-001	 -6.0026721456352128e-001	 -6.0026718044592364e-001	 -6.0026714385352786e-001	 -6.0026710477756318e-001	
 -6.0026391039769145e-001	 -6.0026202620977465e-001	 -6.0026073865770968e-001	 -6.0026091355880329e-001	 -6.0026035667704036e-001	 -6.0026004524782461e-001	 -6.0025983104583513e-001	 -6.0025973872523952e-001	 -6.0025964153398448e-001	 -6.0025958647136335e-001	 -6.0025956767106869e-001	 -6.0025955172704482e-001	 -6.0025953738918059e-001	
 -6.0025569879940122e-001	 -6.0025389416074049e-001	 -6.0025239097560856e-001	 -6.0025217772308181e-001	 -6.0025170707211917e-001	 -6.0025147886488828e-001	 -6.0025135863639445e-001	 -6.0025129470364647e-001	 -6.0025125341167662e-001	 -6.0025122911577800e-001	 -6.0025121282181182e-001	 -6.0025120281548272e-001	 -6.0025119069795352e-001	
 -6.0024698054195191e-001	 -6.0024500451860696e-001	 -6.0024314962658920e-001	 -6.0024287905147133e-001	 -6.0024245531442588e-001	 -6.0024223889365569e-001	 -6.0024211913589642e-001	 -6.0024209606823753e-001	 -6.0024203795094877e-001	 -6.0024200390829119e-001	 -6.0024201189234905e-001	 -6.0024201023278767e-001	 -6.0024201722497228e-001	
 -6.0021077626537522e-001	 -6.0020902702717649e-001	 -6.0020761649459686e-001	 -6.0020724769571654e-001	 -6.0020682747974341e-001	 -6.0020663661952689e-001	 -6.0020653698267257e-001	 -6.0020643935621010e-001	 -6.0020640940905423e-001	 -6.0020637133184618e-001	 -6.0020634181090493e-001	 -6.0020631378299161e-001	 -6.0020628114543229e-001	
 -6.0018162384556373e-001	 -6.0018031532471650e-001	 -6.0017964050695927e-001	 -6.0017928840150336e-001	 -6.0017876876650167e-001	 -6.0017854864402587e-001	 -6.0017842145509981e-001	 -6.0017827709868410e-001	 -6.0017824011771026e-001	 -6.0017819001589867e-001	 -6.0017815142487940e-001	 -6.0017811385093545e-001	 -6.0017807651546740e-001	
 -6.0017140104084987e-001	 -6.0016820338071319e-001	 -6.0016431883458399e-001	 -6.0016435775878119e-001	 -6.0016266809759244e-001	 -6.0016166993248632e-001	 -6.0016100312154652e-001	 -6.0016070574631097e-001	 -6.0016037799470734e-001	 -6.0016016788755344e-001	 -6.0016009733665499e-001	 -6.0016002626273046e-001	 -6.0015995007911549e-001	
 -6.0016388743699967e-001	 -6.0016073081092802e-001	 -6.0015797516899116e-001	 -6.0015632199272861e-001	 -6.0015595888707196e-001	 -6.0015599938667563e-001	 -6.0015624010545388e-001	 -6.0015628558385270e-001	 -6.0015651811573534e-001	 -6.0015667993085220e-001	 -6.0015668501944841e-001	 -6.0015672940672005e-001	 -6.0015676402846996e-001	
 -6.0015906138510822e-001	 -6.0015679623171003e-001	 -6.0015560290493930e-001	 -6.0015550536096640e-001	 -6.0015527449430728e-001	 -6.0015514598410480e-001	 -6.0015502048038627e-001	 -6.0015492995701969e-001	 -6.0015483502506850e-001	 -6.0015475791097561e-001	 -6.0015472754315624e-001	 -6.0015469403651434e-001	 -6.0015465765028697e-001	
 -6.0015288360093511e-001	 -6.0015130921153848e-001	 -6.0015036902771879e-001	 -6.0015066017859997e-001	 -6.0015018274850451e-001	 -6.0014990322965200e-001	 -6.0014969679356156e-001	 -6.0014960848409071e-001	 -6.0014950924025534e-001	 -6.0014945152830901e-001	 -6.0014943404018695e-001	 -6.0014941720765158e-001	 -6.0014940293140473e-001	
 -6.0014687252207821e-001	 -6.0014543519282260e-001	 -6.0014427496934974e-001	 -6.0014414431153185e-001	 -6.0014375279293652e-001	 -6.0014356360849064e-001	 -6.0014346311287881e-001	 -6.0014341249436942e-001	 -6.0014337839819909e-001	 -6.0014335916092065e-001	 -6.0014334700075889e-001	 -6.0014333959479416e-001	 -6.0014333106461759e-001	
 -6.0014028652710660e-001	 -6.0013866247721204e-001	 -6.0013706964945346e-001	 -6.0013688715532254e-001	 -6.0013654099932978e-001	 -6.0013635667677256e-001	 -6.0013624788979314e-001	 -6.0013624611687799e-001	 -6.0013618366761001e-001	 -6.0013614800102921e-001	 -6.0013616295839789e-001	 -6.0013616333831621e-001	 -6.0013617383036788e-001	
 -6.0011520763425530e-001	 -6.0011369861145969e-001	 -6.0011241409607674e-001	 -6.0011209876331684e-001	 -6.0011177877106192e-001	 -6.0011163039541682e-001	 -6.0011155718486808e-001	 -6.0011149084482351e-001	 -6.0011146965011086e-001	 -6.0011144434546360e-001	 -6.0011142357430103e-001	 -6.0011140476390334e-001	 -6.0011138168603040e-001	
 -6.0009398903337896e-001	 -6.0009278207584504e-001	 -6.0009202539945683e-001	 -6.0009173730457555e-001	 -6.0009133726435238e-001	 -6.0009116043768795e-001	 -6.0009106178660065e-001	 -6.0009096025026576e-001	 -6.0009093051005546e-001	 -6.0009089500778767e-001	 -6.0009086697498937e-001	 -6.0009084123902046e-001	 -6.0009081431067202e-001	
 -6.0007991266064487e-001	 -6.0007759836322450e-001	 -6.0007499741887571e-001	 -6.0007500959968763e-001	 -6.0007436455389307e-001	 -6.0007399627126645e-001	 -6.0007376895976350e-001	 -6.0007371996484427e-001	 -6.0007360751190841e-001	 -6.0007355597224699e-001	 -6.0007354820124092e-001	 -6.0007354642166444e-001	 -6.0007354054125717e-001	
 -6.0007344166634891e-001	 -6.0007234770054207e-001	 -6.0007218738722390e-001	 -6.0007128633399187e-001	 -6.0007119892757643e-001	 -6.0007125239380787e-001	 -6.0007135623418861e-001	 -6.0007127766437129e-001	 -6.0007137659767729e-001	 -6.0007140336748588e-001	 -6.0007137219497686e-001	 -6.0007134610773338e-001	 -6.0007131667416669e-001	
 -6.0006389999800458e-001	 -6.0006231761866591e-001	 -6.0006074703755630e-001	 -6.0006112325150518e-001	 -6.0006054994177216e-001	 -6.0006019080471873e-001	 -6.0005992210931947e-001	 -6.0005985625366520e-001	 -6.0005970310239576e-001	 -6.0005962679243741e-001	 -6.0005961705178468e-001	 -6.0005961082032488e-001	 -6.0005960465425723e-001	
 -6.0005296824716670e-001	 -6.0005172687294106e-001	 -6.0005087247505529e-001	 -6.0005027643728059e-001	 -6.0005003563778914e-001	 -6.0004996881390937e-001	 -6.0004997877405319e-001	 -6.0004991451068079e-001	 -6.0004995569107322e-001	 -6.0004996088869333e-001	 -6.0004993837836640e-001	 -6.0004991809481378e-001	 -6.0004989492157268e-001	
 -6.0004089861143139e-001	 -6.0003946294073796e-001	 -6.0003816877129967e-001	 -6.0003809193676094e-001	 -6.0003771916317117e-001	 -6.0003751624992940e-001	 -6.0003738971914355e-001	 -6.0003734002633813e-001	 -6.0003727936319695e-001	 -6.0003724713875162e-001	 -6.0003723534163278e-001	 -6.0003722936063930e-001	 -6.0003722091084288e-001	
 -6.0003052524304490e-001	 -6.0002932102420914e-001	 -6.0002845278372963e-001	 -6.0002817196203040e-001	 -6.0002787004997948e-001	 -6.0002773670475573e-001	 -6.0002767374400801e-001	 -6.0002761012045713e-001	 -6.0002759654065319e-001	 -6.0002757922339445e-001	 -6.0002756040866689e-001	 -6.0002754509824729e-001	 -6.0002752765653256e-001	
 -6.0000527062331610e-001	 -6.0000401706628015e-001	 -6.0000288341888197e-001	 -6.0000287708805722e-001	 -6.0000256627734672e-001	 -6.0000239977120451e-001	 -6.0000229375023473e-001	 -6.0000225837220089e-001	 -6.0000220566380769e-001	 -6.0000218152134188e-001	 -6.0000217221434227e-001	 -6.0000217261213518e-001	 -6.0000216790934147e-001	
 -5.9998186609744319e-001	 -5.9998079015066708e-001	 -5.9997993826788054e-001	 -5.9997972862302351e-001	 -5.9997944600753694e-001	 -5.9997931917510350e-001	 -5.9997925062571511e-001	 -5.9997918566523367e-001	 -5.9997916408760510e-001	 -5.9997913854636931e-001	 -5.9997911928078018e-001	 -5.9997910165909829e-001	 -5.9997908093967212e-001	
 -5.9995564078230146e-001	 -5.9995433823101241e-001	 -5.9995294980985658e-001	 -5.9995285484859551e-001	 -5.9995266119439172e-001	 -5.9995255243872059e-001	 -5.9995249399391604e-001	 -5.9995248562239034e-001	 -5.9995245667365804e-001	 -5.9995244354726918e-001	 -5.9995243867139170e-001	 -5.9995243953792077e-001	 -5.9995243319888036e-001	
 -5.9995807339197071e-001	 -5.9995837246251682e-001	 -5.9995960786718427e-001	 -5.9995915879318407e-001	 -5.9995963477155190e-001	 -5.9995996279016417e-001	 -5.9996020391472893e-001	 -5.9996024786224122e-001	 -5.9996038406739949e-001	 -5.9996045140353615e-001	 -5.9996045716514956e-001	 -5.9996046395605074e-001	 -5.9996047149057929e-001	
 -5.9995303307136538e-001	 -5.9995200379026059e-001	 -5.9995030993464926e-001	 -5.9995140111379630e-001	 -5.9995057765704907e-001	 -5.9994998258150467e-001	 -5.9994949282871080e-001	 -5.9994937192098252e-001	 -5.9994907632210381e-001	 -5.9994891240477966e-001	 -5.9994889413106378e-001	 -5.9994886555458926e-001	 -5.9994884099356938e-001	
 -5.9994702963594992e-001	 -5.9994552132658363e-001	 -5.9994385266370909e-001	 -5.9994295531851094e-001	 -5.9994272179786368e-001	 -5.9994270357743851e-001	 -5.9994281216002587e-001	 -5.9994282647157782e-001	 -5.9994294505694157e-001	 -5.9994302161647806e-001	 -5.9994302066745941e-001	 -5.9994303573762675e-001	 -5.9994304389465736e-001	
 -5.9993776369693386e-001	 -5.9993649186185216e-001	 -5.9993569357918997e-001	 -5.9993545159631179e-001	 -5.9993511262979027e-001	 -5.9993494143473214e-001	 -5.9993483537346126e-001	 -5.9993474196740060e-001	 -5.9993469007213474e-001	 -5.9993464388463646e-001	 -5.9993461512575230e-001	 -5.9993459019114237e-001	 -5.9993456128515366e-001	
 -5.9993039024730521e-001	 -5.9992936608677105e-001	 -5.9992871723291152e-001	 -5.9992862786817369e-001	 -5.9992829556987370e-001	 -5.9992813280340673e-001	 -5.9992803512098902e-001	 -5.9992796988039832e-001	 -5.9992793223684338e-001	 -5.9992790517437999e-001	 -5.9992788835183664e-001	 -5.9992787489437926e-001	 -5.9992786062934567e-001	
 -5.9992296488020624e-001	 -5.9992192294644475e-001	 -5.9992099111805253e-001	 -5.9992126325292272e-001	 -5.9992092111493811e-001	 -5.9992073306935900e-001	 -5.9992058228852674e-001	 -5.9992053596180650e-001	 -5.9992043489898172e-001	 -5.9992033658795574e-001	 -5.9992034099853875e-001	 -5.9992029569233551e-001	 -5.9992026515209851e-001	
 -5.9990039921575811e-001	 -5.9989964781348437e-001	 -5.9989923057757188e-001	 -5.9989898511769724e-001	 -5.9989869366228188e-001	 -5.9989857852904560e-001	 -5.9989851541986106e-001	 -5.9989842493812784e-001	 -5.9989841243557329e-001	 -5.9989838176366383e-001	 -5.9989835696905303e-001	 -5.9989832896101269e-001	 -5.9989830127615829e-001	
 -5.9987776858128061e-001	 -5.9987691167906476e-001	 -5.9987610008704895e-001	 -5.9987601415734115e-001	 -5.9987582860843158e-001	 -5.9987573678565997e-001	 -5.9987568235275734e-001	 -5.9987565357333406e-001	 -5.9987562864449728e-001	 -5.9987561150098845e-001	 -5.9987560162888531e-001	 -5.9987559668528423e-001	 -5.9987558639551519e-001	
 -5.9986007523660234e-001	 -5.9985951969776519e-001	 -5.9985933164918848e-001	 -5.9985910616100480e-001	 -5.9985883435509368e-001	 -5.9985872830004006e-001	 -5.9985866660727805e-001	 -5.9985857329303283e-001	 -5.9985855908095687e-001	 -5.9985852674238060e-001	 -5.9985850119359529e-001	 -5.9985847301113893e-001	 -5.9985844537380206e-001	
 -5.9984368767396212e-001	 -5.9984241868082933e-001	 -5.9984076714802992e-001	 -5.9984084631148349e-001	 -5.9984072559449153e-001	 -5.9984063284668210e-001	 -5.9984058057505063e-001	 -5.9984062791962334e-001	 -5.9984059150175462e-001	 -5.9984059205120399e-001	 -5.9984060527928929e-001	 -5.9984062570495045e-001	 -5.9984063940166088e-001	
 -5.9984599818696527e-001	 -5.9984629607079398e-001	 -5.9984746312513604e-001	 -5.9984698423920513e-001	 -5.9984732278361985e-001	 -5.9984756657160965e-001	 -5.9984775103960608e-001	 -5.9984774897614557e-001	 -5.9984786048605798e-001	 -5.9984790565636992e-001	 -5.9984789740064048e-001	 -5.9984789005340655e-001	 -5.9984788254741073e-001	
 -5.9984009751690159e-001	 -5.9983900010729396e-001	 -5.9983719130429769e-001	 -5.9983819154396656e-001	 -5.9983752716263883e-001	 -5.9983704854771336e-001	 -5.9983665891683025e-001	 -5.9983660706974806e-001	 -5.9983636796612227e-001	 -5.9983625170767496e-001	 -5.9983625331627710e-001	 -5.9983624964066173e-001	 -5.9983624994963680e-001	
 -5.9983585533707195e-001	 -5.9983495412452292e-001	 -5.9983423903897659e-001	 -5.9983335611457633e-001	 -5.9983338067426395e-001	 -5.9983349514680651e-001	 -5.9983366676585881e-001	 -5.9983368049654207e-001	 -5.9983381823225379e-001	 -5.9983389142759247e-001	 -5.9983388654250014e-001	 -5.9983389082929328e-001	 -5.9983388904882862e-001	
 -5.9983011741437942e-001	 -5.9982930779045596e-001	 -5.9982874987385415e-001	 -5.9982888839182902e-001	 -5.9982860269969240e-001	 -5.9982842552519511e-001	 -5.9982828712068503e-001	 -5.9982822639315092e-001	 -5.9982814448300559e-001	 -5.9982809545056082e-001	 -5.9982808080949468e-001	 -5.9982806925251708e-001	 -5.9982805701042086e-001	
 -5.9982527050794765e-001	 -5.9982459145435651e-001	 -5.9982410646164386e-001	 -5.9982402822889025e-001	 -5.9982382462919759e-001	 -5.9982373088307561e-001	 -5.9982368193656210e-001	 -5.9982364850630354e-001	 -5.9982363453503496e-001	 -5.9982362425647917e-001	 -5.9982361551513819e-001	 -5.9982360900279197e-001	 -5.9982360170240945e-001	
 -5.9982025475213696e-001	 -5.9981952189103183e-001	 -5.9981883692694637e-001	 -5.9981892791605151e-001	 -5.9981873837611221e-001	 -5.9981863705227401e-001	 -5.9981856059665439e-001	 -5.9981854261825784e-001	 -5.9981848870926946e-001	 -5.9981843528489343e-001	 -5.9981844183654154e-001	 -5.9981842039913413e-001	 -5.9981840771949901e-001	
 -5.9980048106456074e-001	 -5.9980006914683859e-001	 -5.9979996541315028e-001	 -5.9979974787005563e-001	 -5.9979951847421997e-001	 -5.9979943784405076e-001	 -5.9979939034182639e-001	 -5.9979929730480386e-001	 -5.9979929042464075e-001	 -5.9979925668052214e-001	 -5.9979923119812817e-001	 -5.9979919863573095e-001	 -5.9979916730823479e-001	
 -5.9978088445289401e-001	 -5.9978037249086569e-001	 -5.9977984019976560e-001	 -5.9977978874081739e-001	 -5.9977968946733906e-001	 -5.9977964322455168e-001	 -5.9977961330548446e-001	 -5.9977959100343536e-001	 -5.9977957575751972e-001	 -5.9977956023271606e-001	 -5.9977955068124533e-001	 -5.9977954382894882e-001	 -5.9977953096224113e-001	
 -5.9976765647840047e-001	 -5.9976741545064716e-001	 -5.9976753029922225e-001	 -5.9976733929067994e-001	 -5.9976711094222868e-001	 -5.9976703131769948e-001	 -5.9976698121977368e-001	 -5.9976688654739263e-001	 -5.9976687725804556e-001	 -5.9976684419738024e-001	 -5.9976681931894760e-001	 -5.9976678911477510e-001	 -5.9976676107775795e-001	
