  1.8235760477132765e+000	  1.8222168953508744e+000	  1.7740619289517305e+000	  2.0419161157605163e+000	  2.0591879664384845e+000	  1.9919656832384132e+000	  2.0502673332889811e+000	  2.0861429119751640e+000	  2.1280819813183474e+000	  1.9428709246131584e+000	  1.8401211971024716e+000	  2.0521340222521989e+000	  2.1126007240757998e+000	
  1.8236625106014237e+000	  1.8223017679424478e+000	  1.7741466557453813e+000	  2.0419371064896890e+000	  2.0591934982727844e+000	  1.9919684910217226e+000	  2.0508812011604074e+000	  2.0861439288140180e+000	  2.1280822919030271e+000	  1.9429429664535149e+000	  1.8401976805049804e+000	  2.0521411474329350e+000	  2.1126095045211275e+000	
  1.8237511003090052e+000	  1.8223881393427070e+000	  1.7742333460225790e+000	  2.0419810689834055e+000	  2.0592053026468666e+000	  1.9919745650917626e+000	  2.0514918345656650e+000	  2.0861462269565418e+000	  2.1280829918271098e+000	  1.9430225092596476e+000	  1.8402751470700227e+000	  2.0521563739178785e+000	  2.1126281771661808e+000	
  1.8238373735857745e+000	  1.8224716444485223e+000	  1.7743173951001554e+000	  2.0420467747167574e+000	  2.0592230558506244e+000	  1.9919838291194487e+000	  2.0520990443710678e+000	  2.0861498559287850e+000	  2.1280840947023352e+000	  1.9431021007776206e+000	  1.8403503571579714e+000	  2.0521793369336780e+000	  2.1126561805491986e+000	
  1.8245125693399700e+000	  1.8230855423029686e+000	  1.7749277773687766e+000	  2.0430644583990936e+000	  2.0595052123946314e+000	  1.9921414545415210e+000	  2.0566894021232978e+000	  2.0862232301514947e+000	  2.1281063178100466e+000	  1.9437441424370079e+000	  1.8409262477946704e+000	  2.0525498619945912e+000	  2.1130950929147962e+000	
  1.8252431256689639e+000	  1.8236578505280177e+000	  1.7754750833499584e+000	  2.0448060791223210e+000	  2.0600029115198399e+000	  1.9924350169602396e+000	  2.0610474890811643e+000	  2.0863801964002846e+000	  2.1281539550813000e+000	  1.9444325722282014e+000	  1.8415107626897518e+000	  2.0532097553354451e+000	  2.1138594864380904e+000	
  1.8261087620706191e+000	  1.8242349525606198e+000	  1.7759935535913289e+000	  2.0469665763927627e+000	  2.0606476930468585e+000	  1.9928325936848199e+000	  2.0651619571096553e+000	  2.0866232932925137e+000	  2.1282283676985276e+000	  1.9451831870761829e+000	  1.8421476595118695e+000	  2.0540679761027292e+000	  2.1148358461885501e+000	
  1.8271408659066946e+000	  1.8248386457234285e+000	  1.7764964605874500e+000	  2.0493506093428993e+000	  2.0613991493578592e+000	  1.9933096023816828e+000	  2.0690353135054056e+000	  2.0869533775064388e+000	  2.1283308575434803e+000	  1.9459989575003396e+000	  1.8428484683873072e+000	  2.0550647938744051e+000	  2.1159562497937707e+000	
  1.8291004543721809e+000	  1.8258724650813956e+000	  1.7772742918943494e+000	  2.0533290222438674e+000	  2.0627558621543804e+000	  1.9941822861738421e+000	  2.0746581112005607e+000	  2.0876461415438223e+000	  2.1285512905537836e+000	  1.9474107073626121e+000	  1.8440832420125408e+000	  2.0568416020895728e+000	  2.1179359373513553e+000	
  1.8314000197574625e+000	  1.8270059218080987e+000	  1.7780246358560721e+000	  2.0573856892870634e+000	  2.0642880322143897e+000	  1.9951608280335076e+000	  2.0797758450651771e+000	  2.0885448422803248e+000	  2.1288472326503576e+000	  1.9489406912034100e+000	  1.8454462309496831e+000	  2.0588017772278899e+000	  2.1201089247448959e+000	
  1.8339512866031962e+000	  1.8282509196071757e+000	  1.7787639134276561e+000	  2.0614393910942348e+000	  2.0659778733542926e+000	  1.9962130382898979e+000	  2.0844623172072834e+000	  2.0896360746291216e+000	  2.1292205996809064e+000	  1.9505692588608519e+000	  1.8469255870527987e+000	  2.0609077228632477e+000	  2.1224370778735508e+000	
  1.8366585535896172e+000	  1.8295999236393212e+000	  1.7794966160627739e+000	  2.0654599144357690e+000	  2.0678133689035185e+000	  1.9973200057935139e+000	  2.0887800649161137e+000	  2.0909032076639820e+000	  2.1296719543633160e+000	  1.9522694226366650e+000	  1.8485054147604592e+000	  2.0631412888010070e+000	  2.1248978533004976e+000	
  1.8394474975256669e+000	  1.8310439075845528e+000	  1.7802259411635160e+000	  2.0694170795500741e+000	  2.0697796484107585e+000	  1.9984698135434746e+000	  2.0927727324663223e+000	  2.0923280056568103e+000	  2.1302006184139475e+000	  1.9540173660782527e+000	  1.8501750640189192e+000	  2.0654868209171489e+000	  2.1274710412295810e+000	
  1.8442777186991284e+000	  1.8337417583062730e+000	  1.7815094014308248e+000	  2.0759349239843452e+000	  2.0733954333712883e+000	  2.0005122991090771e+000	  2.0989101237789711e+000	  2.0950679630637374e+000	  2.1312744431571891e+000	  1.9570878351560415e+000	  1.8532436614324976e+000	  2.0697121706210115e+000	  2.1320790860253438e+000	
  1.8489192024361067e+000	  1.8366051358821103e+000	  1.7827631183260704e+000	  2.0820799734483555e+000	  2.0772753482471651e+000	  2.0026323058739930e+000	  2.1043235067303536e+000	  2.0981215609909896e+000	  2.1325547134434526e+000	  1.9601200606764324e+000	  1.8564595824984507e+000	  2.0741505390188042e+000	  2.1368991745593107e+000	
  1.8532401638826215e+000	  1.8396376541120114e+000	  1.7840530483870491e+000	  2.0877622193171548e+000	  2.0813461332285965e+000	  2.0048130613864092e+000	  2.1090063217976471e+000	  2.1013958671725401e+000	  2.1340220475344540e+000	  1.9630733226191428e+000	  1.8598196776810647e+000	  2.0787337411404598e+000	  2.1418692709509268e+000	
  1.8570863538145370e+000	  1.8427906440152491e+000	  1.7853915306863153e+000	  2.0929125243918683e+000	  2.0855520363101236e+000	  2.0070534577970833e+000	  2.1129783117337464e+000	  2.1048069421677007e+000	  2.1356540323649309e+000	  1.9658799786877625e+000	  1.8632834227100239e+000	  2.0834223787648902e+000	  2.1469520764289300e+000	
  1.8603959498879832e+000	  1.8460162700779004e+000	  1.7867824531536844e+000	  2.0975199311391544e+000	  2.0898451806749292e+000	  2.0093571558587247e+000	  2.1164304313192166e+000	  2.1082861122853953e+000	  2.1374278228575911e+000	  1.9685364507817371e+000	  1.8668150321324639e+000	  2.0881856223118120e+000	  2.1521180316878383e+000	
  1.8633081997181997e+000	  1.8492993111438614e+000	  1.7882397512135728e+000	  2.1017207206675530e+000	  2.0942133535415097e+000	  2.0117438199787778e+000	  2.1196588174208686e+000	  2.1118140083367392e+000	  2.1393378017092406e+000	  1.9711299723525406e+000	  1.8704082491531697e+000	  2.0930244399358897e+000	  2.1573733630430412e+000	
  1.8659748706059167e+000	  1.8525839087243834e+000	  1.7897472057715498e+000	  2.1056295915752905e+000	  2.0985917979711668e+000	  2.0141922522736300e+000	  2.1227988313866200e+000	  2.1153472361500838e+000	  2.1413586880696531e+000	  1.9737001903227820e+000	  1.8740041468999094e+000	  2.0978696740784133e+000	  2.1626457672289021e+000	
  1.8685603286442043e+000	  1.8558513204495311e+000	  1.7913008978662279e+000	  2.1093914311452395e+000	  2.1029584072608984e+000	  2.0166967936395097e+000	  2.1259344968510865e+000	  2.1188828186415192e+000	  2.1434824650790705e+000	  1.9762920784607956e+000	  1.8775799252576302e+000	  2.1026946010036727e+000	  2.1679053695643078e+000	
  1.8711682136907815e+000	  1.8590894878991346e+000	  1.7928949834362367e+000	  2.1131089232211933e+000	  2.1072994104458167e+000	  2.0192508064904962e+000	  2.1290941057539712e+000	  2.1224234122241161e+000	  2.1457033896854645e+000	  1.9789258587656682e+000	  1.8811186821708619e+000	  2.1074798458128305e+000	  2.1731280449088279e+000	
  1.8741531010119048e+000	  1.8626522107228334e+000	  1.7947158780306016e+000	  2.1172457359094312e+000	  2.1120738334254510e+000	  2.0221315038174295e+000	  2.1326278176563283e+000	  2.1263567677817337e+000	  2.1482709570287453e+000	  1.9819107492701580e+000	  1.8850015223557197e+000	  2.1127272592552022e+000	  2.1788558914784204e+000	
  1.8772037633585881e+000	  1.8661511985060586e+000	  1.7965534701220560e+000	  2.1214153943130709e+000	  2.1168022439415868e+000	  2.0250545768881074e+000	  2.1361860414620453e+000	  2.1303020915731370e+000	  2.1509456819159118e+000	  1.9849247318428820e+000	  1.8888032411041373e+000	  2.1179008065213298e+000	  2.1845043428137538e+000	
  1.8803185811333829e+000	  1.8696050261501611e+000	  1.7984203187593255e+000	  2.1256119946868797e+000	  2.1214810208026558e+000	  2.0280101156315897e+000	  2.1397557300718746e+000	  2.1342562810236489e+000	  2.1537205980721148e+000	  1.9879729183850863e+000	  1.8925392634291731e+000	  2.1229958584983812e+000	  2.1900663278639012e+000	
  1.8834706774642540e+000	  1.8730145050016567e+000	  1.8003104854399101e+000	  2.1298222992274187e+000	  2.1261115843555927e+000	  2.0309912395500787e+000	  2.1433278277190237e+000	  2.1382151297195224e+000	  2.1565886953035678e+000	  1.9910431827854960e+000	  1.8962120865471745e+000	  2.1280168972062841e+000	  2.1955447338889074e+000	
  1.8900796469794012e+000	  1.8799977367045817e+000	  1.8043436200400249e+000	  2.1384314918749348e+000	  2.1354558625777336e+000	  2.0371366616432662e+000	  2.1506055565272466e+000	  2.1462783256500373e+000	  2.1626637298742137e+000	  1.9974659614025290e+000	  1.9037144560865391e+000	  2.1381361112891515e+000	  2.2065455857721101e+000	
  1.8942398117397108e+000	  1.8843359666777979e+000	  1.8068178850474483e+000	  2.1441884381862444e+000	  2.1416421357941466e+000	  2.0413133740969762e+000	  2.1555215406001222e+000	  2.1517237523833739e+000	  2.1669919043263537e+000	  2.0015517875950599e+000	  1.9083584988180229e+000	  2.1447566386166228e+000	  2.2137823965770158e+000	
  1.8985041882462843e+000	  1.8886936775131118e+000	  1.8093865042976844e+000	  2.1498581580124196e+000	  2.1476702759873234e+000	  2.0454132099956208e+000	  2.1603609024550874e+000	  2.1570998045199850e+000	  2.1714261844697451e+000	  2.0057487345846909e+000	  1.9130169260712229e+000	  2.1512184660891349e+000	  2.2208491814252760e+000	
  1.9026740151893800e+000	  1.8929323373317180e+000	  1.8118391817202191e+000	  2.1554609603048744e+000	  2.1536092892914973e+000	  2.0494463820665079e+000	  2.1651257074733676e+000	  2.1624306579013028e+000	  2.1759457804073850e+000	  2.0098829973984889e+000	  1.9175563423081041e+000	  2.1575891990002884e+000	  2.2278069875464195e+000	
  1.9067347523135161e+000	  1.8971363344379948e+000	  1.8142201405205582e+000	  2.1609768577854598e+000	  2.1595118923428327e+000	  2.0534379665601081e+000	  2.1698126441722492e+000	  2.1677277034031692e+000	  2.1805339707474771e+000	  2.0139701424798835e+000	  1.9220250811372475e+000	  2.1638939213795116e+000	  2.2346836880398318e+000	
  1.9099162517907275e+000	  1.9005561088000282e+000	  1.8161277183713105e+000	  2.1654124217398292e+000	  2.1643540848162810e+000	  2.0567131492773632e+000	  2.1735706270937527e+000	  2.1720630497267086e+000	  2.1843591988292030e+000	  2.0172530361720300e+000	  1.9256226440792434e+000	  2.1690301858695800e+000	  2.2402881552065339e+000	
  1.9130343696653589e+000	  1.9040484672162445e+000	  1.8181258072730775e+000	  2.1697503057241132e+000	  2.1692045651091760e+000	  2.0600141545368227e+000	  2.1772431205223821e+000	  2.1763761557704617e+000	  2.1882167424044865e+000	  2.0205612261227635e+000	  1.9292724582435936e+000	  2.1741667659655368e+000	  2.2458855473377519e+000	
  1.9160334963011776e+000	  1.9075466362813192e+000	  1.8201774757422984e+000	  2.1739981543673781e+000	  2.1740663085492868e+000	  2.0633662231223919e+000	  2.1808666030590032e+000	  2.1806721339460569e+000	  2.1921035947256535e+000	  2.0238465877380158e+000	  1.9329245213223649e+000	  2.1793163215053508e+000	  2.2514936442782547e+000	
  1.9189351165203568e+000	  1.9110396779308525e+000	  1.8222917510003793e+000	  2.1781679613888669e+000	  2.1789274101873546e+000	  2.0667789089184958e+000	  2.1844734604528231e+000	  2.1849532594948111e+000	  2.1960165347688361e+000	  2.0271203211220508e+000	  1.9365697697264221e+000	  2.1844648411206387e+000	  2.2571039150333028e+000	
  1.9233642354130076e+000	  1.9164608185306016e+000	  1.8257377144442106e+000	  2.1844868596378855e+000	  2.1863825727019055e+000	  2.0721384194422363e+000	  2.1900426745526196e+000	  2.1914986386241710e+000	  2.2020492261391560e+000	  2.0322257597899123e+000	  1.9422272227323376e+000	  2.1923712801662321e+000	  2.2657140583813780e+000	
  1.9267975972581393e+000	  1.9207202193707018e+000	  1.8285264898877038e+000	  2.1895997305597352e+000	  2.1924387419867162e+000	  2.0766209800948787e+000	  2.1946733107452916e+000	  2.1968504545992200e+000	  2.2070356915316367e+000	  2.0362912967543667e+000	  1.9466592920324859e+000	  2.1987586861173325e+000	  2.2726940415128980e+000	
  1.9302964193019987e+000	  1.9250163131669615e+000	  1.8314710201781834e+000	  2.1946852615070882e+000	  2.1984418845596574e+000	  2.0811642823025798e+000	  2.1993508306740135e+000	  2.2021876496233341e+000	  2.2120535603879299e+000	  2.0404565229603300e+000	  1.9510965950105124e+000	  2.2050646550846791e+000	  2.2795901037203321e+000	
  1.9337845050418134e+000	  1.9292841036599651e+000	  1.8344830738642224e+000	  2.1997735424912510e+000	  2.2044305051784008e+000	  2.0857755495298131e+000	  2.2040623249079840e+000	  2.2075252743887277e+000	  2.2171055662595727e+000	  2.0446444419690351e+000	  1.9554966614034595e+000	  2.2113493116158183e+000	  2.2864513078465305e+000	
  1.9372291346153430e+000	  1.9335334102505743e+000	  1.8375476089948795e+000	  2.2048434226086155e+000	  2.2104159227941134e+000	  2.0904506736582600e+000	  2.2087906026213493e+000	  2.2128694869990051e+000	  2.2221913595790030e+000	  2.0488389426692066e+000	  1.9598745804067481e+000	  2.2176254579325207e+000	  2.2932974656769400e+000	
  1.9406005896644898e+000	  1.9377732071128528e+000	  1.8406638511337148e+000	  2.2098591635094551e+000	  2.2163935032466826e+000	  2.0951779817211489e+000	  2.2135210257215525e+000	  2.2182172440399821e+000	  2.2273078435514146e+000	  2.0530305697499478e+000	  1.9642342071808798e+000	  2.2238833267568512e+000	  2.3001265417402772e+000	
  1.9472954576889097e+000	  1.9470759496201417e+000	  1.8476988872407740e+000	  2.2201472195419689e+000	  2.2293283492895624e+000	  2.1055512211450704e+000	  2.2236888319268351e+000	  2.2297390485157718e+000	  2.2383945083961345e+000	  2.0620925518470283e+000	  1.9738220064069416e+000	  2.2374616056742083e+000	  2.3149170577370572e+000	
  1.9518960396291707e+000	  1.9542474109338248e+000	  1.8532552753153340e+000	  2.2281319766596277e+000	  2.2398330969888494e+000	  2.1141879082143737e+000	  2.2318490585993032e+000	  2.2391504408286758e+000	  2.2476303299855465e+000	  2.0690548961040895e+000	  1.9811692521568400e+000	  2.2484005685986297e+000	  2.3269154735808870e+000	
  1.9530152594705663e+000	  1.9560841023708440e+000	  1.8547013795989788e+000	  2.2304039368991853e+000	  2.2428235158704033e+000	  2.1167142246205350e+000	  2.2341729836997533e+000	  2.2418786381481506e+000	  2.2503802105494857e+000	  2.0708780833586289e+000	  1.9830147173163510e+000	  2.2514562278298564e+000	  2.3303151568583904e+000	
  1.9540422199187202e+000	  1.9578116915605801e+000	  1.8560668950340691e+000	  2.2315716934322380e+000	  2.2455147055858800e+000	  2.1190792852815172e+000	  2.2314198962202569e+000	  2.2444930042296756e+000	  2.2530976333374486e+000	  2.0725185742608687e+000	  1.9847447780868812e+000	  2.2541430313708757e+000	  2.3332395608951058e+000	
  1.9545763405592471e+000	  1.9591168297134425e+000	  1.8570895373367753e+000	  2.2309867765662394e+000	  2.2474727877130345e+000	  2.1209136320459190e+000	  2.2265988652108990e+000	  2.2466167377910846e+000	  2.2554335158701049e+000	  2.0735999932511366e+000	  1.9860374302298591e+000	  2.2559991333678049e+000	  2.3351573501489180e+000	
  1.9547915041217363e+000	  1.9603372753651411e+000	  1.8580896524706676e+000	  2.2293202984197862e+000	  2.2490621561140909e+000	  2.1225074110276760e+000	  2.2218171388958470e+000	  2.2485198033336982e+000	  2.2576956416256349e+000	  2.0744815805749539e+000	  1.9872006981649997e+000	  2.2573997235623979e+000	  2.3365266360713650e+000	
  1.9547429220661949e+000	  1.9614828552421864e+000	  1.8591068657164433e+000	  2.2272764081021865e+000	  2.2503686482241307e+000	  2.1239121891808246e+000	  2.2178734797171145e+000	  2.2501893944147406e+000	  2.2598738180139013e+000	  2.0752411534771000e+000	  1.9882485020304748e+000	  2.2584695977210556e+000	  2.3375223998516326e+000	
  1.9545324471210848e+000	  1.9625391679381805e+000	  1.8601438917811535e+000	  2.2253174331668095e+000	  2.2514614411529434e+000	  2.1251851479447361e+000	  2.2148299045982611e+000	  2.2516371235428321e+000	  2.2619645220786668e+000	  2.0759240516234456e+000	  1.9891882695298297e+000	  2.2593154567312288e+000	  2.3382761202133162e+000	
  1.9542182571555926e+000	  1.9637485894901159e+000	  1.8614852777357289e+000	  2.2232400177252427e+000	  2.2526066983986484e+000	  2.1266775130441826e+000	  2.2120122622341785e+000	  2.2531928018707945e+000	  2.2644851585128776e+000	  2.0767387365762202e+000	  1.9902524870538254e+000	  2.2601680069389953e+000	  2.3390000240952915e+000	
  1.9539491372288009e+000	  1.9648074806148115e+000	  1.8628369319469855e+000	  2.2216269951553942e+000	  2.2535257484067728e+000	  2.1280790303862340e+000	  2.2100862323673671e+000	  2.2544865176822140e+000	  2.2668712272231879e+000	  2.0775150505776030e+000	  1.9911781631815562e+000	  2.2608222857409097e+000	  2.3395200382454981e+000	
  1.9538045953391798e+000	  1.9657413088063052e+000	  1.8642018814891856e+000	  2.2204317224219956e+000	  2.2542599211462226e+000	  2.1294208177086391e+000	  2.2088193761407870e+000	  2.2555701600221845e+000	  2.2691294773220623e+000	  2.0782855526105548e+000	  1.9919913601900927e+000	  2.2613180305653588e+000	  2.3398814102175147e+000	
  1.9538042046346193e+000	  1.9665688368904937e+000	  1.8655752970998454e+000	  2.2195856059579273e+000	  2.2548474199865636e+000	  2.1307214754413217e+000	  2.2080420198261934e+000	  2.2564906519411849e+000	  2.2712679975818761e+000	  2.0790615042272016e+000	  1.9927078059103636e+000	  2.2616880933897550e+000	  2.3401192595888722e+000	
  1.9541919961375556e+000	  1.9680163180783696e+000	  1.8683646557199862e+000	  2.2186429804157335e+000	  2.2557466421154699e+000	  2.1332710459782604e+000	  2.2074230070436553e+000	  2.2580347172819279e+000	  2.2752681939556409e+000	  2.0806649784810185e+000	  1.9939464786115988e+000	  2.2621902357300647e+000	  2.3403599859045507e+000	
  1.9549780166979422e+000	  1.9692212496342796e+000	  1.8711346023522331e+000	  2.2184770854495852e+000	  2.2563735142215005e+000	  2.1357294986782045e+000	  2.2077139464025537e+000	  2.2592843761059975e+000	  2.2788779897953626e+000	  2.0822903044058254e+000	  1.9949517338365719e+000	  2.2624564084484322e+000	  2.3403725883147808e+000	
  1.9560363137619021e+000	  1.9702809835478357e+000	  1.8738646136264363e+000	  2.2188024729196916e+000	  2.2568607126405023e+000	  2.1381108178973958e+000	  2.2085210461522382e+000	  2.2603828025062378e+000	  2.2821526400550392e+000	  2.0839302224298568e+000	  1.9958108742615559e+000	  2.2626016818383885e+000	  2.3402711721898850e+000	
  1.9572613643381289e+000	  1.9712620565545256e+000	  1.8765346376174765e+000	  2.2194249694850878e+000	  2.2572951157387164e+000	  2.1404174838403254e+000	  2.2096072178188235e+000	  2.2614174360217945e+000	  2.2851408101778246e+000	  2.0855710419559710e+000	  1.9965876078538884e+000	  2.2627047820554487e+000	  2.3401345515634207e+000	
  1.9596852811377485e+000	  1.9729697363560974e+000	  1.8812468088992238e+000	  2.2209354831254453e+000	  2.2580925384843087e+000	  2.1444738357200612e+000	  2.2119102500095491e+000	  2.2632963620895263e+000	  2.2900758243334480e+000	  2.0885398855070201e+000	  1.9979036003257760e+000	  2.2628980200510767e+000	  2.3399088797900482e+000	
  1.9622841498803036e+000	  1.9747158527782422e+000	  1.8857223601768796e+000	  2.2227528914616617e+000	  2.2589932385039879e+000	  2.1482691404115628e+000	  2.2144149213671973e+000	  2.2651958269719299e+000	  2.2943582717226114e+000	  2.0914891649621259e+000	  1.9992704311584364e+000	  2.2632383374272682e+000	  2.3398563797378191e+000	
  1.9648527126264428e+000	  1.9764656926474902e+000	  1.8898796820373602e+000	  2.2246621440750660e+000	  2.2600015919336669e+000	  2.1517933492690382e+000	  2.2169344631914343e+000	  2.2671263657613761e+000	  2.2981337479896937e+000	  2.0943166327122764e+000	  2.0006563193889870e+000	  2.2637175316963409e+000	  2.3399769129651431e+000	
  1.9673230935176682e+000	  1.9782006613602023e+000	  1.8937240856254809e+000	  2.2265501479320697e+000	  2.2610694451977169e+000	  2.1550433259097939e+000	  2.2193793971680411e+000	  2.2690506765532521e+000	  2.3015079168085637e+000	  2.0970021879559209e+000	  2.0020398026351405e+000	  2.2642799843699182e+000	  2.3402135813429439e+000	
  1.9701878892153100e+000	  1.9802618492139894e+000	  1.8980554788589885e+000	  2.2287817258243789e+000	  2.2623946086385702e+000	  2.1586966255545117e+000	  2.2222414733108580e+000	  2.2713572107593509e+000	  2.3052275046153001e+000	  2.1000964397397990e+000	  2.0036809799471325e+000	  2.2650084180296166e+000	  2.3405781849989298e+000	
  1.9729093070553760e+000	  1.9822607303435462e+000	  1.9020148088930842e+000	  2.2309059101765603e+000	  2.2637015894751120e+000	  2.1620022041266118e+000	  2.2249322654396999e+000	  2.2735527530805308e+000	  2.3085498274916083e+000	  2.1030049754889766e+000	  2.0052894510838248e+000	  2.2657672842102845e+000	  2.3410028104283276e+000	
  1.9754552663429030e+000	  1.9841347296405680e+000	  1.9056105019612550e+000	  2.2329144134086811e+000	  2.2649504684462833e+000	  2.1650037699464790e+000	  2.2274504957498551e+000	  2.2756188097809766e+000	  2.3115508419850239e+000	  2.1056962493685587e+000	  2.0067989044692660e+000	  2.2665049893699507e+000	  2.3414344163375240e+000	
  1.9778126417197255e+000	  1.9858648525667431e+000	  1.9088847926456034e+000	  2.2347794610662137e+000	  2.2661043433520898e+000	  2.1677278524617383e+000	  2.2297819446853020e+000	  2.2775392284336475e+000	  2.3142774652278875e+000	  2.1081740483777822e+000	  2.0081802755926463e+000	  2.2671717925001040e+000	  2.3418195964573871e+000	
  1.9799765081045491e+000	  1.9874540598913475e+000	  1.9118829387106191e+000	  2.2364861141370880e+000	  2.2671549029486897e+000	  2.1702064550535325e+000	  2.2319239364939896e+000	  2.2793068454273677e+000	  2.3167614848276803e+000	  2.1104516169404630e+000	  2.0094349838572994e+000	  2.2677603261047108e+000	  2.3421456612747003e+000	
  1.9830867894899118e+000	  1.9897380436365615e+000	  1.9162901871928060e+000	  2.2389362968164659e+000	  2.2686442891398708e+000	  2.1738435108226368e+000	  2.2350724528690948e+000	  2.2818946373093802e+000	  2.3204120507900496e+000	  2.1137767100868912e+000	  2.0111913119987910e+000	  2.2685283637382563e+000	  2.3425188940095265e+000	
  1.9858868746475475e+000	  1.9918217281488717e+000	  1.9202221565157263e+000	  2.2410855664506162e+000	  2.2699575116229882e+000	  2.1770221392758256e+000	  2.2378274781475622e+000	  2.2841521321667146e+000	  2.3235620278994054e+000	  2.1167641133127737e+000	  2.0128207597958365e+000	  2.2692253746579665e+000	  2.3428531435399629e+000	
  1.9883301554436754e+000	  1.9935769083861887e+000	  1.9236212076590162e+000	  2.2429713103501836e+000	  2.2710549544916407e+000	  2.1797787612567303e+000	  2.2402372237218007e+000	  2.2861079777647979e+000	  2.3262893648108682e+000	  2.1193341187825525e+000	  2.0141648341971488e+000	  2.2697565175409435e+000	  2.3430621667738398e+000	
  1.9904268773550793e+000	  1.9950107123346621e+000	  1.9265697170583620e+000	  2.2445598412226775e+000	  2.2718929314679603e+000	  2.1821376746733567e+000	  2.2422883334736712e+000	  2.2877484697291086e+000	  2.3286377111471896e+000	  2.1215287316232758e+000	  2.0152085489794325e+000	  2.2700606964548693e+000	  2.3430746806470975e+000	
  1.9921708058096497e+000	  1.9961599458223764e+000	  1.9291331329919841e+000	  2.2458443669539716e+000	  2.2725013419440017e+000	  2.1841587137931269e+000	  2.2439826277940766e+000	  2.2890942559360608e+000	  2.3306392472060371e+000	  2.1233807664035522e+000	  2.0160042612602274e+000	  2.2701887122064348e+000	  2.3429352823763270e+000	
  1.9937952412144513e+000	  1.9972142695272963e+000	  1.9316497066113809e+000	  2.2470000679378739e+000	  2.2729964995994614e+000	  2.1861177995727039e+000	  2.2455651423743208e+000	  2.2903357754287366e+000	  2.3325506770889031e+000	  2.1251432743912866e+000	  2.0166937297631313e+000	  2.2701924030286520e+000	  2.3426634198241021e+000	
  1.9951547602846675e+000	  1.9980869231128817e+000	  1.9337895854135876e+000	  2.2479241689664002e+000	  2.2733514887806745e+000	  2.1877442148273807e+000	  2.2468696685567213e+000	  2.2913321017422894e+000	  2.3341069416608593e+000	  2.1266172555152281e+000	  2.0172432459159855e+000	  2.2701151812924949e+000	  2.3423387610255788e+000	
  1.9962807697429166e+000	  1.9987633492930450e+000	  1.9355671705703330e+000	  2.2486568374094795e+000	  2.2735639308433293e+000	  2.1890615108415594e+000	  2.2479357973097418e+000	  2.2921154522354792e+000	  2.3353556399259636e+000	  2.1278167164636130e+000	  2.0176311677327274e+000	  2.2699396194121304e+000	  2.3419418352274151e+000	
  1.9971807709906921e+000	  1.9992500233985204e+000	  1.9370282876955691e+000	  2.2491953904095316e+000	  2.2736268746554034e+000	  2.1901019451637112e+000	  2.2487653670043701e+000	  2.2926922310168032e+000	  2.3363377627214161e+000	  2.1287659998925510e+000	  2.0178593140813299e+000	  2.2696545331384099e+000	  2.3414565269807395e+000	
  1.9978631839760914e+000	  1.9995704712530593e+000	  1.9382187962425825e+000	  2.2495466316165125e+000	  2.2735585953999600e+000	  2.1909076859819065e+000	  2.2493748035760337e+000	  2.2930795085535505e+000	  2.3370882798916273e+000	  2.1294923254248679e+000	  2.0179511755423380e+000	  2.2692786231743396e+000	  2.3408987755496233e+000	
  1.9985107518551131e+000	  1.9997869054819826e+000	  1.9395167513876375e+000	  2.2497711503552931e+000	  2.2732766270593516e+000	  2.1917135493304505e+000	  2.2499228089689862e+000	  2.2933580484064078e+000	  2.3378134370404431e+000	  2.1301980449194073e+000	  2.0178871612645701e+000	  2.2686182162296222e+000	  2.3400088411940310e+000	
  1.9989259836195064e+000	  1.9998562050389270e+000	  1.9404821232902680e+000	  2.2497852525217428e+000	  2.2728760763949825e+000	  2.1922163204989107e+000	  2.2502113346928883e+000	  2.2934176089411049e+000	  2.3382205420888580e+000	  2.1306510362753603e+000	  2.0177309402969614e+000	  2.2679102468095151e+000	  2.3390948860834220e+000	
  1.9990762113814529e+000	  1.9997095936479123e+000	  1.9410984000384943e+000	  2.2495894728452996e+000	  2.2723209423177861e+000	  2.1924344065159755e+000	  2.2502617655186139e+000	  2.2932678372360362e+000	  2.3383579310944618e+000	  2.1308210255804285e+000	  2.0173848689747107e+000	  2.2670799530244374e+000	  2.3380840904046547e+000	
  1.9990114662545311e+000	  1.9993825784145443e+000	  1.9414384418129671e+000	  2.2492016515077626e+000	  2.2716160549781277e+000	  2.1924064895052835e+000	  2.2500855556294952e+000	  2.2929152170635634e+000	  2.3382576388608189e+000	  2.1307629046474399e+000	  2.0168841094393795e+000	  2.2661369294102123e+000	  2.3369793433461790e+000	
  1.9987742704114209e+000	  1.9989260155039321e+000	  1.9415478070371739e+000	  2.2486638752829209e+000	  2.2708098198485005e+000	  2.1921779984676335e+000	  2.2497277542765941e+000	  2.2924032696617713e+000	  2.3379567041257401e+000	  2.1305216702903893e+000	  2.0162873370488001e+000	  2.2651359782845768e+000	  2.3358326478983171e+000	
  1.9981235770172947e+000	  1.9980070545434812e+000	  1.9413336674979202e+000	  2.2475745486039460e+000	  2.2693811961027057e+000	  2.1914767064621348e+000	  2.2488795567167710e+000	  2.2913513571799040e+000	  2.3371563201021601e+000	  2.1298429062456088e+000	  2.0151971131764026e+000	  2.2634619646074916e+000	  2.3339544948550941e+000	
  1.9972838155076313e+000	  1.9969748756350931e+000	  1.9408268541369642e+000	  2.2463145975019754e+000	  2.2678637617301249e+000	  2.1905083325570369e+000	  2.2478190685088943e+000	  2.2901218642963448e+000	  2.3360835350091143e+000	  2.1289477194026949e+000	  2.0140460810007164e+000	  2.2617639440592119e+000	  2.3320732908833430e+000	
  1.9961390843070947e+000	  1.9956643427946481e+000	  1.9399933217207845e+000	  2.2448138499474770e+000	  2.2661389682288089e+000	  2.1892841317936407e+000	  2.2464988939937496e+000	  2.2886577068461911e+000	  2.3347697990476202e+000	  2.1277489477041525e+000	  2.0126249934371492e+000	  2.2598717076451611e+000	  2.3300234155037916e+000	
  1.9948689421103194e+000	  1.9942669074030477e+000	  1.9389890483856300e+000	  2.2431858102576165e+000	  2.2643323965108744e+000	  2.1878929897762940e+000	  2.2450151990122840e+000	  2.2870481265718352e+000	  2.3332699810102433e+000	  2.1264147973979028e+000	  2.0111503967189899e+000	  2.2579461547377950e+000	  2.3279522424838248e+000	
  1.9935303965204234e+000	  1.9928399030705546e+000	  1.9378505297093891e+000	  2.2415055660903134e+000	  2.2625155459439488e+000	  2.1863884892107399e+000	  2.2434603655710990e+000	  2.2853827816887735e+000	  2.3316538933223931e+000	  2.1249939132060764e+000	  2.0096765492505999e+000	  2.2560444391207777e+000	  2.3259162954092867e+000	
  1.9911723705148803e+000	  1.9903744226378659e+000	  1.9357453403574663e+000	  2.2385833172658933e+000	  2.2594094787380801e+000	  2.1836853727766328e+000	  2.2407245157249611e+000	  2.2824832101976673e+000	  2.3287832186880966e+000	  2.1224709813353151e+000	  2.0071623161592567e+000	  2.2528316511852391e+000	  2.3224920701792042e+000	
  1.9886539360030460e+000	  1.9877722237112512e+000	  1.9334487781655421e+000	  2.2355300636560473e+000	  2.2562016532847053e+000	  2.1808279221411411e+000	  2.2378389362353421e+000	  2.2794521298452453e+000	  2.3257783003933770e+000	  2.1197824978056370e+000	  2.0045242588924452e+000	  2.2495365174614759e+000	  2.3190019103272488e+000	
  1.9859401893122779e+000	  1.9849934954652788e+000	  1.9309586457847099e+000	  2.2323225428329176e+000	  2.2528659539785831e+000	  2.1778208988931391e+000	  2.2347785144143453e+000	  2.2762637832774293e+000	  2.3226212525251464e+000	  2.1169097158085539e+000	  2.0017165502785481e+000	  2.2461299026514663e+000	  2.3154196656985038e+000	
  1.9833921323929622e+000	  1.9824247441623006e+000	  1.9285430895666771e+000	  2.2292380839259436e+000	  2.2496993978438140e+000	  2.1748479208426414e+000	  2.2318165135277694e+000	  2.2731812988421165e+000	  2.3194679040112187e+000	  2.1141663008588885e+000	  1.9991651427715713e+000	  2.2429467186070076e+000	  2.3120586147503981e+000	
  1.9806758393580839e+000	  1.9796727068578635e+000	  1.9259790454503780e+000	  2.2260525092498176e+000	  2.2464194740122538e+000	  2.1717959892094694e+000	  2.2287628780485638e+000	  2.2700173326222708e+000	  2.3162811527626732e+000	  2.1112686648664232e+000	  1.9964039949267074e+000	  2.2396174229429961e+000	  2.3085683319021291e+000	
  1.9776849508885357e+000	  1.9766650758272724e+000	  1.9231199528556411e+000	  2.2224502330039342e+000	  2.2427333090992989e+000	  2.1683064765141680e+000	  2.2252933297261133e+000	  2.2664175291257420e+000	  2.3126032749936223e+000	  2.1080434983275254e+000	  1.9934203599821463e+000	  2.2359193174687055e+000	  2.3046728279040241e+000	
  1.9744767834733139e+000	  1.9734281880523217e+000	  1.9200860281169632e+000	  2.2187128086522270e+000	  2.2389058614528246e+000	  2.1647242072453960e+000	  2.2216904872204539e+000	  2.2626978862977625e+000	  2.3088587022375324e+000	  2.1046297041342941e+000	  1.9901807301761714e+000	  2.2320521965015083e+000	  2.3006309245069954e+000	
  1.9717017986820180e+000	  1.9706608745076721e+000	  1.9173818223513794e+000	  2.2153093318649457e+000	  2.2354452903833031e+000	  2.1613745716890738e+000	  2.2184064238729246e+000	  2.2592889912178085e+000	  2.3053102435833175e+000	  2.1015979700320409e+000	  1.9874629764324423e+000	  2.2286091748700509e+000	  2.2969922636674083e+000	
  1.9683194012785448e+000	  1.9672336599417737e+000	  1.9142187129835946e+000	  2.2114850829726396e+000	  2.2315230960380830e+000	  2.1577507348125406e+000	  2.2147135320388989e+000	  2.2554956649524440e+000	  2.3015553038473109e+000	  2.0980433344575586e+000	  1.9840030303973526e+000	  2.2246189074882370e+000	  2.2928531380205590e+000	
  1.9679173345213310e+000	  1.9669067024932048e+000	  1.9136943548180907e+000	  2.2106773457052764e+000	  2.2307643810368107e+000	  2.1568153434952317e+000	  2.2139033644184223e+000	  2.2546301086132727e+000	  2.3004499378073766e+000	  2.0974782553057705e+000	  1.9837912958285302e+000	  2.2239853749072007e+000	  2.2921146375037784e+000	
  1.9666902489293108e+000	  1.9656140398859665e+000	  1.9125727879137184e+000	  2.2095015453812734e+000	  2.2295032039005194e+000	  2.1557442438058643e+000	  2.2128317321311428e+000	  2.2535335522002922e+000	  2.2994552875045313e+000	  2.0962259964675725e+000	  1.9824162601295856e+000	  2.2225907968667524e+000	  2.2907054434244252e+000	
  1.9657779241687927e+000	  1.9646681127147678e+000	  1.9117696031227041e+000	  2.2083946602864075e+000	  2.2283531105714882e+000	  2.1547364709058923e+000	  2.2117379150695036e+000	  2.2524109209249175e+000	  2.2984082333204210e+000	  2.0952825292819370e+000	  1.9814510419729456e+000	  2.2214315332494858e+000	  2.2894956290772930e+000	
  1.9649467370220466e+000	  1.9638556489255181e+000	  1.9109810851284970e+000	  2.2074129708942287e+000	  2.2273764035742394e+000	  2.1537958603515954e+000	  2.2107715042150584e+000	  2.2514148453464502e+000	  2.2973788620236038e+000	  2.0943975237417920e+000	  1.9806646924199314e+000	  2.2204828387070776e+000	  2.2885002710048585e+000	
  1.9641381735440280e+000	  1.9630608686159523e+000	  1.9101853113069069e+000	  2.2064644668986046e+000	  2.2264263642852717e+000	  2.1528546733089380e+000	  2.2098539306591563e+000	  2.2504705432979573e+000	  2.2963757459267384e+000	  2.0935232588636565e+000	  1.9798863931303095e+000	  2.2195397110440100e+000	  2.2875150336971446e+000	
  1.9626106232674945e+000	  1.9615333635790271e+000	  1.9086972842419723e+000	  2.2046593553434644e+000	  2.2245928300672384e+000	  2.1510785140315201e+000	  2.2081058100940623e+000	  2.2486700123895353e+000	  2.2945149660508415e+000	  2.0918733240606433e+000	  1.9783720780050518e+000	  2.2177034579216484e+000	  2.2855927261988462e+000	
  1.9611754423957335e+000	  1.9601009294892930e+000	  1.9072953857617911e+000	  2.2029276396405209e+000	  2.2228339908714854e+000	  2.1493724916297929e+000	  2.2064309702783005e+000	  2.2469379710343147e+000	  2.2927194339493928e+000	  2.0903112362959146e+000	  1.9769601739055551e+000	  2.2159500067724198e+000	  2.2837478934360997e+000	
  1.9596514633417790e+000	  1.9585676675461638e+000	  1.9058362792467296e+000	  2.2011387427961027e+000	  2.2210075611287947e+000	  2.1476407096209869e+000	  2.2047034678439923e+000	  2.2451557543414609e+000	  2.2909106393561034e+000	  2.0886767453155408e+000	  1.9754313490018593e+000	  2.2141114824605030e+000	  2.2818252945110800e+000	
  1.9566711517598068e+000	  1.9555834284582012e+000	  1.9029504857753703e+000	  2.1975322799906443e+000	  2.2173341276897398e+000	  2.1441120125568980e+000	  2.2012238006552551e+000	  2.2415513871301975e+000	  2.2871926263170623e+000	  2.0854351095213812e+000	  1.9724822406481481e+000	  2.2104400759988097e+000	  2.2779600920337821e+000	
  1.9536497916501208e+000	  1.9525460411596078e+000	  1.9000539590747527e+000	  2.1939274688260904e+000	  2.2136536196165526e+000	  2.1406145043831879e+000	  2.1977470937153609e+000	  2.2379557037437623e+000	  2.2835193757381682e+000	  2.0821724981577741e+000	  1.9694621623683402e+000	  2.2067436793442576e+000	  2.2740811567040793e+000	
  1.9506532416557882e+000	  1.9495367128161587e+000	  1.8971813701273774e+000	  2.1903688364519338e+000	  2.2100259101828863e+000	  2.1371620146482875e+000	  2.1943084221792968e+000	  2.2344043928024186e+000	  2.2798908981206658e+000	  2.0789438149129995e+000	  1.9664704941210138e+000	  2.2031038477456257e+000	  2.2702668957772647e+000	
  1.9508282043859151e+000	  1.9497797342672818e+000	  1.8972301906709903e+000	  2.1902612343885002e+000	  2.2099724554512528e+000	  2.1369255501061066e+000	  2.1941794860591060e+000	  2.2342427580756117e+000	  2.2795293687527804e+000	  2.0790086561240866e+000	  1.9668121376840564e+000	  2.2031646479216969e+000	  2.2702602514872576e+000	
  1.9501336850138447e+000	  1.9490387953322563e+000	  1.8965912598038177e+000	  2.1896354731122250e+000	  2.2092871884589749e+000	  2.1363571834374495e+000	  2.1936306853429257e+000	  2.2336790310175259e+000	  2.2790282580425192e+000	  2.0782985400844272e+000	  1.9660130156549651e+000	  2.2023800529237505e+000	  2.2694722392732869e+000	
  1.9495113354301623e+000	  1.9483688964231041e+000	  1.8960620286752172e+000	  2.1889595064502148e+000	  2.2085582663862890e+000	  2.1357687856378105e+000	  2.1929833904000149e+000	  2.2330172177363319e+000	  2.2784624314090425e+000	  2.0776731022198320e+000	  1.9652984973764411e+000	  2.2016003752002096e+000	  2.2686740632539886e+000	
  1.9488016461090258e+000	  1.9476429234437722e+000	  1.8954363186405949e+000	  2.1881538988482747e+000	  2.2077293742939608e+000	  2.1350435995076533e+000	  2.1921921025333182e+000	  2.2322061543199951e+000	  2.2776996907307665e+000	  2.0769458343265033e+000	  1.9645614253870121e+000	  2.2007634921535724e+000	  2.2678078375000377e+000	
  1.9481493371503327e+000	  1.9469934348316302e+000	  1.8948304374834530e+000	  2.1874053454065385e+000	  2.2069754674416333e+000	  2.1343377368365180e+000	  2.1914582747596558e+000	  2.2314541766428229e+000	  2.2769428951087178e+000	  2.0762622060781237e+000	  1.9639167187583999e+000	  2.2000145624349368e+000	  2.2670306765479689e+000	
  1.9475384305644532e+000	  1.9463896798075080e+000	  1.8942431019574153e+000	  2.1866942227739541e+000	  2.2062626229856694e+000	  2.1336454613365867e+000	  2.1907629172477949e+000	  2.2307414623932154e+000	  2.2762022099761547e+000	  2.0756104453360695e+000	  1.9633220700242411e+000	  2.1993087660595179e+000	  2.2662958096276560e+000	
  1.9460508710160791e+000	  1.9449125769234872e+000	  1.8927924950953205e+000	  2.1849510147897586e+000	  2.2045057216732133e+000	  2.1319290315833208e+000	  2.1890655762298357e+000	  2.2289988699353289e+000	  2.2743892057032222e+000	  2.0740093288055879e+000	  1.9618639009112160e+000	  2.1975604008666565e+000	  2.2644711555403960e+000	
  1.9447232806139061e+000	  1.9435961554594481e+000	  1.8914777313524005e+000	  2.1833357177664574e+000	  2.2028744285437960e+000	  2.1303186933968816e+000	  2.1874995502857839e+000	  2.2273805485988607e+000	  2.2726857337049640e+000	  2.0725535981873802e+000	  1.9605750882717856e+000	  2.1959442091423096e+000	  2.2627689042472601e+000	
  1.9432429791881787e+000	  1.9421047215794975e+000	  1.8900610154362314e+000	  2.1816172926651869e+000	  2.2011200867555827e+000	  2.1286562452716038e+000	  2.1858377028034153e+000	  2.2256700124768556e+000	  2.2709544419338124e+000	  2.0709711044776991e+000	  1.9590838559430959e+000	  2.1941749954429164e+000	  2.2609244876723014e+000	
  1.9410926637065322e+000	  1.9399565437747495e+000	  1.8879646096687412e+000	  2.1790079697228277e+000	  2.1984688482122978e+000	  2.1260886074354421e+000	  2.1833150097108667e+000	  2.2230586523250309e+000	  2.2682455084195561e+000	  2.0686259250277619e+000	  1.9569672885451024e+000	  2.1915337470379117e+000	  2.2581435579913172e+000	
  1.9387867941385761e+000	  1.9376355971224404e+000	  1.8857599192772225e+000	  2.1763053121016185e+000	  2.1957111022412801e+000	  2.1234741806183250e+000	  2.1807013737515311e+000	  2.2203645051814176e+000	  2.2655098221823788e+000	  2.0661543440147687e+000	  1.9546517873977349e+000	  2.1887591336890351e+000	  2.2552448915353414e+000	
  1.9367815266892905e+000	  1.9356320810163516e+000	  1.8838015205538368e+000	  2.1738460744171708e+000	  2.1932100186262353e+000	  2.1210495906013360e+000	  2.1783287357592838e+000	  2.2179034003401301e+000	  2.2629469951613559e+000	  2.0639563480122649e+000	  1.9526805380564827e+000	  2.1862682504943276e+000	  2.2526155932889527e+000	
  1.9344944651535623e+000	  1.9333208432248798e+000	  1.8816430650275850e+000	  2.1712346725399132e+000	  2.1905410262733751e+000	  2.1185539018219894e+000	  2.1757982685348987e+000	  2.2153054273280040e+000	  2.2603488622320871e+000	  2.0615374148575709e+000	  1.9503573500346425e+000	  2.1835679453248593e+000	  2.2498122313430851e+000	
  1.9340555206193524e+000	  1.9329168678211124e+000	  1.8811480962159093e+000	  2.1705527168177388e+000	  2.1898754146946144e+000	  2.1178116185776159e+000	  2.1751327182944697e+000	  2.2146018385235213e+000	  2.2595162119473065e+000	  2.0609938664572800e+000	  1.9500090704025232e+000	  2.1829567454279695e+000	  2.2491343710983753e+000	
  1.9329890183860818e+000	  1.9318058801574698e+000	  1.8801816149662436e+000	  2.1694416073034368e+000	  2.1887075732382968e+000	  2.1167966820376689e+000	  2.1740762758833072e+000	  2.2135228721772497e+000	  2.2585145594437850e+000	  2.0599013935057502e+000	  1.9488503092581502e+000	  2.1817206372350353e+000	  2.2478730413809020e+000	
  1.9322149026037552e+000	  1.9310344842218317e+000	  1.8794433375123196e+000	  2.1685056252041561e+000	  2.1877624568046379e+000	  2.1158908750389327e+000	  2.1731571328524462e+000	  2.2125768631433753e+000	  2.2575476055112742e+000	  2.0590724439291872e+000	  1.9480918292511475e+000	  2.1807894623433386e+000	  2.2468965472426614e+000	
  1.9310631260411637e+000	  1.9298877276554907e+000	  1.8783251242097467e+000	  2.1671487101774045e+000	  2.1863906655349457e+000	  2.1145608222692385e+000	  2.1718396937196309e+000	  2.2112205257202402e+000	  2.2561433347349307e+000	  2.0578309697863140e+000	  1.9469587927549599e+000	  2.1794222910621923e+000	  2.2454669231377351e+000	
  1.9299614296610401e+000	  1.9287882277633579e+000	  1.8772502998880487e+000	  2.1658341335470066e+000	  2.1850577913440463e+000	  2.1132664591416108e+000	  2.1705659813015030e+000	  2.2099065046325825e+000	  2.2547807833601587e+000	  2.0566367574960345e+000	  1.9458730916609952e+000	  2.1780929707943186e+000	  2.2440728724035108e+000	
  1.9288307705982426e+000	  1.9276529477818407e+000	  1.8761600685782849e+000	  2.1645042456287529e+000	  2.1837034815591179e+000	  2.1119706852709239e+000	  2.1692787578083794e+000	  2.2085798007312856e+000	  2.2534245227906173e+000	  2.0554208797003350e+000	  1.9447439612157560e+000	  2.1767339128450627e+000	  2.2426519773719411e+000	
  1.9256248459045529e+000	  1.9244393978508685e+000	  1.8730499979985127e+000	  2.1606375191474729e+000	  2.1797647416897941e+000	  2.1081807997273638e+000	  2.1655457865995404e+000	  2.2047158618052056e+000	  2.2494364404733935e+000	  2.0519353643631217e+000	  1.9415654273098282e+000	  2.1727959883755723e+000	  2.2385104404247511e+000	
  1.9225333409044978e+000	  1.9213298101399701e+000	  1.8700694908171192e+000	  2.1569086113937281e+000	  2.1759550656980320e+000	  2.1045437974944341e+000	  2.1619527874131843e+000	  2.2009933129711654e+000	  2.2456118659854285e+000	  2.0485772926736732e+000	  1.9384799237045942e+000	  2.1689753327162768e+000	  2.2344916126233247e+000	
  1.9212632242129184e+000	  1.9200266383458220e+000	  1.8689116786377307e+000	  2.1555501284702898e+000	  2.1745522844866527e+000	  2.1032911537580001e+000	  2.1606351126510348e+000	  2.1996518958441511e+000	  2.2443355682530308e+000	  2.0472766710302408e+000	  1.9371425877009008e+000	  2.1675281656236782e+000	  2.2330119949273497e+000	
  1.9204266263929821e+000	  1.9192146256219713e+000	  1.8680733882772269e+000	  2.1545031523269333e+000	  2.1735137136377785e+000	  2.1022359366100458e+000	  2.1596060497289713e+000	  2.1985903981623323e+000	  2.2431910156362576e+000	  2.0463542444155687e+000	  1.9363655412635008e+000	  2.1665251685096956e+000	  2.2319509114354923e+000	
  1.9194189554617918e+000	  1.9182019788635365e+000	  1.8671015964769910e+000	  2.1533549911594534e+000	  2.1723453811466205e+000	  2.1011182462329963e+000	  2.1584941160065352e+000	  2.1974497650239448e+000	  2.2420299090876661e+000	  2.0452810462730913e+000	  1.9353529042688526e+000	  2.1653461948106103e+000	  2.2307269454766336e+000	
  1.9178207343857439e+000	  1.9166086568645724e+000	  1.8655369559179127e+000	  2.1514421511068291e+000	  2.1704078768981763e+000	  2.0992297937368862e+000	  2.1566377843744364e+000	  2.1955346310196471e+000	  2.2400416080447250e+000	  2.0435470911018960e+000	  1.9337829721678601e+000	  2.1634187033376704e+000	  2.2287043753353082e+000	
  1.9162145181170218e+000	  1.9149972741924557e+000	  1.8639809915440686e+000	  2.1495414614438961e+000	  2.1684728946191649e+000	  2.0973705801801352e+000	  2.1547986713660068e+000	  2.1936369793983923e+000	  2.2380945011457283e+000	  2.0418146891459847e+000	  1.9321842498666635e+000	  2.1614804348355503e+000	  2.2266746474952890e+000	
  1.9146022980817099e+000	  1.9133782090511351e+000	  1.8624277542370349e+000	  2.1476474544445558e+000	  2.1665443218535900e+000	  2.0955264948197274e+000	  2.1529638921397400e+000	  2.1917461598608128e+000	  2.2361638407592976e+000	  2.0400841639966711e+000	  1.9305745285362941e+000	  2.1595465679364074e+000	  2.2246532271799127e+000	
  1.9114697845577733e+000	  1.9102351369848729e+000	  1.8593766625076460e+000	  2.1438025185445313e+000	  2.1626190976272031e+000	  2.0917432526199242e+000	  2.1492646664340205e+000	  2.1879029125568703e+000	  2.2321759189274153e+000	  2.0366508663866498e+000	  1.9274730905911750e+000	  2.1556242049150129e+000	  2.2205097964175873e+000	
  1.9105802323044305e+000	  1.9092762804250354e+000	  1.8586249142256379e+000	  2.1430124252438363e+000	  2.1617593373578634e+000	  2.0910897530340931e+000	  2.1485182371295357e+000	  2.1871564214267880e+000	  2.2315885237602959e+000	  2.0357993277048481e+000	  1.9264334485882066e+000	  2.1546636117425360e+000	  2.2195636030155632e+000	
  1.9102747334923933e+000	  1.9089930836714495e+000	  1.8583355302876021e+000	  2.1425718463093251e+000	  2.1613391979275174e+000	  2.0906598508847360e+000	  2.1480540867157312e+000	  2.1866819418314707e+000	  2.2310835504486768e+000	  2.0354687509940996e+000	  1.9261802481623551e+000	  2.1542947024750503e+000	  2.2191672245244018e+000	
  1.9099531976060808e+000	  1.9086994606175380e+000	  1.8579973949815600e+000	  2.1421802308583566e+000	  2.1609689303621984e+000	  2.0902501655567072e+000	  2.1476663293326697e+000	  2.1862839851124014e+000	  2.2306211939127141e+000	  2.0351101028357941e+000	  1.9259130265715183e+000	  2.1539515132906142e+000	  2.2188044914071732e+000	
  1.9094123654041100e+000	  1.9081703608489147e+000	  1.8574450206342377e+000	  2.1415469648757699e+000	  2.1603376302275472e+000	  2.0896011694231724e+000	  2.1470521339421991e+000	  2.1856543738612273e+000	  2.2299380330782164e+000	  2.0345186245989892e+000	  1.9253971668811731e+000	  2.1533266268782261e+000	  2.2181518742777135e+000	
  1.9088778654217673e+000	  1.9076390543027302e+000	  1.8569110466907239e+000	  2.1409131658091747e+000	  2.1596974823749426e+000	  2.0889646168441653e+000	  2.1464363761357736e+000	  2.1850211464261480e+000	  2.2292733583671507e+000	  2.0339367781051938e+000	  1.9248741337702127e+000	  2.1526895797861401e+000	  2.2174848183554374e+000	
  1.9083293227889140e+000	  1.9070895944695625e+000	  1.8563740571399787e+000	  2.1402702778842091e+000	  2.1590442794434597e+000	  2.0883307798171420e+000	  2.1458127438201537e+000	  2.1843793187294387e+000	  2.2286137297336266e+000	  2.0333457297646569e+000	  1.9243293259934793e+000	  2.1520357272138733e+000	  2.2168016528767267e+000	
  1.9062918384715726e+000	  1.9050483833989411e+000	  1.8543944156498933e+000	  2.1378690537825391e+000	  2.1566035469237499e+000	  2.0859770488217082e+000	  2.1434845847577439e+000	  2.1819796816421073e+000	  2.2261513636525598e+000	  2.0311526792070551e+000	  1.9223068550129621e+000	  2.1495951803297135e+000	  2.2142483368504400e+000	
  1.9046431779975703e+000	  1.9034003572465352e+000	  1.8527622348031003e+000	  2.1357879838249620e+000	  2.1544806658366040e+000	  2.0839022471317632e+000	  2.1414879974401058e+000	  2.1798957921625828e+000	  2.2239578309851034e+000	  2.0293186093580959e+000	  1.9206951891708177e+000	  2.1474849034937185e+000	  2.2120039417563619e+000	
  1.9038998809874810e+000	  1.9025836158480069e+000	  1.8521402835015670e+000	  2.1351922941632915e+000	  2.1538115467263381e+000	  2.0834293322648509e+000	  2.1409438778652938e+000	  2.1793551491252381e+000	  2.2235759388415381e+000	  2.0286198993696596e+000	  1.9197921557548923e+000	  2.1467010144024936e+000	  2.2112438947469508e+000	
  1.9036906985645361e+000	  1.9023744216828118e+000	  1.8519707942122035e+000	  2.1348687877534762e+000	  2.1534901503691439e+000	  2.0831389860551721e+000	  2.1405930253265835e+000	  2.1789985158234764e+000	  2.2232393675933366e+000	  2.0284059380742958e+000	  1.9195924616939943e+000	  2.1464129040139714e+000	  2.2109361736323225e+000	
  1.9035084152138828e+000	  1.9022207541066962e+000	  1.8517846734460144e+000	  2.1346283019920489e+000	  2.1532749987307440e+000	  2.0828949176753846e+000	  2.1403429104763410e+000	  2.1787414282169451e+000	  2.2229377023197698e+000	  2.0282028413068121e+000	  1.9194671140900275e+000	  2.1462346179219014e+000	  2.2107431017751988e+000	
  1.9031667129792458e+000	  1.9019030726232735e+000	  1.8514242774650660e+000	  2.1342268124409172e+000	  2.1528906848500613e+000	  2.0824723271999273e+000	  2.1399515498451009e+000	  2.1783410115097710e+000	  2.2224738784239793e+000	  2.0278258485218710e+000	  1.9191707330163650e+000	  2.1458680766608613e+000	  2.2103595263750080e+000	
  1.9028454869121749e+000	  1.9015930740697784e+000	  1.8510860185174498e+000	  2.1338348802739278e+000	  2.1525033088756640e+000	  2.0820599588089537e+000	  2.1395702005246164e+000	  2.1779492378136553e+000	  2.2220358175674089e+000	  2.0274668172582873e+000	  1.9188736274742686e+000	  2.1454901050170863e+000	  2.2099613708553627e+000	
  1.9024999753888823e+000	  1.9012497331435185e+000	  1.8507364581836299e+000	  2.1334264927911897e+000	  2.1520905340995933e+000	  2.0816453770208434e+000	  2.1391749187522953e+000	  2.1775426063823780e+000	  2.2216052580725738e+000	  2.0270887190742051e+000	  1.9185355825632682e+000	  2.1450780558143219e+000	  2.2095297109410406e+000	
  1.9013967719119185e+000	  1.9001428236384981e+000	  1.8496596492027562e+000	  2.1321325905013908e+000	  2.1507737861916754e+000	  2.0803727812981521e+000	  2.1379206189536668e+000	  2.1762508448146605e+000	  2.2202818707832948e+000	  2.0259016300505288e+000	  1.9174370741335200e+000	  2.1437588215126837e+000	  2.2081508025745329e+000	
  1.9004215485447522e+000	  1.8991704459570411e+000	  1.8486969454054913e+000	  2.1309407866501893e+000	  2.1495637598348876e+000	  2.0791883042982096e+000	  2.1367689964254768e+000	  2.1750568436791746e+000	  2.2190345526032913e+000	  2.0248332402198685e+000	  1.9164835665477959e+000	  2.1425570567130601e+000	  2.2068823342827195e+000	
  1.8992256985674885e+000	  1.8979576023338474e+000	  1.8475671122518262e+000	  2.1295921107187978e+000	  2.1481815125050558e+000	  2.0778997786682463e+000	  2.1354621377272882e+000	  2.1737163672321631e+000	  2.2177039401060199e+000	  2.0235754931831407e+000	  1.9152616178824997e+000	  2.1411545511984373e+000	  2.2054294354471158e+000	
  1.8982404089904565e+000	  1.8969832107610152e+000	  1.8465856479778642e+000	  2.1283655424680159e+000	  2.1469433734251142e+000	  2.0766706357673130e+000	  2.1342744577640298e+000	  2.1724837114394355e+000	  2.2163967984340096e+000	  2.0224875133587705e+000	  1.9143148909038454e+000	  2.1399350328263393e+000	  2.2041372773180212e+000	
  1.8969054016958695e+000	  1.8956269679325737e+000	  1.8453324514314104e+000	  2.1268901084352940e+000	  2.1454308369172819e+000	  2.0752704723261872e+000	  2.1328421437427969e+000	  2.1710197886860891e+000	  2.2149569939677916e+000	  2.0210960240178593e+000	  1.9129422112352070e+000	  2.1383945979181762e+000	  2.2025494687769771e+000	
  1.8963067887085963e+000	  1.8950539841373568e+000	  1.8446976050116988e+000	  2.1260616857941308e+000	  2.1446081089765290e+000	  2.0744008764336832e+000	  2.1320398595920715e+000	  2.1701780343121189e+000	  2.2140086132772288e+000	  2.0203973496467693e+000	  1.9124122915249535e+000	  2.1376097961607372e+000	  2.2016982615804510e+000	
  1.8953515313076841e+000	  1.8940581283189326e+000	  1.8438379052701952e+000	  2.1250868157065592e+000	  2.1435858400688459e+000	  2.0735183590698743e+000	  2.1311013807172077e+000	  2.1692257852738188e+000	  2.2131384776979819e+000	  2.0194347644763573e+000	  1.9113741637908734e+000	  2.1365321608513592e+000	  2.2006060445958942e+000	
  1.8948695186190385e+000	  1.8936016546116508e+000	  1.8433395707270792e+000	  2.1244382757735432e+000	  2.1429509683427486e+000	  2.0728489793612712e+000	  2.1304599219347375e+000	  2.1685600264530200e+000	  2.2123975493362384e+000	  2.0188881734417223e+000	  1.9109529717528866e+000	  2.1359362585903412e+000	  2.1999654640913273e+000	
  1.8941734784740762e+000	  1.8928975896533262e+000	  1.8426725890862616e+000	  2.1236594109025062e+000	  2.1421535406389891e+000	  2.0720959111543475e+000	  2.1297092965875524e+000	  2.1677900733780722e+000	  2.2116233793398630e+000	  2.0181515599471509e+000	  1.9102436446116187e+000	  2.1351240725061289e+000	  2.1991243898932615e+000	
  1.8931929251900466e+000	  1.8919186350637425e+000	  1.8417144628499416e+000	  2.1224943098475939e+000	  2.1409725060230560e+000	  2.0709475181931833e+000	  2.1285776026274554e+000	  2.1666233618603896e+000	  2.2104175852995778e+000	  2.0170942431565200e+000	  1.9092782381806130e+000	  2.1339486979369986e+000	  2.1978925701865677e+000	
  1.8921969683051940e+000	  1.8909194422034672e+000	  1.8407495633484265e+000	  2.1213279908992440e+000	  2.1397856894753082e+000	  2.0698068760112904e+000	  2.1274476325602034e+000	  2.1654591710701721e+000	  2.2092259624807555e+000	  2.0160258333881291e+000	  1.9082860179531176e+000	  2.1327593435870678e+000	  2.1966495399439498e+000	
  1.8912116901746345e+000	  1.8899309998360507e+000	  1.8397963022050730e+000	  2.1201749710489488e+000	  2.1386127359113019e+000	  2.0686804246292270e+000	  2.1263296131286737e+000	  2.1643077034347309e+000	  2.2080484416527226e+000	  2.0149703022715242e+000	  1.9073045327774025e+000	  2.1315844962522488e+000	  2.1954220567182943e+000	
  1.8912351467063855e+000	  1.8899986019358850e+000	  1.8397334075436209e+000	  2.1200038376831505e+000	  2.1384715045498170e+000	  2.0684204662139036e+000	  2.1261627339794793e+000	  2.1641124330234507e+000	  2.2077132032564957e+000	  2.0149082741907334e+000	  1.9074334994222852e+000	  2.1315067478925576e+000	  2.1952926346237480e+000	
  1.8905666282871978e+000	  1.8892657774876616e+000	  1.8391584524869491e+000	  2.1194185242580494e+000	  2.1378182410202498e+000	  2.0679294053902457e+000	  2.1256277776219954e+000	  2.1635724622704426e+000	  2.2072955235004201e+000	  2.0142595935062930e+000	  1.9066316481849179e+000	  2.1307577840571925e+000	  2.1945512697949732e+000	
  1.8901888000275051e+000	  1.8888745018532986e+000	  1.8388309804422101e+000	  2.1189737508070539e+000	  2.1373585889124653e+000	  2.0675313252736016e+000	  2.1251809111476105e+000	  2.1631164642059768e+000	  2.2068767023180813e+000	  2.0138778730957512e+000	  1.9062341813458288e+000	  2.1302995588628466e+000	  2.1940768623395703e+000	
  1.8898610239867126e+000	  1.8885559587110312e+000	  1.8385216062617706e+000	  2.1185899103050385e+000	  2.1369796404926800e+000	  2.0671644150665149e+000	  2.1248000880793336e+000	  2.1627265531211366e+000	  2.2064732404718699e+000	  2.0135307551661716e+000	  1.9059243272497526e+000	  2.1299323110754957e+000	  2.1936940809154000e+000	
  1.8892203153580422e+000	  1.8879253447075586e+000	  1.8378932304000017e+000	  2.1178518773691102e+000	  2.1362420783707772e+000	  2.0664342095145583e+000	  2.1240794727709487e+000	  2.1619891527576245e+000	  2.2056990119049438e+000	  2.0128463475049410e+000	  1.9053047146172850e+000	  2.1292021519984985e+000	  2.1929346634233737e+000	
  1.8886275411968867e+000	  1.8873390688082190e+000	  1.8373045813321642e+000	  2.1171516628255809e+000	  2.1355380678134406e+000	  2.0657342617470777e+000	  2.1233976698407511e+000	  2.1612884655631639e+000	  2.2049623102544786e+000	  2.0122049216988267e+000	  1.9047294495572182e+000	  2.1285046996820083e+000	  2.1922048817159197e+000	
  1.8880083210600043e+000	  1.8867185614684561e+000	  1.8367017748306171e+000	  2.1164355248596922e+000	  2.1348107684794675e+000	  2.0650312575602694e+000	  2.1227022521125036e+000	  2.1605741309583908e+000	  2.2042306296609349e+000	  2.0115426469379276e+000	  1.9041126462933293e+000	  2.1277755037957826e+000	  2.1914451568082947e+000	
  1.8861466077794287e+000	  1.8848555482585616e+000	  1.8348859615910189e+000	  2.1142347464318467e+000	  2.1325750110194566e+000	  2.0628662152594588e+000	  2.1205691659422183e+000	  2.1583742049659413e+000	  2.2019641429368848e+000	  2.0095365868607109e+000	  1.9022701459071774e+000	  2.1255427770705073e+000	  2.1891065809931582e+000	
  1.8844558737707378e+000	  1.8831590979563924e+000	  1.8332363660341837e+000	  2.1121910732638796e+000	  2.1304901417759869e+000	  2.0608535927841216e+000	  2.1185992007947139e+000	  2.1563320648660111e+000	  2.1998523703009227e+000	  2.0076971835670121e+000	  1.9005943683585362e+000	  2.1234584649065606e+000	  2.1869109878084667e+000	
  1.8838676632160181e+000	  1.8825249336606600e+000	  1.8327347787618145e+000	  2.1116651582436483e+000	  2.1299181706046864e+000	  2.0604138656021744e+000	  2.1181004353651374e+000	  2.1558331366911814e+000	  2.1994556205302720e+000	  2.0071325976236349e+000	  1.8999088799088519e+000	  2.1228220729396443e+000	  2.1862833407562490e+000	
  1.8836486444182587e+000	  1.8823201248378054e+000	  1.8325254146854826e+000	  2.1113612665323087e+000	  2.1296271407411145e+000	  2.0601161436799869e+000	  2.1177820559246006e+000	  2.1555079793691254e+000	  2.1991113328030596e+000	  2.0068986643118825e+000	  1.8997239162916260e+000	  2.1225639059743839e+000	  2.1860077190776037e+000	
  1.8834342390787495e+000	  1.8821261164069623e+000	  1.8322997552452387e+000	  2.1110956828826342e+000	  2.1293772210944333e+000	  2.0598382638736519e+000	  2.1175185457324286e+000	  2.1552374962043146e+000	  2.1987963018757619e+000	  2.0066573799410254e+000	  1.8995476027617688e+000	  2.1223331217324573e+000	  2.1857630915882731e+000	
  1.8830000354165939e+000	  1.8817000066878173e+000	  1.8318582152094813e+000	  2.1105926123431051e+000	  2.1288745384630530e+000	  2.0593248014659844e+000	  2.1170308942269123e+000	  2.1547377982903524e+000	  2.1982588171038797e+000	  2.0061860083836582e+000	  1.8991308889156049e+000	  2.1218342628681981e+000	  2.1852426992344975e+000	
  1.8825769081792474e+000	  1.8812790080120483e+000	  1.8314362211781157e+000	  2.1100932587054144e+000	  2.1283698393734594e+000	  2.0588241435809391e+000	  2.1165456192236114e+000	  2.1542386861009999e+000	  2.1977372524421179e+000	  2.0057275546284221e+000	  1.8987163710272508e+000	  2.1213320505248290e+000	  2.1847170911590572e+000	
  1.8821378707960650e+000	  1.8808383878520751e+000	  1.8310078742624887e+000	  2.1095836183350296e+000	  2.1278513732139204e+000	  2.0583232241451448e+000	  2.1160510226188483e+000	  2.1537300034440472e+000	  2.1972173627074398e+000	  2.0052572621660270e+000	  1.8982786150277129e+000	  2.1208122484623031e+000	  2.1841748875312645e+000	
  1.8803697140001863e+000	  1.8790672516569369e+000	  1.8292872312204536e+000	  2.1075091873745313e+000	  2.1257431267068214e+000	  2.0562871822564799e+000	  2.1140389794694041e+000	  2.1516569496342450e+000	  2.1950906208636374e+000	  2.0033595447712829e+000	  1.8965242897334367e+000	  2.1187046291121256e+000	  2.1819709283684343e+000	
  1.8789620850908029e+000	  1.8776570776612866e+000	  1.8278953710530401e+000	  2.1057360905502436e+000	  2.1239306872431012e+000	  2.0545206829220715e+000	  2.1123406001081122e+000	  2.1498828940172445e+000	  2.1932275336299725e+000	  2.0017972835266451e+000	  1.8951432254521843e+000	  2.1168997444429296e+000	  2.1800506670463538e+000	
  1.8782702134921094e+000	  1.8768861388926088e+000	  1.8273088974458811e+000	  2.1052998608009910e+000	  2.1234153048122320e+000	  2.0541978495557456e+000	  2.1119753787091562e+000	  2.1495271266203777e+000	  2.1930321763475642e+000	  2.0011644292267534e+000	  1.8942762500284636e+000	  2.1162406607777502e+000	  2.1794337710111829e+000	
  1.8781561654773427e+000	  1.8767368113268073e+000	  1.8272552033319460e+000	  2.1050754986817202e+000	  2.1231632149551438e+000	  2.0540219216284257e+000	  2.1117231228519757e+000	  2.1492760875227761e+000	  2.1928590968655022e+000	  2.0010643990549495e+000	  1.8941031369894619e+000	  2.1159901193079214e+000	  2.1791737583618986e+000	
  1.8781111250132212e+000	  1.8767063855105668e+000	  1.8272312451437560e+000	  2.1049639972491652e+000	  2.1230686326595269e+000	  2.0539298460364961e+000	  2.1115778161236300e+000	  2.1491274446997073e+000	  2.1927113253301806e+000	  2.0010127657302315e+000	  1.8940927656979152e+000	  2.1159392951208043e+000	  2.1791092199463367e+000	
  1.8779753901609482e+000	  1.8766102824119726e+000	  1.8270926575810094e+000	  2.1048063848704563e+000	  2.1229479550783048e+000	  2.0537731530377537e+000	  2.1114104381892838e+000	  2.1489573667734057e+000	  2.1924935358301321e+000	  2.0008709824748023e+000	  1.8940303993212557e+000	  2.1158596834672614e+000	  2.1790233164737445e+000	
  1.8778941837616991e+000	  1.8765615082643827e+000	  1.8269846500078835e+000	  2.1046873338056735e+000	  2.1228582473914082e+000	  2.0536261003831382e+000	  2.1112892284722702e+000	  2.1488341058617002e+000	  2.1923058532661268e+000	  2.0007703698739965e+000	  1.8940081396566355e+000	  2.1157990659944144e+000	  2.1789558163950864e+000	
  1.8778046834376261e+000	  1.8764914268854598e+000	  1.8268659679465018e+000	  2.1045698519139542e+000	  2.1227570858092264e+000	  2.0534770660756565e+000	  2.1111743521934270e+000	  2.1487171796941849e+000	  2.1921354807388895e+000	  2.0006589970069202e+000	  1.8939542584357636e+000	  2.1157124579627902e+000	  2.1788622681819154e+000	
  1.8775392705473304e+000	  1.8762360997083778e+000	  1.8265693706012864e+000	  2.1042562601895556e+000	  2.1224478517359895e+000	  2.0531291639558984e+000	  2.1108717392076342e+000	  2.1484080503931056e+000	  2.1917763760333138e+000	  2.0003580677349024e+000	  1.8937092527596791e+000	  2.1154074462175090e+000	  2.1785423550883363e+000	
  1.8772898214886531e+000	  1.8759914506027509e+000	  1.8263035891466681e+000	  2.1039462323946743e+000	  2.1221368300475940e+000	  2.0528014334916320e+000	  2.1105707723622498e+000	  2.1480972411102770e+000	  2.1914366361105864e+000	  2.0000771367225711e+000	  1.8934735921467201e+000	  2.1151021286070675e+000	  2.1782188593334575e+000	
  1.8770055487107584e+000	  1.8757049789025912e+000	  1.8260205216450998e+000	  2.1036122369973920e+000	  2.1217951073466788e+000	  2.0524680386921101e+000	  2.1102487396991507e+000	  2.1477647263780733e+000	  2.1910954747426574e+000	  1.9997684425292654e+000	  1.8931890195088772e+000	  2.1147580740371645e+000	  2.1778584649237294e+000	
  1.8760908655014705e+000	  1.8747835650488509e+000	  1.8251339641957831e+000	  2.1025434317425749e+000	  2.1207036373497865e+000	  2.0514237565002751e+000	  2.1092135156333298e+000	  2.1466971864641229e+000	  2.1900123596642422e+000	  1.9987894509229405e+000	  1.8922731846666385e+000	  2.1136628458253242e+000	  2.1767137406448596e+000	
  1.8752810463903276e+000	  1.8739742634744789e+000	  1.8243374249905309e+000	  2.1015607566244605e+000	  2.1197040391715372e+000	  2.0504500293975503e+000	  2.1082650345051426e+000	  2.1457136079763219e+000	  2.1889898613337770e+000	  1.9979069319811797e+000	  1.8914780073815911e+000	  2.1126680166791107e+000	  2.1756645450439538e+000	
  1.8742234578414754e+000	  1.8729009618712325e+000	  1.8233432888591314e+000	  2.1003975033249920e+000	  2.1185132857738069e+000	  2.0493452013844866e+000	  2.1071324014785118e+000	  2.1445575643734758e+000	  2.1878535398112571e+000	  1.9968082624934800e+000	  1.8903929337958043e+000	  2.1114577825689538e+000	  2.1744185613120717e+000	
  1.8741407567855781e+000	  1.8728499471394016e+000	  1.8232091670208634e+000	  2.1001827323116995e+000	  2.1183205191086416e+000	  2.0490765990132283e+000	  2.1069200182754058e+000	  2.1443265950483577e+000	  2.1875300074008175e+000	  1.9966689409858649e+000	  1.8903830135055495e+000	  2.1113085926484150e+000	  2.1742344413419330e+000	
  1.8736138380549401e+000	  1.8722901104506087e+000	  1.8227348747825902e+000	  2.0996664603712865e+000	  2.1177669016613980e+000	  2.0486122935327327e+000	  2.1064332038301492e+000	  2.1438318076006913e+000	  2.1870926131011417e+000	  1.9961399321558211e+000	  1.8897902555159241e+000	  2.1107080303907026e+000	  2.1736283811002841e+000	
  1.8732595152157385e+000	  1.8719346643525578e+000	  1.8224001613656857e+000	  2.0992472084512785e+000	  2.1173423506844089e+000	  2.0482101526991041e+000	  2.1060184028187492e+000	  2.1434065032359140e+000	  2.1866668413378161e+000	  1.9957679365177372e+000	  1.8894392155321165e+000	  2.1102897370998206e+000	  2.1731921257284044e+000	
  1.8726133635756157e+000	  1.8712944725293410e+000	  1.8217702897793870e+000	  2.0984958701789269e+000	  2.1165864414023683e+000	  2.0474714979525386e+000	  2.1052859714226542e+000	  2.1426546162421336e+000	  2.1858874489840461e+000	  1.9950761108172692e+000	  1.8888077740921312e+000	  2.1095389334038508e+000	  2.1724089922181253e+000	
  1.8720132620380934e+000	  1.8706977028802085e+000	  1.8211781618714999e+000	  2.0977849817364818e+000	  2.1158677271074566e+000	  2.0467650414960095e+000	  2.1045962436093548e+000	  2.1419437597528321e+000	  2.1851464680792092e+000	  1.9944276153776839e+000	  1.8882206539952564e+000	  2.1088243162694953e+000	  2.1716598714809989e+000	
  1.8713521095752328e+000	  1.8700314094102011e+000	  1.8205430221889825e+000	  2.0970320890326524e+000	  2.1150999441326515e+000	  2.0460347463348221e+000	  2.1038652064204011e+000	  2.1411937162430994e+000	  2.1843899792014003e+000	  1.9937278757309262e+000	  1.8875542228176843e+000	  2.1080505355755785e+000	  2.1708562277363668e+000	
  1.8701545805025506e+000	  1.8688357055974192e+000	  1.8193682049827393e+000	  2.0956013278541583e+000	  2.1136476194135536e+000	  2.0446198755757905e+000	  2.1024800580336223e+000	  2.1397624078951702e+000	  2.1829059222948115e+000	  1.9924320264401640e+000	  1.8863763852372215e+000	  2.1066041300206360e+000	  2.1693367253346292e+000	
  1.8687658652282007e+000	  1.8674376792624046e+000	  1.8180405647037259e+000	  2.0940398103350217e+000	  2.1120586890508086e+000	  2.0431124786094674e+000	  2.1009588704690794e+000	  2.1382061903945098e+000	  2.1813435551161642e+000	  1.9909727457459101e+000	  1.8849764269831719e+000	  2.1050034896624017e+000	  2.1676803421059936e+000	
  1.8688945659077076e+000	  1.8676096430796492e+000	  1.8180984288554607e+000	  2.0940329998860121e+000	  2.1120871945711741e+000	  2.0430327102050683e+000	  2.1009434182260098e+000	  2.1381751105303395e+000	  2.1812000577975024e+000	  1.9910461384741185e+000	  1.8852011284151118e+000	  2.1050925526961435e+000	  2.1677366906124398e+000	
  1.8685232496382878e+000	  1.8672033846112890e+000	  1.8177634252086179e+000	  2.0937089782861582e+000	  2.1117242703234487e+000	  2.0427462559452696e+000	  2.1006546031016793e+000	  2.1378813672753014e+000	  2.1809595290806318e+000	  1.9906771221515811e+000	  1.8847585960095927e+000	  2.1046729811726972e+000	  2.1673191822218882e+000	
  1.8682439817680272e+000	  1.8669049494686418e+000	  1.8175242159234954e+000	  2.0934012193950862e+000	  2.1113961404435764e+000	  2.0424764893061753e+000	  2.1003521301176828e+000	  2.1375730735942500e+000	  2.1806923943361034e+000	  1.9903975745100946e+000	  1.8844450612025010e+000	  2.1043306226019314e+000	  2.1669684742433000e+000	
  1.8678449938999016e+000	  1.8665070940639132e+000	  1.8171534097537005e+000	  2.0929494703268370e+000	  2.1109413019491545e+000	  2.0420510586741871e+000	  2.0999059289792199e+000	  2.1371172771082869e+000	  2.1802391292338736e+000	  1.9899838520927107e+000	  1.8840500801000195e+000	  2.1038802988073178e+000	  2.1665024948807896e+000	
  1.8674902018164790e+000	  1.8661588237097264e+000	  1.8168050333464760e+000	  2.0925387246811460e+000	  2.1105317950869775e+000	  2.0416443921380694e+000	  2.0995035471486987e+000	  2.1367054318288883e+000	  2.1798066660863387e+000	  1.9896053025937088e+000	  1.8837092773668971e+000	  2.1034770773037224e+000	  2.1660827297245837e+000	
  1.8671370364822519e+000	  1.8658083831899390e+000	  1.8164573824985468e+000	  2.0921322809435234e+000	  2.1101226396094135e+000	  2.0412413205030600e+000	  2.0991074533655492e+000	  2.1362997172752856e+000	  2.1793849358480863e+000	  1.9892278683477629e+000	  1.8833631405846700e+000	  2.1030696146275338e+000	  2.1656587945389658e+000	
  1.8661203659389018e+000	  1.8647935508253137e+000	  1.8154612126718923e+000	  2.0909488257291464e+000	  2.1089242058036013e+000	  2.0400729824886787e+000	  2.0979567122171230e+000	  2.1351169036824378e+000	  2.1781655773433348e+000	  1.9881388655225638e+000	  1.8823596059404399e+000	  2.1018740026498919e+000	  2.1644109120249082e+000	
  1.8652243815538414e+000	  1.8638983524061365e+000	  1.8145782465749671e+000	  2.0898680945021257e+000	  2.1078255233820382e+000	  2.0390001914736171e+000	  2.0969129031620444e+000	  2.1340359321560456e+000	  2.1770409121558938e+000	  1.9871639721989862e+000	  1.8814790056461559e+000	  2.1007796980509608e+000	  2.1632582814355690e+000	
  1.8642032118934737e+000	  1.8628600781436517e+000	  1.8136283793701014e+000	  2.0887855787030394e+000	  2.1067185657596843e+000	  2.0379846639486066e+000	  2.0958526507489221e+000	  2.1329616435391934e+000	  2.1760040779976269e+000	  1.9861212831207073e+000	  1.8804225777254329e+000	  2.0996496604204751e+000	  2.1621064099203835e+000	
  1.8643706180039912e+000	  1.8630802343500978e+000	  1.8137089594479685e+000	  2.0887999040713403e+000	  2.1067765241021759e+000	  2.0379098023357574e+000	  2.0958565910863260e+000	  2.1329483898817720e+000	  2.1758555229472871e+000	  1.9862246231234637e+000	  1.8807054543089488e+000	  2.0997792121430177e+000	  2.1621991914169021e+000	
  1.8639557539863842e+000	  1.8626258968251144e+000	  1.8133375285316096e+000	  2.0884351975375322e+000	  2.1063687269719273e+000	  2.0375896644821085e+000	  2.0955276721489282e+000	  2.1326148236189999e+000	  2.1755852808021312e+000	  1.9858142206578608e+000	  1.8802104369785182e+000	  2.0993102088810796e+000	  2.1617328901464221e+000	
  1.8636843199684703e+000	  1.8623419276556497e+000	  1.8130995335731632e+000	  2.0881243526702460e+000	  2.1060436877935937e+000	  2.0373101887616936e+000	  2.0952194286006307e+000	  2.1322999789346246e+000	  2.1752992206596509e+000	  1.9855386413071210e+000	  1.8799183721364818e+000	  2.0989796232456279e+000	  2.1613916396743602e+000	
  1.8632225098006348e+000	  1.8618846934113651e+000	  1.8126580007372897e+000	  2.0875961844381705e+000	  2.1055140239981025e+000	  2.0368000463695553e+000	  2.0947004725436789e+000	  2.1317689225720460e+000	  2.1747571198545046e+000	  1.9850527418044321e+000	  1.8794676928099181e+000	  2.0984563202513993e+000	  2.1608482815324899e+000	
  1.8628126603105164e+000	  1.8614807816750856e+000	  1.8122507230371530e+000	  2.0871135535436629e+000	  2.1050301667356521e+000	  2.0363173865383346e+000	  2.0942301703173802e+000	  2.1312856171424945e+000	  2.1742476342274837e+000	  1.9846106117731910e+000	  1.8790726579940029e+000	  2.0979784791898055e+000	  2.1603483290843042e+000	
  1.8623712777947299e+000	  1.8610379410674009e+000	  1.8118223230866817e+000	  2.0866103045249313e+000	  2.1045188424197465e+000	  2.0358248070831806e+000	  2.0937411294946977e+000	  2.1307842245966668e+000	  2.1737370218819763e+000	  1.9841419978676327e+000	  1.8786312633793731e+000	  2.0974646804055501e+000	  2.1598145469338612e+000	
  1.8610753881514135e+000	  1.8597422921685682e+000	  1.8105537481040963e+000	  2.0850808199043458e+000	  2.1029658763559373e+000	  2.0343155798236827e+000	  2.0922585442804080e+000	  2.1292551824747825e+000	  2.1721593657196898e+000	  1.9827473797245732e+000	  1.8773515604473412e+000	  2.0959152352696533e+000	  2.1581913037626919e+000	
  1.8597871099795391e+000	  1.8584487819183304e+000	  1.8093052218290506e+000	  2.0835773161612070e+000	  2.1014349314191803e+000	  2.0328447565535051e+000	  2.0908016198471788e+000	  2.1277543108295416e+000	  2.1706258721143850e+000	  1.9813696659725746e+000	  1.8760668108298468e+000	  2.0943807607030465e+000	  2.1565879470837381e+000	
  1.8583963524635310e+000	  1.8570539454646062e+000	  1.8079671477611219e+000	  2.0820124892825880e+000	  2.0998481774100521e+000	  2.0313256500919041e+000	  2.0892739760273789e+000	  2.1261928231676142e+000	  2.1690485139188338e+000	  1.9799069934885223e+000	  1.8746747100788426e+000	  2.0927882471872890e+000	  2.1549400863224215e+000	
  1.8582093426218058e+000	  1.8568988684601970e+000	  1.8077131210666733e+000	  2.0816383269449759e+000	  2.0994893840232334e+000	  2.0308814898755410e+000	  2.0889179716928341e+000	  2.1258050354250630e+000	  2.1685435245118727e+000	  1.9796346785432495e+000	  1.8745675877145296e+000	  2.0924730972753660e+000	  2.1545710240473350e+000	
  1.8574265386479063e+000	  1.8560188274456577e+000	  1.8070706818084494e+000	  2.0810342286957901e+000	  2.0987909858993419e+000	  2.0304206774114042e+000	  2.0883667850052641e+000	  2.1252603342307026e+000	  2.1682002748136222e+000	  1.9789104829721544e+000	  1.8735825349959285e+000	  2.0916379440681840e+000	  2.1537668167106361e+000	
  1.8573534673800707e+000	  1.8559713941749156e+000	  1.8070244599338356e+000	  2.0808052497600364e+000	  2.0985907142719502e+000	  2.0302111436624921e+000	  2.0880882533950040e+000	  2.1249763919627043e+000	  2.1679040806534391e+000	  1.9788283679083678e+000	  1.8735700511784157e+000	  2.0915110045492242e+000	  2.1536150638959128e+000	
  1.8572484279975678e+000	  1.8559192228548684e+000	  1.8068744062446376e+000	  2.0806794509761875e+000	  2.0985116244209427e+000	  2.0300431282590963e+000	  2.0879637323561688e+000	  2.1248474136710840e+000	  2.1676750911526166e+000	  1.9786948725703981e+000	  1.8735615686099258e+000	  2.0914743748164439e+000	  2.1535695160601813e+000	
  1.8570898302727474e+000	  1.8557660951742252e+000	  1.8066841561069709e+000	  2.0805035776559491e+000	  2.0983368487844718e+000	  2.0298323264683873e+000	  2.0878048133114273e+000	  2.1246860578509743e+000	  2.1674698301005360e+000	  1.9785119171397691e+000	  1.8734103100245647e+000	  2.0912909036454099e+000	  2.1533806045786048e+000	
  1.8568111798844671e+000	  1.8554771787438156e+000	  1.8064090101193098e+000	  2.0801776621340986e+000	  2.0979965356194135e+000	  2.0295081211950516e+000	  2.0874874389161695e+000	  2.1243600017954964e+000	  2.1671480482126526e+000	  1.9782116695572038e+000	  1.8731171819492645e+000	  2.0909436037297326e+000	  2.1530177642812629e+000	
  1.8565326540254230e+000	  1.8551955354787990e+000	  1.8061405431501718e+000	  2.0798540468477187e+000	  2.0976653314398392e+000	  2.0291942394183806e+000	  2.0871723660344630e+000	  2.1240353343888718e+000	  2.1668241473709302e+000	  1.9779155245262656e+000	  1.8728368688198345e+000	  2.0906117178647832e+000	  2.1526712835635973e+000	
  1.8562556492414448e+000	  1.8549174899477394e+000	  1.8058731121294778e+000	  2.0795336608062440e+000	  2.0973393712769974e+000	  2.0288824217295636e+000	  2.0868612382201639e+000	  2.1237150959846836e+000	  2.1664997523227081e+000	  1.9776210182668601e+000	  1.8725608330686643e+000	  2.0902854521043999e+000	  2.1523310807740779e+000	
  1.8550930450131400e+000	  1.8537531700964158e+000	  1.8047406562940742e+000	  2.0781743808561126e+000	  2.0959580020845641e+000	  2.0275471932725591e+000	  2.0855430104960337e+000	  2.1223570319595484e+000	  2.1651067846053675e+000	  1.9763762794021638e+000	  1.8714079066939386e+000	  2.0889046005115897e+000	  2.1508873867833040e+000	
  1.8541385827280825e+000	  1.8527957140240539e+000	  1.8038009969203297e+000	  2.0769936981122843e+000	  2.0947510108803495e+000	  2.0263751061390178e+000	  2.0844102756430121e+000	  2.1211768933558912e+000	  2.1638756587184895e+000	  1.9753273610302498e+000	  1.8704667980143113e+000	  2.0877000931163727e+000	  2.1496103861458398e+000	
  1.8536025668030196e+000	  1.8521917052707657e+000	  1.8033560817835683e+000	  2.0766347090026676e+000	  2.0943262561554348e+000	  2.0261117927882060e+000	  2.0840970722800480e+000	  2.1208721283145464e+000	  2.1637095317860813e+000	  1.9748397292125068e+000	  1.8697851426924577e+000	  2.0871670440390369e+000	  2.1491088005801404e+000	
  1.8535279795437272e+000	  1.8521033297591294e+000	  1.8033196081388831e+000	  2.0764819723172696e+000	  2.0941653934432454e+000	  2.0259898898586179e+000	  2.0839160734840321e+000	  2.1206917547513617e+000	  2.1635720358001720e+000	  1.9747778252433346e+000	  1.8696943318266692e+000	  2.0870253718145118e+000	  2.1489588536074149e+000	
  1.8535292517964761e+000	  1.8521319688922708e+000	  1.8033204730569701e+000	  2.0764301245910359e+000	  2.0941411701223474e+000	  2.0259379652335912e+000	  2.0838399402439474e+000	  2.1206131744251384e+000	  2.1634642462184237e+000	  1.9747663500572823e+000	  1.8697485668145253e+000	  2.0870440742700493e+000	  2.1489680756719549e+000	
  1.8534516350333803e+000	  1.8520900829732787e+000	  1.8032194382774371e+000	  2.0763386285400180e+000	  2.0940820814451651e+000	  2.0258241439298321e+000	  2.0837474488722583e+000	  2.1205200321211843e+000	  2.1633093134820252e+000	  1.9746752277619495e+000	  1.8697336594201099e+000	  2.0870130487714214e+000	  2.1489331444274802e+000	
  1.8534067151395375e+000	  1.8520661073917615e+000	  1.8031429530686349e+000	  2.0762650158382168e+000	  2.0940265236831337e+000	  2.0257169164579096e+000	  2.0836753980989635e+000	  2.1204466113150775e+000	  2.1631826708661079e+000	  1.9746105445408941e+000	  1.8697267855525577e+000	  2.0869739023407159e+000	  2.1488876926652156e+000	
  1.8533391091594362e+000	  1.8520061130938725e+000	  1.8030532209154004e+000	  2.0761774028282156e+000	  2.0939440052132641e+000	  2.0256058398814103e+000	  2.0835918265699056e+000	  2.1203607950412393e+000	  2.1630665975437049e+000	  1.9745257744412441e+000	  1.8696738577048426e+000	  2.0868957495736780e+000	  2.1488035032077857e+000	
  1.8530683428627499e+000	  1.8517329728058702e+000	  1.8027719665210926e+000	  2.0758596434715808e+000	  2.0936184622243670e+000	  2.0252767000848952e+000	  2.0832860132901527e+000	  2.1200455647372047e+000	  2.1627361895466573e+000	  1.9742280916055852e+000	  1.8694031931555564e+000	  2.0865671845889202e+000	  2.1484591478363551e+000	
  1.8528104616046837e+000	  1.8514740173499278e+000	  1.8025152744332487e+000	  2.0755475313281053e+000	  2.0932997729751177e+000	  2.0249651308301506e+000	  2.0829843222988891e+000	  2.1197326456584307e+000	  2.1624137334349820e+000	  1.9739468039531531e+000	  1.8691487038959298e+000	  2.0862498061730301e+000	  2.1481244592445314e+000	
  1.8525059311104259e+000	  1.8511641179519547e+000	  1.8022253326849911e+000	  2.0752026283961347e+000	  2.0929448603653968e+000	  2.0246338455865618e+000	  2.0826507801186005e+000	  2.1193895028823468e+000	  2.1620740984552023e+000	  1.9736259726735546e+000	  1.8688371570612219e+000	  2.0858897546578041e+000	  2.1477505063791380e+000	
  1.8519549984922783e+000	  1.8506127917752548e+000	  1.8016888300852303e+000	  2.0745555977205461e+000	  2.0922876131640957e+000	  2.0239983459600257e+000	  2.0820229193265041e+000	  2.1187422344717479e+000	  2.1614098295272313e+000	  1.9730358442504792e+000	  1.8682922103216579e+000	  2.0852340332093506e+000	  2.1470642070897625e+000	
  1.8513959305248913e+000	  1.8500517468187796e+000	  1.8011467617423056e+000	  2.0739082214804268e+000	  2.0916289366236374e+000	  2.0233650371999841e+000	  2.0813949174949431e+000	  2.1180961438929069e+000	  2.1607508385075533e+000	  1.9724401026263794e+000	  1.8677347698297369e+000	  2.0845737735443435e+000	  2.1463754135938364e+000	
  1.8508353430738249e+000	  1.8494896538030707e+000	  1.8006039472325825e+000	  2.0732635298636932e+000	  2.0909739706675849e+000	  2.0227351705245571e+000	  2.0807682275328516e+000	  2.1174525786679066e+000	  2.1600954732093491e+000	  1.9718448030332387e+000	  1.8671759477407486e+000	  2.0839174995905831e+000	  2.1456921549759094e+000	
  1.8492687709896216e+000	  1.8479200395633415e+000	  1.7990693126911743e+000	  2.0713785510795568e+000	  2.0890531331186319e+000	  2.0208726006685760e+000	  2.0789501291603694e+000	  2.1155690163537368e+000	  2.1581448879369258e+000	  1.9701454300581174e+000	  1.8656274374752309e+000	  2.0819992695689478e+000	  2.1436720747900559e+000	
  1.8481463227158612e+000	  1.8466525604096438e+000	  1.7981251488838681e+000	  2.0707073779022922e+000	  2.0882406898919550e+000	  2.0203947885964886e+000	  2.0783919631856720e+000	  2.1150311767749055e+000	  2.1578939689064440e+000	  1.9691323250909556e+000	  1.8641919865163159e+000	  2.0809387589716479e+000	  2.1426896039163803e+000	
  1.8481771972440719e+000	  1.8466309322169081e+000	  1.7982638986435933e+000	  2.0704349266470063e+000	  2.0879347479529882e+000	  2.0202026463470379e+000	  2.0780262831552307e+000	  2.1146698603748662e+000	  2.1576639116150136e+000	  1.9691743394491223e+000	  1.8641398007693180e+000	  2.0806790100163388e+000	  2.1424038147269298e+000	
  1.8482316297457102e+000	  1.8467726331004930e+000	  1.7983166196653810e+000	  2.0704336402580386e+000	  2.0880212586192388e+000	  2.0202053807668356e+000	  2.0779517252893869e+000	  2.1145903274993230e+000	  2.1575068623708420e+000	  1.9692261858805258e+000	  1.8643769056581765e+000	  2.0809037675002173e+000	  2.1426033210135889e+000	
  1.8482865844067362e+000	  1.8469279500240154e+000	  1.7983026690572324e+000	  2.0704860046828726e+000	  2.0881662341130505e+000	  2.0202022844146716e+000	  2.0780058196448179e+000	  2.1146440036367902e+000	  2.1574071052950905e+000	  1.9692654726909824e+000	  1.8646084489509669e+000	  2.0811237659819581e+000	  2.1428266436403707e+000	
  1.8483429417613333e+000	  1.8470400210119622e+000	  1.7982586426357396e+000	  2.0705277791776875e+000	  2.0882583771675161e+000	  2.0201372606196863e+000	  2.0780659348165180e+000	  2.1147089288387990e+000	  2.1573172711772792e+000	  1.9692801319931923e+000	  1.8647551690313831e+000	  2.0812376768370018e+000	  2.1429442608346441e+000	
  1.8483996034251602e+000	  1.8471042416321908e+000	  1.7982524859593876e+000	  2.0705533208937856e+000	  2.0882898315957066e+000	  2.0200904303700113e+000	  2.0780932442234570e+000	  2.1147382265615637e+000	  2.1572772956417343e+000	  1.9693030730888721e+000	  1.8648272614461696e+000	  2.0812726850487095e+000	  2.1429718337635175e+000	
