2.775e+12
2.961e+12
3.2466e+12
3.7261e+12
4.0146e+12
4.0014e+12
3.9409e+12
4.0065e+12
3.8333e+12
3.7435e+12
3.7854e+12
3.9291e+12
4.0203e+12
4.2337e+12
4.6849e+12
4.9929e+12
4.8489e+12
4.4837e+12
4.2304e+12
4.1114e+12
4.2085e+12
4.3355e+12
4.3941e+12
4.2491e+12
5.8509e+12
5.9899e+12
5.7283e+12
5.1603e+12
4.9619e+12
5.142e+12
5.2401e+12
5.3143e+12
5.402e+12
5.2367e+12
6.2601e+12
6.7612e+12
6.9591e+12
7.2299e+12
7.6115e+12
8.0431e+12
8.3765e+12
8.7741e+12
9.1859e+12
9.4607e+12
9.6543e+12
9.9626e+12
1.0792e+13
1.1429e+13
1.2021e+13
1.248e+13
1.2874e+13
1.3411e+13
1.3931e+13
1.365e+13
1.3311e+13
1.3184e+13
1.254e+13
1.211e+13
1.176e+13
