  1.9636936791668855e+001	  1.9634589890935391e+001	  1.9609368457515245e+001	  1.9659190837163248e+001	  1.9654957078216952e+001	  1.9633088528576327e+001	  1.9688784928878558e+001	  1.9694627550658993e+001	  1.9716916784323587e+001	  1.9672174681340309e+001	  1.9626312443903810e+001	  1.9640239067669377e+001	  1.9669089590400265e+001	
  1.9636936791669459e+001	  1.9634589890936041e+001	  1.9609368457515419e+001	  1.9659190837163248e+001	  1.9654957078216952e+001	  1.9633088528576327e+001	  1.9688784928879027e+001	  1.9694627550658993e+001	  1.9716916784323587e+001	  1.9672174681340309e+001	  1.9626312443904819e+001	  1.9640239067669530e+001	  1.9669089590408696e+001	
  1.9636936791670763e+001	  1.9634589890937438e+001	  1.9609368457515792e+001	  1.9659190837163248e+001	  1.9654957078216952e+001	  1.9633088528576327e+001	  1.9688784928879794e+001	  1.9694627550658993e+001	  1.9716916784323587e+001	  1.9672174681340309e+001	  1.9626312443906993e+001	  1.9640239067669878e+001	  1.9669089590428186e+001	
  1.9636936791672781e+001	  1.9634589890939598e+001	  1.9609368457516371e+001	  1.9659190837163248e+001	  1.9654957078216952e+001	  1.9633088528576327e+001	  1.9688784928880796e+001	  1.9694627550658993e+001	  1.9716916784323587e+001	  1.9672174681340309e+001	  1.9626312443910354e+001	  1.9640239067670439e+001	  1.9669089590459354e+001	
  1.9636936791754117e+001	  1.9634589891026696e+001	  1.9609368457539858e+001	  1.9659190837163276e+001	  1.9654957078216981e+001	  1.9633088528576330e+001	  1.9688784928909442e+001	  1.9694627550659010e+001	  1.9716916784323587e+001	  1.9672174681340326e+001	  1.9626312444046143e+001	  1.9640239067694328e+001	  1.9669089591784683e+001	
  1.9636936791904727e+001	  1.9634589891187918e+001	  1.9609368457583379e+001	  1.9659190837163361e+001	  1.9654957078217070e+001	  1.9633088528576341e+001	  1.9688784928959318e+001	  1.9694627550659060e+001	  1.9716916784323587e+001	  1.9672174681340376e+001	  1.9626312444297817e+001	  1.9640239067739081e+001	  1.9669089594261351e+001	
  1.9636936792125553e+001	  1.9634589891424227e+001	  1.9609368457647221e+001	  1.9659190837163536e+001	  1.9654957078217251e+001	  1.9633088528576362e+001	  1.9688784929030930e+001	  1.9694627550659167e+001	  1.9716916784323587e+001	  1.9672174681340469e+001	  1.9626312444667175e+001	  1.9640239067805144e+001	  1.9669089597908023e+001	
  1.9636936800188824e+001	  1.9634589900013783e+001	  1.9609368459997832e+001	  1.9659190837193389e+001	  1.9654957078250181e+001	  1.9633088528580469e+001	  1.9688784931729518e+001	  1.9694627550678188e+001	  1.9716916784323772e+001	  1.9672174681356623e+001	  1.9626312458335402e+001	  1.9640239070349203e+001	  1.9669089732790834e+001	
  1.9636936814729662e+001	  1.9634589915454146e+001	  1.9609368464261788e+001	  1.9659190837278484e+001	  1.9654957078344690e+001	  1.9633088528592271e+001	  1.9688784936801319e+001	  1.9694627550732999e+001	  1.9716916784324273e+001	  1.9672174681403572e+001	  1.9626312483217436e+001	  1.9640239075090964e+001	  1.9669089976925861e+001	
  1.9636936835681272e+001	  1.9634589937633208e+001	  1.9609368470440657e+001	  1.9659190837445969e+001	  1.9654957078531240e+001	  1.9633088528615612e+001	  1.9688784944424551e+001	  1.9694627550841826e+001	  1.9716916784325370e+001	  1.9672174681497918e+001	  1.9626312519395086e+001	  1.9640239082134901e+001	  1.9669090329330789e+001	
  1.9636937490973956e+001	  1.9634590608333049e+001	  1.9609368676482944e+001	  1.9659190864524643e+001	  1.9654957106868927e+001	  1.9633088532344296e+001	  1.9688785334285384e+001	  1.9694627568191443e+001	  1.9716916784751451e+001	  1.9672174701590826e+001	  1.9626313765419134e+001	  1.9640239393196996e+001	  1.9669101317439377e+001	
  1.9636938560295832e+001	  1.9634591679311690e+001	  1.9609369026426005e+001	  1.9659190939556197e+001	  1.9654957182590209e+001	  1.9633088542494946e+001	  1.9688786169577185e+001	  1.9694627614637852e+001	  1.9716916785904296e+001	  1.9672174761460134e+001	  1.9626315921403219e+001	  1.9640240017398913e+001	  1.9669119110668078e+001	
  1.9636939970039784e+001	  1.9634593065089803e+001	  1.9609369503083087e+001	  1.9659191083913569e+001	  1.9654957323165466e+001	  1.9633088561616105e+001	  1.9688787553443678e+001	  1.9694627700990399e+001	  1.9716916788218654e+001	  1.9672174882447067e+001	  1.9626318905391109e+001	  1.9640240997997843e+001	  1.9669142295942041e+001	
  1.9636953738779425e+001	  1.9634605456845151e+001	  1.9609374137682963e+001	  1.9659196120852570e+001	  1.9654961150863343e+001	  1.9633089088936241e+001	  1.9688816470197974e+001	  1.9694630015415562e+001	  1.9716916920193100e+001	  1.9672179198110175e+001	  1.9626350892865815e+001	  1.9640258011853359e+001	  1.9669327341704221e+001	
  1.9636974203140511e+001	  1.9634622324700594e+001	  1.9609380216629670e+001	  1.9659208280194818e+001	  1.9654969358551469e+001	  1.9633090200107123e+001	  1.9688872362257086e+001	  1.9694634870213342e+001	  1.9716917266476912e+001	  1.9672189074836844e+001	  1.9626396613555890e+001	  1.9640288524873522e+001	  1.9669534127683956e+001	
  1.9637003024159448e+001	  1.9634643940663064e+001	  1.9609387312212849e+001	  1.9659230258329668e+001	  1.9654982802939671e+001	  1.9633091980999140e+001	  1.9688957470466804e+001	  1.9694642726313027e+001	  1.9716917948081292e+001	  1.9672205804469993e+001	  1.9626454219623792e+001	  1.9640332539664996e+001	  1.9669742897478425e+001	
  1.9637085080438403e+001	  1.9634698491402478e+001	  1.9609402839222586e+001	  1.9659303049964507e+001	  1.9655023028786054e+001	  1.9633097179292836e+001	  1.9689185794084064e+001	  1.9694666249119621e+001	  1.9716920525863078e+001	  1.9672256473691501e+001	  1.9626590210245542e+001	  1.9640447647114797e+001	  1.9670128844382383e+001	
  1.9637213047023565e+001	  1.9634773579346572e+001	  1.9609420984745491e+001	  1.9659426241921544e+001	  1.9655085301784531e+001	  1.9633105078350095e+001	  1.9689498829151329e+001	  1.9694702978422733e+001	  1.9716925387979224e+001	  1.9672335019314197e+001	  1.9626759971379659e+001	  1.9640603140202160e+001	  1.9670491950519182e+001	
  1.9637396783315172e+001	  1.9634871554762498e+001	  1.9609441846270805e+001	  1.9659608142334182e+001	  1.9655171550835288e+001	  1.9633115969854632e+001	  1.9689884534941882e+001	  1.9694754952435208e+001	  1.9716933383274199e+001	  1.9672443012781052e+001	  1.9626960941488989e+001	  1.9640795278420210e+001	  1.9670836071707150e+001	
  1.9637641380990264e+001	  1.9634993341379822e+001	  1.9609465644959943e+001	  1.9659852098523476e+001	  1.9655282367370503e+001	  1.9633130096013304e+001	  1.9690328144683722e+001	  1.9694823803616789e+001	  1.9716945349549682e+001	  1.9672580137310430e+001	  1.9627190321429477e+001	  1.9641019730367248e+001	  1.9671170968070200e+001	
  1.9638201244429201e+001	  1.9635257225439567e+001	  1.9609513946723492e+001	  1.9660410530823352e+001	  1.9655528923688923e+001	  1.9633162533127205e+001	  1.9691189102572494e+001	  1.9694984716894073e+001	  1.9716977395887824e+001	  1.9672878922798851e+001	  1.9627643765297488e+001	  1.9641471068688201e+001	  1.9671746803260170e+001	
  1.9638926796686601e+001	  1.9635588764853782e+001	  1.9609572762977042e+001	  1.9661130872382312e+001	  1.9655844451760725e+001	  1.9633206405083232e+001	  1.9692132062835839e+001	  1.9695202687747663e+001	  1.9717026582199956e+001	  1.9673250106521181e+001	  1.9628163857084569e+001	  1.9641992905532032e+001	  1.9672348926705954e+001	
  1.9639788960669687e+001	  1.9635983622626757e+001	  1.9609643262983948e+001	  1.9661982569673487e+001	  1.9656224435237021e+001	  1.9633262942419453e+001	  1.9693119860221923e+001	  1.9695478650181872e+001	  1.9717095354958385e+001	  1.9673682153452980e+001	  1.9628741767545364e+001	  1.9642574274170762e+001	  1.9672989540796681e+001	
  1.9640752599363847e+001	  1.9636437165839912e+001	  1.9609726578073044e+001	  1.9662930483059327e+001	  1.9656664199039941e+001	  1.9633333346385346e+001	  1.9694123749141369e+001	  1.9695811291208365e+001	  1.9717185552422322e+001	  1.9674163042365773e+001	  1.9629371142018339e+001	  1.9643208122962896e+001	  1.9673669689388209e+001	
  1.9641783920715230e+001	  1.9636945214116292e+001	  1.9609823815541183e+001	  1.9663941349479451e+001	  1.9657159440986312e+001	  1.9633418748076760e+001	  1.9695119654479772e+001	  1.9696197435105777e+001	  1.9717298340521555e+001	  1.9674681374778419e+001	  1.9630047243532502e+001	  1.9643889344338167e+001	  1.9674387163479562e+001	
  1.9643438008268408e+001	  1.9637826363889946e+001	  1.9610003362144898e+001	  1.9665555978456336e+001	  1.9658022712148224e+001	  1.9633582234099311e+001	  1.9696585970709034e+001	  1.9696887719138445e+001	  1.9717518001018700e+001	  1.9675529632537717e+001	  1.9631174216546345e+001	  1.9645025908002154e+001	  1.9675563682406516e+001	
  1.9645083901534115e+001	  1.9638812505435325e+001	  1.9610221946176413e+001	  1.9667153346177798e+001	  1.9658991869833041e+001	  1.9633786983433406e+001	  1.9697895171983188e+001	  1.9697673878036927e+001	  1.9717791805251032e+001	  1.9676404387364091e+001	  1.9632388930473354e+001	  1.9646249224247178e+001	  1.9676818600904639e+001	
  1.9646637459622635e+001	  1.9639883656948935e+001	  1.9610481801441601e+001	  1.9668651365983319e+001	  1.9660046115066475e+001	  1.9634034813225004e+001	  1.9698991030767470e+001	  1.9698531764926361e+001	  1.9718116140684664e+001	  1.9677272308906684e+001	  1.9633671693745402e+001	  1.9647538981788539e+001	  1.9678139403813223e+001	
  1.9648016350372220e+001	  1.9641018492447134e+001	  1.9610783975982677e+001	  1.9669965733176813e+001	  1.9661163869620829e+001	  1.9634326431922101e+001	  1.9699737142981327e+001	  1.9699436403233200e+001	  1.9718485503398714e+001	  1.9678091453413799e+001	  1.9635005740244214e+001	  1.9648878926087292e+001	  1.9679512272697739e+001	
  1.9649140656204867e+001	  1.9642196712107353e+001	  1.9611128501256971e+001	  1.9671017754756946e+001	  1.9662324607553668e+001	  1.9634661520736188e+001	  1.9700082064542521e+001	  1.9700361894750081e+001	  1.9718892286105273e+001	  1.9678827220156201e+001	  1.9636377239229557e+001	  1.9650255725507037e+001	  1.9680924742222661e+001	
  1.9650040720443986e+001	  1.9643502306953241e+001	  1.9611549006576308e+001	  1.9671843713114939e+001	  1.9663610567243214e+001	  1.9635072641485355e+001	  1.9700172923762231e+001	  1.9701363634026212e+001	  1.9719366262562875e+001	  1.9679534624938643e+001	  1.9637891982245684e+001	  1.9651775889949523e+001	  1.9682488803807537e+001	
  1.9650676396210972e+001	  1.9644816269250388e+001	  1.9612015860996319e+001	  1.9672422775336226e+001	  1.9664904377101966e+001	  1.9635530673101766e+001	  1.9700213889076323e+001	  1.9702346961272955e+001	  1.9719866040786080e+001	  1.9680187576918041e+001	  1.9639417888399691e+001	  1.9653307048953675e+001	  1.9684071588592982e+001	
  1.9651190519265882e+001	  1.9646123846875181e+001	  1.9612525874576033e+001	  1.9672900022626905e+001	  1.9666192001389611e+001	  1.9636032315935967e+001	  1.9700380584686865e+001	  1.9703310480722685e+001	  1.9720387186225736e+001	  1.9680837533192296e+001	  1.9640939881712420e+001	  1.9654834353395142e+001	  1.9685658530610119e+001	
  1.9651719394526800e+001	  1.9647418295962641e+001	  1.9613075630611348e+001	  1.9673405166579588e+001	  1.9667467564424282e+001	  1.9636574228859423e+001	  1.9700730963587304e+001	  1.9704263955923430e+001	  1.9720929162682612e+001	  1.9681522117252765e+001	  1.9642447824920140e+001	  1.9656347822363088e+001	  1.9687237514972704e+001	
  1.9652340237442480e+001	  1.9648700021252523e+001	  1.9613662003474467e+001	  1.9674008062340619e+001	  1.9668732076962222e+001	  1.9637153432369459e+001	  1.9701249485403498e+001	  1.9705220800284902e+001	  1.9721493705908404e+001	  1.9682258196440230e+001	  1.9643937459661199e+001	  1.9657843194379268e+001	  1.9688801142116684e+001	
  1.9653473878652893e+001	  1.9650624848183263e+001	  1.9614610664358064e+001	  1.9675119099621348e+001	  1.9670635822761628e+001	  1.9638093519528478e+001	  1.9702260928824362e+001	  1.9706697337781513e+001	  1.9722394431021328e+001	  1.9683466481229999e+001	  1.9646165356366339e+001	  1.9660083575690006e+001	  1.9691136225310856e+001	
  1.9654819984040230e+001	  1.9652553021819063e+001	  1.9615631672410100e+001	  1.9676439674037965e+001	  1.9672545894520571e+001	  1.9639107566429814e+001	  1.9703445893136816e+001	  1.9708226026188651e+001	  1.9723356369511659e+001	  1.9684777051163774e+001	  1.9648368040676118e+001	  1.9662295588370917e+001	  1.9693444447721681e+001	
  1.9656292002721795e+001	  1.9654485500846889e+001	  1.9616717421345456e+001	  1.9677883945918577e+001	  1.9674462705554966e+001	  1.9640187871905951e+001	  1.9704716722323028e+001	  1.9709806047237631e+001	  1.9724379830307342e+001	  1.9686157559849633e+001	  1.9650540425618178e+001	  1.9664474669446612e+001	  1.9695724568133386e+001	
  1.9657819752312903e+001	  1.9656421049186289e+001	  1.9617861324245823e+001	  1.9679384562991121e+001	  1.9676385510614065e+001	  1.9641328137134373e+001	  1.9706024814615187e+001	  1.9711429711401692e+001	  1.9725463811856073e+001	  1.9687583757853041e+001	  1.9652690855692992e+001	  1.9666631567357260e+001	  1.9697982003063988e+001	
  1.9659367657159009e+001	  1.9658361713879380e+001	  1.9619058899004816e+001	  1.9680907175626405e+001	  1.9678316414796949e+001	  1.9642524109106084e+001	  1.9707343453735170e+001	  1.9713086013753468e+001	  1.9726604616609045e+001	  1.9689041997737693e+001	  1.9654832271755478e+001	  1.9668780574355800e+001	  1.9700227573770263e+001	
  1.9661214977622151e+001	  1.9660703519987486e+001	  1.9620564020192703e+001	  1.9682724844704499e+001	  1.9680650228009807e+001	  1.9644030106541436e+001	  1.9708859425804288e+001	  1.9715106058577053e+001	  1.9728042967869477e+001	  1.9690814405272125e+001	  1.9657407022530869e+001	  1.9671367477207351e+001	  1.9702925990034299e+001	
  1.9662999338029731e+001	  1.9663048208581216e+001	  1.9622135601341881e+001	  1.9684480080885614e+001	  1.9682988940149471e+001	  1.9645604577527813e+001	  1.9710275475524362e+001	  1.9717137928399939e+001	  1.9729543108608514e+001	  1.9692586393211169e+001	  1.9659973753484230e+001	  1.9673945796953006e+001	  1.9705623442918366e+001	
  1.9664709702755722e+001	  1.9665376747746016e+001	  1.9623763759763357e+001	  1.9686167389834779e+001	  1.9685313530094891e+001	  1.9647237333103430e+001	  1.9711661986582779e+001	  1.9719162710389995e+001	  1.9731089107006149e+001	  1.9694353660409568e+001	  1.9662513788045128e+001	  1.9676497718523159e+001	  1.9708303276889030e+001	
  1.9665205519510749e+001	  1.9666063086473351e+001	  1.9624260026439867e+001	  1.9686654958390513e+001	  1.9685996508097315e+001	  1.9647733828067778e+001	  1.9712081961576214e+001	  1.9719757763624134e+001	  1.9731554769411673e+001	  1.9694878559196617e+001	  1.9663252176807156e+001	  1.9677232671877547e+001	  1.9709091530879668e+001	
  1.9665695042379738e+001	  1.9666736802602486e+001	  1.9624757325507417e+001	  1.9687138632013440e+001	  1.9686667854791136e+001	  1.9648231687374423e+001	  1.9712508797010887e+001	  1.9720348001895317e+001	  1.9732020427013808e+001	  1.9695400007287692e+001	  1.9663972130015082e+001	  1.9677952157099284e+001	  1.9709866380170368e+001	
  1.9666186527641294e+001	  1.9667403093456041e+001	  1.9625256346913453e+001	  1.9687627073496319e+001	  1.9687333927121767e+001	  1.9648732374096063e+001	  1.9712944662068921e+001	  1.9720938753305749e+001	  1.9732488236494390e+001	  1.9695923085958857e+001	  1.9664690256969656e+001	  1.9678674155136438e+001	  1.9710633385307816e+001	
  1.9666686310524724e+001	  1.9668069123732806e+001	  1.9625758439990182e+001	  1.9688124742830386e+001	  1.9688001003783683e+001	  1.9649236804063147e+001	  1.9713390566680687e+001	  1.9721530701223898e+001	  1.9732958402930546e+001	  1.9696450960184730e+001	  1.9665416536303734e+001	  1.9679406405576966e+001	  1.9711400056426442e+001	
  1.9667195898602319e+001	  1.9668738481241501e+001	  1.9626264220962483e+001	  1.9688632415748746e+001	  1.9688671796160353e+001	  1.9649745160927651e+001	  1.9713847335070707e+001	  1.9722123107038506e+001	  1.9733430576530466e+001	  1.9696984216405397e+001	  1.9666150575652964e+001	  1.9680147210593987e+001	  1.9712171307736654e+001	
  1.9668334894766488e+001	  1.9670202182854936e+001	  1.9627372557781325e+001	  1.9689770002831704e+001	  1.9690140437692445e+001	  1.9650860573598376e+001	  1.9714876985832504e+001	  1.9723413900421111e+001	  1.9734462378125180e+001	  1.9698160201688104e+001	  1.9667762001848253e+001	  1.9681777161377248e+001	  1.9713863015738330e+001	
  1.9669511968274975e+001	  1.9671673943752129e+001	  1.9628496531623583e+001	  1.9690945303321584e+001	  1.9691616798438350e+001	  1.9651992001398895e+001	  1.9715949482981529e+001	  1.9724708009155350e+001	  1.9735505142064635e+001	  1.9699357352242362e+001	  1.9669377713204657e+001	  1.9683408434910458e+001	  1.9715566010370935e+001	
  1.9670714463841367e+001	  1.9673139331690262e+001	  1.9629632595306553e+001	  1.9692146276402784e+001	  1.9693086763218659e+001	  1.9653136033782161e+001	  1.9717049976660437e+001	  1.9725993847431642e+001	  1.9736560379738581e+001	  1.9700566580084775e+001	  1.9670979090272525e+001	  1.9685023998789365e+001	  1.9717263239910100e+001	
  1.9671932160135157e+001	  1.9674588074733169e+001	  1.9630778247798350e+001	  1.9693363034771036e+001	  1.9694540602425064e+001	  1.9654290479021768e+001	  1.9718164163030490e+001	  1.9727261073961699e+001	  1.9737629922240739e+001	  1.9701780742207735e+001	  1.9672560307824444e+001	  1.9686619630330746e+001	  1.9718944860810552e+001	
  1.9673472791302459e+001	  1.9676387559977826e+001	  1.9632231203878721e+001	  1.9694903641108215e+001	  1.9696349061418129e+001	  1.9655756289362103e+001	  1.9719558335230293e+001	  1.9728846291284640e+001	  1.9738997132850024e+001	  1.9703311124106758e+001	  1.9674527713399730e+001	  1.9688608176105372e+001	  1.9721037762283828e+001	
  1.9674996276964539e+001	  1.9678169694482094e+001	  1.9633697134263436e+001	  1.9696425790865163e+001	  1.9698142235248493e+001	  1.9657236371911022e+001	  1.9720900603607994e+001	  1.9730440717202029e+001	  1.9740388928140266e+001	  1.9704837020004426e+001	  1.9676471317354618e+001	  1.9690572603380978e+001	  1.9723106973459906e+001	
  1.9676475015647462e+001	  1.9679943043443931e+001	  1.9635173929637791e+001	  1.9697903790490560e+001	  1.9699928526595556e+001	  1.9658728576013061e+001	  1.9722189134919642e+001	  1.9732058056872862e+001	  1.9741803959624288e+001	  1.9706353942758820e+001	  1.9678391871962308e+001	  1.9692513486213510e+001	  1.9725153855283956e+001	
  1.9677907530411911e+001	  1.9681714954733913e+001	  1.9636659975571931e+001	  1.9699339147180204e+001	  1.9701715310907847e+001	  1.9660231516579959e+001	  1.9723458466577753e+001	  1.9733700733928714e+001	  1.9743241158041105e+001	  1.9707867224672619e+001	  1.9680298557673421e+001	  1.9694440953892265e+001	  1.9727184518128880e+001	
  1.9679316509472368e+001	  1.9683490091639442e+001	  1.9638154552198177e+001	  1.9700755287132150e+001	  1.9703507057705490e+001	  1.9661744538322758e+001	  1.9724744154919772e+001	  1.9735363834330119e+001	  1.9744699786464942e+001	  1.9709386620070013e+001	  1.9682201519176573e+001	  1.9696365638279094e+001	  1.9729208566174137e+001	
  1.9681291963856182e+001	  1.9685973903200427e+001	  1.9640247855039270e+001	  1.9702747825153082e+001	  1.9706017848533609e+001	  1.9663866878306482e+001	  1.9726598589838368e+001	  1.9737708001783066e+001	  1.9746764236586031e+001	  1.9711528930462951e+001	  1.9684864486463123e+001	  1.9699063906301458e+001	  1.9732034402777781e+001	
  1.9682679434899523e+001	  1.9687690412344462e+001	  1.9641702171589433e+001	  1.9704147163025603e+001	  1.9707752175912230e+001	  1.9665341443606280e+001	  1.9727939879419022e+001	  1.9739339115983135e+001	  1.9748212511451506e+001	  1.9713029055872507e+001	  1.9686689975137835e+001	  1.9700907855771028e+001	  1.9733983361876518e+001	
  1.9683193521132058e+001	  1.9688318928902472e+001	  1.9642240479742441e+001	  1.9704664492523097e+001	  1.9708386113478412e+001	  1.9665886601134414e+001	  1.9728447785180091e+001	  1.9739941473861382e+001	  1.9748751980779922e+001	  1.9713584926323527e+001	  1.9687348221434316e+001	  1.9701568921054793e+001	  1.9734695042503422e+001	
  1.9683680613055216e+001	  1.9688929132565637e+001	  1.9642772922850234e+001	  1.9705159277058748e+001	  1.9709010755345666e+001	  1.9666430117110046e+001	  1.9728929315871728e+001	  1.9740544159264211e+001	  1.9749294054113353e+001	  1.9714132218241481e+001	  1.9687980338980822e+001	  1.9702214855586394e+001	  1.9735392266113095e+001	
  1.9684095342567172e+001	  1.9689515531618536e+001	  1.9643296482246264e+001	  1.9705580963136978e+001	  1.9709621878369195e+001	  1.9666970859904783e+001	  1.9729349361288961e+001	  1.9741145611552231e+001	  1.9749838801741433e+001	  1.9714655169666180e+001	  1.9688580092616014e+001	  1.9702837803971569e+001	  1.9736065902285041e+001	
  1.9684391613492519e+001	  1.9690078691427544e+001	  1.9643811805456117e+001	  1.9705879264524746e+001	  1.9710212434180434e+001	  1.9667506349341153e+001	  1.9729703173750480e+001	  1.9741738707379366e+001	  1.9750384313537005e+001	  1.9715137579544908e+001	  1.9689142922014540e+001	  1.9703422732626219e+001	  1.9736706026087116e+001	
  1.9684553604283913e+001	  1.9690617113732625e+001	  1.9644319827902990e+001	  1.9706045013615359e+001	  1.9710775842022883e+001	  1.9668034196649497e+001	  1.9730011943476427e+001	  1.9742315031017842e+001	  1.9750928124763579e+001	  1.9715574858076032e+001	  1.9689664621696167e+001	  1.9703961168271608e+001	  1.9737305802174962e+001	
  1.9684612196225938e+001	  1.9691220610337680e+001	  1.9644913566299053e+001	  1.9706120535575970e+001	  1.9711406413213570e+001	  1.9668650436192962e+001	  1.9730351648518464e+001	  1.9742971152526305e+001	  1.9751570211155578e+001	  1.9716048369422833e+001	  1.9690233148793840e+001	  1.9704545703894507e+001	  1.9737964543383093e+001	
  1.9684594456633530e+001	  1.9691781524462616e+001	  1.9645494235781005e+001	  1.9706132983793196e+001	  1.9711992810421528e+001	  1.9669253083783477e+001	  1.9730680564303764e+001	  1.9743591050961317e+001	  1.9752205043958504e+001	  1.9716488691345223e+001	  1.9690751214684013e+001	  1.9705077922738599e+001	  1.9738566255340068e+001	
  1.9684562756295328e+001	  1.9692300655697846e+001	  1.9646060909090632e+001	  1.9706138063056187e+001	  1.9712536667237366e+001	  1.9669841797401187e+001	  1.9731006375219096e+001	  1.9744174751210423e+001	  1.9752831480816180e+001	  1.9716910449061803e+001	  1.9691225007028414e+001	  1.9705565241119842e+001	  1.9739116575216595e+001	
  1.9684546911972696e+001	  1.9692780449127184e+001	  1.9646613568745327e+001	  1.9706160621404695e+001	  1.9713040609394497e+001	  1.9670416522920888e+001	  1.9731332812856792e+001	  1.9744724823509010e+001	  1.9753449102923376e+001	  1.9717320962304605e+001	  1.9691658072521918e+001	  1.9706011301312600e+001	  1.9739620773087271e+001	
  1.9684554383901421e+001	  1.9693223551813702e+001	  1.9647152466257321e+001	  1.9706206935454532e+001	  1.9713507409258366e+001	  1.9670977378254982e+001	  1.9731661497484065e+001	  1.9745244497484009e+001	  1.9754057786738940e+001	  1.9717722911236205e+001	  1.9692052721908095e+001	  1.9706418387723279e+001	  1.9740082483730731e+001	
  1.9684666345872735e+001	  1.9694141412353645e+001	  1.9648361416674842e+001	  1.9706409594871229e+001	  1.9714480318017660e+001	  1.9672237597150641e+001	  1.9732448531488561e+001	  1.9746364351744116e+001	  1.9755445830884430e+001	  1.9718638885667161e+001	  1.9692856129108844e+001	  1.9707251486399180e+001	  1.9741024020487590e+001	
  1.9684910162639074e+001	  1.9694915291582518e+001	  1.9649503275748547e+001	  1.9706741446513373e+001	  1.9715308171135550e+001	  1.9673430057884453e+001	  1.9733261289859445e+001	  1.9747368528805339e+001	  1.9756785827597877e+001	  1.9719528010380063e+001	  1.9693510447333697e+001	  1.9707933928979667e+001	  1.9741795693930250e+001	
  1.9685269315181262e+001	  1.9695576575666895e+001	  1.9650583134462870e+001	  1.9707184206313723e+001	  1.9716023138843575e+001	  1.9674559976185346e+001	  1.9734094080489413e+001	  1.9748284247409838e+001	  1.9758079228888271e+001	  1.9720395591811723e+001	  1.9694048218046341e+001	  1.9708499693151246e+001	  1.9742433357525876e+001	
  1.9685715758199620e+001	  1.9696154819234295e+001	  1.9651606781370695e+001	  1.9707709656250223e+001	  1.9716655188940063e+001	  1.9675633261419772e+001	  1.9734937574501224e+001	  1.9749134469348796e+001	  1.9759328136833687e+001	  1.9721243450343515e+001	  1.9694501713111912e+001	  1.9708981862828612e+001	  1.9742971498240323e+001	
  1.9686556737871939e+001	  1.9696994083510120e+001	  1.9653183014209539e+001	  1.9708672644938872e+001	  1.9717582963837089e+001	  1.9677290182742905e+001	  1.9736321516702638e+001	  1.9750436458415770e+001	  1.9761289162580098e+001	  1.9722593780039706e+001	  1.9695139256680523e+001	  1.9709668317895250e+001	  1.9743724238365967e+001	
  1.9687472750340394e+001	  1.9697744092478427e+001	  1.9654643996252062e+001	  1.9709703337729476e+001	  1.9718421161894586e+001	  1.9678830831305785e+001	  1.9737683924851094e+001	  1.9751652238621293e+001	  1.9763144885072581e+001	  1.9723892048396433e+001	  1.9695694967644879e+001	  1.9710274862606660e+001	  1.9744374734886208e+001	
  1.9688409133710895e+001	  1.9698447276854193e+001	  1.9656006038162406e+001	  1.9710749218021952e+001	  1.9719211512346767e+001	  1.9680271431369494e+001	  1.9739007360193593e+001	  1.9752809467485989e+001	  1.9764903178817740e+001	  1.9725138807976847e+001	  1.9696213082803439e+001	  1.9710844770284549e+001	  1.9744977011317165e+001	
  1.9689335688147334e+001	  1.9699125302395142e+001	  1.9657281508307761e+001	  1.9711781536965574e+001	  1.9719975245817864e+001	  1.9681624313334101e+001	  1.9740284058274831e+001	  1.9753923015018749e+001	  1.9766571408301751e+001	  1.9726335387967310e+001	  1.9696715554086339e+001	  1.9711399317716619e+001	  1.9745558938678869e+001	
  1.9691200443776811e+001	  1.9700491919718935e+001	  1.9659739743134676e+001	  1.9713860739986192e+001	  1.9721516908483959e+001	  1.9684242311633692e+001	  1.9742823189301554e+001	  1.9756153265038254e+001	  1.9769838522226379e+001	  1.9728705431900135e+001	  1.9697729718246507e+001	  1.9712519994119813e+001	  1.9746740803311393e+001	
  1.9692942159653658e+001	  1.9701811613840000e+001	  1.9661922743054973e+001	  1.9715808286025091e+001	  1.9723006417081891e+001	  1.9686581771090850e+001	  1.9745156695920834e+001	  1.9758247685544340e+001	  1.9772791248268650e+001	  1.9730889036782024e+001	  1.9698750551461856e+001	  1.9713652129568274e+001	  1.9747917204024461e+001	
  1.9694548391194708e+001	  1.9703075813335040e+001	  1.9663882015437800e+001	  1.9717611438019695e+001	  1.9724432648603198e+001	  1.9688692782937107e+001	  1.9747305005464327e+001	  1.9760210988695750e+001	  1.9775474919598761e+001	  1.9732901955450863e+001	  1.9699746163731184e+001	  1.9714755131616357e+001	  1.9749070623086027e+001	
  1.9696021068179977e+001	  1.9704254188062180e+001	  1.9665651707345624e+001	  1.9719273228597821e+001	  1.9725765802859978e+001	  1.9690609391860310e+001	  1.9749284778410662e+001	  1.9762037975278361e+001	  1.9777927271391405e+001	  1.9734753678544958e+001	  1.9700672252591310e+001	  1.9715783837382656e+001	  1.9750155774683215e+001	
  1.9697558899675055e+001	  1.9705483967559594e+001	  1.9667487430438463e+001	  1.9721019780889183e+001	  1.9727166243726952e+001	  1.9692608513178190e+001	  1.9751371115263648e+001	  1.9763971565684908e+001	  1.9780504376993971e+001	  1.9736699348889296e+001	  1.9701628209762010e+001	  1.9716853265235024e+001	  1.9751291199972304e+001	
  1.9698943644584336e+001	  1.9706591877064408e+001	  1.9669135485190996e+001	  1.9722604940272795e+001	  1.9728438276624907e+001	  1.9694414402016815e+001	  1.9753269564383800e+001	  1.9765738547125089e+001	  1.9782849906417958e+001	  1.9738467028907088e+001	  1.9702487080671293e+001	  1.9717823691669924e+001	  1.9752321265884738e+001	
  1.9700187965287924e+001	  1.9707585734935048e+001	  1.9670619002325051e+001	  1.9724041681731936e+001	  1.9729589656287832e+001	  1.9696050042578896e+001	  1.9754999702798894e+001	  1.9767351910153113e+001	  1.9784991056133677e+001	  1.9740074078255290e+001	  1.9703250253048932e+001	  1.9718694899561612e+001	  1.9753250546592831e+001	
  1.9701304243853592e+001	  1.9708468676877168e+001	  1.9671954765157327e+001	  1.9725343002655119e+001	  1.9730623978338972e+001	  1.9697532420453332e+001	  1.9756576759737754e+001	  1.9768819958510555e+001	  1.9786949435023310e+001	  1.9741533813068031e+001	  1.9703917761057657e+001	  1.9719467119504447e+001	  1.9754079085223385e+001	
  1.9702645837593089e+001	  1.9709503997039608e+001	  1.9673572908858098e+001	  1.9726927961559472e+001	  1.9731858395684142e+001	  1.9699343808230953e+001	  1.9758516679142989e+001	  1.9770610965348244e+001	  1.9789375633350449e+001	  1.9743318516861361e+001	  1.9704678660718983e+001	  1.9720366931356931e+001	  1.9755054258116552e+001	
  1.9703787661711736e+001	  1.9710377396107418e+001	  1.9674966607116836e+001	  1.9728301857612010e+001	  1.9732922460097093e+001	  1.9700922127481498e+001	  1.9760215364214403e+001	  1.9772181869903200e+001	  1.9791527078377392e+001	  1.9744878761209304e+001	  1.9705315779116965e+001	  1.9721141958836625e+001	  1.9755890982006129e+001	
  1.9704746904366175e+001	  1.9711110640413494e+001	  1.9676160671124833e+001	  1.9729481669770056e+001	  1.9733836599862531e+001	  1.9702291859032378e+001	  1.9761698517617038e+001	  1.9773565106962657e+001	  1.9793433383636867e+001	  1.9746239052197247e+001	  1.9705831265831101e+001	  1.9721788587574888e+001	  1.9756598943218371e+001	
  1.9705562806815667e+001	  1.9711708617210419e+001	  1.9677003951331194e+001	  1.9730453878496455e+001	  1.9734561376592129e+001	  1.9703260817239006e+001	  1.9762871327637047e+001	  1.9774598265138987e+001	  1.9794794090462997e+001	  1.9747268643918968e+001	  1.9706317982297854e+001	  1.9722372661249999e+001	  1.9757215653845652e+001	
  1.9706507844647263e+001	  1.9712411167721267e+001	  1.9677812738844885e+001	  1.9731534368458732e+001	  1.9735378554351048e+001	  1.9704184859213839e+001	  1.9764063354482381e+001	  1.9775659376886694e+001	  1.9796082561404752e+001	  1.9748324820769245e+001	  1.9706951298098247e+001	  1.9723094389398767e+001	  1.9757991622101862e+001	
  1.9707259528847587e+001	  1.9713075612707495e+001	  1.9678466706904931e+001	  1.9732389018163325e+001	  1.9736135842480753e+001	  1.9704930634539071e+001	  1.9764978877074316e+001	  1.9776574843266367e+001	  1.9797112083629997e+001	  1.9749190137731929e+001	  1.9707589415485273e+001	  1.9723808823154343e+001	  1.9758757602547043e+001	
  1.9707926043798064e+001	  1.9713802786226157e+001	  1.9679127609357046e+001	  1.9733162555127748e+001	  1.9736957467289841e+001	  1.9705684526613403e+001	  1.9765856026292084e+001	  1.9777522403346818e+001	  1.9798141886351807e+001	  1.9750048311974137e+001	  1.9708309958032523e+001	  1.9724610197942280e+001	  1.9759610949590364e+001	
  1.9708563574206543e+001	  1.9714539239573316e+001	  1.9679792291445278e+001	  1.9733911074046290e+001	  1.9737787702587880e+001	  1.9706442451249387e+001	  1.9766741530887213e+001	  1.9778467952381526e+001	  1.9799169085546364e+001	  1.9750903128717745e+001	  1.9709037250079025e+001	  1.9725416752322598e+001	  1.9760477196351896e+001	
  1.9709222685950014e+001	  1.9715244738282287e+001	  1.9680450975984254e+001	  1.9734680569579783e+001	  1.9738586159448545e+001	  1.9707193741197806e+001	  1.9767641886811084e+001	  1.9779394315258326e+001	  1.9800187837397324e+001	  1.9751754223405619e+001	  1.9709722915251948e+001	  1.9726179296649082e+001	  1.9761302149492369e+001	
  1.9709890810584600e+001	  1.9715920002421115e+001	  1.9681097645927263e+001	  1.9735456941657034e+001	  1.9739354108715457e+001	  1.9707932315632430e+001	  1.9768535031982683e+001	  1.9780302007751988e+001	  1.9801195329673931e+001	  1.9752594364871037e+001	  1.9710374033213753e+001	  1.9726906669554037e+001	  1.9762088186069676e+001	
  1.9710800065825104e+001	  1.9716854300627489e+001	  1.9681989820879547e+001	  1.9736517805462206e+001	  1.9740418370298180e+001	  1.9708953163210765e+001	  1.9769762958307222e+001	  1.9781559232331631e+001	  1.9802594233897025e+001	  1.9753753865886949e+001	  1.9711278430721926e+001	  1.9727918797625399e+001	  1.9763179654768201e+001	
  1.9711470228144044e+001	  1.9717549087407775e+001	  1.9682654267672536e+001	  1.9737302757462505e+001	  1.9741211231363778e+001	  1.9709714792317811e+001	  1.9770678183484268e+001	  1.9782497144041372e+001	  1.9803641757409739e+001	  1.9754617825103423e+001	  1.9711950136018327e+001	  1.9728671561006447e+001	  1.9763993979141908e+001	
  1.9712024057628895e+001	  1.9718167508954707e+001	  1.9683285287837425e+001	  1.9737975710340944e+001	  1.9741932007419802e+001	  1.9710445690372669e+001	  1.9771499332207128e+001	  1.9783380961313899e+001	  1.9804660772975353e+001	  1.9755415910056744e+001	  1.9712522810804302e+001	  1.9729326651317329e+001	  1.9764715207048866e+001	
  1.9712478864859854e+001	  1.9718688318660227e+001	  1.9683870627317329e+001	  1.9738554150082262e+001	  1.9742556140412280e+001	  1.9711131754375760e+001	  1.9772258486924862e+001	  1.9784187252093066e+001	  1.9805637898932666e+001	  1.9756142851455710e+001	  1.9712983593727607e+001	  1.9729869826517881e+001	  1.9765316256311596e+001	
  1.9712903379118107e+001	  1.9719120425945444e+001	  1.9684404916550196e+001	  1.9739102233578425e+001	  1.9743089624132612e+001	  1.9711765258008533e+001	  1.9772989162063872e+001	  1.9784915229108123e+001	  1.9806562146269393e+001	  1.9756815242468814e+001	  1.9713348444931867e+001	  1.9730314548944037e+001	  1.9765811553462381e+001	
  1.9713332414135039e+001	  1.9719499932577023e+001	  1.9684903530902609e+001	  1.9739655149897569e+001	  1.9743571425843601e+001	  1.9712363986601442e+001	  1.9773709362983979e+001	  1.9785602648186256e+001	  1.9807458368375634e+001	  1.9757462536757679e+001	  1.9713657585690925e+001	  1.9730704091004039e+001	  1.9766247721528302e+001	
  1.9713736052605519e+001	  1.9719837618988542e+001	  1.9685353019251394e+001	  1.9740178758604149e+001	  1.9744009239958082e+001	  1.9712911336361795e+001	  1.9774382687681001e+001	  1.9786241890539838e+001	  1.9808298850522856e+001	  1.9758064993524826e+001	  1.9713929085536851e+001	  1.9731054845318553e+001	  1.9766641105626924e+001	
  1.9714098770560042e+001	  1.9720147635946773e+001	  1.9685759027246917e+001	  1.9740658381067281e+001	  1.9744417232901572e+001	  1.9713413131600916e+001	  1.9775005407827251e+001	  1.9786841837388518e+001	  1.9809087562544434e+001	  1.9758623997011938e+001	  1.9714178539150740e+001	  1.9731382508642678e+001	  1.9767009555310519e+001	
  1.9714421213342373e+001	  1.9720433326586100e+001	  1.9686125309829578e+001	  1.9741095356433245e+001	  1.9744798767317072e+001	  1.9713873187624937e+001	  1.9775582814759758e+001	  1.9787404990302843e+001	  1.9809826103548950e+001	  1.9759142305408268e+001	  1.9714409093261775e+001	  1.9731690174963273e+001	  1.9767357256856588e+001	
  1.9715002284051614e+001	  1.9720954856856430e+001	  1.9686789431175882e+001	  1.9741915211550641e+001	  1.9745519897793603e+001	  1.9714732818368525e+001	  1.9776694214915896e+001	  1.9788493510281977e+001	  1.9811261883871481e+001	  1.9760131406271071e+001	  1.9714822687084538e+001	  1.9732265176764937e+001	  1.9768017637431079e+001	
  1.9715475743352751e+001	  1.9721409520824693e+001	  1.9687317919429873e+001	  1.9742618441319433e+001	  1.9746166839576919e+001	  1.9715449607666820e+001	  1.9777668258384900e+001	  1.9789462848124121e+001	  1.9812527234849270e+001	  1.9760993799239561e+001	  1.9715201243743238e+001	  1.9732804375961695e+001	  1.9768628021086581e+001	
  1.9715834239707551e+001	  1.9721752367802790e+001	  1.9687722200327539e+001	  1.9743195589058775e+001	  1.9746692116118332e+001	  1.9716033534867694e+001	  1.9778502960114810e+001	  1.9790293262049321e+001	  1.9813637560828059e+001	  1.9761721597080147e+001	  1.9715466548070932e+001	  1.9733220282332013e+001	  1.9769120836252256e+001	
  1.9716083584951470e+001	  1.9721989009573718e+001	  1.9688013863395032e+001	  1.9743654241744853e+001	  1.9747103711134450e+001	  1.9716497259661413e+001	  1.9779207112762091e+001	  1.9790994468933189e+001	  1.9814606576946954e+001	  1.9762324427449357e+001	  1.9715634219056934e+001	  1.9733533582227597e+001	  1.9769505087811236e+001	
  1.9716318252260404e+001	  1.9722229935364940e+001	  1.9688304283452272e+001	  1.9744234124839561e+001	  1.9747633395274267e+001	  1.9717071357430161e+001	  1.9780185237245728e+001	  1.9791977911041688e+001	  1.9816008765557353e+001	  1.9763140345713996e+001	  1.9715782532337364e+001	  1.9733925903923506e+001	  1.9770007573165429e+001	
  1.9716367893531995e+001	  1.9722325450217230e+001	  1.9688378684457664e+001	  1.9744605675920099e+001	  1.9747997943280247e+001	  1.9717410286419376e+001	  1.9780917517735187e+001	  1.9792731024846905e+001	  1.9817114374665138e+001	  1.9763727413297062e+001	  1.9715819290553245e+001	  1.9734194985650959e+001	  1.9770369544057331e+001	
  1.9716190170262855e+001	  1.9722174672634416e+001	  1.9688229630552687e+001	  1.9744724988653719e+001	  1.9748095093052488e+001	  1.9717505423873853e+001	  1.9781374893379258e+001	  1.9793198769089891e+001	  1.9817923406251442e+001	  1.9764046708068289e+001	  1.9715600307076464e+001	  1.9734186893952103e+001	  1.9770459524738190e+001	
  1.9715869593446882e+001	  1.9721913584435189e+001	  1.9687915941558430e+001	  1.9744682707761104e+001	  1.9748066808933324e+001	  1.9717420122069854e+001	  1.9781639094511561e+001	  1.9793486999123111e+001	  1.9818500175990334e+001	  1.9764188147580487e+001	  1.9715307296551636e+001	  1.9734098514025138e+001	  1.9770444545181924e+001	
  1.9715222232216149e+001	  1.9721365852175406e+001	  1.9687259840534217e+001	  1.9744394262442121e+001	  1.9747818403200895e+001	  1.9717058492174104e+001	  1.9781742009228335e+001	  1.9793627755297198e+001	  1.9818994320012326e+001	  1.9764134599944754e+001	  1.9714727734132008e+001	  1.9733783373504991e+001	  1.9770223975261253e+001	
  1.9714352620732374e+001	  1.9720594593188366e+001	  1.9686378803769948e+001	  1.9743846959187934e+001	  1.9747315605250318e+001	  1.9716441572085998e+001	  1.9781545953084635e+001	  1.9793466296705223e+001	  1.9819148252902110e+001	  1.9763798819981666e+001	  1.9713934756880043e+001	  1.9733229158618808e+001	  1.9769750347339947e+001	
  1.9713293776651103e+001	  1.9719636982986874e+001	  1.9685308882143630e+001	  1.9743077239022593e+001	  1.9746598635631511e+001	  1.9715608014764918e+001	  1.9781090676381627e+001	  1.9793044061900126e+001	  1.9819003976740209e+001	  1.9763220215570378e+001	  1.9712968060754058e+001	  1.9732478813297210e+001	  1.9769065145536633e+001	
  1.9712106810230662e+001	  1.9718563954175895e+001	  1.9684105121547738e+001	  1.9742149173814862e+001	  1.9745740637270064e+001	  1.9714615363395620e+001	  1.9780440782949885e+001	  1.9792430560373617e+001	  1.9818623410653164e+001	  1.9762463583970614e+001	  1.9711902392054775e+001	  1.9731609868238689e+001	  1.9768244120753597e+001	
  1.9709932360967379e+001	  1.9716613468186800e+001	  1.9681890296585777e+001	  1.9740358502924195e+001	  1.9744106584299949e+001	  1.9712712658923362e+001	  1.9779055066860352e+001	  1.9791114580525768e+001	  1.9817618490763831e+001	  1.9760928630689026e+001	  1.9709995042223351e+001	  1.9729999853120635e+001	  1.9766676192638464e+001	
  1.9708764183284245e+001	  1.9715467175731973e+001	  1.9680763138576204e+001	  1.9739325662482006e+001	  1.9743071501891240e+001	  1.9711694979749989e+001	  1.9778189415090569e+001	  1.9790241974025896e+001	  1.9816920490842449e+001	  1.9759998796671539e+001	  1.9708817770115761e+001	  1.9728918285931705e+001	  1.9765633100070158e+001	
  1.9707975802186137e+001	  1.9714714577479089e+001	  1.9679991588014179e+001	  1.9738620234873736e+001	  1.9742388212787642e+001	  1.9710989711879794e+001	  1.9777576946771799e+001	  1.9789635465649507e+001	  1.9816399986803265e+001	  1.9759353553056787e+001	  1.9708075584987284e+001	  1.9728242393962553e+001	  1.9764958313180500e+001	
  1.9707717218751622e+001	  1.9714478703452802e+001	  1.9679731558029204e+001	  1.9738388952591194e+001	  1.9742175067057985e+001	  1.9710751413010570e+001	  1.9777372771311924e+001	  1.9789437679030907e+001	  1.9816219668247641e+001	  1.9759140605802820e+001	  1.9707850067687612e+001	  1.9728039762068768e+001	  1.9764753515810924e+001	
  1.9707354116936298e+001	  1.9714177832586643e+001	  1.9679451560674234e+001	  1.9738055093415490e+001	  1.9741899226252645e+001	  1.9710494795141830e+001	  1.9777079058858416e+001	  1.9789197114131419e+001	  1.9816021763741830e+001	  1.9758872018474413e+001	  1.9707528620344661e+001	  1.9727738298294060e+001	  1.9764465357706602e+001	
  1.9706894357695774e+001	  1.9713788693859460e+001	  1.9679138898268516e+001	  1.9737628937863356e+001	  1.9741536267954000e+001	  1.9710206336516634e+001	  1.9776728869515217e+001	  1.9788891131970868e+001	  1.9815795133197835e+001	  1.9758541055371733e+001	  1.9707104533421596e+001	  1.9727334554381699e+001	  1.9764067059194886e+001	
  1.9706415641012331e+001	  1.9713328834213112e+001	  1.9678790603953150e+001	  1.9737184917580869e+001	  1.9741101450681640e+001	  1.9709881312000189e+001	  1.9776369063571131e+001	  1.9788523319802682e+001	  1.9815530883497892e+001	  1.9758171323835267e+001	  1.9706606718142183e+001	  1.9726856062665970e+001	  1.9763584223081278e+001	
  1.9705823523854004e+001	  1.9712676397633089e+001	  1.9678287028382339e+001	  1.9736631616491593e+001	  1.9740477598296959e+001	  1.9709404199081757e+001	  1.9775889491718782e+001	  1.9787986118943291e+001	  1.9815123194922283e+001	  1.9757656421345025e+001	  1.9705907866703619e+001	  1.9726179299134738e+001	  1.9762893978939502e+001	
  1.9705222178338349e+001	  1.9712010518402654e+001	  1.9677744914778852e+001	  1.9736065240017098e+001	  1.9739838189352277e+001	  1.9708886404072555e+001	  1.9775376606366034e+001	  1.9787421381602396e+001	  1.9814667527423538e+001	  1.9757112669916630e+001	  1.9705205332270747e+001	  1.9725498850486961e+001	  1.9762193537065521e+001	
  1.9704595358575286e+001	  1.9711330522580191e+001	  1.9677170496324464e+001	  1.9735469881058965e+001	  1.9739181861969566e+001	  1.9708333897854640e+001	  1.9774825645744986e+001	  1.9786829213466515e+001	  1.9814169474478142e+001	  1.9756537761908721e+001	  1.9704492484088757e+001	  1.9724805951674764e+001	  1.9761480995598760e+001	
  1.9703649328607465e+001	  1.9710324821438583e+001	  1.9676297380884165e+001	  1.9734562689678636e+001	  1.9738204849412064e+001	  1.9707487447102736e+001	  1.9773972257368847e+001	  1.9785929483008299e+001	  1.9813386917149696e+001	  1.9755659294724698e+001	  1.9703444852349563e+001	  1.9723782748946672e+001	  1.9760430305691607e+001	
  1.9702675633455144e+001	  1.9709313928003901e+001	  1.9675386194980689e+001	  1.9733623128979211e+001	  1.9737218778475665e+001	  1.9706599214556789e+001	  1.9773075691311817e+001	  1.9784998861486191e+001	  1.9812549971150158e+001	  1.9754745552658147e+001	  1.9702407189246692e+001	  1.9722768826346961e+001	  1.9759381672997474e+001	
  1.9701663507158990e+001	  1.9708267824269178e+001	  1.9674434989251672e+001	  1.9732639185237250e+001	  1.9736192300909309e+001	  1.9705666335212417e+001	  1.9772128028951911e+001	  1.9784019527325068e+001	  1.9811655796797027e+001	  1.9753784549143543e+001	  1.9701333436119850e+001	  1.9721713490229856e+001	  1.9758294871644477e+001	
  1.9699540515534640e+001	  1.9706090871311282e+001	  1.9672423871528597e+001	  1.9730554490628052e+001	  1.9734039865133791e+001	  1.9703677423512076e+001	  1.9770091909948835e+001	  1.9781928773280367e+001	  1.9809703572656652e+001	  1.9751734235908128e+001	  1.9699115654936051e+001	  1.9719521576454699e+001	  1.9756033631569981e+001	
  1.9698979128185361e+001	  1.9705571041329385e+001	  1.9671856097589266e+001	  1.9730007629965307e+001	  1.9733530746807521e+001	  1.9703118351172865e+001	  1.9769544254798515e+001	  1.9781390030383115e+001	  1.9809153720400889e+001	  1.9751191117316807e+001	  1.9698638962522868e+001	  1.9719067640082418e+001	  1.9755520974001943e+001	
  1.9698341681467610e+001	  1.9704909337727301e+001	  1.9671252282862412e+001	  1.9729374184317379e+001	  1.9732868263365980e+001	  1.9702515829464115e+001	  1.9768922057972823e+001	  1.9780746169735036e+001	  1.9808550385954099e+001	  1.9750564780531551e+001	  1.9697938127361734e+001	  1.9718359895466904e+001	  1.9754820136114930e+001	
  1.9697658019827568e+001	  1.9704183347996320e+001	  1.9670617269066415e+001	  1.9728693817360039e+001	  1.9732142572994345e+001	  1.9701881144093043e+001	  1.9768254818685353e+001	  1.9780053971312405e+001	  1.9807914800701813e+001	  1.9749893142966833e+001	  1.9697179070439525e+001	  1.9717598361198863e+001	  1.9754048415506379e+001	
  1.9697639273154515e+001	  1.9704161776273590e+001	  1.9670598415499224e+001	  1.9728676648958604e+001	  1.9732121165962141e+001	  1.9701862376943883e+001	  1.9768268792039564e+001	  1.9780033831500877e+001	  1.9807896244887608e+001	  1.9749876565214819e+001	  1.9697154821456927e+001	  1.9717575573117777e+001	  1.9753988137219341e+001	
  1.9697624254627332e+001	  1.9704140162991177e+001	  1.9670579557599222e+001	  1.9728664828586716e+001	  1.9732099597683291e+001	  1.9701843592143270e+001	  1.9768312302457048e+001	  1.9780013276959693e+001	  1.9807877711593989e+001	  1.9749864465403384e+001	  1.9697125885612923e+001	  1.9717550808007978e+001	  1.9753855164082381e+001	
  1.9697614697810153e+001	  1.9704118342592096e+001	  1.9670560704386837e+001	  1.9728659663983802e+001	  1.9732077691953254e+001	  1.9701824796274519e+001	  1.9768374749255297e+001	  1.9779992207484845e+001	  1.9807859238396450e+001	  1.9749856371713292e+001	  1.9697092569621262e+001	  1.9717523797311042e+001	  1.9753685817959166e+001	
  1.9697618823565563e+001	  1.9704074296501712e+001	  1.9670523934118304e+001	  1.9728673502866855e+001	  1.9732033252084232e+001	  1.9701788126230632e+001	  1.9768523929132936e+001	  1.9779950264330495e+001	  1.9807823713424682e+001	  1.9749850090259713e+001	  1.9697020699576306e+001	  1.9717465005129842e+001	  1.9753359109113521e+001	
  1.9697646206350463e+001	  1.9704028447007133e+001	  1.9670487163046253e+001	  1.9728709991677160e+001	  1.9731986971893733e+001	  1.9701751462316093e+001	  1.9768682129374781e+001	  1.9779908544547951e+001	  1.9807788894406603e+001	  1.9749850645002226e+001	  1.9696946873591763e+001	  1.9717402047874135e+001	  1.9753078200559465e+001	
  1.9697693707261049e+001	  1.9703981017401681e+001	  1.9670450404925415e+001	  1.9728765185991982e+001	  1.9731939230556463e+001	  1.9701714831684058e+001	  1.9768839138451877e+001	  1.9779868039284192e+001	  1.9807754907382623e+001	  1.9749855841924433e+001	  1.9696873756201409e+001	  1.9717337063433344e+001	  1.9752847335902999e+001	
  1.9697842974843859e+001	  1.9703879274117366e+001	  1.9670374244451580e+001	  1.9728924683385344e+001	  1.9731837442315921e+001	  1.9701639051023740e+001	  1.9769136830683031e+001	  1.9779789549530648e+001	  1.9807687927961084e+001	  1.9749875425663070e+001	  1.9696719687762272e+001	  1.9717199515729526e+001	  1.9752361659254081e+001	
  1.9698021059533247e+001	  1.9703777127605903e+001	  1.9670298590712015e+001	  1.9729108130206644e+001	  1.9731735790847864e+001	  1.9701563885752503e+001	  1.9769397089525800e+001	  1.9779717786498722e+001	  1.9807624869158857e+001	  1.9749898286537011e+001	  1.9696569558290513e+001	  1.9717063364480378e+001	  1.9751936860377054e+001	
  1.9698209043830904e+001	  1.9703677340252497e+001	  1.9670223677139177e+001	  1.9729298209211748e+001	  1.9731636961585256e+001	  1.9701489558167811e+001	  1.9769622329433499e+001	  1.9779653530716367e+001	  1.9807565603442598e+001	  1.9749920976499666e+001	  1.9696429108208626e+001	  1.9716932585579297e+001	  1.9751605326705210e+001	
  1.9698508993376389e+001	  1.9703523258476388e+001	  1.9670103252771352e+001	  1.9729598085533468e+001	  1.9731485049893593e+001	  1.9701370234315267e+001	  1.9769933185096402e+001	  1.9779562536445891e+001	  1.9807475332368032e+001	  1.9749953857523142e+001	  1.9696221441467149e+001	  1.9716734086097990e+001	  1.9751206640826176e+001	
  1.9698781523288002e+001	  1.9703384245815048e+001	  1.9669985733109545e+001	  1.9729867876099714e+001	  1.9731348656615125e+001	  1.9701253960921612e+001	  1.9770175897400026e+001	  1.9779488462450662e+001	  1.9807392932464431e+001	  1.9749978454954327e+001	  1.9696041725308074e+001	  1.9716557805593698e+001	  1.9750938787404753e+001	
  1.9699011741083044e+001	  1.9703262435803214e+001	  1.9669871743535673e+001	  1.9730094502180691e+001	  1.9731229475154198e+001	  1.9701141300520209e+001	  1.9770360355953290e+001	  1.9779428024715568e+001	  1.9807317447225675e+001	  1.9749992602634574e+001	  1.9695886938846403e+001	  1.9716403897375621e+001	  1.9750741326855263e+001	
  1.9699195990951743e+001	  1.9703156547393494e+001	  1.9669761675301238e+001	  1.9730275380652934e+001	  1.9731125924585079e+001	  1.9701032583002885e+001	  1.9770498103123003e+001	  1.9779376742496876e+001	  1.9807247627438560e+001	  1.9749996023170429e+001	  1.9695752327734812e+001	  1.9716269258086669e+001	  1.9750580257043570e+001	
  1.9699232049755675e+001	  1.9703134283119326e+001	  1.9669736850173731e+001	  1.9730310780984126e+001	  1.9731104201185516e+001	  1.9701008093651428e+001	  1.9770523941812069e+001	  1.9779366088488601e+001	  1.9807232334204237e+001	  1.9749995367291309e+001	  1.9695723827139922e+001	  1.9716241068034936e+001	  1.9750541769184341e+001	
  1.9699265880926802e+001	  1.9703112727520306e+001	  1.9669712270504014e+001	  1.9730343994969726e+001	  1.9731083147137742e+001	  1.9700983846555964e+001	  1.9770548099906989e+001	  1.9779355549026146e+001	  1.9807217266593781e+001	  1.9749994229839064e+001	  1.9695695760301380e+001	  1.9716213634787607e+001	  1.9750496450671520e+001	
  1.9699297601437564e+001	  1.9703091774100212e+001	  1.9669687930342640e+001	  1.9730375123428082e+001	  1.9731062636023179e+001	  1.9700959826599860e+001	  1.9770570622451324e+001	  1.9779344975848950e+001	  1.9807202377497696e+001	  1.9749992584568378e+001	  1.9695667870794715e+001	  1.9716186654557191e+001	  1.9750445856093151e+001	
  1.9699327297353790e+001	  1.9703071301701247e+001	  1.9669663820963009e+001	  1.9730404258035630e+001	  1.9731042552859343e+001	  1.9700936026632256e+001	  1.9770591559510361e+001	  1.9779334307513583e+001	  1.9807187653701781e+001	  1.9749990417619671e+001	  1.9695640131144842e+001	  1.9716159978018201e+001	  1.9750393010315332e+001	
  1.9699406737014307e+001	  1.9703010299819105e+001	  1.9669591322591703e+001	  1.9730482161331683e+001	  1.9730982514191833e+001	  1.9700864419261443e+001	  1.9770646575676711e+001	  1.9779300834265182e+001	  1.9807143409325576e+001	  1.9749980586940438e+001	  1.9695556970569434e+001	  1.9716079545647624e+001	  1.9750241339703724e+001	
  1.9699470121018191e+001	  1.9702951265917221e+001	  1.9669520807301453e+001	  1.9730544317376172e+001	  1.9730924268027270e+001	  1.9700794744776402e+001	  1.9770689017109820e+001	  1.9779266517196429e+001	  1.9807100413597496e+001	  1.9749966317928752e+001	  1.9695477401747826e+001	  1.9716001761389741e+001	  1.9750110880886115e+001	
  1.9699519437498058e+001	  1.9702889538342628e+001	  1.9669452209071228e+001	  1.9730592665399854e+001	  1.9730862398419678e+001	  1.9700726938411822e+001	  1.9770720344282278e+001	  1.9779231315302098e+001	  1.9807058407166167e+001	  1.9749947344320926e+001	  1.9695378365920533e+001	  1.9715895154379933e+001	  1.9749994208647635e+001	
  1.9699556448996645e+001	  1.9702819090576885e+001	  1.9669385455377206e+001	  1.9730628897631370e+001	  1.9730790941863415e+001	  1.9700660914365006e+001	  1.9770741683185520e+001	  1.9779194639529283e+001	  1.9807017059955861e+001	  1.9749923014672223e+001	  1.9695249004551624e+001	  1.9715752875574427e+001	  1.9749872188395450e+001	
  1.9699580422440594e+001	  1.9702734145098074e+001	  1.9669319751341863e+001	  1.9730652239809409e+001	  1.9730705163310919e+001	  1.9700595859256524e+001	  1.9770751845406238e+001	  1.9779154026390131e+001	  1.9806975302396872e+001	  1.9749891440911401e+001	  1.9695097325416469e+001	  1.9715589638808368e+001	  1.9749729280938858e+001	
  1.9699594453781657e+001	  1.9702642933366803e+001	  1.9669255727571780e+001	  1.9730665731218714e+001	  1.9730613717469797e+001	  1.9700532400558412e+001	  1.9770753421491268e+001	  1.9779110058151787e+001	  1.9806933455458047e+001	  1.9749855337508894e+001	  1.9694946833147803e+001	  1.9715430554904643e+001	  1.9749579078053170e+001	
  1.9699599888745141e+001	  1.9702549904867237e+001	  1.9669193167061369e+001	  1.9730670708792228e+001	  1.9730520904235039e+001	  1.9700470326857406e+001	  1.9770747664453062e+001	  1.9779062898865888e+001	  1.9806891316454237e+001	  1.9749815870814846e+001	  1.9694804176629205e+001	  1.9715281734926840e+001	  1.9749430141764151e+001	
  1.9699600158139329e+001	  1.9702490919963331e+001	  1.9669154045830886e+001	  1.9730670753381585e+001	  1.9730462230686065e+001	  1.9700431502072295e+001	  1.9770741414737493e+001	  1.9779031925784523e+001	  1.9806864517239699e+001	  1.9749789750274186e+001	  1.9694717645595858e+001	  1.9715192235502613e+001	  1.9749337560942237e+001	
  1.9699597941481464e+001	  1.9702432639442833e+001	  1.9669115379759056e+001	  1.9730668328468234e+001	  1.9730404307530780e+001	  1.9700393103462542e+001	  1.9770733061155539e+001	  1.9779000033935709e+001	  1.9806837565984399e+001	  1.9749762870042677e+001	  1.9694634785384807e+001	  1.9715106863629263e+001	  1.9749247811976204e+001	
  1.9699593045045525e+001	  1.9702375297439239e+001	  1.9669077184130987e+001	  1.9730663238885604e+001	  1.9730347339300010e+001	  1.9700355139663355e+001	  1.9770722442037780e+001	  1.9778967151720781e+001	  1.9806810400795531e+001	  1.9749735174503936e+001	  1.9694555712109857e+001	  1.9715025705379485e+001	  1.9749161471551769e+001	
  1.9699585509001871e+001	  1.9702319024197273e+001	  1.9669039433553866e+001	  1.9730655532920526e+001	  1.9730291442086628e+001	  1.9700317588358619e+001	  1.9770709638123218e+001	  1.9778933355914425e+001	  1.9806783001395495e+001	  1.9749706703060312e+001	  1.9694480285465303e+001	  1.9714948566398508e+001	  1.9749078735338269e+001	
  1.9699560537230287e+001	  1.9702198261085769e+001	  1.9668957785888072e+001	  1.9730630224909468e+001	  1.9730171268377369e+001	  1.9700236248045119e+001	  1.9770674559761957e+001	  1.9778854484925329e+001	  1.9806721763355036e+001	  1.9749641312889352e+001	  1.9694318584340408e+001	  1.9714787798674962e+001	  1.9748825949598146e+001	
  1.9699525298263669e+001	  1.9702079972187072e+001	  1.9668877674393975e+001	  1.9730594788874150e+001	  1.9730053307806383e+001	  1.9700156331813250e+001	  1.9770631218184292e+001	  1.9778768959263424e+001	  1.9806659231553819e+001	  1.9749572162175212e+001	  1.9694160773325887e+001	  1.9714635856173732e+001	  1.9748512510036136e+001	
  1.9699481477510567e+001	  1.9701962434885775e+001	  1.9668798818517505e+001	  1.9730550866382227e+001	  1.9729935890074032e+001	  1.9700077564889288e+001	  1.9770580857727111e+001	  1.9778677352062743e+001	  1.9806595302735673e+001	  1.9749499495314204e+001	  1.9694007723697659e+001	  1.9714489651440367e+001	  1.9748202582623541e+001	
  1.9699430446518381e+001	  1.9701844949239188e+001	  1.9668720941301896e+001	  1.9730499778623880e+001	  1.9729818452467562e+001	  1.9699999665414516e+001	  1.9770524433255172e+001	  1.9778581643575627e+001	  1.9806529833568742e+001	  1.9749423781307769e+001	  1.9693861535660250e+001	  1.9714348415178801e+001	  1.9747940744224234e+001	
  1.9699252085216184e+001	  1.9701508702745514e+001	  1.9668498484777906e+001	  1.9730320968388238e+001	  1.9729481952530726e+001	  1.9699776369831515e+001	  1.9770334548853594e+001	  1.9778298723661219e+001	  1.9806330955588763e+001	  1.9749192771978109e+001	  1.9693468258386673e+001	  1.9713959010872262e+001	  1.9747392021138186e+001	
  1.9699040265234441e+001	  1.9701185653081044e+001	  1.9668276986494241e+001	  1.9730109103809774e+001	  1.9729158828219820e+001	  1.9699553547023466e+001	  1.9770117484702308e+001	  1.9778016516767167e+001	  1.9806119870609820e+001	  1.9748950822342699e+001	  1.9693115265282696e+001	  1.9713604476406836e+001	  1.9747011250071001e+001	
  1.9698809024759051e+001	  1.9700877651869821e+001	  1.9668054072588461e+001	  1.9729877674028728e+001	  1.9728850097834325e+001	  1.9699328753445798e+001	  1.9769883954280608e+001	  1.9777738189311307e+001	  1.9805897443015670e+001	  1.9748702938764293e+001	  1.9692786042696227e+001	  1.9713272395269907e+001	  1.9746676475607359e+001	
  1.9698565643163381e+001	  1.9700577276904990e+001	  1.9667827561394869e+001	  1.9729633634710108e+001	  1.9728548105575026e+001	  1.9699099776786412e+001	  1.9769639099669416e+001	  1.9777459951513741e+001	  1.9805664372697628e+001	  1.9748449345584884e+001	  1.9692465050799353e+001	  1.9712948343855839e+001	  1.9746342541796444e+001	
  1.9698009009545018e+001	  1.9699919318673107e+001	  1.9667322091567751e+001	  1.9729073018894152e+001	  1.9727884013058791e+001	  1.9698586958528757e+001	  1.9769076441165403e+001	  1.9776841268498895e+001	  1.9805130695303756e+001	  1.9747877132284685e+001	  1.9691758946045873e+001	  1.9712233001862966e+001	  1.9745601025161100e+001	
  1.9697428126508221e+001	  1.9699267221100921e+001	  1.9666794002354845e+001	  1.9728486901373319e+001	  1.9727224856335997e+001	  1.9698050293050418e+001	  1.9768487221844424e+001	  1.9776210842920463e+001	  1.9804563166359451e+001	  1.9747284623291016e+001	  1.9691074952134858e+001	  1.9711542480687275e+001	  1.9744873052124838e+001	
  1.9696828345969557e+001	  1.9698610328060933e+001	  1.9666244873148358e+001	  1.9727879114551445e+001	  1.9726558219001799e+001	  1.9697490569255059e+001	  1.9767872781191326e+001	  1.9775561388210065e+001	  1.9803964323687744e+001	  1.9746670991887513e+001	  1.9690389310515702e+001	  1.9710847532784147e+001	  1.9744146391782152e+001	
  1.9696202483500301e+001	  1.9697931787425333e+001	  1.9665672953889867e+001	  1.9727242219361017e+001	  1.9725867323961722e+001	  1.9696905858642427e+001	  1.9767226009795586e+001	  1.9774884242266211e+001	  1.9803333981751948e+001	  1.9746029234152232e+001	  1.9689680679176554e+001	  1.9710126694954734e+001	  1.9743398463276904e+001	
  1.9695187821191361e+001	  1.9696843878709540e+001	  1.9664751445753605e+001	  1.9726205778841319e+001	  1.9724756645398926e+001	  1.9695960973531310e+001	  1.9766170612865025e+001	  1.9773788976401640e+001	  1.9802308098778372e+001	  1.9744988771000081e+001	  1.9688548918424893e+001	  1.9708973141550143e+001	  1.9742201301812720e+001	
  1.9694142057269090e+001	  1.9695745377827819e+001	  1.9663791417486966e+001	  1.9725134372423934e+001	  1.9723632423266896e+001	  1.9694974325104351e+001	  1.9765075207934032e+001	  1.9772659696399622e+001	  1.9801228636644680e+001	  1.9743911685211657e+001	  1.9687424160626669e+001	  1.9707827353736903e+001	  1.9741001326807684e+001	
  1.9693065144673909e+001	  1.9694622782206405e+001	  1.9662796774643716e+001	  1.9724026456558548e+001	  1.9722479406314545e+001	  1.9693948943259976e+001	  1.9763936659726600e+001	  1.9771490639716941e+001	  1.9800097896830746e+001	  1.9742795382172481e+001	  1.9686275959016324e+001	  1.9706653180094730e+001	  1.9739779106461228e+001	
  1.9691953643080495e+001	  1.9693468274793094e+001	  1.9661768385734142e+001	  1.9722879208714087e+001	  1.9721290697857981e+001	  1.9692886078993808e+001	  1.9762753473699611e+001	  1.9770280050309978e+001	  1.9798919335425939e+001	  1.9741638233774800e+001	  1.9685097630890084e+001	  1.9705445721938123e+001	  1.9738523491125992e+001	
  1.9690024017903227e+001	  1.9691480187032656e+001	  1.9659972950355339e+001	  1.9720880552038700e+001	  1.9719238042058283e+001	  1.9691025431058911e+001	  1.9760683843978580e+001	  1.9768169780683721e+001	  1.9796842620492921e+001	  1.9739618341837133e+001	  1.9683082287931011e+001	  1.9703377131965535e+001	  1.9736368503269606e+001	
  1.9688102192749163e+001	  1.9689529202773151e+001	  1.9658150127115139e+001	  1.9718881529120274e+001	  1.9717215822908337e+001	  1.9689130702088615e+001	  1.9758599774292119e+001	  1.9766050136293494e+001	  1.9794710674559607e+001	  1.9737584462809973e+001	  1.9681133132563410e+001	  1.9701374023022481e+001	  1.9734264896440539e+001	
  1.9686150322659635e+001	  1.9687535179452357e+001	  1.9656300763520495e+001	  1.9716840211473645e+001	  1.9715139816769501e+001	  1.9687200234761459e+001	  1.9756459633696689e+001	  1.9763875410380383e+001	  1.9792521078950493e+001	  1.9735502107594556e+001	  1.9679123271304277e+001	  1.9699295725812494e+001	  1.9732106186955772e+001	
  1.9684148566109435e+001	  1.9685486875173027e+001	  1.9654416102611805e+001	  1.9714740558387994e+001	  1.9713003464769606e+001	  1.9685227483259830e+001	  1.9754255030149462e+001	  1.9761638411152560e+001	  1.9790271408704630e+001	  1.9733361982053026e+001	  1.9677063296476963e+001	  1.9697163245529197e+001	  1.9729884446601027e+001	
  1.9682158813401696e+001	  1.9683472289199678e+001	  1.9652523175756762e+001	  1.9712647581612387e+001	  1.9710896721506217e+001	  1.9683241786025189e+001	  1.9752048723494582e+001	  1.9759401885841498e+001	  1.9787991526292583e+001	  1.9731220376247027e+001	  1.9675059335448640e+001	  1.9695086902165144e+001	  1.9727708752976735e+001	
  1.9679713466916869e+001	  1.9681002276374965e+001	  1.9650170221025917e+001	  1.9710063455185708e+001	  1.9708302872840836e+001	  1.9680765293642985e+001	  1.9749306841552418e+001	  1.9756623379633186e+001	  1.9785125999323672e+001	  1.9728559989684815e+001	  1.9672606493582144e+001	  1.9692535698233371e+001	  1.9725038871815933e+001	
  1.9677295449346385e+001	  1.9678546427023431e+001	  1.9647847940454554e+001	  1.9707496196781133e+001	  1.9705714518579221e+001	  1.9678311535569993e+001	  1.9746570800859285e+001	  1.9753850785172705e+001	  1.9782266010113425e+001	  1.9725910969184962e+001	  1.9670159340836296e+001	  1.9689980504399827e+001	  1.9722369537918361e+001	
  1.9674888105687415e+001	  1.9676096075424319e+001	  1.9645548448086377e+001	  1.9704931311106517e+001	  1.9703125308341850e+001	  1.9675873796067400e+001	  1.9743830827066795e+001	  1.9751074224548958e+001	  1.9779404382729780e+001	  1.9723263760284290e+001	  1.9667718390252819e+001	  1.9687425824741336e+001	  1.9719698212567486e+001	
  1.9672540651642986e+001	  1.9673717361882261e+001	  1.9643291786561527e+001	  1.9702420872371000e+001	  1.9700603487974437e+001	  1.9673474250142711e+001	  1.9741137353742019e+001	  1.9748344927148874e+001	  1.9776565280245276e+001	  1.9720662614671340e+001	  1.9665362616994617e+001	  1.9684954816643874e+001	  1.9717104864521005e+001	
  1.9670259594814418e+001	  1.9671401446902347e+001	  1.9641090234334509e+001	  1.9699970575698043e+001	  1.9698139073150983e+001	  1.9671125083553147e+001	  1.9738494743059004e+001	  1.9745666520307655e+001	  1.9773764382922053e+001	  1.9718113433884845e+001	  1.9663066149672321e+001	  1.9682536979346139e+001	  1.9714571101481088e+001	
  1.9666298731044524e+001	  1.9667373928547981e+001	  1.9637259115496210e+001	  1.9695687103354103e+001	  1.9693829165547232e+001	  1.9667013929768675e+001	  1.9733844493287894e+001	  1.9740949020930550e+001	  1.9768803912117381e+001	  1.9713636215702067e+001	  1.9659081902237585e+001	  1.9678322654474659e+001	  1.9710135340596469e+001	
  1.9662529096603173e+001	  1.9663510130037487e+001	  1.9633635115565518e+001	  1.9691578601000931e+001	  1.9689669936104096e+001	  1.9663097286959516e+001	  1.9729353372036275e+001	  1.9736388397304264e+001	  1.9764006976819399e+001	  1.9709327260979613e+001	  1.9655243241680324e+001	  1.9674237711769919e+001	  1.9705842195571417e+001	
  1.9658876811438844e+001	  1.9659743845727292e+001	  1.9630145250716549e+001	  1.9687577885810018e+001	  1.9685601789208807e+001	  1.9659307084776234e+001	  1.9724960462271131e+001	  1.9731927612717140e+001	  1.9759315409539209e+001	  1.9705123944305974e+001	  1.9651491340256555e+001	  1.9670230676877324e+001	  1.9701638806089324e+001	
  1.9655598662658800e+001	  1.9656390607261748e+001	  1.9626955131372501e+001	  1.9683950676716488e+001	  1.9681946044328402e+001	  1.9655816629156185e+001	  1.9720933711758807e+001	  1.9727833421031523e+001	  1.9754923905894831e+001	  1.9701272399413124e+001	  1.9648192818884343e+001	  1.9666684078711626e+001	  1.9697875094704759e+001	
  1.9653033502032311e+001	  1.9653697951280275e+001	  1.9624527165442810e+001	  1.9681106921719390e+001	  1.9679012989921205e+001	  1.9653150226519138e+001	  1.9717773116132204e+001	  1.9724620491687293e+001	  1.9751548825023335e+001	  1.9698265928789258e+001	  1.9645480032811030e+001	  1.9663759855335886e+001	  1.9694828976052907e+001	
  1.9651280230698532e+001	  1.9651914170653654e+001	  1.9622806804466094e+001	  1.9679147883509827e+001	  1.9677052177727493e+001	  1.9651252776463778e+001	  1.9715578310683473e+001	  1.9722387996913955e+001	  1.9749119410465763e+001	  1.9696169961778462e+001	  1.9643749557549199e+001	  1.9661888482811232e+001	  1.9692816852653376e+001	
  1.9649836666463528e+001	  1.9650388526844484e+001	  1.9621431915351788e+001	  1.9677531578653159e+001	  1.9675377083296443e+001	  1.9649730704567396e+001	  1.9713761711457650e+001	  1.9720538924670141e+001	  1.9747162211329783e+001	  1.9694446768430812e+001	  1.9642205240135702e+001	  1.9660210357232785e+001	  1.9691076333594133e+001	
  1.9648461728228895e+001	  1.9648958935544030e+001	  1.9620107362001118e+001	  1.9675989330426066e+001	  1.9673804171408761e+001	  1.9648262760863265e+001	  1.9712027066689416e+001	  1.9718774396289266e+001	  1.9745267645266438e+001	  1.9692797981199440e+001	  1.9640795502976840e+001	  1.9658681658891549e+001	  1.9689449270707598e+001	
  1.9647163591311685e+001	  1.9647614213391712e+001	  1.9618845696927682e+001	  1.9674525173965172e+001	  1.9672316477602351e+001	  1.9646859061649462e+001	  1.9710371442671274e+001	  1.9717088284624445e+001	  1.9743441019862306e+001	  1.9691224839791641e+001	  1.9639468488867944e+001	  1.9657234325165778e+001	  1.9687915610390547e+001	
  1.9645917705780484e+001	  1.9646307645888154e+001	  1.9617638086308958e+001	  1.9673113567788121e+001	  1.9670867181261372e+001	  1.9645510109377735e+001	  1.9708765832393841e+001	  1.9715452273157403e+001	  1.9741673909144374e+001	  1.9689702903060802e+001	  1.9638169703567065e+001	  1.9655813536122483e+001	  1.9686413932141853e+001	
  1.9643431286710126e+001	  1.9643689025331245e+001	  1.9615224147455084e+001	  1.9670260344642088e+001	  1.9667933021106759e+001	  1.9642783839480110e+001	  1.9705484217614373e+001	  1.9712101599400743e+001	  1.9738026764736201e+001	  1.9686602371583277e+001	  1.9635576626393402e+001	  1.9652952431831547e+001	  1.9683366853111359e+001	
  1.9641136332004191e+001	  1.9641241531528831e+001	  1.9613013476010572e+001	  1.9667606427798120e+001	  1.9665177491858053e+001	  1.9640267886872415e+001	  1.9702408074537232e+001	  1.9708959051623413e+001	  1.9734612132863525e+001	  1.9683707515882244e+001	  1.9633137214233667e+001	  1.9650247329782331e+001	  1.9680495240406223e+001	
  1.9639082723942817e+001	  1.9639041298412636e+001	  1.9611026204791219e+001	  1.9665205878841292e+001	  1.9662679965802230e+001	  1.9637985824172070e+001	  1.9699596428248640e+001	  1.9706083909288221e+001	  1.9731463141799438e+001	  1.9681068575832811e+001	  1.9630949693228818e+001	  1.9647804008668803e+001	  1.9677890975558320e+001	
  1.9636595545445854e+001	  1.9636344275691993e+001	  1.9608611053032792e+001	  1.9662242845739968e+001	  1.9659575456029756e+001	  1.9635167224063881e+001	  1.9696064396302262e+001	  1.9702464519568309e+001	  1.9727461128268189e+001	  1.9677770440589274e+001	  1.9628267920875423e+001	  1.9644770539606483e+001	  1.9674642731603118e+001	
  1.9635893063188050e+001	  1.9635547938807566e+001	  1.9607968296508378e+001	  1.9661420640956003e+001	  1.9658677271886972e+001	  1.9634423211799849e+001	  1.9695093823838842e+001	  1.9701474079721955e+001	  1.9726418188448196e+001	  1.9676871086305653e+001	  1.9627441366983312e+001	  1.9643848704477932e+001	  1.9673691952657546e+001	
  1.9635321548218556e+001	  1.9634952061066905e+001	  1.9607398360830018e+001	  1.9660738454092478e+001	  1.9657987514812049e+001	  1.9633758737910963e+001	  1.9694282095557966e+001	  1.9700643802434620e+001	  1.9725472460976988e+001	  1.9676108962088158e+001	  1.9626874830333541e+001	  1.9643206696783714e+001	  1.9672982081054823e+001	
  1.9634758736119032e+001	  1.9634338384796500e+001	  1.9606848815435779e+001	  1.9660064010242905e+001	  1.9657278277147064e+001	  1.9633114658302237e+001	  1.9693472149781659e+001	  1.9699814539320794e+001	  1.9724551119155024e+001	  1.9675354289822057e+001	  1.9626260838104677e+001	  1.9642508771458832e+001	  1.9672242358310090e+001	
  1.9633978521384240e+001	  1.9633483935801351e+001	  1.9606084565873608e+001	  1.9659119544234475e+001	  1.9656283605287896e+001	  1.9632211378254556e+001	  1.9692327387778182e+001	  1.9698641152479372e+001	  1.9723238915731361e+001	  1.9674289950187639e+001	  1.9625413465049174e+001	  1.9641540414292873e+001	  1.9671201801111572e+001	
  1.9633254854359055e+001	  1.9632684227449520e+001	  1.9605379963337654e+001	  1.9658235795934967e+001	  1.9655347230870611e+001	  1.9631371388867077e+001	  1.9691248467016216e+001	  1.9697534048783758e+001	  1.9722000441690636e+001	  1.9673290076595933e+001	  1.9624617223945677e+001	  1.9640625424128768e+001	  1.9670219507835807e+001	
  1.9632584498749988e+001	  1.9631937177877756e+001	  1.9604729393819767e+001	  1.9657409825545116e+001	  1.9654467428053504e+001	  1.9630589267034775e+001	  1.9690232055044799e+001	  1.9696490332744855e+001	  1.9720830473304360e+001	  1.9672350971983978e+001	  1.9623872116954544e+001	  1.9639764644795562e+001	  1.9669294324286497e+001	
  1.9631328568864209e+001	  1.9630524626472390e+001	  1.9603511247546177e+001	  1.9655839126704667e+001	  1.9652786502867126e+001	  1.9629105181760409e+001	  1.9688275098338842e+001	  1.9694478228278999e+001	  1.9718560386989207e+001	  1.9670549926902655e+001	  1.9622463545574540e+001	  1.9638122099212211e+001	  1.9667522462764595e+001	
  1.9630278535792460e+001	  1.9629320791603156e+001	  1.9602497799980579e+001	  1.9654493644094114e+001	  1.9651331029608510e+001	  1.9627842391474399e+001	  1.9686564923248731e+001	  1.9692716735537125e+001	  1.9716558571829122e+001	  1.9668986938765165e+001	  1.9621259388156886e+001	  1.9636697475650120e+001	  1.9665980851918654e+001	
  1.9629401516322222e+001	  1.9628292658094800e+001	  1.9601660103834011e+001	  1.9653341697196289e+001	  1.9650069188913744e+001	  1.9626772875893742e+001	  1.9685071276963761e+001	  1.9691176396353764e+001	  1.9714798398133848e+001	  1.9667632288557385e+001	  1.9620226139368398e+001	  1.9635458199767950e+001	  1.9664638003696084e+001	
  1.9628757999778536e+001	  1.9627520276477838e+001	  1.9601035654043905e+001	  1.9652444601003342e+001	  1.9649081112604193e+001	  1.9625934873856242e+001	  1.9683859937903016e+001	  1.9689921113466927e+001	  1.9713323989989668e+001	  1.9666544095966490e+001	  1.9619458528971876e+001	  1.9634502245568797e+001	  1.9663581372780499e+001	
  1.9628088442402987e+001	  1.9626675885875120e+001	  1.9600426252854586e+001	  1.9651502278318215e+001	  1.9648005751497514e+001	  1.9625096028137047e+001	  1.9682572263353130e+001	  1.9688589610361415e+001	  1.9711792605126593e+001	  1.9665401853112723e+001	  1.9618590951526873e+001	  1.9633426679639054e+001	  1.9662419703927807e+001	
  1.9628051044219649e+001	  1.9626651596629141e+001	  1.9600343451779128e+001	  1.9651386936195888e+001	  1.9647915158309861e+001	  1.9624947007390855e+001	  1.9682370691028023e+001	  1.9688373073516633e+001	  1.9711450272321940e+001	  1.9665220475715735e+001	  1.9618614386622468e+001	  1.9633402027624740e+001	  1.9662332475250484e+001	
  1.9627994442550534e+001	  1.9626530811103425e+001	  1.9600304637682779e+001	  1.9651294123623860e+001	  1.9647761606653898e+001	  1.9624879366969310e+001	  1.9682216793574362e+001	  1.9688211483091152e+001	  1.9711296447536551e+001	  1.9665096159958061e+001	  1.9618442055908893e+001	  1.9633188247273111e+001	  1.9662152959044736e+001	
  1.9627919712957020e+001	  1.9626406715825851e+001	  1.9600259959910900e+001	  1.9651188032567688e+001	  1.9647612360282004e+001	  1.9624808604949386e+001	  1.9682065765939711e+001	  1.9688056723651478e+001	  1.9711142224612018e+001	  1.9664968222038318e+001	  1.9618307849040676e+001	  1.9633032182080452e+001	  1.9661974369785661e+001	
  1.9627853499382173e+001	  1.9626339465040886e+001	  1.9600214019492739e+001	  1.9651093028999284e+001	  1.9647521743176952e+001	  1.9624737740941555e+001	  1.9681946765170302e+001	  1.9687933056021482e+001	  1.9710994927841192e+001	  1.9664862162625230e+001	  1.9618254959047373e+001	  1.9632961684020625e+001	  1.9661882185843528e+001	
  1.9627813599733621e+001	  1.9626297887196674e+001	  1.9600172727306315e+001	  1.9651024740593847e+001	  1.9647455676323098e+001	  1.9624672024025333e+001	  1.9681846113592769e+001	  1.9687827527454814e+001	  1.9710855427858132e+001	  1.9664773385461704e+001	  1.9618219451541986e+001	  1.9632905216488062e+001	  1.9661816487126252e+001	
  1.9627752287648782e+001	  1.9626202685454320e+001	  1.9600107466236800e+001	  1.9650905118160196e+001	  1.9647310903433013e+001	  1.9624557922325771e+001	  1.9681650124184934e+001	  1.9687621996389865e+001	  1.9710594990729348e+001	  1.9664605397151149e+001	  1.9618121530393672e+001	  1.9632763026303607e+001	  1.9661656100844990e+001	
  1.9627694415705932e+001	  1.9626108461189713e+001	  1.9600055395793021e+001	  1.9650790365260736e+001	  1.9647168483917824e+001	  1.9624458262570730e+001	  1.9681462197419478e+001	  1.9687424585310033e+001	  1.9710351202014426e+001	  1.9664446371820645e+001	  1.9618023517268750e+001	  1.9632621806558397e+001	  1.9661496226901882e+001	
  1.9627645645396683e+001	  1.9626025670010801e+001	  1.9600014421972055e+001	  1.9650686397928837e+001	  1.9647038956861799e+001	  1.9624371039884831e+001	  1.9681288339527754e+001	  1.9687241452210404e+001	  1.9710123525224855e+001	  1.9664300537395903e+001	  1.9617937996002350e+001	  1.9632494548663971e+001	  1.9661350456044694e+001	
  1.9627579533268957e+001	  1.9625829670458607e+001	  1.9599978173324342e+001	  1.9650415064556366e+001	  1.9646669381072726e+001	  1.9624162999096082e+001	  1.9680756294114207e+001	  1.9686675097961210e+001	  1.9709392116640476e+001	  1.9663872974603667e+001	  1.9617729347427250e+001	  1.9632130122776289e+001	  1.9660920662237842e+001	
  1.9627543827204132e+001	  1.9625694234837496e+001	  1.9599978373136757e+001	  1.9650239849428853e+001	  1.9646416616650964e+001	  1.9624046394355496e+001	  1.9680401357499004e+001	  1.9686298778575321e+001	  1.9708914295932090e+001	  1.9663593955916362e+001	  1.9617576918749073e+001	  1.9631870376828115e+001	  1.9660624467595401e+001	
  1.9627646169637245e+001	  1.9625820945688456e+001	  1.9600041096649001e+001	  1.9650309372725609e+001	  1.9646515393313020e+001	  1.9624081122286501e+001	  1.9680439819637765e+001	  1.9686330259818501e+001	  1.9708871895788008e+001	  1.9663633333369798e+001	  1.9617739637956536e+001	  1.9632016090962789e+001	  1.9660734071481130e+001	
  1.9627654794661805e+001	  1.9625778777518317e+001	  1.9600068899977760e+001	  1.9650285015113965e+001	  1.9646444405852716e+001	  1.9624082409130118e+001	  1.9680364483734412e+001	  1.9686248758764325e+001	  1.9708792515401452e+001	  1.9663583071428548e+001	  1.9617664024608928e+001	  1.9631907369848246e+001	  1.9660640755951462e+001	
  1.9627670143130118e+001	  1.9625764839471493e+001	  1.9600100106359445e+001	  1.9650271277031251e+001	  1.9646406379122478e+001	  1.9624089348363825e+001	  1.9680311180340599e+001	  1.9686190933973357e+001	  1.9708720140135352e+001	  1.9663547851975309e+001	  1.9617645462038482e+001	  1.9631867233948153e+001	  1.9660587404229695e+001	
  1.9627691233529426e+001	  1.9625769029477482e+001	  1.9600130692064141e+001	  1.9650264362097602e+001	  1.9646387128901175e+001	  1.9624096327892467e+001	  1.9680270772011333e+001	  1.9686145832324726e+001	  1.9708653392243747e+001	  1.9663521728514258e+001	  1.9617649031082500e+001	  1.9631849948984044e+001	  1.9660560709768404e+001	
  1.9627771555084575e+001	  1.9625805463737155e+001	  1.9600222299565228e+001	  1.9650277848549596e+001	  1.9646367258954577e+001	  1.9624131981928510e+001	  1.9680199437368138e+001	  1.9686063490228864e+001	  1.9708516599364497e+001	  1.9663484323894288e+001	  1.9617680209626759e+001	  1.9631830157435736e+001	  1.9660522010023413e+001	
  1.9627861359017597e+001	  1.9625849235462766e+001	  1.9600325210247366e+001	  1.9650304697803993e+001	  1.9646358092247791e+001	  1.9624182358949977e+001	  1.9680144670581342e+001	  1.9685998641096745e+001	  1.9708403882225756e+001	  1.9663462911093784e+001	  1.9617715980558838e+001	  1.9631817361694015e+001	  1.9660493344946484e+001	
  1.9627982976678705e+001	  1.9625933069176813e+001	  1.9600452972352393e+001	  1.9650367698581732e+001	  1.9646392578044310e+001	  1.9624261247639541e+001	  1.9680133024970473e+001	  1.9685977226277327e+001	  1.9708332100597623e+001	  1.9663480135802846e+001	  1.9617796650166351e+001	  1.9631853632897446e+001	  1.9660512090542991e+001	
  1.9628343797641989e+001	  1.9626189215048750e+001	  1.9600845015654812e+001	  1.9650592977699105e+001	  1.9646535147020955e+001	  1.9624540628675675e+001	  1.9680181882146677e+001	  1.9686004999505069e+001	  1.9708259227443563e+001	  1.9663601545115863e+001	  1.9618032010838082e+001	  1.9631983648816789e+001	  1.9660613101964895e+001	
  1.9628866203333430e+001	  1.9626632868742703e+001	  1.9601375047655104e+001	  1.9651002164825400e+001	  1.9646883570545889e+001	  1.9624977050314222e+001	  1.9680446725403826e+001	  1.9686249862152813e+001	  1.9708407072325134e+001	  1.9663920377502265e+001	  1.9618465887695230e+001	  1.9632330699723671e+001	  1.9660930881120862e+001	
  1.9628837397150175e+001	  1.9626535513728882e+001	  1.9601396855502717e+001	  1.9650956265426505e+001	  1.9646771598222049e+001	  1.9624985767825830e+001	  1.9680362690788630e+001	  1.9686163753813005e+001	  1.9708363051730561e+001	  1.9663864285463021e+001	  1.9618316616108299e+001	  1.9632157062201731e+001	  1.9660789409925268e+001	
  1.9628867853517580e+001	  1.9626582797472935e+001	  1.9601429112197842e+001	  1.9650980968620157e+001	  1.9646815885282770e+001	  1.9625011989331909e+001	  1.9680390674851619e+001	  1.9686192711602470e+001	  1.9708368416279992e+001	  1.9663889126498919e+001	  1.9618393584779376e+001	  1.9632239000405029e+001	  1.9660839369806808e+001	
  1.9628921524419379e+001	  1.9626659132984244e+001	  1.9601467162230151e+001	  1.9651027684622676e+001	  1.9646886331639969e+001	  1.9625043588289849e+001	  1.9680437799549871e+001	  1.9686238738230834e+001	  1.9708385993105253e+001	  1.9663931964391189e+001	  1.9618486765438199e+001	  1.9632329602535972e+001	  1.9660923684702343e+001	
  1.9628984598041171e+001	  1.9626726709130512e+001	  1.9601512930631806e+001	  1.9651082769004088e+001	  1.9646946732465302e+001	  1.9625082765396147e+001	  1.9680482520799274e+001	  1.9686281969266126e+001	  1.9708409456577463e+001	  1.9663976835374690e+001	  1.9618558111690668e+001	  1.9632394907338615e+001	  1.9660988195301133e+001	
  1.9629128370071644e+001	  1.9626854858113148e+001	  1.9601644583658160e+001	  1.9651205236134086e+001	  1.9647056585756413e+001	  1.9625197356513798e+001	  1.9680574618513223e+001	  1.9686370126182190e+001	  1.9708475916545641e+001	  1.9664077902108076e+001	  1.9618682466066208e+001	  1.9632502043568916e+001	  1.9661092527541648e+001	
  1.9629260858246678e+001	  1.9626966245646461e+001	  1.9601781420839067e+001	  1.9651316837977685e+001	  1.9647150347596583e+001	  1.9625317287723654e+001	  1.9680657596193242e+001	  1.9686449201161864e+001	  1.9708542749577092e+001	  1.9664172430458365e+001	  1.9618787232667056e+001	  1.9632589770202181e+001	  1.9661177253316517e+001	
  1.9629391437941184e+001	  1.9627077898148066e+001	  1.9601918741054444e+001	  1.9651427563277426e+001	  1.9647245385192612e+001	  1.9625438346025753e+001	  1.9680742221113078e+001	  1.9686530248016993e+001	  1.9708611691304554e+001	  1.9664267958577302e+001	  1.9618893727207034e+001	  1.9632680403498920e+001	  1.9661264610866656e+001	
  1.9629757021959502e+001	  1.9627398000806213e+001	  1.9602298893386397e+001	  1.9651744605284598e+001	  1.9647525116540933e+001	  1.9625778642914423e+001	  1.9680995402745104e+001	  1.9686775507482356e+001	  1.9708824521346902e+001	  1.9664547397987988e+001	  1.9619201449877426e+001	  1.9632949370468353e+001	  1.9661527868228518e+001	
  1.9630104884571825e+001	  1.9627704483222605e+001	  1.9602661754197694e+001	  1.9652051791424377e+001	  1.9647798119036096e+001	  1.9626108166618476e+001	  1.9681248566257285e+001	  1.9687022962843049e+001	  1.9709046805338179e+001	  1.9664823513877593e+001	  1.9619495191134011e+001	  1.9633210220110158e+001	  1.9661787606356260e+001	
  1.9630542880649667e+001	  1.9628122734365949e+001	  1.9603087660046587e+001	  1.9652455479530364e+001	  1.9648187601050534e+001	  1.9626506258735560e+001	  1.9681610756777761e+001	  1.9687378191248012e+001	  1.9709363302754035e+001	  1.9665197034339549e+001	  1.9619914611229369e+001	  1.9633603881525040e+001	  1.9662172303055204e+001	
  1.9630563206191265e+001	  1.9628086833045778e+001	  1.9603155171732400e+001	  1.9652463210185061e+001	  1.9648141438130963e+001	  1.9626564113949488e+001	  1.9681590062695570e+001	  1.9687356858429776e+001	  1.9709379149940830e+001	  1.9665199273343656e+001	  1.9619837639368551e+001	  1.9633508888385695e+001	  1.9662102355546775e+001	
  1.9630658410701699e+001	  1.9628211831410130e+001	  1.9603232908942925e+001	  1.9652556379355843e+001	  1.9648265887620393e+001	  1.9626639081926442e+001	  1.9681691920185330e+001	  1.9687459308704327e+001	  1.9709447620308200e+001	  1.9665291617482222e+001	  1.9619996127854076e+001	  1.9633674509365019e+001	  1.9662240673506151e+001	
  1.9630751927217357e+001	  1.9628312592615003e+001	  1.9603311743698121e+001	  1.9652644493718267e+001	  1.9648361640921411e+001	  1.9626713543621889e+001	  1.9681776237476360e+001	  1.9687542345944497e+001	  1.9709515780501032e+001	  1.9665374203194784e+001	  1.9620098809888898e+001	  1.9633772222134237e+001	  1.9662343282126525e+001	
  1.9630841908261466e+001	  1.9628394342242995e+001	  1.9603395979628832e+001	  1.9652728690826642e+001	  1.9648438353520021e+001	  1.9626793425375681e+001	  1.9681849729536061e+001	  1.9687614766139916e+001	  1.9709583649823159e+001	  1.9665450732827498e+001	  1.9620176374484920e+001	  1.9633844320311539e+001	  1.9662417162603216e+001	
  1.9631016880196778e+001	  1.9628553881543660e+001	  1.9603573648361383e+001	  1.9652892486805978e+001	  1.9648588677203183e+001	  1.9626962329821115e+001	  1.9681997315754426e+001	  1.9687760386900067e+001	  1.9709724427991020e+001	  1.9665604795530811e+001	  1.9620330151033528e+001	  1.9633988581793375e+001	  1.9662562078239450e+001	
  1.9631182502021474e+001	  1.9628705381476934e+001	  1.9603745313250176e+001	  1.9653047941630863e+001	  1.9648731903732177e+001	  1.9627125884913244e+001	  1.9682139165452714e+001	  1.9687900638296647e+001	  1.9709861299223100e+001	  1.9665752730225805e+001	  1.9620475842443266e+001	  1.9634125500626958e+001	  1.9662700814073581e+001	
  1.9631351917367894e+001	  1.9628865229116453e+001	  1.9603916348090852e+001	  1.9653208518853997e+001	  1.9648884603766863e+001	  1.9627289844087333e+001	  1.9682288530656379e+001	  1.9688048653949334e+001	  1.9710002863144652e+001	  1.9665906208143152e+001	  1.9620633000635205e+001	  1.9634275509058270e+001	  1.9662851394690886e+001	
  1.9631901326323064e+001	  1.9629382993014264e+001	  1.9604473557678666e+001	  1.9653737311881027e+001	  1.9649386181818159e+001	  1.9627831006181871e+001	  1.9682788968747609e+001	  1.9688547121998514e+001	  1.9710491823091498e+001	  1.9666418195827681e+001	  1.9621137399029376e+001	  1.9634761698944100e+001	  1.9663347434535446e+001	
  1.9632422508356651e+001	  1.9629883069582419e+001	  1.9604997172955851e+001	  1.9654248879657334e+001	  1.9649879396485872e+001	  1.9628347734312420e+001	  1.9683287189878307e+001	  1.9689045305324790e+001	  1.9710986197001048e+001	  1.9666921157014475e+001	  1.9621627625404429e+001	  1.9635242632112391e+001	  1.9663840427260890e+001	
  1.9632668049816068e+001	  1.9630137463834672e+001	  1.9605223306002216e+001	  1.9654492842594056e+001	  1.9650132499469244e+001	  1.9628572998206323e+001	  1.9683533037639965e+001	  1.9689290097581903e+001	  1.9711215816434006e+001	  1.9667161048919439e+001	  1.9621890341827850e+001	  1.9635505546622614e+001	  1.9664100277219951e+001	
  1.9632831524862663e+001	  1.9630276016547477e+001	  1.9605405687229080e+001	  1.9654653314035098e+001	  1.9650269007647346e+001	  1.9628753588448294e+001	  1.9683685046787680e+001	  1.9689442749664465e+001	  1.9711387152286630e+001	  1.9667321106106183e+001	  1.9622010106425648e+001	  1.9635619130427923e+001	  1.9664228382780742e+001	
  1.9633076232472074e+001	  1.9630534059522773e+001	  1.9605629497267930e+001	  1.9654898989634273e+001	  1.9650528071518369e+001	  1.9628978451561522e+001	  1.9683935865243406e+001	  1.9689692874868676e+001	  1.9711619222370839e+001	  1.9667563918397239e+001	  1.9622280946106699e+001	  1.9635893299800475e+001	  1.9664495982036552e+001	
  1.9633216742551170e+001	  1.9630647494842457e+001	  1.9605794046548272e+001	  1.9655038235768185e+001	  1.9650641027731861e+001	  1.9629142609561789e+001	  1.9684068607692438e+001	  1.9689827011570177e+001	  1.9711777588630966e+001	  1.9667705306861620e+001	  1.9622372371816134e+001	  1.9635979181066698e+001	  1.9664599986741433e+001	
  1.9633467178477730e+001	  1.9630919715630604e+001	  1.9606015366373782e+001	  1.9655292141785452e+001	  1.9650916321054925e+001	  1.9629366985422674e+001	  1.9684332354446809e+001	  1.9690090231420459e+001	  1.9712017395779171e+001	  1.9667957197677449e+001	  1.9622663332970145e+001	  1.9636276541292077e+001	  1.9664887699154132e+001	
  1.9633549332876381e+001	  1.9630968416356186e+001	  1.9606128135061205e+001	  1.9655373296414993e+001	  1.9650964609814448e+001	  1.9629479664478779e+001	  1.9684405204606836e+001	  1.9690164469036119e+001	  1.9712123834400010e+001	  1.9668041310891510e+001	  1.9622683736971862e+001	  1.9636290178933177e+001	  1.9664923426953450e+001	
  1.9633736649827998e+001	  1.9631181967995108e+001	  1.9606288229534556e+001	  1.9655565593095737e+001	  1.9651182731539539e+001	  1.9629643723542010e+001	  1.9684610257442476e+001	  1.9690369849345952e+001	  1.9712304619521014e+001	  1.9668233755327439e+001	  1.9622920251073527e+001	  1.9636535489811138e+001	  1.9665155478254654e+001	
  1.9633845641033211e+001	  1.9631272563218239e+001	  1.9606410863770648e+001	  1.9655675462159550e+001	  1.9651274193875935e+001	  1.9629767786691151e+001	  1.9684717907251049e+001	  1.9690478452871567e+001	  1.9712433232760844e+001	  1.9668346216943259e+001	  1.9622992625351500e+001	  1.9636604240191662e+001	  1.9665241295789087e+001	
  1.9634002255157132e+001	  1.9631438699517783e+001	  1.9606555493246304e+001	  1.9655836380756057e+001	  1.9651444308307607e+001	  1.9629916143802237e+001	  1.9684886063475496e+001	  1.9690647248036303e+001	  1.9712594104364616e+001	  1.9668508132540655e+001	  1.9623167535351126e+001	  1.9636784406993833e+001	  1.9665417532492029e+001	
  1.9634152361803331e+001	  1.9631580541204425e+001	  1.9606711317328724e+001	  1.9655990276586799e+001	  1.9651589665479143e+001	  1.9630075660366828e+001	  1.9685043748454554e+001	  1.9690806242886964e+001	  1.9712765414391157e+001	  1.9668665898399475e+001	  1.9623300159738402e+001	  1.9636917724555477e+001	  1.9665562113722959e+001	
  1.9634327660480150e+001	  1.9631761011329477e+001	  1.9606878205365661e+001	  1.9656171260077194e+001	  1.9651775244964256e+001	  1.9630247621962216e+001	  1.9685232874179970e+001	  1.9690996359771844e+001	  1.9712954406744434e+001	  1.9668849541679087e+001	  1.9623483855951584e+001	  1.9637106320773043e+001	  1.9665752594333217e+001	
  1.9634468131250831e+001	  1.9631894902843975e+001	  1.9607023882245560e+001	  1.9656316942315499e+001	  1.9651913925903056e+001	  1.9630398105550185e+001	  1.9685383935578308e+001	  1.9691149041185447e+001	  1.9713119146341761e+001	  1.9668999883181865e+001	  1.9623610178883936e+001	  1.9637234887596453e+001	  1.9665891136198333e+001	
  1.9634728613588351e+001	  1.9632161890564287e+001	  1.9607274517253167e+001	  1.9656588746455746e+001	  1.9652190961811939e+001	  1.9630658754306911e+001	  1.9685671231116231e+001	  1.9691438481143120e+001	  1.9713412827300601e+001	  1.9669278528576740e+001	  1.9623878968530484e+001	  1.9637512398171012e+001	  1.9666175400721052e+001	
  1.9634926750776934e+001	  1.9632355766624340e+001	  1.9607478467088523e+001	  1.9656799141165212e+001	  1.9652395945535261e+001	  1.9630873498647915e+001	  1.9685895988117093e+001	  1.9691666944638882e+001	  1.9713660088245117e+001	  1.9669499410308322e+001	  1.9624064553154483e+001	  1.9637705429558377e+001	  1.9666383330099624e+001	
  1.9635165080399130e+001	  1.9632618201545291e+001	  1.9607685998793240e+001	  1.9657048132117271e+001	  1.9652667225816131e+001	  1.9631090361517479e+001	  1.9686163792814593e+001	  1.9691935105459855e+001	  1.9713915101818472e+001	  1.9669752127745230e+001	  1.9624342230988965e+001	  1.9637993769880094e+001	  1.9666667744629358e+001	
  1.9635163421968105e+001	  1.9632574681929988e+001	  1.9607718714732602e+001	  1.9657045572629620e+001	  1.9652622840727723e+001	  1.9631123303378928e+001	  1.9686148111475077e+001	  1.9691919848716338e+001	  1.9713939632367349e+001	  1.9669750898061817e+001	  1.9624262159213277e+001	  1.9637904865253482e+001	  1.9666605425164658e+001	
  1.9635210235235370e+001	  1.9632637505781648e+001	  1.9607763423710828e+001	  1.9657097822220493e+001	  1.9652691343767241e+001	  1.9631171858505354e+001	  1.9686213296863773e+001	  1.9691987062175464e+001	  1.9713997866729887e+001	  1.9669809222586203e+001	  1.9624343434498964e+001	  1.9637995673965879e+001	  1.9666680824294165e+001	
  1.9635266350525733e+001	  1.9632708650120350e+001	  1.9607808407985196e+001	  1.9657158055414701e+001	  1.9652765923179693e+001	  1.9631220113367839e+001	  1.9686283795531892e+001	  1.9692058411104437e+001	  1.9714061658438428e+001	  1.9669873111180241e+001	  1.9624421469482687e+001	  1.9638077591503997e+001	  1.9666764871407960e+001	
  1.9635383744300846e+001	  1.9632831025102163e+001	  1.9607913715161622e+001	  1.9657282812249591e+001	  1.9652894446884535e+001	  1.9631332058255868e+001	  1.9686417120075028e+001	  1.9692193140621303e+001	  1.9714199182901513e+001	  1.9670000879989431e+001	  1.9624543346415276e+001	  1.9638204406256534e+001	  1.9666897881475396e+001	
  1.9635487230290479e+001	  1.9632933270621635e+001	  1.9608016653348159e+001	  1.9657393430959750e+001	  1.9653002911303162e+001	  1.9631441378003107e+001	  1.9686535367275905e+001	  1.9692312773491913e+001	  1.9714327845514202e+001	  1.9670116197475263e+001	  1.9624642203479119e+001	  1.9638307849053874e+001	  1.9667007326192277e+001	
  1.9635591377697821e+001	  1.9633040821866363e+001	  1.9608118197824776e+001	  1.9657505176956917e+001	  1.9653117102210153e+001	  1.9631549523908095e+001	  1.9686657229927338e+001	  1.9692436039952337e+001	  1.9714456729339506e+001	  1.9670233428352773e+001	  1.9624749826928596e+001	  1.9638421143623944e+001	  1.9667124739675998e+001	
  1.9635901189870609e+001	  1.9633360391022148e+001	  1.9608422697412085e+001	  1.9657843672317689e+001	  1.9653461727004661e+001	  1.9631878821535675e+001	  1.9687032396339706e+001	  1.9692817455673250e+001	  1.9714864445988855e+001	  1.9670593531042673e+001	  1.9625065498022256e+001	  1.9638757270387860e+001	  1.9667480324998927e+001	
  1.9636194394826418e+001	  1.9633669280873029e+001	  1.9608703276271953e+001	  1.9658166104745977e+001	  1.9653795868600884e+001	  1.9632184620515361e+001	  1.9687393393231158e+001	  1.9693183921767684e+001	  1.9715252336542388e+001	  1.9670936876449002e+001	  1.9625374885425011e+001	  1.9639088325452722e+001	  1.9667827062609089e+001	
  1.9636375560637312e+001	  1.9633860201431190e+001	  1.9608885608481181e+001	  1.9658378679082265e+001	  1.9654014334223440e+001	  1.9632393721184567e+001	  1.9687644792101608e+001	  1.9693443179125456e+001	  1.9715543481066664e+001	  1.9671174448473877e+001	  1.9625560563663509e+001	  1.9639296438442134e+001	  1.9668056483113112e+001	
  1.9636485988133135e+001	  1.9634031386608957e+001	  1.9608944449470037e+001	  1.9658497578935975e+001	  1.9654192897568613e+001	  1.9632458666149347e+001	  1.9687791605759575e+001	  1.9693590471990955e+001	  1.9715642730380864e+001	  1.9671296719061758e+001	  1.9625780889867634e+001	  1.9639533890599093e+001	  1.9668262688815155e+001	
  1.9636524117422233e+001	  1.9634048605138418e+001	  1.9608980638416426e+001	  1.9658534928886745e+001	  1.9654207841854831e+001	  1.9632495558176213e+001	  1.9687817777022190e+001	  1.9693614834274690e+001	  1.9715684864024027e+001	  1.9671328908210963e+001	  1.9625769574401104e+001	  1.9639513238261973e+001	  1.9668270638526106e+001	
  1.9636542166658071e+001	  1.9634042676835723e+001	  1.9609013196391622e+001	  1.9658553672440785e+001	  1.9654202635727710e+001	  1.9632529406542169e+001	  1.9687829179668348e+001	  1.9693626296710331e+001	  1.9715716973188055e+001	  1.9671346806842248e+001	  1.9625748621232496e+001	  1.9639490514849971e+001	  1.9668251848134414e+001	
  1.9636552806582266e+001	  1.9634045540628328e+001	  1.9609039063619111e+001	  1.9658566008678317e+001	  1.9654207361836445e+001	  1.9632556732375221e+001	  1.9687844072134514e+001	  1.9693641574864500e+001	  1.9715744621963790e+001	  1.9671363836478090e+001	  1.9625747436218060e+001	  1.9639490420068203e+001	  1.9668252009451468e+001	
  1.9636592985183565e+001	  1.9634087129746156e+001	  1.9609090146641407e+001	  1.9658612303385301e+001	  1.9654254563591547e+001	  1.9632612653382008e+001	  1.9687900459255420e+001	  1.9693699338341943e+001	  1.9715811570230766e+001	  1.9671418240692180e+001	  1.9625788574228764e+001	  1.9639536371175442e+001	  1.9668300504483248e+001	
  1.9636636560829416e+001	  1.9634134817256847e+001	  1.9609133330035917e+001	  1.9658662281737087e+001	  1.9654307905278461e+001	  1.9632661108266930e+001	  1.9687959327052749e+001	  1.9693759848266456e+001	  1.9715876464658542e+001	  1.9671473572176460e+001	  1.9625836633397530e+001	  1.9639589314469923e+001	  1.9668357271205863e+001	
  1.9636682809356376e+001	  1.9634186202168372e+001	  1.9609175719954489e+001	  1.9658715107974807e+001	  1.9654365008870126e+001	  1.9632709040954101e+001	  1.9688020966215120e+001	  1.9693823001288152e+001	  1.9715942765569611e+001	  1.9671531020189850e+001	  1.9625889226629159e+001	  1.9639647047217466e+001	  1.9668418018568158e+001	
  1.9636828053553224e+001	  1.9634345076999146e+001	  1.9609313001326523e+001	  1.9658884602743623e+001	  1.9654544821562549e+001	  1.9632867004578781e+001	  1.9688221965413039e+001	  1.9694029076160870e+001	  1.9716167707638490e+001	  1.9671718543481376e+001	  1.9626048398575257e+001	  1.9639824258342482e+001	  1.9668607881623931e+001	
  1.9636956479777837e+001	  1.9634487555664887e+001	  1.9609433381169108e+001	  1.9659036620651914e+001	  1.9654707568042518e+001	  1.9633007491978432e+001	  1.9688404685060551e+001	  1.9694216340720825e+001	  1.9716372751464881e+001	  1.9671887949248255e+001	  1.9626191963683635e+001	  1.9639985535887032e+001	  1.9668780100203570e+001	
  1.9637068119481572e+001	  1.9634612765182638e+001	  1.9609537548787905e+001	  1.9659170496787574e+001	  1.9654851803474401e+001	  1.9633130599215455e+001	  1.9688567613008370e+001	  1.9694383413883088e+001	  1.9716556723452786e+001	  1.9672038309804663e+001	  1.9626318291981583e+001	  1.9640128559612670e+001	  1.9668932949318425e+001	
  1.9637159374084437e+001	  1.9634721104550859e+001	  1.9609623923828487e+001	  1.9659293411827662e+001	  1.9654987398176051e+001	  1.9633243757285854e+001	  1.9688730835075607e+001	  1.9694553364587449e+001	  1.9716753681672113e+001	  1.9672185667224483e+001	  1.9626426479277598e+001	  1.9640260315090007e+001	  1.9669080018476393e+001	
