  1.8774842529882609e+000	  1.8666965731347349e+000	  1.8349780585439093e+000	  2.0446049338560672e+000	  2.0462886489635514e+000	  2.0033237738478995e+000	  2.0585081009155974e+000	  2.0821940372665613e+000	  2.1213739243709009e+000	  1.9702622932141836e+000	  1.8844557821628669e+000	  2.0335863023562109e+000	  2.0789976710261575e+000	
  1.8775795152086365e+000	  1.8667901599361041e+000	  1.8350699464315610e+000	  2.0446246247060196e+000	  2.0462921839716302e+000	  2.0033256941826201e+000	  2.0591313844292163e+000	  2.0821948530475223e+000	  2.1213741537806476e+000	  1.9703378410852854e+000	  1.8845413509046134e+000	  2.0335908646628300e+000	  2.0790024801106419e+000	
  1.8776809109795833e+000	  1.8668892935694503e+000	  1.8351664421517055e+000	  2.0446657884675572e+000	  2.0462998043148160e+000	  2.0033298732203271e+000	  2.0597503175734282e+000	  2.0821967034143514e+000	  2.1213746732090710e+000	  1.9704215452679776e+000	  1.8846320986194169e+000	  2.0336006663638519e+000	  2.0790128511906589e+000	
  1.8777827446510647e+000	  1.8669883115950126e+000	  1.8352622471896900e+000	  2.0447272729659809e+000	  2.0463113777277524e+000	  2.0033362893482174e+000	  2.0603648351811144e+000	  2.0821996278264532e+000	  2.1213754928093684e+000	  1.9705055208771429e+000	  1.8847231156863384e+000	  2.0336155132306195e+000	  2.0790286142848626e+000	
  1.8786537203779350e+000	  1.8677973097269791e+000	  1.8360371720015360e+000	  2.0457370695391810e+000	  2.0465138557812010e+000	  2.0034570572101034e+000	  2.0652174446265481e+000	  2.0822638885910698e+000	  2.1213935299106961e+000	  1.9712234670958171e+000	  1.8854737323485007e+000	  2.0338704891787054e+000	  2.0793036521868729e+000	
  1.8796139850408149e+000	  1.8686027317106120e+000	  1.8367961922818963e+000	  2.0474608513796659e+000	  2.0468786428436561e+000	  2.0036886759722807e+000	  2.0697971398425814e+000	  2.0824037425245581e+000	  2.1214330417258922e+000	  1.9720025911930144e+000	  1.8862328819593961e+000	  2.0343215116831401e+000	  2.0797958274743382e+000	
  1.8807100603787972e+000	  1.8694175824116965e+000	  1.8375521160899329e+000	  2.0495713238706550e+000	  2.0473533756688203e+000	  2.0040078332605624e+000	  2.0741121301527499e+000	  2.0826226125332115e+000	  2.1214957713183384e+000	  1.9728552708260274e+000	  1.8870107213830598e+000	  2.0348964680829660e+000	  2.0804286097314968e+000	
  1.8819682785016827e+000	  1.8702508778222970e+000	  1.8383098692908262e+000	  2.0518677711792579e+000	  2.0479057263056126e+000	  2.0043954276779155e+000	  2.0781749565255212e+000	  2.0829222749767342e+000	  2.1215834346304647e+000	  1.9737805667175783e+000	  1.8878132914490076e+000	  2.0355511547846366e+000	  2.0811521102576336e+000	
  1.8842414171202018e+000	  1.8715930591720378e+000	  1.8394953784048271e+000	  2.0555789134251654e+000	  2.0488804539494700e+000	  2.0050988812604578e+000	  2.0839753339693430e+000	  2.0835433017481435e+000	  2.1217710219187400e+000	  1.9753454237933639e+000	  1.8891135324870156e+000	  2.0366767229553124e+000	  2.0823946052587416e+000	
  1.8868590971370598e+000	  1.8729860436699279e+000	  1.8406736394339993e+000	  2.0593268690479078e+000	  2.0499751313306906e+000	  2.0058944194018813e+000	  2.0892656675004559e+000	  2.0843515969767874e+000	  2.1220257018284392e+000	  1.9770299159977847e+000	  1.8904674255399059e+000	  2.0379032340211420e+000	  2.0837374843437328e+000	
  1.8897572437308914e+000	  1.8744481604325085e+000	  1.8418538793463097e+000	  2.0630667080500062e+000	  2.0511812388840949e+000	  2.0067548909787756e+000	  2.0941053498631579e+000	  2.0853351106568363e+000	  2.1223499487392097e+000	  1.9788146839443006e+000	  1.8918899444955901e+000	  2.0392209315876255e+000	  2.0851614912632779e+000	
  1.8928459548587673e+000	  1.8759829068461988e+000	  1.8430334687214862e+000	  2.0667840958881079e+000	  2.0524973776903490e+000	  2.0076636428410382e+000	  2.0985365684066526e+000	  2.0864782226878562e+000	  2.1227447084428701e+000	  1.9806684676360067e+000	  1.8933854969016333e+000	  2.0406320513111229e+000	  2.0866655217584791e+000	
  1.8960300415805578e+000	  1.8775905247011540e+000	  1.8442101229844585e+000	  2.0704406573383718e+000	  2.0539197754711878e+000	  2.0086098639493750e+000	  2.1025561180126724e+000	  2.0877626320607399e+000	  2.1232092591978518e+000	  1.9825520452115750e+000	  1.8949571619829433e+000	  2.0421376050460367e+000	  2.0882509166797636e+000	
  1.8999764705433426e+000	  1.8797002378983236e+000	  1.8456823549978481e+000	  2.0748024012066333e+000	  2.0558237755452797e+000	  2.0098265003224571e+000	  2.1069566508732658e+000	  2.0895210010018226e+000	  2.1238785562811353e+000	  1.9848835317091738e+000	  1.8970304077501725e+000	  2.0441370299883523e+000	  2.0903346612707705e+000	
  1.9037338356033671e+000	  1.8818972466467181e+000	  1.8471356223833917e+000	  2.0788867772990125e+000	  2.0578648237239636e+000	  2.0110802751428736e+000	  2.1108090052665336e+000	  2.0914232446139582e+000	  2.1246439488140552e+000	  1.9871405506460893e+000	  1.8992077623896111e+000	  2.0462725003898266e+000	  2.0925417486551838e+000	
  1.9072403149760857e+000	  1.8841919918644434e+000	  1.8485941303349136e+000	  2.0826534179351821e+000	  2.0600222138639661e+000	  2.0123636395802400e+000	  2.1142651835957311e+000	  2.0934300045418435e+000	  2.1254964702659511e+000	  1.9893383461929890e+000	  1.9015024056106142e+000	  2.0485311818517657e+000	  2.0948640139597776e+000	
  1.9105050804342014e+000	  1.8865705885174111e+000	  1.8500610300080909e+000	  2.0861259878232352e+000	  2.0622782154421420e+000	  2.0136737188344185e+000	  2.1174557352563830e+000	  2.0955118510566941e+000	  2.1264282305418813e+000	  1.9914956010933720e+000	  1.9039031933381172e+000	  2.0509017200255308e+000	  2.0972951200801568e+000	
  1.9135878690381107e+000	  1.8890168975301693e+000	  1.8515368268971877e+000	  2.0893650452430754e+000	  2.0646167543591090e+000	  2.0150097580648678e+000	  2.1204671515956863e+000	  2.0976497337848414e+000	  2.1274330745399892e+000	  1.9936323942466934e+000	  1.9063945865272653e+000	  2.0533708260594148e+000	  2.0998256851113251e+000	
  1.9189392933107656e+000	  1.8936295660509732e+000	  1.8542957755759004e+000	  2.0948140576002148e+000	  2.0690111904222994e+000	  2.0174920575573778e+000	  2.1255785479271179e+000	  2.1016160198780840e+000	  2.1294129607102459e+000	  1.9975429223881944e+000	  1.9111373961195337e+000	  2.0580461015271747e+000	  2.1046210216130605e+000	
  1.9239987942857169e+000	  1.8982405585780766e+000	  1.8569652979894280e+000	  2.0999597478649927e+000	  2.0735493594157419e+000	  2.0200486442123426e+000	  2.1304308066124586e+000	  2.1056883249782334e+000	  2.1315934851449256e+000	  2.0013663809537263e+000	  1.9159382444586797e+000	  2.0628950146764882e+000	  2.1095954119590585e+000	
  1.9289847465886076e+000	  1.9029386491301867e+000	  1.8596815088495033e+000	  2.1049175331986767e+000	  2.0781619874201209e+000	  2.0226594289483741e+000	  2.1350594709203201e+000	  2.1098233868745835e+000	  2.1339514955131031e+000	  2.0052152393221281e+000	  1.9208531317632231e+000	  2.0678288774550100e+000	  2.1146512391584560e+000	
  1.9338736832420629e+000	  1.9076912630840170e+000	  1.8624500963383408e+000	  2.1097280301887240e+000	  2.0828299874984628e+000	  2.0253295887850107e+000	  2.1394820242142507e+000	  2.1139970361349985e+000	  2.1364693458742550e+000	  2.0090682670352797e+000	  1.9258373799502395e+000	  2.0728255690649457e+000	  2.1197653685583258e+000	
  1.9386136688741873e+000	  1.9124707238186127e+000	  1.8652719379892129e+000	  2.1143871568154275e+000	  2.0875406863591519e+000	  2.0280710189528230e+000	  2.1437270078094501e+000	  2.1181908766910240e+000	  2.1391308004042138e+000	  2.0129019998396824e+000	  1.9308597395818901e+000	  2.0778723006858479e+000	  2.1249282763058632e+000	
  1.9456373521450516e+000	  1.9198969301240039e+000	  1.8697965407778085e+000	  2.1212377115603398e+000	  2.0948193549878731e+000	  2.0324336928941085e+000	  2.1499520430051633e+000	  2.1246236172732815e+000	  2.1434427251018873e+000	  2.0188081150002262e+000	  1.9386831210066884e+000	  2.0856954183355465e+000	  2.1329330464891769e+000	
  1.9519689669794995e+000	  1.9270341694114721e+000	  1.8742050305797389e+000	  2.1276428792045343e+000	  2.1020163065146025e+000	  2.0369272290012077e+000	  2.1558170191250170e+000	  2.1309797405217155e+000	  2.1479895219972520e+000	  2.0243814906261699e+000	  1.9462569294469818e+000	  2.0934280407701165e+000	  2.1408407016557822e+000	
  1.9579602417722646e+000	  1.9342012143693961e+000	  1.8788950289619251e+000	  2.1336083113638749e+000	  2.1090972080493113e+000	  2.0415554040902082e+000	  2.1612759241039878e+000	  2.1371897850014983e+000	  2.1527128828749080e+000	  2.0299020096976443e+000	  1.9538389983187470e+000	  2.1010335705356127e+000	  2.1486414140427681e+000	
  1.9620941937910181e+000	  1.9396186981542634e+000	  1.8826088164200145e+000	  2.1378676002354542e+000	  2.1145251494093076e+000	  2.0452843365172537e+000	  2.1650404379905495e+000	  2.1419020241950113e+000	  2.1565023888179931e+000	  2.0339231097094488e+000	  1.9595679844724612e+000	  2.1068603700511019e+000	  2.1546411365926241e+000	
  1.9656785375509171e+000	  1.9449747053319426e+000	  1.8864850549026184e+000	  2.1416108742072426e+000	  2.1198265227530899e+000	  2.0491102594828203e+000	  2.1682866364702065e+000	  2.1464315927617359e+000	  2.1603306055856142e+000	  2.0377681414623097e+000	  1.9652700779401748e+000	  2.1125939852472477e+000	  2.1605527601719015e+000	
  1.9686227835594678e+000	  1.9501406115367192e+000	  1.8904300875082030e+000	  2.1448287402553072e+000	  2.1249708111420569e+000	  2.0530284966456298e+000	  2.1712253970335000e+000	  2.1507166399379245e+000	  2.1641699207030185e+000	  2.0413586649077442e+000	  1.9708413390637491e+000	  2.1182264435545526e+000	  2.1663790555972904e+000	
  1.9712219324798153e+000	  1.9550761558001433e+000	  1.8944252926512768e+000	  2.1477242682362516e+000	  2.1299127155514150e+000	  2.0570140640104997e+000	  2.1741590596660987e+000	  2.1547673934415479e+000	  2.1679990191101655e+000	  2.0448188218039984e+000	  1.9762327463023490e+000	  2.1236952878802793e+000	  2.1720668871922064e+000	
  1.9739037246410038e+000	  1.9597954017075498e+000	  1.8984549435914009e+000	  2.1506276721632251e+000	  2.1346541311237499e+000	  2.0610416051544940e+000	  2.1772933244748196e+000	  2.1586802779484766e+000	  2.1718130096687269e+000	  2.0483088718915297e+000	  1.9814169192828395e+000	  2.1289616915743963e+000	  2.1775646495558934e+000	
  1.9769519267860642e+000	  1.9643679363146622e+000	  1.9024987637817785e+000	  2.1537960815097019e+000	  2.1392574943411322e+000	  2.0650940685595267e+000	  2.1806729791657853e+000	  2.1625711860474008e+000	  2.1756228869860141e+000	  2.0519261688684312e+000	  1.9864193405321162e+000	  2.1340494480268721e+000	  2.1828723943731441e+000	
  1.9810235425004401e+000	  1.9696597700826048e+000	  1.9072373775039775e+000	  2.1578996014377680e+000	  2.1445658115309945e+000	  2.0698347679850078e+000	  2.1848390921277248e+000	  2.1671752027075732e+000	  2.1800727704733731e+000	  2.0563425042677705e+000	  1.9921472619107954e+000	  2.1398596512531909e+000	  2.1889074444989887e+000	
  1.9854030115752532e+000	  1.9749219405849106e+000	  1.9119157363247850e+000	  2.1623292692661931e+000	  2.1498927704190409e+000	  2.0745850124997838e+000	  2.1891511720665253e+000	  2.1718984067487654e+000	  2.1845625942439733e+000	  2.0608465129479407e+000	  1.9977797710693836e+000	  2.1456163973068425e+000	  2.1948616679450152e+000	
  1.9899154071785663e+000	  1.9802508775050249e+000	  1.9165975354322919e+000	  2.1668914164101367e+000	  2.1552709743340679e+000	  2.0793364788217716e+000	  2.1934887414911279e+000	  2.1767213875056748e+000	  2.1890995558904427e+000	  2.0654210204986381e+000	  2.0034302584393155e+000	  2.1513737154289161e+000	  2.2008046885667412e+000	
  1.9944223762274813e+000	  1.9856428154254395e+000	  1.9212960577802827e+000	  2.1714711738010415e+000	  2.1607086393591826e+000	  2.0841009183328238e+000	  2.1978328659840880e+000	  2.1816147434085336e+000	  2.1936838020259151e+000	  2.0700288000860048e+000	  2.0091089428702125e+000	  2.1571594486038626e+000	  2.2067800941976734e+000	
  1.9989178111665002e+000	  1.9910603857751967e+000	  1.9260099214952662e+000	  2.1760626555860432e+000	  2.1661843394275819e+000	  2.0888904295118449e+000	  2.2022381622088951e+000	  2.1865591847930141e+000	  2.1983130365601751e+000	  2.0746726099703476e+000	  2.0147649661491562e+000	  2.1629395931818998e+000	  2.2127659104788919e+000	
  2.0037554985527519e+000	  1.9967732550190422e+000	  1.9309970625101978e+000	  2.1809867206569069e+000	  2.1719621563285316e+000	  2.0939592579057207e+000	  2.2070026233107924e+000	  2.1918104846885775e+000	  2.2032271811125650e+000	  2.0796408321068487e+000	  2.0206916615501540e+000	  2.1690016542356476e+000	  2.2190408937524984e+000	
  2.0072887778936517e+000	  2.0008498231310901e+000	  1.9345643095258354e+000	  2.1846395922848090e+000	  2.1761568997433689e+000	  2.0976640749385931e+000	  2.2105588047839988e+000	  2.1956652860161072e+000	  2.2068486418906406e+000	  2.0832291785795434e+000	  2.0249019544254776e+000	  2.1733680980191732e+000	  2.2235585354117795e+000	
  2.0110313580152610e+000	  2.0050460503665644e+000	  1.9382574198230620e+000	  2.1883930608818596e+000	  2.1803787795875023e+000	  2.1013934208659539e+000	  2.2141877119416975e+000	  2.1995529159859633e+000	  2.2104993274553468e+000	  2.0869802849386674e+000	  2.0292268224976451e+000	  2.1777640292157749e+000	  2.2280988995017665e+000	
  2.0148520942098829e+000	  2.0092519394751993e+000	  1.9419580729795607e+000	  2.1922468133067832e+000	  2.1846432744023492e+000	  2.1051565407765196e+000	  2.2178874975394867e+000	  2.2034853173516664e+000	  2.2141835853995437e+000	  2.0907741227836243e+000	  2.0335666731604820e+000	  2.1822073104098760e+000	  2.2326834568671994e+000	
  2.0187335953406262e+000	  2.0134733645067544e+000	  1.9456670865161987e+000	  2.1961754095218811e+000	  2.1889422438576447e+000	  2.1089479114029364e+000	  2.2216453121039135e+000	  2.2074613708635646e+000	  2.2179018140247893e+000	  2.0946042413269601e+000	  2.0379241576847016e+000	  2.1866823736396723e+000	  2.2372992178956865e+000	
  2.0195525960668350e+000	  2.0143751741093672e+000	  1.9464437825392233e+000	  2.1971711289398188e+000	  2.1900259952583681e+000	  2.1099154047538433e+000	  2.2226120900172042e+000	  2.2084827779147873e+000	  2.2188657031090324e+000	  2.0954092221056175e+000	  2.0388575179033332e+000	  2.1877927187900106e+000	  2.2384486475620555e+000	
  2.0203021238803069e+000	  2.0152176442415546e+000	  1.9471740425163928e+000	  2.1978052070964464e+000	  2.1910593454914258e+000	  2.1108537603812838e+000	  2.2208012582668273e+000	  2.2094863380195684e+000	  2.2198258762256620e+000	  2.0961610163247322e+000	  2.0397260548449769e+000	  2.1888349961279800e+000	  2.2395294553896408e+000	
  2.0208764015728198e+000	  2.0159177479363439e+000	  1.9477796354070187e+000	  2.1978896832637580e+000	  2.1920247302956253e+000	  2.1117507967337081e+000	  2.2178161709152446e+000	  2.2104628721182729e+000	  2.2207799910401249e+000	  2.0967679151841887e+000	  2.0404475277676410e+000	  2.1897887156960079e+000	  2.2405195764545489e+000	
  2.0213341429497595e+000	  2.0165552738063015e+000	  1.9483368992922345e+000	  2.1974944170116686e+000	  2.1929191426410979e+000	  2.1126022942288776e+000	  2.2147434168840867e+000	  2.2114041002342777e+000	  2.2217254134785942e+000	  2.0972982019501893e+000	  2.0410979533724904e+000	  2.1906512438950174e+000	  2.2414159166469605e+000	
  2.0217631602966306e+000	  2.0173351487343232e+000	  1.9490411667751657e+000	  2.1965579914240903e+000	  2.1939630945306701e+000	  2.1136257887176302e+000	  2.2113888103628110e+000	  2.2125402418194198e+000	  2.2229236762562761e+000	  2.0979141455178616e+000	  2.0418729833073059e+000	  2.1916290157563232e+000	  2.2424311281650824e+000	
  2.0220526098947875e+000	  2.0180569141567379e+000	  1.9497162488569468e+000	  2.1955283889817157e+000	  2.1949262372110057e+000	  2.1145953668688806e+000	  2.2085304883035590e+000	  2.2136052455957675e+000	  2.2241007503140051e+000	  2.0984649369229613e+000	  2.0425751714306362e+000	  2.1925124325980176e+000	  2.2433463001082021e+000	
  2.0222459814578126e+000	  2.0187326797922229e+000	  1.9503753552480987e+000	  2.1945278382937481e+000	  2.1958197145712774e+000	  2.1155212941284227e+000	  2.2061008657501207e+000	  2.2146018505876475e+000	  2.2252558021189222e+000	  2.0989741873621726e+000	  2.0432208066730642e+000	  2.1933189607049011e+000	  2.2441792256847268e+000	
  2.0224398740162863e+000	  2.0196463027397868e+000	  1.9513086910636963e+000	  2.1932248992141901e+000	  2.1970041642628804e+000	  2.1167885101533148e+000	  2.2031889119566070e+000	  2.2159275693737723e+000	  2.2268673202492306e+000	  2.0996695663473672e+000	  2.0440820480753681e+000	  2.1943771304213220e+000	  2.2452678709077025e+000	
  2.0225335486735516e+000	  2.0204626022514796e+000	  1.9522020337296142e+000	  2.1921116779895926e+000	  2.1980790597773967e+000	  2.1179974458560493e+000	  2.2008918267057327e+000	  2.2171382178104366e+000	  2.2284356743968385e+000	  2.1003031347614094e+000	  2.0448378220950798e+000	  2.1953236365677058e+000	  2.2462377164684275e+000	
  2.0225854537950174e+000	  2.0212001151042251e+000	  1.9530745726575240e+000	  2.1912109641766859e+000	  2.1990480689347409e+000	  2.1191549562454948e+000	  2.1991325852695796e+000	  2.2182380265433581e+000	  2.2299582199115138e+000	  2.1009042161276672e+000	  2.0455089488864613e+000	  2.1961647279657819e+000	  2.2470966771410041e+000	
  2.0226304228581129e+000	  2.0218648811328959e+000	  1.9539300066540233e+000	  2.1905178456082108e+000	  2.1999206908518243e+000	  2.1202692271914652e+000	  2.1978223813002344e+000	  2.2192374809952642e+000	  2.2314345896298726e+000	  2.1014845837167186e+000	  2.0461035686406790e+000	  2.1969118798056604e+000	  2.2478576164766038e+000	
  2.0228976251593704e+000	  2.0234083148181941e+000	  1.9562184869800783e+000	  2.1895447908049270e+000	  2.2019062885003002e+000	  2.1231247845449377e+000	  2.1959805033883031e+000	  2.2215457379974950e+000	  2.2352061434186754e+000	  2.1030494808031155e+000	  2.0474519165003366e+000	  2.1985836244597765e+000	  2.2495503953439724e+000	
  2.0234198948119695e+000	  2.0245562836072013e+000	  1.9583711908879380e+000	  2.1895585072180057e+000	  2.2034597637714692e+000	  2.1258042883569277e+000	  2.1956823574954001e+000	  2.2234350803326777e+000	  2.2386775347742889e+000	  2.1045494073230104e+000	  2.0483997186384917e+000	  2.1998394919905349e+000	  2.2508114545232831e+000	
  2.0242632886591161e+000	  2.0254936718865695e+000	  1.9604645971061059e+000	  2.1901857811548959e+000	  2.2047282736197471e+000	  2.1283440375434091e+000	  2.1961904228454112e+000	  2.2250690233210602e+000	  2.2418802669321143e+000	  2.1060697419005230e+000	  2.0491265241489454e+000	  2.2008139383116783e+000	  2.2517750412971225e+000	
  2.0253219727371468e+000	  2.0263011603091701e+000	  1.9624997000523199e+000	  2.1911803545525146e+000	  2.2058263428302798e+000	  2.1307661771178661e+000	  2.1971399482637763e+000	  2.2265567925337164e+000	  2.2448480297482694e+000	  2.1075965336140365e+000	  2.0496890739927127e+000	  2.2015986890491388e+000	  2.2525440876356373e+000	
  2.0264960954491329e+000	  2.0270199950559946e+000	  1.9644707647827078e+000	  2.1923957718347236e+000	  2.2068180249980807e+000	  2.1330853232932667e+000	  2.1983519685364468e+000	  2.2279594276339822e+000	  2.2476097693699719e+000	  2.1091093274665975e+000	  2.0501216233550408e+000	  2.2022491012973324e+000	  2.2531730123043996e+000	
  2.0278760833662504e+000	  2.0277623195056247e+000	  1.9665917924378455e+000	  2.1938964165285082e+000	  2.2078493862056847e+000	  2.1355630243665438e+000	  2.1998757959405726e+000	  2.2294643592822565e+000	  2.2504818407891776e+000	  2.1107710610472905e+000	  2.0505359422634908e+000	  2.2028965614204812e+000	  2.2537765497736655e+000	
  2.0292949577812518e+000	  2.0284863761895129e+000	  1.9686293074961319e+000	  2.1954760360442407e+000	  2.2088450286590309e+000	  2.1379272122013995e+000	  2.2014857896010405e+000	  2.2309272577691566e+000	  2.2531534280207532e+000	  2.1124029800329160e+000	  2.0509512392469649e+000	  2.2035301979482895e+000	  2.2543515212159129e+000	
  2.0307186528461179e+000	  2.0292210155654331e+000	  1.9705783810331592e+000	  2.1970819862951485e+000	  2.2098391326716542e+000	  2.1401812870125498e+000	  2.2031207550653868e+000	  2.2323640411254480e+000	  2.2556471212947695e+000	  2.1139990586256467e+000	  2.0514051753965701e+000	  2.2041927989375210e+000	  2.2549527168189236e+000	
  2.0321231094624657e+000	  2.0299815654204636e+000	  1.9724360126092233e+000	  2.1986794638495688e+000	  2.2108488505942852e+000	  2.1423265176752366e+000	  2.2047444985344393e+000	  2.2337819855783527e+000	  2.2579720382621122e+000	  2.1155515859458736e+000	  2.0519137300172230e+000	  2.2049023982349487e+000	  2.2556050135777386e+000	
  2.0339862436885427e+000	  2.0310596448474323e+000	  1.9748327624582245e+000	  2.2008246344476201e+000	  2.2122641543899442e+000	  2.1451075247643017e+000	  2.2069266706128627e+000	  2.2357043754712227e+000	  2.2609385420756301e+000	  2.1176005345006601e+000	  2.0526847235160242e+000	  2.2059468609483774e+000	  2.2565814253522021e+000	
  2.0357940941160404e+000	  2.0322035546563364e+000	  1.9770791226075330e+000	  2.2029010636086013e+000	  2.2137147379237980e+000	  2.1476983334217352e+000	  2.2090393095152949e+000	  2.2375923545310958e+000	  2.2636724183359869e+000	  2.1195872594675595e+000	  2.0535638367304387e+000	  2.2070771112886014e+000	  2.2576579594524624e+000	
  2.0375164080630199e+000	  2.0333663926598518e+000	  1.9791606495030978e+000	  2.2049003678455872e+000	  2.2151819275873006e+000	  2.1501155933159697e+000	  2.2110798845099779e+000	  2.2394432803565958e+000	  2.2662273371317863e+000	  2.1214919008187110e+000	  2.0544968356589557e+000	  2.2082624968755349e+000	  2.2588020268950815e+000	
  2.0391604706806983e+000	  2.0345332442147446e+000	  1.9811034052089289e+000	  2.2068211701320677e+000	  2.2166459017395486e+000	  2.1523799502056673e+000	  2.2130469611333567e+000	  2.2412519551271157e+000	  2.2686418367252186e+000	  2.1233247632340615e+000	  2.0554602114004741e+000	  2.2094730677728669e+000	  2.2599806853089923e+000	
  2.0411946142404092e+000	  2.0360347105083725e+000	  1.9834717220661708e+000	  2.2092238785628044e+000	  2.2185348554405229e+000	  2.1551565690729335e+000	  2.2155179459342533e+000	  2.2435534591207178e+000	  2.2716395223516477e+000	  2.1256191771707531e+000	  2.0567227962361105e+000	  2.2110583427517296e+000	  2.2615341104616640e+000	
  2.0431496882448639e+000	  2.0375394417168664e+000	  1.9857277740915680e+000	  2.2115205135809743e+000	  2.2203945828740368e+000	  2.1577705065257424e+000	  2.2178813409704188e+000	  2.2457805305419014e+000	  2.2744771110709556e+000	  2.1278503135327780e+000	  2.0580151277240439e+000	  2.2126481751347464e+000	  2.2631007487355754e+000	
  2.0449983489058234e+000	  2.0389987443707063e+000	  1.9878652794297893e+000	  2.2137223179140091e+000	  2.2222153408627299e+000	  2.1602619805640697e+000	  2.2201569885234496e+000	  2.2479406796655517e+000	  2.2771794676052917e+000	  2.1299892491140286e+000	  2.0592825144214157e+000	  2.2142208079091676e+000	  2.2646561884926899e+000	
  2.0467596536928294e+000	  2.0404114702451697e+000	  1.9899072297002844e+000	  2.2158334069319654e+000	  2.2239826598251478e+000	  2.1626450805866941e+000	  2.2223495638668584e+000	  2.2500312208557478e+000	  2.2797614578521870e+000	  2.1320463499314077e+000	  2.0605174682009242e+000	  2.2157536268214599e+000	  2.2661745916453260e+000	
  2.0484451071598651e+000	  2.0417770091234861e+000	  1.9918671172116260e+000	  2.2178611089597293e+000	  2.2256933912484160e+000	  2.1649299075386543e+000	  2.2244587213164588e+000	  2.2520494250385461e+000	  2.2822334116712812e+000	  2.1340279555258594e+000	  2.0617163650128028e+000	  2.2172421886669587e+000	  2.2676509198507548e+000	
  2.0518252009124338e+000	  2.0445292533566755e+000	  1.9958607384752769e+000	  2.2219926235217509e+000	  2.2291974586672723e+000	  2.1696215534897787e+000	  2.2287696849989920e+000	  2.2561916091937460e+000	  2.2873084525377370e+000	  2.1380612882265355e+000	  2.0641280016086969e+000	  2.2202841286169535e+000	  2.2706724154291673e+000	
  2.0550548894779035e+000	  2.0472781815193071e+000	  1.9997019033909487e+000	  2.2258888595154618e+000	  2.2326031308925787e+000	  2.1740419694310016e+000	  2.2328206899197949e+000	  2.2601275937293210e+000	  2.2920020172902409e+000	  2.1419612108776458e+000	  2.0665969032295326e+000	  2.2233132141495839e+000	  2.2736946567716187e+000	
  2.0578584720207957e+000	  2.0497116998978169e+000	  2.0031416027642477e+000	  2.2294133835749523e+000	  2.2357322826653983e+000	  2.1781094318331577e+000	  2.2365290707951031e+000	  2.2637654170350623e+000	  2.2963357185181819e+000	  2.1454485201470956e+000	  2.0687771575111480e+000	  2.2260817158611426e+000	  2.2764611770974339e+000	
  2.0603586610077453e+000	  2.0518833132211953e+000	  2.0062736175714977e+000	  2.2325928923766383e+000	  2.2385579634573731e+000	  2.1818283407759833e+000	  2.2398923332496508e+000	  2.2670645332937069e+000	  2.3003168326984116e+000	  2.1486138154799121e+000	  2.0707188285149334e+000	  2.2285733821261489e+000	  2.2789522517321799e+000	
  2.0628198121705243e+000	  2.0540055503382799e+000	  2.0093813990872498e+000	  2.2357531645703395e+000	  2.2413571066924156e+000	  2.1855418242770206e+000	  2.2432300211051879e+000	  2.2703325095874489e+000	  2.3042812860315247e+000	  2.1517575085698737e+000	  2.0726140707398808e+000	  2.2310423217990314e+000	  2.2814266205684000e+000	
  2.0650249778359120e+000	  2.0559068094413187e+000	  2.0121699322000812e+000	  2.2386223180196851e+000	  2.2439018136971494e+000	  2.1889085572187232e+000	  2.2462571511651506e+000	  2.2733004358952411e+000	  2.3078710163620206e+000	  2.1546030779931371e+000	  2.0743132901346826e+000	  2.2332908025017146e+000	  2.2836863713887028e+000	
  2.0669566205107714e+000	  2.0575743719459072e+000	  2.0146307109383148e+000	  2.2411977009012323e+000	  2.2461918444560354e+000	  2.1919335591837172e+000	  2.2489807983700305e+000	  2.2759786636381931e+000	  2.3111168687856458e+000	  2.1571410287545554e+000	  2.0758003620682528e+000	  2.2353105575320495e+000	  2.2857209406232570e+000	
  2.0686341170107752e+000	  2.0590068820831884e+000	  2.0167977409102282e+000	  2.2434904576897767e+000	  2.2482216374926933e+000	  2.1946410259830977e+000	  2.2514095422138634e+000	  2.2783606940450380e+000	  2.3140423505658436e+000	  2.1593897103296231e+000	  2.0770734981872514e+000	  2.2370960299278173e+000	  2.2875255276052737e+000	
  2.0703673807258722e+000	  2.0604480481761667e+000	  2.0190904006084729e+000	  2.2459426254670425e+000	  2.2503653859781019e+000	  2.1975680910345643e+000	  2.2540110650383083e+000	  2.2809000623334348e+000	  2.3172224436276054e+000	  2.1617773878024131e+000	  2.0783403291607954e+000	  2.2389681123544132e+000	  2.2894250493475452e+000	
  2.0718112987098212e+000	  2.0616233430293831e+000	  2.0210390230633490e+000	  2.2480616066016248e+000	  2.2522020232917748e+000	  2.2001139382512838e+000	  2.2562612974117751e+000	  2.2830951255714411e+000	  2.3199982912063217e+000	  2.1638312094877086e+000	  2.0793566640117076e+000	  2.2405601267952528e+000	  2.2910477293656548e+000	
  2.0729352459232269e+000	  2.0625127554277980e+000	  2.0226172292614577e+000	  2.2498405265957602e+000	  2.2537314241650428e+000	  2.2022790973083017e+000	  2.2581626223511959e+000	  2.2849568818899790e+000	  2.3223950607027772e+000	  2.1655271201906765e+000	  2.0800985358422626e+000	  2.2418616602038481e+000	  2.2923801097416767e+000	
  2.0737972209076960e+000	  2.0631700440783667e+000	  2.0238858451656667e+000	  2.2513192990413606e+000	  2.2549915555832807e+000	  2.2041031732342882e+000	  2.2597481408131541e+000	  2.2865136176283172e+000	  2.3244428777316903e+000	  2.1669231941940583e+000	  2.0806191699033461e+000	  2.2429148064992699e+000	  2.2934676128235458e+000	
  2.0745689379594432e+000	  2.0637160473461673e+000	  2.0251253108968825e+000	  2.2528492909821760e+000	  2.2562786638842089e+000	  2.2060288951007747e+000	  2.2613962670570089e+000	  2.2881404764986013e+000	  2.3266414177791170e+000	  2.1683405893589422e+000	  2.0810013096432045e+000	  2.2439599369915433e+000	  2.2945626119950382e+000	
  2.0749964586953871e+000	  2.0639638119009529e+000	  2.0259696912171572e+000	  2.2539909790394046e+000	  2.2572226352054399e+000	  2.2075202644592289e+000	  2.2626383659058251e+000	  2.2893796696360882e+000	  2.3283843651884411e+000	  2.1693695746901724e+000	  2.0810993637579842e+000	  2.2446890328934175e+000	  2.2953456537145942e+000	
  2.0750416684580939e+000	  2.0638504709597458e+000	  2.0263987603580507e+000	  2.2547267302538017e+000	  2.2577829347604257e+000	  2.2085832816015447e+000	  2.2634665653010315e+000	  2.2902104376802193e+000	  2.3297000898458520e+000	  2.1699716958585062e+000	  2.0808464146800150e+000	  2.2450487998602449e+000	  2.2957583677090736e+000	
  2.0748188716682812e+000	  2.0634592786270209e+000	  2.0265030326531459e+000	  2.2551370313866177e+000	  2.2580164224277706e+000	  2.2092747879653243e+000	  2.2639453160987411e+000	  2.2906798751715396e+000	  2.3306210984891380e+000	  2.1702464754859374e+000	  2.0803219609126611e+000	  2.2451013041951908e+000	  2.2958661903948112e+000	
  2.0743777453524954e+000	  2.0628564477492461e+000	  2.0263196153095797e+000	  2.2552946204655453e+000	  2.2580072665013122e+000	  2.2096528950937437e+000	  2.2641517133852500e+000	  2.2908812109498977e+000	  2.3312100166100729e+000	  2.1702523778007010e+000	  2.0795894173475897e+000	  2.2449255015845098e+000	  2.2957470906777435e+000	
  2.0734685610996695e+000	  2.0617671799366750e+000	  2.0256812226818215e+000	  2.2551485351476890e+000	  2.2576734615101222e+000	  2.2097351753989827e+000	  2.2640571670903493e+000	  2.2907948749270033e+000	  2.3315728699219944e+000	  2.1698904883653136e+000	  2.0783350244212788e+000	  2.2443873087333635e+000	  2.2952846036531582e+000	
  2.0722468424867642e+000	  2.0603949760330766e+000	  2.0246740846613878e+000	  2.2546422522107301e+000	  2.2570100599377896e+000	  2.2094096019762768e+000	  2.2635873769557677e+000	  2.2903421897155627e+000	  2.3315204370917413e+000	  2.1691636937948022e+000	  2.0768075813949882e+000	  2.2435403341704503e+000	  2.2945131025217411e+000	
  2.0706958440153023e+000	  2.0587038694231836e+000	  2.0233067983762330e+000	  2.2537691028904159e+000	  2.2559929874188276e+000	  2.2086980602821975e+000	  2.2627354667707831e+000	  2.2895097801160365e+000	  2.3310692164861981e+000	  2.1680574081606987e+000	  2.0749685419210500e+000	  2.2423538176196653e+000	  2.2934000012054550e+000	
  2.0689319968428967e+000	  2.0568172567217728e+000	  2.0216779887232752e+000	  2.2526284501106124e+000	  2.2547284577471172e+000	  2.2076761165557435e+000	  2.2615960416855283e+000	  2.2883952225092576e+000	  2.3302750336821880e+000	  2.1666911504691058e+000	  2.0729393364767299e+000	  2.2409396159383763e+000	  2.2920607573608307e+000	
  2.0669741145722971e+000	  2.0547575804452158e+000	  2.0198033463932137e+000	  2.2512685895696554e+000	  2.2532655139050424e+000	  2.2063888139010062e+000	  2.2602307391979632e+000	  2.2870613126602142e+000	  2.3292123579072559e+000	  2.1650937673708452e+000	  2.0707448861730700e+000	  2.2393402764419172e+000	  2.2905340149443640e+000	
  2.0640279245691429e+000	  2.0516939461195838e+000	  2.0169323575325024e+000	  2.2490971628156737e+000	  2.2509752930906854e+000	  2.2042834678672585e+000	  2.2580414430006757e+000	  2.2849210244850902e+000	  2.3274129527188556e+000	  2.1626011476348590e+000	  2.0675060361884672e+000	  2.2368805134012493e+000	  2.2881704253956991e+000	
  2.0608639513115699e+000	  2.0484368762006935e+000	  2.0138084849119835e+000	  2.2466552846986527e+000	  2.2484390718618648e+000	  2.2018781736034923e+000	  2.2555720559185355e+000	  2.2825054061959458e+000	  2.3252945920982082e+000	  2.1598469108528886e+000	  2.0640864567597759e+000	  2.2341957099732936e+000	  2.2855773047336259e+000	
  2.0574676609030216e+000	  2.0449668780525978e+000	  2.0104382976354893e+000	  2.2439405477030570e+000	  2.2456496114032816e+000	  2.1991915807517435e+000	  2.2528229093063854e+000	  2.2798134801819838e+000	  2.3228784634717146e+000	  2.1568225124832319e+000	  2.0604674817668913e+000	  2.2312746500781535e+000	  2.2827436307575630e+000	
  2.0539862885460032e+000	  2.0414404137537634e+000	  2.0069412323336970e+000	  2.2410891088668974e+000	  2.2427514590443498e+000	  2.1963283141319767e+000	  2.2499297828859683e+000	  2.2769828708351150e+000	  2.3202618406803608e+000	  2.1536790149040104e+000	  2.0568086270783152e+000	  2.2282698639446461e+000	  2.2798239609388555e+000	
  2.0475529979221636e+000	  2.0349835912810588e+000	  2.0004173809299117e+000	  2.2357070652151450e+000	  2.2373379864740714e+000	  2.1908702645866516e+000	  2.2444761651330540e+000	  2.2716485641579185e+000	  2.3152423317486632e+000	  2.1477924357819376e+000	  2.0501575165434964e+000	  2.2227094436620809e+000	  2.2744047391710085e+000	
  2.0453078951445831e+000	  2.0327413244210417e+000	  1.9981413937541228e+000	  2.2337928885387273e+000	  2.2354233205915888e+000	  2.1889341284040107e+000	  2.2425379751239265e+000	  2.2697511057111659e+000	  2.3134490468401285e+000	  2.1457099189698670e+000	  2.0478611258111417e+000	  2.2207544084047295e+000	  2.2724930167754347e+000	
  2.0428631478377373e+000	  2.0302915437452063e+000	  1.9957149048256602e+000	  2.2316788352471613e+000	  2.2333027961027558e+000	  2.1868499870812639e+000	  2.2403975018070605e+000	  2.2676492986216985e+000	  2.3115063903883186e+000	  2.1434228661545216e+000	  2.0453576829354128e+000	  2.2185894387083325e+000	  2.2703714550990566e+000	
  2.0405951563590947e+000	  2.0280460531970625e+000	  1.9934157188496109e+000	  2.2296804398691408e+000	  2.2313265569732565e+000	  2.1848222434323024e+000	  2.2383593119682352e+000	  2.2656537085134105e+000	  2.3095639091825979e+000	  2.1413049323253697e+000	  2.0430712441066405e+000	  2.2166021720148374e+000	  2.2684314245280199e+000	
  2.0382778057570059e+000	  2.0257592815209877e+000	  1.9910378805269076e+000	  2.2276688009017911e+000	  2.2293411567662700e+000	  2.1827578648429142e+000	  2.2363246814702977e+000	  2.2636635885061529e+000	  2.3076213407790140e+000	  2.1391294943635444e+000	  2.0407505897403344e+000	  2.2145989653885474e+000	  2.2664706490568993e+000	
  2.0346970446545143e+000	  2.0222313421413656e+000	  1.9873723653077626e+000	  2.2245219914937691e+000	  2.2262403792413550e+000	  2.1795377340218582e+000	  2.2331385351424120e+000	  2.2605447084375787e+000	  2.3045973710277248e+000	  2.1357605968364530e+000	  2.0371785116487025e+000	  2.2114807608450455e+000	  2.2634144907887959e+000	
  2.0311274878812235e+000	  2.0187250673866957e+000	  1.9837256133845780e+000	  2.2213623770206783e+000	  2.2231358684288773e+000	  2.1763126044167156e+000	  2.2299422102200444e+000	  2.2574133378036656e+000	  2.3015561890621279e+000	  2.1323960037764804e+000	  2.0336381735127547e+000	  2.2083693945703025e+000	  2.2603611309798697e+000	
  2.0274936052572818e+000	  2.0151557451401114e+000	  1.9800389099624316e+000	  2.2181244559176347e+000	  2.2199537174509736e+000	  2.1730338090010295e+000	  2.2266722838473556e+000	  2.2542047807072740e+000	  2.2984547203431944e+000	  2.1289598349720782e+000	  2.0300411729171803e+000	  2.2051825161623011e+000	  2.2572286687515040e+000	
  2.0239137960083493e+000	  2.0116533935501932e+000	  1.9763955446749915e+000	  2.2149076503174658e+000	  2.2168049346121572e+000	  2.1697621853736080e+000	  2.2234238192872526e+000	  2.2510158240852038e+000	  2.2953410952384616e+000	  2.1255680795045162e+000	  2.0265233472704041e+000	  2.2020444852949992e+000	  2.2541418176157202e+000	
  2.0175453309944666e+000	  2.0054462029483275e+000	  1.9698916229923147e+000	  2.2091522817082980e+000	  2.2111892528796226e+000	  2.1638871065229317e+000	  2.2176268310274794e+000	  2.2453204804048066e+000	  2.2897545837492883e+000	  2.1195178293084465e+000	  2.0203130334145065e+000	  2.1964657821123299e+000	  2.2486460942313289e+000	
  2.0111146416317158e+000	  1.9991672633602413e+000	  1.9633782804988376e+000	  2.2032771377722944e+000	  2.2054439986242178e+000	  2.1579443483218435e+000	  2.2117202816346491e+000	  2.2395018471480914e+000	  2.2840816497722018e+000	  2.1133795569819034e+000	  2.0140389625168496e+000	  2.1907572604118455e+000	  2.2430064674333856e+000	
  2.0049040774488396e+000	  1.9931323357881086e+000	  1.9570559120593962e+000	  2.1975413760622633e+000	  2.1998585586393924e+000	  2.1521058588266513e+000	  2.2059629778011907e+000	  2.2338242419155359e+000	  2.2784777240336811e+000	  2.1074345487711503e+000	  2.0080343950811161e+000	  2.1852363131428558e+000	  2.2375419223328854e+000	
  1.9985386063320680e+000	  1.9869126203540608e+000	  1.9506502099181233e+000	  2.1916143427355719e+000	  2.1940533407953025e+000	  2.1461486636906812e+000	  2.2000242345817784e+000	  2.2279532707255609e+000	  2.2727424329051908e+000	  2.1013089952128459e+000	  2.0018342351847669e+000	  2.1794730434104079e+000	  2.2318235277789378e+000	
  1.9979391735139085e+000	  1.9864043570091285e+000	  1.9499615071741427e+000	  2.1909706068782642e+000	  2.1934954269855558e+000	  2.1453986724541263e+000	  2.1993518963366356e+000	  2.2273002019602335e+000	  2.2719404096310827e+000	  2.1007476140455346e+000	  2.0013710651482666e+000	  2.1790009829352437e+000	  2.2313603943442919e+000	
  1.9967054284930044e+000	  1.9852043734607356e+000	  1.9486954702643651e+000	  2.1899697688946285e+000	  2.1925123764080294e+000	  2.1443869175903494e+000	  2.1984065204063397e+000	  2.2263743495967874e+000	  2.2710648985333775e+000	  2.0995609639303887e+000	  2.0001716115206398e+000	  2.1779754657759152e+000	  2.2303358167984979e+000	
  1.9956092754733461e+000	  1.9840929309664028e+000	  1.9476389557412339e+000	  2.1888946626938863e+000	  2.1914219666067560e+000	  2.1433509808365128e+000	  2.1973255004099315e+000	  2.2252987753408262e+000	  2.2701156639541615e+000	  2.0984934818439149e+000	  1.9990383611412668e+000	  2.1768638863818683e+000	  2.2292294125017817e+000	
  1.9945570494948217e+000	  1.9830394340599531e+000	  1.9466368103664102e+000	  2.1878727847045290e+000	  2.1904001371643855e+000	  2.1423784475332579e+000	  2.1962830332971173e+000	  2.2242563571235454e+000	  2.2691428707124044e+000	  2.0974784902375228e+000	  1.9979812441804952e+000	  2.1758531533998351e+000	  2.2282252266352067e+000	
  1.9931919906205535e+000	  1.9817065714262805e+000	  1.9452790450451412e+000	  2.1865804470887849e+000	  2.1891353776843934e+000	  2.1410946575258700e+000	  2.1949880450208563e+000	  2.2229698834181288e+000	  2.2678588014825425e+000	  2.0961611765199648e+000	  1.9966579779535869e+000	  2.1746069635704859e+000	  2.2269855008062716e+000	
  1.9918621316564018e+000	  1.9804188531482843e+000	  1.9439278212518092e+000	  2.1853218792170903e+000	  2.1879128039888998e+000	  2.1398133925997542e+000	  2.1937292842974565e+000	  2.2217250871885712e+000	  2.2665999820091240e+000	  2.0948736478644143e+000	  1.9953823206471955e+000	  2.1734034623506306e+000	  2.2257879633838300e+000	
  1.9905362595151672e+000	  1.9791355213439685e+000	  1.9425766935456366e+000	  2.1840679955158691e+000	  2.1866948392334700e+000	  2.1385335700805572e+000	  2.1924762489595029e+000	  2.2204869141427048e+000	  2.2653561464920928e+000	  2.0935888827138984e+000	  1.9941105662932941e+000	  2.1722024608551611e+000	  2.2245925750991127e+000	
  1.9874636464495805e+000	  1.9761550466456397e+000	  1.9394588670186965e+000	  2.1811494393385420e+000	  2.1838527152062515e+000	  2.1355701935131828e+000	  2.1895621195860069e+000	  2.2176026079054392e+000	  2.2624831925435140e+000	  2.0906101364244822e+000	  1.9911558545450982e+000	  2.1693972488464999e+000	  2.2217975684904929e+000	
  1.9845398346584442e+000	  1.9733358463766351e+000	  1.9364713593391845e+000	  2.1783578516449911e+000	  2.1811473085986730e+000	  2.1327141306550956e+000	  2.1867806974937296e+000	  2.2148483768549969e+000	  2.2597149301505310e+000	  2.0877779744142186e+000	  1.9883734648859310e+000	  2.1667405838981231e+000	  2.2191467416181787e+000	
  1.9819942078982948e+000	  1.9708412727615048e+000	  1.9339250969816784e+000	  2.1759295409881760e+000	  2.1787575618188897e+000	  2.1302881836093359e+000	  2.1843639086259983e+000	  2.2124463513519030e+000	  2.2573688909008571e+000	  2.0853027914756725e+000	  1.9858901444747603e+000	  2.1643638988246163e+000	  2.2167724075911148e+000	
  1.9795732171531106e+000	  1.9684894038693559e+000	  1.9314816060906423e+000	  2.1735940075615794e+000	  2.1764777453539024e+000	  2.1279284266902292e+000	  2.1820361422274837e+000	  2.2101339156892261e+000	  2.2550623158217387e+000	  2.0829483769988961e+000	  1.9835622523383190e+000	  2.1621176659919579e+000	  2.2145268025183280e+000	
  1.9771293183962220e+000	  1.9661073272071714e+000	  1.9290232264090874e+000	  2.1712392068313657e+000	  2.1741710492483972e+000	  2.1255588265226328e+000	  2.1796942631963718e+000	  2.2078057234061133e+000	  2.2527531072949403e+000	  2.0805668631857075e+000	  1.9811997126448988e+000	  2.1598353098170424e+000	  2.2122429258505831e+000	
  1.9725974997374678e+000	  1.9617050323762795e+000	  1.9244468378139377e+000	  2.1668346906329470e+000	  2.1698670214174243e+000	  2.1211058526954139e+000	  2.1753207072338072e+000	  2.2034540511994964e+000	  2.2484033113298394e+000	  2.0761433531499547e+000	  1.9768454229102246e+000	  2.1555900870671696e+000	  2.2079868832233522e+000	
  1.9681414776072386e+000	  1.9573647159912391e+000	  1.9199641171175976e+000	  2.1624759882242977e+000	  2.1655943218762905e+000	  2.1167163023806976e+000	  2.1710012081630281e+000	  2.1991481375685922e+000	  2.2441101134068315e+000	  2.0717816861131859e+000	  1.9725488379340663e+000	  2.1513674061136014e+000	  2.2037449838350214e+000	
  1.9646721047184488e+000	  1.9539611909883190e+000	  1.9165104190017355e+000	  2.1590650888297231e+000	  2.1622288200688313e+000	  2.1133179159996924e+000	  2.1676200764264562e+000	  2.1957716401352787e+000	  2.2407711577101543e+000	  2.0683735188926873e+000	  1.9691665509866116e+000	  2.1480257433535725e+000	  2.2003848715257126e+000	
  1.9612935291859177e+000	  1.9506590866006333e+000	  1.9131331841509720e+000	  2.1557176719755096e+000	  2.1589364973250618e+000	  2.1099658913988208e+000	  2.1643027788100961e+000	  2.1924581759497950e+000	  2.2374605101644236e+000	  2.0650467079370496e+000	  1.9658937129678307e+000	  2.1447684094060535e+000	  2.1971056438459788e+000	
  1.9579788554314181e+000	  1.9474221531929752e+000	  1.9098145042181329e+000	  2.1524186526469680e+000	  2.1556927099538430e+000	  2.1066566877842012e+000	  2.1610385304892121e+000	  2.1891957280331642e+000	  2.2341916582642369e+000	  2.0617756032943881e+000	  1.9626879805724478e+000	  2.1415598475472315e+000	  2.1938712912518241e+000	
  1.9583317358713239e+000	  1.9478371782526822e+000	  1.9101130480029276e+000	  2.1525061567941921e+000	  2.1558476626799057e+000	  2.1066553524749985e+000	  2.1610597875037763e+000	  2.1892169042328167e+000	  2.2340643036684700e+000	  2.0621173942198499e+000	  1.9631496232289243e+000	  2.1418310146377952e+000	  2.1941389035906904e+000	
  1.9579999411075777e+000	  1.9475599204794636e+000	  1.9097335452244375e+000	  2.1523833069407496e+000	  2.1557658399104231e+000	  2.1065012020885350e+000	  2.1609793244157744e+000	  2.1891423260148213e+000	  2.2339132339138290e+000	  2.0618170269713030e+000	  1.9629102041870921e+000	  2.1417564671553939e+000	  2.1940643805314273e+000	
  1.9577229731927237e+000	  1.9473021810796058e+000	  1.9094200155383119e+000	  2.1521734179066558e+000	  2.1555664108498029e+000	  2.1062686885863839e+000	  2.1608120099202397e+000	  2.1889813751769434e+000	  2.2337392537952736e+000	  2.0615425900625803e+000	  1.9626513099167866e+000	  2.1415306952164688e+000	  2.1938377111930212e+000	
  1.9572777273909114e+000	  1.9468498105170433e+000	  1.9089535210508530e+000	  2.1517442819208079e+000	  2.1551256607450018e+000	  2.1058194754371184e+000	  2.1604058406930564e+000	  2.1885795831594068e+000	  2.2333804566577586e+000	  2.0610925409707552e+000	  1.9621836818649963e+000	  2.1410580894754303e+000	  2.1933602836558652e+000	
  1.9567710244910006e+000	  1.9463171025835384e+000	  1.9084685943560720e+000	  2.1512584221025985e+000	  2.1546126002295956e+000	  2.1053574423955079e+000	  2.1599289288042645e+000	  2.1881003976394200e+000	  2.2329836020327356e+000	  2.0605869586565180e+000	  1.9616323393680088e+000	  2.1405151170184089e+000	  2.1928126655707070e+000	
  1.9562839805704753e+000	  1.9458033618151442e+000	  1.9080238485477343e+000	  2.1507658008891939e+000	  2.1540937963532945e+000	  2.1049086125528529e+000	  2.1594359609529326e+000	  2.1876012291366638e+000	  2.2325636400273057e+000	  2.0601037620667197e+000	  1.9611028244056534e+000	  2.1399783568793027e+000	  2.1922713917612304e+000	
  1.9555219664679557e+000	  1.9450187580870759e+000	  1.9073281146503642e+000	  2.1499842730983483e+000	  2.1532895543445427e+000	  2.1041938049148210e+000	  2.1586514188767620e+000	  2.1868059706473866e+000	  2.2318426241929950e+000	  2.0593524286373053e+000	  1.9603070035795815e+000	  2.1391674152949198e+000	  2.1914530910328716e+000	
  1.9547628849143581e+000	  1.9442509006957478e+000	  1.9066188958887587e+000	  2.1492185011703642e+000	  2.1525131287208419e+000	  2.1034777926739920e+000	  2.1578887108043752e+000	  2.1860357246823048e+000	  2.2311101136690876e+000	  2.0586035127917808e+000	  1.9595339902435875e+000	  2.1383882731768353e+000	  2.1906667919883285e+000	
  1.9540359492883874e+000	  1.9435272709669007e+000	  1.9059216789607323e+000	  2.1484811398298898e+000	  2.1517763435828003e+000	  2.1027675926888256e+000	  2.1571546657046015e+000	  2.1852976042809842e+000	  2.2303803023217177e+000	  2.0578839550027803e+000	  1.9588108161048561e+000	  2.1376556333676029e+000	  2.1899272426087415e+000	
  1.9524142358050378e+000	  1.9419369436864427e+000	  1.9043182884670584e+000	  2.1468449408756674e+000	  2.1501624604636564e+000	  2.1011428189256978e+000	  2.1555313611117493e+000	  2.1836730837648060e+000	  2.2287336490498602e+000	  2.0562732846297660e+000	  1.9572318999514802e+000	  2.1360586331300930e+000	  2.1883151269515873e+000	
  1.9508661134692782e+000	  1.9404355779631273e+000	  1.9027577036827290e+000	  2.1452789565659844e+000	  2.1486321409053719e+000	  2.0995575976988343e+000	  2.1539812037163499e+000	  2.1821244739953625e+000	  2.2271430697610697e+000	  2.0547338956254197e+000	  1.9557510653970256e+000	  2.1345538186729756e+000	  2.1867948760461515e+000	
  1.9492994165967357e+000	  1.9389062722104686e+000	  1.9011855086733180e+000	  2.1437009423668942e+000	  2.1470803396415974e+000	  2.0979701526414796e+000	  2.1524230036026784e+000	  2.1805657801830294e+000	  2.2255677933326701e+000	  2.0531747543761885e+000	  1.9542371258017646e+000	  2.1330179340866477e+000	  2.1852426032336614e+000	
  1.9429009161021575e+000	  1.9326404845031031e+000	  1.8947971477099477e+000	  2.1371734487843574e+000	  2.1406372560156908e+000	  2.0914361519467013e+000	  2.1459878254221123e+000	  2.1741071519286113e+000	  2.2190596465760635e+000	  2.0467875597540641e+000	  1.9480350332838090e+000	  2.1266410508764797e+000	  2.1787798272079328e+000	
  1.9433279179688201e+000	  1.9331365586856561e+000	  1.8951656757564188e+000	  2.1373022953125571e+000	  2.1408408065415574e+000	  2.0914684544256819e+000	  2.1460438989708193e+000	  2.1741606495700943e+000	  2.2189497969982277e+000	  2.0471982821522587e+000	  1.9485849185398205e+000	  2.1269749977025341e+000	  2.1791074368478118e+000	
  1.9430000905785620e+000	  1.9328657308333705e+000	  1.8947867446216780e+000	  2.1371994711166642e+000	  2.1407808138827749e+000	  2.0913325216908167e+000	  2.1459881511609833e+000	  2.1741063628154711e+000	  2.2188141913695270e+000	  2.0469018811809487e+000	  1.9483580191936212e+000	  2.1269244690831810e+000	  2.1790568742269838e+000	
  1.9427339637208734e+000	  1.9326145965251307e+000	  1.8944815944171727e+000	  2.1370012469757413e+000	  2.1405891985148915e+000	  2.0911105647044810e+000	  2.1458368418802074e+000	  2.1739572308557591e+000	  2.2186535892383481e+000	  2.0466341938837038e+000	  1.9481064055847368e+000	  2.1267040482366757e+000	  2.1788357418537605e+000	
  1.9423598948590710e+000	  1.9322251063607518e+000	  1.8940865264067444e+000	  2.1366382956997958e+000	  2.1402072245868138e+000	  2.0907284104030648e+000	  2.1454992673253268e+000	  2.1736214263570646e+000	  2.2183600559328833e+000	  2.0462492231596947e+000	  1.9476998443611324e+000	  2.1262861636992771e+000	  2.1784120732252594e+000	
  1.9419377020367719e+000	  1.9317727310091104e+000	  1.8936826483278366e+000	  2.1362274134968722e+000	  2.1397651737009271e+000	  2.0903371693909905e+000	  2.1450982783059716e+000	  2.1732182293628659e+000	  2.2180337576906561e+000	  2.0458223636031372e+000	  1.9472266924364152e+000	  2.1258113427140239e+000	  2.1779309103874973e+000	
  1.9415295495758458e+000	  1.9313353376361599e+000	  1.8933139828442473e+000	  2.1358071682290687e+000	  2.1393158987857031e+000	  2.0899576576745624e+000	  2.1446790400859199e+000	  2.1727940814386479e+000	  2.2176861889911210e+000	  2.0454132494381536e+000	  1.9467707234073675e+000	  2.1253401750679921e+000	  2.1774534475685732e+000	
  1.9407600564201821e+000	  1.9305382679500980e+000	  1.8926232979243542e+000	  2.1349963786649817e+000	  2.1384764706992816e+000	  2.0892259742385058e+000	  2.1438666202873389e+000	  2.1719705780554577e+000	  2.2169459021522306e+000	  2.0446489267960359e+000	  1.9459569105328887e+000	  2.1244889781370899e+000	  2.1765899785432974e+000	
  1.9399766251821857e+000	  1.9297417106595707e+000	  1.8919031487158511e+000	  2.1341916595824162e+000	  2.1376556970990994e+000	  2.0884849059818604e+000	  2.1430687449734735e+000	  2.1711646715266593e+000	  2.2161844484363873e+000	  2.0438702954916992e+000	  1.9451495981924345e+000	  2.1236586281161745e+000	  2.1757481645719601e+000	
  1.9392392669944556e+000	  1.9290033148982486e+000	  1.8912056297929098e+000	  2.1334238032057486e+000	  2.1368838123103586e+000	  2.0877536002406458e+000	  2.1423060091973429e+000	  2.1703949093196346e+000	  2.2154242676679545e+000	  2.0431329013389301e+000	  1.9444091324479493e+000	  2.1228884725664718e+000	  2.1749670724843901e+000	
  1.9377185836864834e+000	  1.9275031912329272e+000	  1.8897146858594120e+000	  2.1318497840512931e+000	  2.1353216997679905e+000	  2.0862010219834226e+000	  2.1407482820278032e+000	  2.1688278759740856e+000	  2.2138298274008537e+000	  2.0416046273727391e+000	  1.9429187746655663e+000	  2.1213407756261908e+000	  2.1733968119189297e+000	
  1.9362679777491549e+000	  1.9260879194555904e+000	  1.8882615039818984e+000	  2.1303447086625185e+000	  2.1338412751410525e+000	  2.0846854684766378e+000	  2.1392628723945331e+000	  2.1673360860342048e+000	  2.2122910701888361e+000	  2.0401437714004991e+000	  1.9415221749854168e+000	  2.1198826153887054e+000	  2.1719157480585616e+000	
  1.9348018927874064e+000	  1.9246475937916407e+000	  1.8867984004545426e+000	  2.1288304654612196e+000	  2.1323421711309800e+000	  2.0831691295647898e+000	  2.1377718737844256e+000	  2.1658362213078837e+000	  2.2107693645844888e+000	  2.0386661699419029e+000	  1.9400959895590033e+000	  2.1183969848926090e+000	  2.1704064847549009e+000	
  1.9308724840029203e+000	  1.9207816841583816e+000	  1.8828918080477897e+000	  2.1247338386406383e+000	  2.1282787587379626e+000	  2.0790823680685948e+000	  2.1337418141880118e+000	  2.1617753628714471e+000	  2.2066604208238938e+000	  2.0346993355442380e+000	  1.9362677250683360e+000	  2.1143708240095807e+000	  2.1663086298069367e+000	
  1.9272678528943634e+000	  1.9172549632866827e+000	  1.8792760485404270e+000	  2.1209274396647517e+000	  2.1245152449705071e+000	  2.0752507795827206e+000	  2.1300150603745913e+000	  2.1580104138041007e+000	  2.2028088903750338e+000	  2.0310505641170398e+000	  1.9327946278019372e+000	  2.1106588544352807e+000	  2.1625161566237945e+000	
  1.9264087734333408e+000	  1.9163482373338789e+000	  1.8784841958512442e+000	  2.1201118664553564e+000	  2.1236486072862748e+000	  2.0745124237440002e+000	  2.1292295129682093e+000	  2.1572187261771534e+000	  2.2021279483377070e+000	  2.0301861575076421e+000	  1.9318508526689262e+000	  2.1097297989654402e+000	  2.1615755394506331e+000	
  1.9258448987826489e+000	  1.9157748456215160e+000	  1.8779665217083790e+000	  2.1194568059379977e+000	  2.1229842308986013e+000	  2.0738948948068092e+000	  2.1285634944071403e+000	  2.1565440669091789e+000	  2.2014705791387201e+000	  2.0296122972575894e+000	  1.9312725870736522e+000	  2.1090757413420405e+000	  2.1609085164352404e+000	
  1.9252747864561854e+000	  1.9152169984892655e+000	  1.8774147017099003e+000	  2.1188472470772259e+000	  2.1223832564818585e+000	  2.0732997134564846e+000	  2.1279575451168804e+000	  2.1559313835122094e+000	  2.2008339947959157e+000	  2.0290354364280145e+000	  1.9307234832263001e+000	  2.1084897920946042e+000	  2.1603108958284793e+000	
  1.9242660963415168e+000	  1.9142284523591611e+000	  1.8764122375861076e+000	  2.1177862603306683e+000	  2.1213346201557219e+000	  2.0722398842656826e+000	  2.1269152771219351e+000	  2.1548800989521864e+000	  2.1997435035145854e+000	  2.0280099736124662e+000	  1.9297472263330406e+000	  2.1074539857068184e+000	  2.1592548081250444e+000	
  1.9232891602886673e+000	  1.9132716533406404e+000	  1.8754324948399774e+000	  2.1167502200874742e+000	  2.1203109049408480e+000	  2.0711954497848200e+000	  2.1258968048465321e+000	  2.1538526789766026e+000	  2.1986802140667807e+000	  2.0270139358506523e+000	  1.9288036955422070e+000	  2.1064444378553278e+000	  2.1582244994010846e+000	
  1.9223005034666760e+000	  1.9122974360208678e+000	  1.8744471039043860e+000	  2.1157065150038870e+000	  2.1192737647496322e+000	  2.0701511624865327e+000	  2.1248723601699950e+000	  2.1528186058870364e+000	  2.1976259515744547e+000	  2.0260064739906336e+000	  1.9278390588563894e+000	  2.1054156498344696e+000	  2.1571744875420635e+000	
  1.9183977661007834e+000	  1.9084342581002856e+000	  1.8705924956877045e+000	  2.1115503204033281e+000	  2.1151261984397234e+000	  2.0660287084374387e+000	  2.1207933761582862e+000	  2.1486935661057101e+000	  2.1934475631211954e+000	  2.0220230562522392e+000	  1.9240054016763164e+000	  2.1012942731336399e+000	  2.1529622505115675e+000	
  1.9181567794453191e+000	  1.9082765013393952e+000	  1.8702651908545853e+000	  2.1111843435183517e+000	  2.1148345870016536e+000	  2.0655604945161676e+000	  2.1204240623491515e+000	  2.1483161377602875e+000	  2.1929033885877018e+000	  2.0217663871324483e+000	  1.9239110864416238e+000	  2.1010928349954159e+000	  2.1527437560506058e+000	
  1.9173050391527635e+000	  1.9074026035542357e+000	  1.8694241191429726e+000	  2.1104049784605454e+000	  2.1140233447249042e+000	  2.0648057994517979e+000	  2.1196980713918983e+000	  2.1475841408425214e+000	  2.1922354187062578e+000	  2.0209048779348917e+000	  1.9230180797220493e+000	  2.1002246385131071e+000	  2.1518604048361656e+000	
  1.9165654222342452e+000	  1.9066268970301792e+000	  1.8687412471273039e+000	  2.1096072868992182e+000	  2.1131875293947102e+000	  2.0640638246899359e+000	  2.1189109506168737e+000	  2.1467861176286243e+000	  2.1915146995435846e+000	  2.0201495450874027e+000	  1.9222184057123399e+000	  2.0993606126759774e+000	  2.1509786928399941e+000	
  1.9155692523399006e+000	  1.9056165914346819e+000	  1.8678105622313181e+000	  2.1085230021048220e+000	  2.1120844046859419e+000	  2.0630405842618051e+000	  2.1178354947593139e+000	  2.1456943591758049e+000	  2.1904505026617227e+000	  2.0191336735455914e+000	  1.9212008214861784e+000	  2.0982555137625494e+000	  2.1498487782374966e+000	
  1.9146104273116604e+000	  1.9046623221427346e+000	  1.8668852170851364e+000	  2.1074876157599998e+000	  2.1110469776098837e+000	  2.0620335944673567e+000	  2.1168161660354561e+000	  2.1446610427953172e+000	  2.1894005530108274e+000	  2.0181531522312306e+000	  1.9202510800349208e+000	  2.0972250322425077e+000	  2.1487943343464564e+000	
  1.9136709586345306e+000	  1.9037317120576436e+000	  1.8659623093287838e+000	  2.1064749739255704e+000	  2.1100360565685077e+000	  2.0610320903589430e+000	  2.1158220376455952e+000	  2.1436541120290706e+000	  2.1883669966236310e+000	  2.0171887201845426e+000	  1.9193278266216283e+000	  2.0962218807212722e+000	  2.1477672768067881e+000	
  1.9113374755739385e+000	  1.9014164111566880e+000	  1.8636621060900280e+000	  2.1039542511320293e+000	  2.1075150054213680e+000	  2.0585332664679115e+000	  2.1133507037377735e+000	  2.1411497909448407e+000	  2.1858107950000503e+000	  2.0147878885516515e+000	  1.9170295366762475e+000	  2.0937158734173473e+000	  2.1451995161440203e+000	
  1.9091755511042003e+000	  1.8992869655900517e+000	  1.8615054387907979e+000	  2.1015891894854302e+000	  2.1051613215009848e+000	  2.0561620526785318e+000	  2.1110395318467203e+000	  2.1388030979997685e+000	  2.1833873833370312e+000	  2.0125568657705788e+000	  1.9149299449535986e+000	  2.0913909983423413e+000	  2.1428098633761414e+000	
  1.9068075701794951e+000	  1.8969018968475440e+000	  1.8592179024731847e+000	  2.0990325960864187e+000	  2.1025707930298840e+000	  2.0536788606492236e+000	  2.1085365672432754e+000	  2.1362621107737598e+000	  2.1808584771146537e+000	  2.0101164572050618e+000	  1.9125390147674612e+000	  2.0887857303418982e+000	  2.1401392486742328e+000	
  1.9047124186153335e+000	  1.8948372920173249e+000	  1.8571335898779364e+000	  2.0967049370488886e+000	  2.1002528056556522e+000	  2.0513486012665578e+000	  2.1062616921887156e+000	  2.1339475916388957e+000	  2.1784541503828643e+000	  2.0079429719898387e+000	  1.9105056735716766e+000	  2.0865010230818259e+000	  2.1377855186837271e+000	
  1.9023548418756475e+000	  1.8924534080501525e+000	  1.8548673660769261e+000	  2.0941437535814966e+000	  2.0976490056727286e+000	  2.0488714883298047e+000	  2.1037558951369504e+000	  2.1314007078300898e+000	  2.1759222412484238e+000	  2.0055030655741679e+000	  1.9081111443526424e+000	  2.0838763697389351e+000	  2.1350920181933359e+000	
  1.9003744324072931e+000	  1.8905056538653959e+000	  1.8528894041938326e+000	  2.0919122952324249e+000	  2.0954291676158650e+000	  2.0466280078316048e+000	  2.1015778311130906e+000	  2.1291806738401728e+000	  2.1735954842164444e+000	  2.0034357821326703e+000	  1.9061984159251026e+000	  2.0816946046251448e+000	  2.1328385827647933e+000	
  1.8980492115673044e+000	  1.8881416604242014e+000	  1.8506700193370043e+000	  2.0893748114028963e+000	  2.0928376429650317e+000	  2.0441897655431118e+000	  2.0990966040808936e+000	  2.1266560690610401e+000	  2.1710990314649812e+000	  2.0010205022634850e+000	  1.9038163691433052e+000	  2.0790728127086830e+000	  2.1301458596874809e+000	
  1.8965784754203427e+000	  1.8867117582346367e+000	  1.8491784031473526e+000	  2.0876757913343824e+000	  2.0911614367890135e+000	  2.0424556075520703e+000	  2.0974397923237853e+000	  2.1249634599389680e+000	  2.1692816807698119e+000	  1.9994724590114905e+000	  1.9024272780344764e+000	  2.0774443542848964e+000	  2.1284568735417553e+000	
  1.8950542931449073e+000	  1.8851393616389949e+000	  1.8477464749334964e+000	  2.0860368503953972e+000	  2.0894653516036632e+000	  2.0409090130421661e+000	  2.0958432538866298e+000	  2.1233383760105244e+000	  2.1677210048828348e+000	  1.9978897652008700e+000	  1.9008265010219534e+000	  2.0757029785854595e+000	  2.1266699092194368e+000	
  1.8938668252672124e+000	  1.8839660885477352e+000	  1.8465781377956196e+000	  2.0846607778454760e+000	  2.0880926694123034e+000	  2.0395400015701064e+000	  2.0944917461843420e+000	  2.1219582068496323e+000	  2.1662690241193974e+000	  1.9966394802664356e+000	  1.8996726167039026e+000	  2.0743582260003746e+000	  2.1252787291269080e+000	
  1.8925683759542795e+000	  1.8826609024376526e+000	  1.8453136939180981e+000	  2.0832163031098312e+000	  2.0866301821579492e+000	  2.0381242200193737e+000	  2.0930849374872635e+000	  2.1205234239660071e+000	  2.1648086427581719e+000	  1.9952769932918546e+000	  1.8983698848105273e+000	  2.0728922320607706e+000	  2.1237662875030487e+000	
  1.8901860477214323e+000	  1.8802732471552093e+000	  1.8429877040530436e+000	  2.0805124289268835e+000	  2.0838990697883553e+000	  2.0354624560272638e+000	  2.0904493812298379e+000	  2.1178306137045304e+000	  2.1620447597696835e+000	  1.9927682829740145e+000	  1.8959966392978711e+000	  2.0701708148005182e+000	  2.1209524085709845e+000	
  1.8878930397182492e+000	  1.8779723377429678e+000	  1.8407496791000615e+000	  2.0778926103037061e+000	  2.0812488714762583e+000	  2.0328841174713910e+000	  2.0879009904922405e+000	  2.1152226827167464e+000	  2.1593652328830562e+000	  1.9903448430279951e+000	  1.8937097457711989e+000	  2.0675283194613012e+000	  2.1182153043251328e+000	
  1.8855158976346975e+000	  1.8755619922544147e+000	  1.8384701346479018e+000	  2.0751893837419857e+000	  2.0784930023589281e+000	  2.0302659858558378e+000	  2.0852660428936329e+000	  2.1125272262582815e+000	  2.1566380670504359e+000	  1.9878327990691655e+000	  1.8912949424870200e+000	  2.0647595314622009e+000	  2.1153518359067580e+000	
  1.8830528905067836e+000	  1.8730992496904493e+000	  1.8360500863605458e+000	  2.0723077339296028e+000	  2.0755840876529494e+000	  2.0274089275598945e+000	  2.0824701512494528e+000	  2.1096571048256307e+000	  2.1536443397531690e+000	  1.9852039654617883e+000	  1.8888594238756466e+000	  2.0618732707798415e+000	  2.1123493007889285e+000	
  1.8810620089485237e+000	  1.8710460178059483e+000	  1.8341924453047698e+000	  2.0700635183616414e+000	  2.0732654635541179e+000	  2.0252906007682934e+000	  2.0802800217243207e+000	  2.1074169480772831e+000	  2.1514396727423137e+000	  1.9830996304526518e+000	  1.8867768932925886e+000	  2.0595125152696387e+000	  2.1099125282704092e+000	
  1.8806765012340851e+000	  1.8707016458358032e+000	  1.8337689909092121e+000	  2.0695204925566766e+000	  2.0727561725388211e+000	  2.0246963538166440e+000	  2.0797439620919347e+000	  2.1068624642218383e+000	  2.1507590847415066e+000	  1.9826678568565486e+000	  1.8864708109482544e+000	  2.0590590924726531e+000	  2.1094300611748444e+000	
  1.8799110809128834e+000	  1.8699114007760940e+000	  1.8330333266959127e+000	  2.0687099013028458e+000	  2.0719131346675881e+000	  2.0239195265660319e+000	  2.0789726841601155e+000	  2.1060740361852872e+000	  2.1499959633730401e+000	  1.9818612969426788e+000	  1.8856672196257838e+000	  2.0581819344517793e+000	  2.1085243214720562e+000	
  1.8792399541966045e+000	  1.8692189208824608e+000	  1.8324071084035576e+000	  2.0679233548122036e+000	  2.0711010131379348e+000	  2.0231729360493365e+000	  2.0782026485977512e+000	  2.1052844631114378e+000	  2.1492175520441625e+000	  1.9811479890998829e+000	  1.8849669512402645e+000	  2.0573609461499909e+000	  2.1076741851346368e+000	
  1.8775524007874356e+000	  1.8675107971940466e+000	  1.8307915489647359e+000	  2.0659446866599986e+000	  2.0690874618154194e+000	  2.0212537688845651e+000	  2.0762719715537048e+000	  2.1033032607661366e+000	  2.1471785356411526e+000	  1.9793397824170864e+000	  1.8832617470492199e+000	  2.0553499477428199e+000	  2.1055861874213058e+000	
  1.8760335832337416e+000	  1.8659910653272704e+000	  1.8292977454715100e+000	  2.0641332908281034e+000	  2.0672576720729960e+000	  2.0194548307955960e+000	  2.0745168821062752e+000	  2.1014975929905302e+000	  2.1452776294584361e+000	  1.9776994727810688e+000	  1.8817608369720829e+000	  2.0535362458593727e+000	  2.1036936806589139e+000	
  1.8743317884733790e+000	  1.8642468843242022e+000	  1.8276881915775247e+000	  2.0621573153267518e+000	  2.0652253278302832e+000	  2.0175624339540659e+000	  2.0725972318761161e+000	  2.0995264048857032e+000	  2.1432952754386272e+000	  1.9758766147636777e+000	  1.8800045763524986e+000	  2.0514812805188054e+000	  2.1015605499373020e+000	
  1.8727908512025795e+000	  1.8627018124207297e+000	  1.8261802166956673e+000	  2.0602862487073796e+000	  2.0633319499230880e+000	  2.0157097272584390e+000	  2.0707845355913257e+000	  2.0976573071813611e+000	  2.1413225635524187e+000	  1.9742017754662904e+000	  1.8784791999565436e+000	  2.0496066871708138e+000	  2.0995999675761339e+000	
  1.8710162819662934e+000	  1.8608764895812280e+000	  1.8245137831104459e+000	  2.0582112483362573e+000	  2.0611919119028399e+000	  2.0137333759266047e+000	  2.0687695870408640e+000	  2.0955859304288964e+000	  2.1392423531370599e+000	  1.9722931637217389e+000	  1.8766378103476828e+000	  2.0474388905439342e+000	  2.0973474628605899e+000	
  1.8696129816651021e+000	  1.8594748440155160e+000	  1.8231298258623969e+000	  2.0564682458818995e+000	  2.0594320132025117e+000	  2.0119942494991432e+000	  2.0670852108448585e+000	  2.0938443226260794e+000	  2.1373785879885476e+000	  1.9707524292380119e+000	  1.8752614046279685e+000	  2.0457044783426275e+000	  2.0955262647429960e+000	
  1.8681340167277376e+000	  1.8579371659376145e+000	  1.8217655103092105e+000	  2.0547514252213825e+000	  2.0576460295222692e+000	  2.0103863449840986e+000	  2.0654192052601381e+000	  2.0921314552229315e+000	  2.1356927063578799e+000	  1.9691624618668813e+000	  1.8736980829202834e+000	  2.0438786697399958e+000	  2.0936309678888345e+000	
  1.8670655942765944e+000	  1.8568759625373710e+000	  1.8207076199299712e+000	  2.0533902015426859e+000	  2.0562775685960419e+000	  2.0090207428664142e+000	  2.0641011097109647e+000	  2.0907664833711257e+000	  2.1342076741903173e+000	  1.9679783342162123e+000	  1.8726623447134507e+000	  2.0425405059382289e+000	  2.0922221104862677e+000	
  1.8656985828556241e+000	  1.8554604124346226e+000	  1.8194344669561917e+000	  2.0517816744242738e+000	  2.0546091323900559e+000	  2.0074999438671579e+000	  2.0625446474036688e+000	  2.0891633055604522e+000	  2.1326090753222227e+000	  1.9664980152954779e+000	  1.8712291957947931e+000	  2.0408409089367425e+000	  2.0904527672029767e+000	
  1.8646361503472464e+000	  1.8543947148944457e+000	  1.8183965178806039e+000	  2.0504320719881703e+000	  2.0532425297108592e+000	  2.0061614431995740e+000	  2.0612394099237386e+000	  2.0878108563068669e+000	  2.1311582364325572e+000	  1.9653192517302307e+000	  1.8701814843663385e+000	  2.0394940246262276e+000	  2.0890352606429929e+000	
  1.8633260412670338e+000	  1.8530416568037134e+000	  1.8171722707933766e+000	  2.0488608854332364e+000	  2.0516163577368274e+000	  2.0046685071324459e+000	  2.0597206737673854e+000	  2.0862432480690996e+000	  2.1295770087200228e+000	  1.9638899514322008e+000	  1.8688164885672796e+000	  2.0378445024976406e+000	  2.0873131479182820e+000	
  1.8622452134853200e+000	  1.8519497788511958e+000	  1.8161269927881505e+000	  2.0474869959357078e+000	  2.0502176875575620e+000	  2.0033174398056417e+000	  2.0583941190301345e+000	  2.0848674388520423e+000	  2.1281138611324470e+000	  1.9626876374359472e+000	  1.8677378554637267e+000	  2.0364582532860442e+000	  2.0858536816876376e+000	
  1.8610135417153451e+000	  1.8506776206365851e+000	  1.8149775596517890e+000	  2.0459887153893135e+000	  2.0486670598237877e+000	  2.0018931237703388e+000	  2.0569470553831279e+000	  2.0833713580830451e+000	  2.1265965638070501e+000	  1.9613356391534447e+000	  1.8664561650156879e+000	  2.0348879011303858e+000	  2.0842108699507937e+000	
  1.8597252236000892e+000	  1.8493697754009333e+000	  1.8137398793792341e+000	  2.0443395704508478e+000	  2.0469816841649275e+000	  2.0002797757380688e+000	  2.0553582277308302e+000	  2.0817209774090113e+000	  2.1248480872195361e+000	  1.9598951867335113e+000	  1.8651610136278371e+000	  2.0332117547463424e+000	  2.0824436915506443e+000	
  1.8582976691093083e+000	  1.8478943116961235e+000	  1.8124117727035243e+000	  2.0425731976286956e+000	  2.0451530811654024e+000	  1.9986016794759582e+000	  2.0536535151698754e+000	  2.0799552332614999e+000	  2.1230473859736891e+000	  1.9583162994941838e+000	  1.8636761867492266e+000	  2.0313627501635980e+000	  2.0805049245227365e+000	
  1.8571337805511503e+000	  1.8467141171803718e+000	  1.8112894351808910e+000	  2.0410464431371023e+000	  2.0435930819091270e+000	  1.9971015566076149e+000	  2.0521877438175800e+000	  2.0784277540517309e+000	  2.1214128096116229e+000	  1.9569993080040102e+000	  1.8625118730329362e+000	  2.0298150603365235e+000	  2.0788662833411040e+000	
  1.8555763665457594e+000	  1.8450951962152422e+000	  1.8098596682691661e+000	  2.0391107271415723e+000	  2.0415811402476103e+000	  1.9952814552937090e+000	  2.0503195658352484e+000	  2.0764914935872496e+000	  2.1194530809218159e+000	  1.9552711705698076e+000	  1.8608768590342173e+000	  2.0277733631603261e+000	  2.0767249328409600e+000	
  1.8552754604429791e+000	  1.8448182826135924e+000	  1.8095256378944928e+000	  2.0386141858388527e+000	  2.0410996364646139e+000	  1.9947397094566530e+000	  2.0498442939651049e+000	  2.0759883272632198e+000	  2.1188234413650737e+000	  1.9548972682373660e+000	  1.8606312735095656e+000	  2.0273330343347307e+000	  2.0762434385965607e+000	
  1.8546375305928104e+000	  1.8441362959060590e+000	  1.8089530854978242e+000	  2.0379035849562248e+000	  2.0403388251597265e+000	  1.9940987665012366e+000	  2.0491727677028986e+000	  2.0752947383819103e+000	  2.1181894083247448e+000	  1.9542075250968696e+000	  1.8599261108528975e+000	  2.0265260212235812e+000	  2.0754026784192416e+000	
  1.8541858415315176e+000	  1.8436682098309476e+000	  1.8085523792605596e+000	  2.0372996163760080e+000	  2.0397146776425354e+000	  1.9935380956898461e+000	  2.0485832323387609e+000	  2.0746819651790211e+000	  2.1175672061933555e+000	  1.9537039368207549e+000	  1.8594573638458871e+000	  2.0259035668581813e+000	  2.0747479074707607e+000	
  1.8537659350785884e+000	  1.8432374798591624e+000	  1.8081617178593996e+000	  2.0367446372712883e+000	  2.0391444433624617e+000	  1.9930062541436071e+000	  2.0480449918742782e+000	  2.0741215851254302e+000	  2.1169678048286786e+000	  1.9532242125292500e+000	  1.8590271731915253e+000	  2.0253354980825553e+000	  2.0741485672948436e+000	
  1.8528944414174111e+000	  1.8423430008332571e+000	  1.8073391306757942e+000	  2.0356095506553658e+000	  2.0379753895435058e+000	  1.9919100200255917e+000	  2.0469548308609502e+000	  2.0729864859967138e+000	  2.1157686294081830e+000	  1.9522340016178850e+000	  1.8581360241914291e+000	  2.0241642311118686e+000	  2.0729100225095674e+000	
  1.8520809964635570e+000	  1.8415093727956207e+000	  1.8065689142657162e+000	  2.0345289530469137e+000	  2.0368631557194754e+000	  1.9908625916099822e+000	  2.0459195738293880e+000	  2.0719056625853454e+000	  2.1146241867096331e+000	  1.9513035353570782e+000	  1.8573087034915605e+000	  2.0230529342634651e+000	  2.0717316288946286e+000	
  1.8512332171966619e+000	  1.8406314970276516e+000	  1.8057841026159314e+000	  2.0334207154736079e+000	  2.0357141345186158e+000	  1.9898085801723187e+000	  2.0448567887562556e+000	  2.0707973432761300e+000	  2.1134763842729143e+000	  1.9503400049186628e+000	  1.8564293195341350e+000	  2.0218948655071229e+000	  2.0705065292105389e+000	
  1.8498283537703291e+000	  1.8391862450134384e+000	  1.8044708236418197e+000	  2.0315110651555952e+000	  2.0337427443626646e+000	  1.9879717649226616e+000	  2.0430328184670596e+000	  2.0688869616590124e+000	  2.1114540763516891e+000	  1.9487171445015528e+000	  1.8549949594767623e+000	  2.0199234462866285e+000	  2.0684091596607583e+000	
  1.8484048739234418e+000	  1.8377093094321413e+000	  1.8031662834839344e+000	  2.0295943954166629e+000	  2.0317531846815458e+000	  1.9861565529568508e+000	  2.0411999153798797e+000	  2.0669691569804947e+000	  2.1094548318715018e+000	  1.9470767541446115e+000	  1.8535183278707075e+000	  2.0179204449187060e+000	  2.0662823372096226e+000	
  1.8472142617610714e+000	  1.8364824246293747e+000	  1.8020578607663509e+000	  2.0279019660665827e+000	  2.0300032098692480e+000	  1.9845273175833809e+000	  2.0395929358497136e+000	  2.0652768344883849e+000	  2.1076420267571296e+000	  1.9456700692879081e+000	  1.8523059580427481e+000	  2.0161738123605075e+000	  2.0644113731497185e+000	
  1.8458218204308117e+000	  1.8350285265253767e+000	  1.8008092503630211e+000	  2.0260051589364014e+000	  2.0280266853424114e+000	  1.9827567299091626e+000	  2.0377799528979885e+000	  2.0633780641423103e+000	  2.1056784422183030e+000	  1.9440539611742502e+000	  1.8508474653326168e+000	  2.0141766941558181e+000	  2.0622888488573139e+000	
  1.8448633821814819e+000	  1.8340464026861361e+000	  1.7999079635047883e+000	  2.0245218913054712e+000	  2.0264966690751431e+000	  1.9813098028112890e+000	  2.0363859657520798e+000	  2.0618962109041843e+000	  2.1040419570668303e+000	  1.9428726120431339e+000	  1.8498919156028544e+000	  2.0126631160569501e+000	  2.0606472499173738e+000	
  1.8443394494999092e+000	  1.8334703081272552e+000	  1.7994725630595314e+000	  2.0240297017454880e+000	  2.0259485349282302e+000	  1.9809187669181343e+000	  2.0359321450928793e+000	  2.0614324385438341e+000	  2.1037082137145844e+000	  1.9423307885136936e+000	  1.8492833129437845e+000	  2.0120465906120666e+000	  2.0600124546056433e+000	
  1.8442664354228269e+000	  1.8333879530877715e+000	  1.7994474178525939e+000	  2.0237965487374909e+000	  2.0257098268216556e+000	  1.9807193199808626e+000	  2.0356765511569006e+000	  2.0611644028329512e+000	  2.1034271837498033e+000	  1.9422246283890083e+000	  1.8491989814193497e+000	  2.0118306775523349e+000	  2.0597837626958708e+000	
  1.8441613793895273e+000	  1.8332901214393231e+000	  1.7993519141138972e+000	  2.0236187847386233e+000	  2.0255378256201233e+000	  1.9805460715222671e+000	  2.0355005991363631e+000	  2.0609781970167216e+000	  2.1031820721765477e+000	  1.9420901616579593e+000	  1.8491097903709981e+000	  2.0116753287179989e+000	  2.0596158499895911e+000	
  1.8439743280005727e+000	  1.8331103009261100e+000	  1.7991585609320500e+000	  2.0233503862787368e+000	  2.0252719483140158e+000	  1.9802674084185523e+000	  2.0352517549093321e+000	  2.0607162318779975e+000	  2.1028512346595765e+000	  1.9418605978157677e+000	  1.8489411264718787e+000	  2.0114175855699910e+000	  2.0593360896129242e+000	
  1.8437819866228098e+000	  1.8329190938176236e+000	  1.7989606734669097e+000	  2.0230704289032420e+000	  2.0249887329213401e+000	  1.9799767037005291e+000	  2.0349904724341878e+000	  2.0604418346684663e+000	  2.1025363908757320e+000	  1.9416255542700176e+000	  1.8487587423661802e+000	  2.0111382713196444e+000	  2.0590338551256870e+000	
  1.8435886527344627e+000	  1.8327206058693779e+000	  1.7987747170888424e+000	  2.0227845887895857e+000	  2.0246943256244374e+000	  1.9796942477289012e+000	  2.0347180640005820e+000	  2.0601550318022830e+000	  2.1022282030225643e+000	  1.9413880944752566e+000	  1.8485633796923493e+000	  2.0108449298408075e+000	  2.0587187220212657e+000	
  1.8433890176773484e+000	  1.8325119738873616e+000	  1.7985923435995725e+000	  2.0224937780641716e+000	  2.0243911752562100e+000	  1.9794184606556458e+000	  2.0344413078156407e+000	  2.0598630846749590e+000	  2.1019220340157818e+000	  1.9411466785596709e+000	  1.8483551884465066e+000	  2.0105402075623187e+000	  2.0583918170983768e+000	
  1.8426897558096946e+000	  1.8317857948512661e+000	  1.7979630830212134e+000	  2.0214741093327793e+000	  2.0233319688479954e+000	  1.9784587623629857e+000	  2.0334756044899782e+000	  2.0588437986446637e+000	  2.1008478576015142e+000	  1.9403080945751709e+000	  1.8476363396855850e+000	  2.0094788511425983e+000	  2.0572515998430068e+000	
  1.8421104384382208e+000	  1.8311902044074089e+000	  1.7974346362202205e+000	  2.0205678297877983e+000	  2.0223961568571269e+000	  1.9775907709761396e+000	  2.0326225765222432e+000	  2.0579374258440555e+000	  2.0998556538770652e+000	  1.9395894806341127e+000	  1.8470556676948369e+000	  2.0085514594933569e+000	  2.0562462157672048e+000	
  1.8414378468493164e+000	  1.8304849549407529e+000	  1.7968453691625761e+000	  2.0195900726996188e+000	  2.0213734734897573e+000	  1.9766869379657719e+000	  2.0317008681229494e+000	  2.0569636969097465e+000	  2.0988458414441129e+000	  1.9387804827973150e+000	  1.8463528303975885e+000	  2.0075169922820679e+000	  2.0551347582685096e+000	
  1.8409259710169905e+000	  1.8299583668738755e+000	  1.7963878769373069e+000	  2.0187491289636030e+000	  2.0205057023686797e+000	  1.9758863173247361e+000	  2.0309088438300384e+000	  2.0561197555070305e+000	  2.0979146645397693e+000	  1.9381313778006644e+000	  1.8458421800440223e+000	  2.0066605271994833e+000	  2.0542022885847526e+000	
  1.8401107319359851e+000	  1.8291059179075992e+000	  1.7956779507522109e+000	  2.0174697024929271e+000	  2.0191712186837951e+000	  1.9746956500061350e+000	  2.0297096242566539e+000	  2.0548434101849842e+000	  2.0965530631467084e+000	  1.9371117659216364e+000	  1.8450032315918281e+000	  2.0053223092147854e+000	  2.0527510236060031e+000	
  1.8395157866210081e+000	  1.8284871587769722e+000	  1.7951590457417552e+000	  2.0164019453140294e+000	  2.0180604515530454e+000	  1.9736856531387534e+000	  2.0287221976825625e+000	  2.0537782821575510e+000	  2.0953716978457755e+000	  1.9363157809616784e+000	  1.8444092835128136e+000	  2.0042225130396614e+000	  2.0515380958009128e+000	
  1.8391059543542689e+000	  1.8280442467087170e+000	  1.7948327444720673e+000	  2.0158673450127687e+000	  2.0174888019845199e+000	  1.9732334237994940e+000	  2.0282163325195883e+000	  2.0532465129614756e+000	  2.0948824805938089e+000	  1.9358451433776656e+000	  1.8439584211261686e+000	  2.0036278549103392e+000	  2.0509078898911661e+000	
  1.8389932481511488e+000	  1.8279345166256420e+000	  1.7947336233470055e+000	  2.0155731024254329e+000	  2.0171936103704700e+000	  1.9729414008919539e+000	  2.0279348735622142e+000	  2.0529406460586603e+000	  2.0944970656470603e+000	  1.9356637926355400e+000	  1.8438637209313276e+000	  2.0033555086745722e+000	  2.0506023932672850e+000	
  1.8387748469526433e+000	  1.8277100384402301e+000	  1.7945376223930631e+000	  2.0152202115739937e+000	  2.0168280483179033e+000	  1.9726065942024225e+000	  2.0276102738877806e+000	  2.0525953819924525e+000	  2.0941137061472772e+000	  1.9353807694422496e+000	  1.8436446562521496e+000	  2.0029876101269855e+000	  2.0501996579221435e+000	
  1.8383619377719449e+000	  1.8272831842476749e+000	  1.7941862945191158e+000	  2.0144801436859816e+000	  2.0160613652528387e+000	  1.9719156284282147e+000	  2.0269243561660413e+000	  2.0518584382722298e+000	  2.0933051709495309e+000	  1.9348276487935974e+000	  1.8432357626687239e+000	  2.0022280817294251e+000	  2.0493629489940348e+000	
  1.8380120190095464e+000	  1.8269192147650783e+000	  1.7938951795033553e+000	  2.0138065347078205e+000	  2.0153610387509269e+000	  1.9712885774032824e+000	  2.0263051632209503e+000	  2.0511875648414315e+000	  2.0925599498622334e+000	  1.9343393473331154e+000	  1.8428905707690104e+000	  2.0015358440684503e+000	  2.0485943416500425e+000	
  1.8376220847026767e+000	  1.8265099139720600e+000	  1.7935829866496082e+000	  2.0131026120673727e+000	  2.0146262753336610e+000	  1.9706510314847026e+000	  2.0256541931119760e+000	  2.0504862536634012e+000	  2.0918058648593272e+000	  1.9338139390338644e+000	  1.8424963373043304e+000	  2.0008033358010309e+000	  2.0477875318613790e+000	
  1.8373058835377212e+000	  1.8261827031257654e+000	  1.7933352697105951e+000	  2.0123375012833891e+000	  2.0138321594148714e+000	  1.9699362899557520e+000	  2.0249648088338685e+000	  2.0497261227738131e+000	  2.0909269442914260e+000	  1.9333091438456775e+000	  1.8422025846647374e+000	  2.0000283345084036e+000	  2.0469079678004434e+000	
  1.8370124332290234e+000	  1.8258684854976230e+000	  1.7931146525866959e+000	  2.0118948652967648e+000	  2.0133635329579431e+000	  1.9695633058086897e+000	  2.0245523943003154e+000	  2.0492879577483611e+000	  2.0905049032759231e+000	  1.9329476398520538e+000	  1.8418897195441855e+000	  1.9995477764822092e+000	  2.0463890012384001e+000	
  1.8369699851073398e+000	  1.8258308632350955e+000	  1.7930844776292238e+000	  2.0116638564597338e+000	  2.0131320157766353e+000	  1.9693337882539934e+000	  2.0243414647565467e+000	  2.0490504763047421e+000	  2.0901880597312874e+000	  1.9328312481224732e+000	  1.8418711909953756e+000	  1.9993382852610817e+000	  2.0461423079562220e+000	
  1.8368058171760384e+000	  1.8256592485226135e+000	  1.7929549526394049e+000	  2.0113490927556379e+000	  2.0128029550200042e+000	  1.9690491121294829e+000	  2.0240579572522428e+000	  2.0487435588856027e+000	  2.0898532901464670e+000	  1.9325975370623634e+000	  1.8417077186359228e+000	  1.9990071752677008e+000	  2.0457731999304940e+000	
  1.8366215184799841e+000	  1.8254711613864285e+000	  1.7928252033115231e+000	  2.0108627843938378e+000	  2.0123013798639051e+000	  1.9686050551449294e+000	  2.0236209313896025e+000	  2.0482610091970459e+000	  2.0892984101013821e+000	  1.9322875411130280e+000	  1.8415452106646077e+000	  1.9985207485872962e+000	  2.0452179175635425e+000	
  1.8364590691760561e+000	  1.8253021734959225e+000	  1.7927195237844875e+000	  2.0104076263005011e+000	  2.0118283106411337e+000	  1.9681953640840404e+000	  2.0232160034201541e+000	  2.0478111887674171e+000	  2.0887824236503976e+000	  1.9320012709294041e+000	  1.8413994533377911e+000	  1.9980589029484481e+000	  2.0446883158701823e+000	
  1.8363135218670148e+000	  1.8251508039421287e+000	  1.7926341233731646e+000	  2.0099738100667675e+000	  2.0113777362147269e+000	  1.9678104538388641e+000	  2.0228313932277455e+000	  2.0473824561306198e+000	  2.0882921191076349e+000	  1.9317345616129173e+000	  1.8412726326821034e+000	  1.9976204462288165e+000	  2.0441834506027452e+000	
  1.8362440394477488e+000	  1.8250781154228704e+000	  1.7926791630720698e+000	  2.0092487138570059e+000	  2.0106230812502526e+000	  1.9671734006482342e+000	  2.0222215957440195e+000	  2.0466729243684947e+000	  2.0874218548627774e+000	  1.9313944747332858e+000	  1.8412648994318515e+000	  1.9969020799752324e+000	  2.0433145088239928e+000	
  1.8360753756791410e+000	  1.8248941157992100e+000	  1.7925673486452991e+000	  2.0090054271735505e+000	  2.0103616268010613e+000	  1.9669872032303486e+000	  2.0220000083887757e+000	  2.0464345137983262e+000	  2.0872197430070116e+000	  1.9311889383727727e+000	  1.8410856645027722e+000	  1.9966311713613916e+000	  2.0430200194352492e+000	
  1.8361189252436181e+000	  1.8249415597858940e+000	  1.7926254220968996e+000	  2.0089228117964666e+000	  2.0102814063197032e+000	  1.9669106386764206e+000	  2.0219222290885011e+000	  2.0463427827422787e+000	  2.0870761093303933e+000	  1.9311878216705733e+000	  1.8411435086830137e+000	  1.9965681654739282e+000	  2.0429387144229043e+000	
  1.8361118678765231e+000	  1.8249387261615539e+000	  1.7926264154858806e+000	  2.0088269230653077e+000	  2.0101854806221939e+000	  1.9668189972646528e+000	  2.0218446714473268e+000	  2.0462527037892060e+000	  2.0869472415093133e+000	  1.9311401582088419e+000	  1.8411523199118878e+000	  1.9964787680195815e+000	  2.0428275949239634e+000	
  1.8361012988491123e+000	  1.8249317536331913e+000	  1.7926482353592228e+000	  2.0086136583850323e+000	  2.0099676494176797e+000	  1.9666297792842811e+000	  2.0216673875476388e+000	  2.0460466699116280e+000	  2.0866888497468787e+000	  1.9310437204406252e+000	  1.8411689997230842e+000	  1.9962744296703892e+000	  2.0425768808730487e+000	
  1.8361178892816115e+000	  1.8249513593072011e+000	  1.7926997813480485e+000	  2.0084274033282776e+000	  2.0097765166913999e+000	  1.9664702804521492e+000	  2.0215160838256958e+000	  2.0458659586723793e+000	  2.0864577723689894e+000	  1.9309765721338552e+000	  1.8412125626868432e+000	  1.9960979969590511e+000	  2.0423548841642583e+000	
  1.8361270349086289e+000	  1.8249613227214025e+000	  1.7927503254740673e+000	  2.0082388205697250e+000	  2.0095813041737314e+000	  1.9663154203691853e+000	  2.0213623721619500e+000	  2.0456826793286020e+000	  2.0862327956936233e+000	  1.9309037391287265e+000	  1.8412461980136610e+000	  1.9959159985865103e+000	  2.0421279827471959e+000	
  1.8362706645409919e+000	  1.8251135147089304e+000	  1.7929652121357300e+000	  2.0079707095961123e+000	  2.0093057902359872e+000	  1.9661014410893267e+000	  2.0211662991699928e+000	  2.0454268813484386e+000	  2.0858718794484927e+000	  1.9308793615340347e+000	  1.8414516243560186e+000	  1.9956736972125124e+000	  2.0417936954893552e+000	
  1.8364168508287921e+000	  1.8252667870515706e+000	  1.7931933658674117e+000	  2.0077215280726821e+000	  2.0090492592045304e+000	  1.9659181034559334e+000	  2.0209866840417319e+000	  2.0451894135821607e+000	  2.0855468067443796e+000	  1.9308633202070737e+000	  1.8416596005542316e+000	  1.9954497656328196e+000	  2.0414815636432748e+000	
  1.8367523139728026e+000	  1.8256198547847866e+000	  1.7935830221351199e+000	  2.0076644826740191e+000	  2.0089935212060088e+000	  1.9658982256981019e+000	  2.0210009404374034e+000	  2.0451483216455713e+000	  2.0853917453116169e+000	  1.9310424341312764e+000	  1.8420718455507730e+000	  1.9954331373502885e+000	  2.0413777484343658e+000	
  1.8366060698232380e+000	  1.8254613357682516e+000	  1.7934873253185120e+000	  2.0074987987548005e+000	  2.0088132569570738e+000	  1.9657872287978213e+000	  2.0208565935872200e+000	  2.0449925270515186e+000	  2.0852951913293376e+000	  1.9308789939914395e+000	  1.8419227279063688e+000	  1.9952427836160747e+000	  2.0411705797052448e+000	
  1.8367073074014892e+000	  1.8255638728147345e+000	  1.7936052593283520e+000	  2.0074971877732839e+000	  2.0088146480186753e+000	  1.9657938786296043e+000	  2.0208476690581558e+000	  2.0449742296823223e+000	  2.0852437858966923e+000	  1.9309508859236901e+000	  1.8420308068574238e+000	  1.9952616304614590e+000	  2.0411827255235866e+000	
  1.8367698772875298e+000	  1.8256327791065741e+000	  1.7936670643025519e+000	  2.0075058406662420e+000	  2.0088274140413116e+000	  1.9657987630933151e+000	  2.0208658650767770e+000	  2.0449855966990333e+000	  2.0852133911945074e+000	  1.9309892369040025e+000	  1.8421093853643853e+000	  1.9952829368304417e+000	  2.0411924735787954e+000	
  1.8368551939607280e+000	  1.8257268197854255e+000	  1.7937556329955395e+000	  2.0074979127119739e+000	  2.0088235732305728e+000	  1.9657896835022706e+000	  2.0208779171220987e+000	  2.0449860977688745e+000	  2.0851733470807696e+000	  1.9310330812799943e+000	  1.8422204663786923e+000	  1.9952892907331736e+000	  2.0411764945979893e+000	
  1.8369424181891851e+000	  1.8258209314329854e+000	  1.7938542679913780e+000	  2.0074880731955527e+000	  2.0088164934855883e+000	  1.9657869983515828e+000	  2.0208860244612463e+000	  2.0449816658120628e+000	  2.0851409095712548e+000	  1.9310804905993166e+000	  1.8423312366258722e+000	  1.9952929939857340e+000	  2.0411586137035300e+000	
  1.8370246663640821e+000	  1.8259082908247490e+000	  1.7939535671580580e+000	  2.0074745100253595e+000	  2.0088041907195615e+000	  1.9657867253456636e+000	  2.0208903094651993e+000	  2.0449725667027350e+000	  2.0851098904244463e+000	  1.9311241531414478e+000	  1.8424351155695808e+000	  1.9952910363370624e+000	  2.0411352401261889e+000	
  1.8373584585798475e+000	  1.8262585366421626e+000	  1.7943452422186439e+000	  2.0074846677679972e+000	  2.0088186647159003e+000	  1.9658412109724961e+000	  2.0209588679989339e+000	  2.0449953139708974e+000	  2.0850524912368762e+000	  1.9313288920885245e+000	  1.8428423353458379e+000	  1.9953428130072695e+000	  2.0411163613321550e+000	
  1.8377709013106109e+000	  1.8266929836969463e+000	  1.7948095001674236e+000	  2.0075808191258329e+000	  2.0089239254953539e+000	  1.9659750596918679e+000	  2.0211139116886243e+000	  2.0451073645227207e+000	  2.0850782133425518e+000	  1.9316180539910048e+000	  1.8433355830653320e+000	  1.9954873456046773e+000	  2.0411917532532624e+000	
  1.8378313207887318e+000	  1.8267569978473668e+000	  1.7949150419126982e+000	  2.0075357460868468e+000	  2.0088786163117494e+000	  1.9659714313973606e+000	  2.0210912522806739e+000	  2.0450686136431546e+000	  2.0850407235443869e+000	  1.9316362133630320e+000	  1.8434224923725906e+000	  1.9954530370266144e+000	  2.0411320193365396e+000	
  1.8380357746123377e+000	  1.8269757863569442e+000	  1.7951304144008740e+000	  2.0076128021124893e+000	  2.0089658243939632e+000	  1.9660514460715177e+000	  2.0211845108490420e+000	  2.0451487893973468e+000	  2.0850646419108907e+000	  1.9317944075357620e+000	  1.8436624675845534e+000	  1.9955603627471512e+000	  2.0412168651789280e+000	
  1.8381700955704725e+000	  1.8271179478455195e+000	  1.7952850896574688e+000	  2.0076429319621356e+000	  2.0089991815073667e+000	  1.9660981191524127e+000	  2.0212380651473345e+000	  2.0451870797942737e+000	  2.0850791764552161e+000	  1.9318851376890289e+000	  1.8438280824149520e+000	  1.9956068704400700e+000	  2.0412383564837939e+000	
  1.8385941195426407e+000	  1.8275649491282273e+000	  1.7957550537992999e+000	  2.0077945137561319e+000	  2.0091635928276754e+000	  1.9662832171951798e+000	  2.0214384503210825e+000	  2.0453516304221413e+000	  2.0851701151983768e+000	  1.9322033403337888e+000	  1.8443317772780803e+000	  1.9958106734126808e+000	  2.0413846372694531e+000	
