0.00022048	0.00022392	0.00022587	0.00011661	0.00010868	0.00010256	8.7303e-005	7.2205e-005	7.3556e-005	0.00013061	NaN	NaN	NaN
0.00019957	0.00020389	0.00020618	8.5235e-005	8.0505e-005	7.8445e-005	7.7621e-005	6.657e-005	7.029e-005	0.00011785	NaN	NaN	NaN
0.00019647	0.00020051	0.00020231	8.3271e-005	7.8902e-005	7.733e-005	7.4323e-005	6.4316e-005	6.903e-005	0.00011579	NaN	NaN	NaN
0.00020297	0.00020627	0.00020722	9.6322e-005	9.1399e-005	8.925e-005	7.3685e-005	6.3495e-005	6.8995e-005	0.00011928	NaN	NaN	NaN
0.00020849	0.00021125	0.00021145	0.00010609	0.00010158	0.00010001	7.2592e-005	6.2982e-005	6.9855e-005	0.00012208	NaN	NaN	NaN
0.00021417	0.00021647	0.00021585	0.000116	0.00011256	0.00011239	7.0983e-005	6.2459e-005	7.0785e-005	0.00012471	NaN	NaN	NaN
0.00021867	0.00022067	0.00021918	0.0001227	0.00012122	0.00012354	6.862e-005	6.2152e-005	7.2012e-005	0.00012644	NaN	NaN	NaN
0.00021923	0.0002213	0.00021907	0.00012072	0.00012229	0.00012841	6.4977e-005	6.1999e-005	7.3988e-005	0.00012621	NaN	NaN	NaN
0.00020795	0.00021032	0.00020679	0.00010276	0.00010838	0.00011815	5.7327e-005	5.9672e-005	7.2345e-005	0.0001192	NaN	NaN	NaN
0.00019752	0.00020011	0.00019489	8.5153e-005	9.582e-005	0.00010874	5.0243e-005	5.8673e-005	7.0858e-005	0.00011254	NaN	NaN	NaN
0.0001905	0.00019327	0.00018678	7.183e-005	9.0235e-005	0.00010594	4.3488e-005	5.9632e-005	7.0056e-005	0.00010774	NaN	NaN	NaN
0.00018865	0.00019137	0.00018504	7.1103e-005	8.9476e-005	0.000105	4.2671e-005	5.8632e-005	6.8656e-005	0.00010629	NaN	NaN	NaN
0.00018871	0.00019136	0.00018539	7.273e-005	9.1288e-005	0.00010704	4.2177e-005	5.8032e-005	6.7886e-005	0.00010593	NaN	NaN	NaN
0.0001966	0.000199	0.00019432	8.285e-005	0.00010208	0.00011976	4.3489e-005	5.9436e-005	7.0482e-005	0.00011009	NaN	NaN	NaN
0.00020593	0.00020845	0.00020459	9.5315e-005	0.00011561	0.0001346	4.5014e-005	6.1761e-005	7.3099e-005	0.00011479	NaN	NaN	NaN
0.00021165	0.00021422	0.00021135	0.00010262	0.00012344	0.00014367	4.6018e-005	6.3104e-005	7.5314e-005	0.00011756	NaN	NaN	NaN
0.00021247	0.00021503	0.00021242	0.0001044	0.00012541	0.00014576	4.5999e-005	6.3133e-005	7.5085e-005	0.0001175	NaN	NaN	NaN
0.00020734	0.00020984	0.00020699	9.9147e-005	0.00011992	0.00013957	4.4729e-005	6.1431e-005	7.2557e-005	0.0001143	NaN	NaN	NaN
0.00019689	0.00019936	0.00019559	8.8283e-005	0.00010845	0.0001262	4.2266e-005	5.8264e-005	6.7568e-005	0.00010811	NaN	NaN	NaN
0.00019018	0.00019258	0.00018838	8.1045e-005	0.00010068	0.00011727	4.0856e-005	5.6345e-005	6.4689e-005	0.00010412	NaN	NaN	NaN
0.00018778	0.00019019	0.00018602	7.9082e-005	9.8627e-005	0.00011489	4.0207e-005	5.55e-005	6.3423e-005	0.00010244	NaN	NaN	NaN
0.00018457	0.00018693	0.00018248	7.4866e-005	9.3995e-005	0.00010956	3.9568e-005	5.446e-005	6.183e-005	0.00010035	NaN	NaN	NaN
0.00018174	0.00018405	0.00017936	7.1142e-005	8.985e-005	0.00010474	3.9013e-005	5.3535e-005	6.0404e-005	9.8466e-005	NaN	NaN	NaN
0.00017525	0.00017746	0.0001722	6.3182e-005	8.0783e-005	9.4099e-005	3.7937e-005	5.1865e-005	5.801e-005	9.4631e-005	NaN	NaN	NaN
0.00014791	0.00014976	0.00014516	4.775e-005	5.9913e-005	7.2436e-005	3.3491e-005	4.6752e-005	5.1287e-005	8.0017e-005	0.00011694	5.1907e-005	3.0391e-005
0.00012976	0.00013096	0.00012579	3.2971e-005	4.0893e-005	4.902e-005	3.0385e-005	4.2691e-005	4.619e-005	6.9786e-005	0.00010149	3.3533e-005	3.0907e-005
0.00011988	0.00012067	0.00011534	2.6601e-005	3.2156e-005	3.7733e-005	2.8945e-005	4.0638e-005	4.394e-005	6.4178e-005	9.2675e-005	2.5686e-005	3.236e-005
0.00011108	0.00011152	0.00010521	2.1641e-005	2.5097e-005	2.7787e-005	2.8328e-005	3.9535e-005	4.2472e-005	5.9092e-005	8.5422e-005	1.9905e-005	3.5899e-005
0.00010993	0.00011035	0.00010385	2.1127e-005	2.4287e-005	2.6501e-005	2.837e-005	3.9389e-005	4.2226e-005	5.8272e-005	8.4413e-005	1.9284e-005	3.7598e-005
0.00010989	0.00011037	0.0001039	2.1253e-005	2.442e-005	2.6584e-005	2.8357e-005	3.9253e-005	4.1956e-005	5.8087e-005	8.427e-005	1.9393e-005	3.8326e-005
