 -6.0059703576376133e-001	 -6.0059703576376133e-001	 -6.0059703576409440e-001	 -6.0059703576376133e-001	 -6.0059703576376133e-001	 -6.0059703576376133e-001	 -6.0059703576398338e-001	 -6.0059703576398338e-001	 -6.0059703576409440e-001	 -6.0059703576431644e-001	 -6.0059703576398338e-001	 -6.0059703576398338e-001	 -6.0059703576398338e-001	
 -6.0059703576376133e-001	 -6.0059703576376133e-001	 -6.0059703576431644e-001	 -6.0059703576376133e-001	 -6.0059703576376133e-001	 -6.0059703576376133e-001	 -6.0059703576376133e-001	 -6.0059703576398338e-001	 -6.0059703576398338e-001	 -6.0059703576431644e-001	 -6.0059703576398338e-001	 -6.0059703576398338e-001	 -6.0059703576398338e-001	
 -6.0059703576376133e-001	 -6.0059703576376133e-001	 -6.0059703576409440e-001	 -6.0059703576376133e-001	 -6.0059703576376133e-001	 -6.0059703576398338e-001	 -6.0059703576376133e-001	 -6.0059703576409440e-001	 -6.0059703576398338e-001	 -6.0059703576409440e-001	 -6.0059703576409440e-001	 -6.0059703576398338e-001	 -6.0059703576376133e-001	
 -6.0059703576376133e-001	 -6.0059703576376133e-001	 -6.0059703576409440e-001	 -6.0059703576376133e-001	 -6.0059703576376133e-001	 -6.0059703576398338e-001	 -6.0059703576376133e-001	 -6.0059703576409440e-001	 -6.0059703576398338e-001	 -6.0059703576409440e-001	 -6.0059703576376133e-001	 -6.0059703576398338e-001	 -6.0059703576376133e-001	
 -6.0059703576376133e-001	 -6.0059703576376133e-001	 -6.0059703576409440e-001	 -6.0059703576376133e-001	 -6.0059703576376133e-001	 -6.0059703576398338e-001	 -6.0059703576398338e-001	 -6.0059703576409440e-001	 -6.0059703576398338e-001	 -6.0059703576398338e-001	 -6.0059703576376133e-001	 -6.0059703576376133e-001	 -6.0059703576398338e-001	
 -6.0059703576376133e-001	 -6.0059703576376133e-001	 -6.0059703576409440e-001	 -6.0059703576376133e-001	 -6.0059703576376133e-001	 -6.0059703576409440e-001	 -6.0059703576376133e-001	 -6.0059703576409440e-001	 -6.0059703576376133e-001	 -6.0059703576398338e-001	 -6.0059703576376133e-001	 -6.0059703576376133e-001	 -6.0059703576398338e-001	
 -6.0059703576376133e-001	 -6.0059703576376133e-001	 -6.0059703576409440e-001	 -6.0059703576376133e-001	 -6.0059703576376133e-001	 -6.0059703576409440e-001	 -6.0059703576376133e-001	 -6.0059703576431644e-001	 -6.0059703576398338e-001	 -6.0059703576398338e-001	 -6.0059703576376133e-001	 -6.0059703576376133e-001	 -6.0059703576398338e-001	
 -6.0059703576398338e-001	 -6.0059703576398338e-001	 -6.0059703576409440e-001	 -6.0059703576376133e-001	 -6.0059703576376133e-001	 -6.0059703576409440e-001	 -6.0059703576376133e-001	 -6.0059703576431644e-001	 -6.0059703576398338e-001	 -6.0059703576398338e-001	 -6.0059703576376133e-001	 -6.0059703576409440e-001	 -6.0059703576398338e-001	
 -6.0059703576464951e-001	 -6.0059703576464951e-001	 -6.0059703576409440e-001	 -6.0059703576376133e-001	 -6.0059703576376133e-001	 -6.0059703576431644e-001	 -6.0059703576376133e-001	 -6.0059703576464951e-001	 -6.0059703576498258e-001	 -6.0059703576609280e-001	 -6.0059703577031165e-001	 -6.0059703578074775e-001	 -6.0059703575843226e-001	
 -6.0059703576575973e-001	 -6.0059703576575973e-001	 -6.0059703576409440e-001	 -6.0059703576376133e-001	 -6.0059703576376133e-001	 -6.0059703576442747e-001	 -6.0059703576398338e-001	 -6.0059703576498258e-001	 -6.0059703576598178e-001	 -6.0059703576875734e-001	 -6.0059703577808321e-001	 -6.0059703579995460e-001	 -6.0059703575199297e-001	
 -6.0059703593862146e-001	 -6.0059703593862146e-001	 -6.0059703577330925e-001	 -6.0059703577297618e-001	 -6.0059703577297618e-001	 -6.0059703577364232e-001	 -6.0059703578230206e-001	 -6.0059703576675894e-001	 -6.0059703577430845e-001	 -6.0059703581560875e-001	 -6.0059703603054793e-001	 -6.0059703676829113e-001	 -6.0059704506720824e-001	
 -6.0059703636894390e-001	 -6.0059703636894390e-001	 -6.0059703580161994e-001	 -6.0059703580117585e-001	 -6.0059703580117585e-001	 -6.0059703580195301e-001	 -6.0059703583781321e-001	 -6.0059703599180114e-001	 -6.0059703624815164e-001	 -6.0059703732184833e-001	 -6.0059704109927115e-001	 -6.0059704893589139e-001	 -6.0059706309800731e-001	
 -6.0059703718828850e-001	 -6.0059703718828850e-001	 -6.0059703585035873e-001	 -6.0059703584980362e-001	 -6.0059703584980362e-001	 -6.0059703585113589e-001	 -6.0059703593440261e-001	 -6.0059703621218041e-001	 -6.0059703669668174e-001	 -6.0059703888426519e-001	 -6.0059704681614257e-001	 -6.0059707966175768e-001	 -6.0059710456294990e-001	
 -6.0059706064585772e-001	 -6.0059706064585772e-001	 -6.0059703712556090e-001	 -6.0059703712334045e-001	 -6.0059703712334045e-001	 -6.0059703713455370e-001	 -6.0059703602644010e-001	 -6.0059703673043252e-001	 -6.0059703940151810e-001	 -6.0059705528459073e-001	 -6.0059733762984902e-001	 -6.0059749994323397e-001	 -6.0059787290178690e-001	
 -6.0059711182824937e-001	 -6.0059711182824937e-001	 -6.0059704038961659e-001	 -6.0059704038362138e-001	 -6.0059704038362138e-001	 -6.0059704041903750e-001	 -6.0059703765857897e-001	 -6.0059705805515229e-001	 -6.0059709410620332e-001	 -6.0059722795879900e-001	 -6.0059845592019823e-001	 -6.0059906537845986e-001	 -6.0059931737654892e-001	
 -6.0059720495531099e-001	 -6.0059720495531099e-001	 -6.0059704616399756e-001	 -6.0059704615111897e-001	 -6.0059704615111897e-001	 -6.0059704623205423e-001	 -6.0059703994563840e-001	 -6.0059708998005945e-001	 -6.0059719659177890e-001	 -6.0059827831315804e-001	 -6.0059998349615284e-001	 -6.0060080887136547e-001	 -6.0060140725615163e-001	
 -6.0059754361396767e-001	 -6.0059754361396767e-001	 -6.0059706542636704e-001	 -6.0059706539017377e-001	 -6.0059706539050683e-001	 -6.0059706566073512e-001	 -6.0059704165704719e-001	 -6.0059711551263550e-001	 -6.0059728729489059e-001	 -6.0060174372289499e-001	 -6.0060437158915292e-001	 -6.0060558582031298e-001	 -6.0060664118100071e-001	
 -6.0059819062174835e-001	 -6.0059819062174835e-001	 -6.0059710176652015e-001	 -6.0059710168358649e-001	 -6.0059710168858249e-001	 -6.0059707445914157e-001	 -6.0059704205128739e-001	 -6.0059711913995617e-001	 -6.0059731533401717e-001	 -6.0060812191242707e-001	 -6.0061164080871254e-001	 -6.0061330615057695e-001	 -6.0061503041564102e-001	
 -6.0059929056588413e-001	 -6.0059929056588413e-001	 -6.0059716395566287e-001	 -6.0059716378135786e-001	 -6.0059716381710704e-001	 -6.0059707688475683e-001	 -6.0059704198711650e-001	 -6.0059711172977259e-001	 -6.0060346868240355e-001	 -6.0061832450575281e-001	 -6.0062278582639905e-001	 -6.0062508655844837e-001	 -6.0062765149726527e-001	
 -6.0060100316783327e-001	 -6.0060100316783327e-001	 -6.0059726176320272e-001	 -6.0059726141881153e-001	 -6.0059726157191129e-001	 -6.0059707719228861e-001	 -6.0059704184567408e-001	 -6.0059710161208812e-001	 -6.0061680518741500e-001	 -6.0063293804257789e-001	 -6.0063841663504647e-001	 -6.0064150975303043e-001	 -6.0064486965838437e-001	
 -6.0060579520249124e-001	 -6.0060579521359347e-001	 -6.0059753981089870e-001	 -6.0059753882357736e-001	 -6.0059753980989949e-001	 -6.0059707599369183e-001	 -6.0059704197312769e-001	 -6.0059712083226913e-001	 -6.0065348841820132e-001	 -6.0066936192204601e-001	 -6.0067701090926739e-001	 -6.0068126317280868e-001	 -6.0068527125511917e-001	
 -6.0061356327778537e-001	 -6.0061356344132122e-001	 -6.0059799965117566e-001	 -6.0059799718059637e-001	 -6.0059800104794725e-001	 -6.0059707586479494e-001	 -6.0059704296033800e-001	 -6.0059722103522617e-001	 -6.0069940310547576e-001	 -6.0072271795008625e-001	 -6.0073190962717238e-001	 -6.0073471340504891e-001	 -6.0073800108328967e-001	
 -6.0062489944567865e-001	 -6.0062490044388017e-001	 -6.0059868548179018e-001	 -6.0059868005979400e-001	 -6.0059827884140216e-001	 -6.0059707655568673e-001	 -6.0059704447756879e-001	 -6.0065863822733601e-001	 -6.0075488714383951e-001	 -6.0079087942588316e-001	 -6.0079581963445872e-001	 -6.0079611614205497e-001	 -6.0079983087202304e-001	
 -6.0064018390904028e-001	 -6.0064018765060290e-001	 -6.0059963238900949e-001	 -6.0059962181036042e-001	 -6.0059834386350097e-001	 -6.0059707705506504e-001	 -6.0059704529413782e-001	 -6.0075445464669031e-001	 -6.0082305709618922e-001	 -6.0085346309646237e-001	 -6.0086025892014394e-001	 -6.0086299734174453e-001	 -6.0086800024927722e-001	
 -6.0065958007426978e-001	 -6.0065959034116823e-001	 -6.0060086541335878e-001	 -6.0060084672974856e-001	 -6.0059832166858840e-001	 -6.0059707705351073e-001	 -6.0059704501436162e-001	 -6.0084728705345203e-001	 -6.0090249785771377e-001	 -6.0090563521320028e-001	 -6.0092648066611964e-001	 -6.0093709415087737e-001	 -6.0094220400974674e-001	
 -6.0069734260081997e-001	 -6.0069737569390380e-001	 -6.0060335502898354e-001	 -6.0060331653544186e-001	 -6.0059826348846101e-001	 -6.0059707688053798e-001	 -6.0059704422876781e-001	 -6.0098261518271023e-001	 -6.0102559249886056e-001	 -6.0102395593586433e-001	 -6.0104685244288802e-001	 -6.0105730411452729e-001	 -6.0106282084271268e-001	
 -6.0074407072308045e-001	 -6.0074415000965775e-001	 -6.0060658134319933e-001	 -6.0060651247140218e-001	 -6.0059824601699230e-001	 -6.0059707672310836e-001	 -6.0059704470061259e-001	 -6.0110684417669091e-001	 -6.0114620854623269e-001	 -6.0116427667278316e-001	 -6.0117404639703498e-001	 -6.0117718352203919e-001	 -6.0118329018132854e-001	
 -6.0079845612281968e-001	 -6.0079861259310086e-001	 -6.0061052934190506e-001	 -6.0061041857428776e-001	 -6.0059825454328308e-001	 -6.0059707667503570e-001	 -6.0059705220960602e-001	 -6.0122979625110151e-001	 -6.0126291183348890e-001	 -6.0128448976881632e-001	 -6.0128842406403926e-001	 -6.0129215905779798e-001	 -6.0129753681614773e-001	
 -6.0085865640935321e-001	 -6.0085892584371692e-001	 -6.0061514630893598e-001	 -6.0061498265973068e-001	 -6.0059826406655414e-001	 -6.0059707669546381e-001	 -6.0059722679706162e-001	 -6.0134560604974130e-001	 -6.0137055820275176e-001	 -6.0138235797435602e-001	 -6.0138958099043016e-001	 -6.0139534277225959e-001	 -6.0139987712803933e-001	
 -6.0092240513243134e-001	 -6.0092282502544059e-001	 -6.0062034427632582e-001	 -6.0062011962336292e-001	 -6.0059826711233999e-001	 -6.0059707670290230e-001	 -6.0059751380903137e-001	 -6.0144410632045897e-001	 -6.0146251051074184e-001	 -6.0147016770495387e-001	 -6.0147769844143273e-001	 -6.0148135190418728e-001	 -6.0148490494582596e-001	
 -6.0099298538685009e-001	 -6.0099361027809994e-001	 -6.0062653115078302e-001	 -6.0062304419683521e-001	 -6.0059826652103521e-001	 -6.0059707673998375e-001	 -6.0059754651620167e-001	 -6.0152610839703247e-001	 -6.0153958988329315e-001	 -6.0154662556799465e-001	 -6.0155046260090828e-001	 -6.0155231212744020e-001	 -6.0155472604883631e-001	
 -6.0106225322553719e-001	 -6.0106312301400067e-001	 -6.0062973012653398e-001	 -6.0062359475432370e-001	 -6.0059826535330263e-001	 -6.0059707679849250e-001	 -6.0059678989354826e-001	 -6.0158515278385671e-001	 -6.0159486530908524e-001	 -6.0160014708254828e-001	 -6.0160210592330454e-001	 -6.0160367364259226e-001	 -6.0160542408005391e-001	
 -6.0112871016193559e-001	 -6.0112986174576388e-001	 -6.0063031493162722e-001	 -6.0062330586030388e-001	 -6.0059826492298019e-001	 -6.0059707683390862e-001	 -6.0094461066018123e-001	 -6.0163084359476926e-001	 -6.0163814402636184e-001	 -6.0164183259225901e-001	 -6.0164414201713257e-001	 -6.0164568967091547e-001	 -6.0164729896583502e-001	
 -6.0119221794419087e-001	 -6.0119368756073044e-001	 -6.0062999279653084e-001	 -6.0062307400388093e-001	 -6.0059826499636593e-001	 -6.0059707684101404e-001	 -6.0141495538001966e-001	 -6.0167385186704614e-001	 -6.0168059157961196e-001	 -6.0168433396601273e-001	 -6.0168695220474966e-001	 -6.0168850320518885e-001	 -6.0169025155598632e-001	
 -6.0125361856744330e-001	 -6.0125544515199358e-001	 -6.0062974140651093e-001	 -6.0062304205221739e-001	 -6.0059826514147208e-001	 -6.0059707675985674e-001	 -6.0162484763570667e-001	 -6.0172177621276024e-001	 -6.0172913693912200e-001	 -6.0173361440585271e-001	 -6.0173628412574232e-001	 -6.0173799561991093e-001	 -6.0173997577228633e-001	
 -6.0134401102940327e-001	 -6.0134645695431033e-001	 -6.0062953394779406e-001	 -6.0062308500830053e-001	 -6.0059826530656224e-001	 -6.0059707664017470e-001	 -6.0173494519821791e-001	 -6.0180699257716963e-001	 -6.0181580249296651e-001	 -6.0182106911443878e-001	 -6.0182422695664872e-001	 -6.0182629502414375e-001	 -6.0182867283797847e-001	
 -6.0143549318614209e-001	 -6.0143867604156576e-001	 -6.0062958532824950e-001	 -6.0062314051179122e-001	 -6.0059826531977389e-001	 -6.0059707650006455e-001	 -6.0184407245644778e-001	 -6.0190925053082989e-001	 -6.0191878067761273e-001	 -6.0192449326967878e-001	 -6.0192801699132659e-001	 -6.0193035536171280e-001	 -6.0193296230015569e-001	
 -6.0153006996188640e-001	 -6.0153411453811589e-001	 -6.0062967512897192e-001	 -6.0062315865738736e-001	 -6.0059826525438176e-001	 -6.0059707641957338e-001	 -6.0200112819641660e-001	 -6.0202204153669836e-001	 -6.0203184859208836e-001	 -6.0203771153821695e-001	 -6.0204141245889797e-001	 -6.0204377285821842e-001	 -6.0204649362105567e-001	
 -6.0162842993805032e-001	 -6.0163345119423894e-001	 -6.0062971232788254e-001	 -6.0062315464215477e-001	 -6.0059826567804286e-001	 -6.0059707299364717e-001	 -6.0212781161173012e-001	 -6.0213931682839839e-001	 -6.0214938844005417e-001	 -6.0215525165396855e-001	 -6.0215914605010745e-001	 -6.0216142089175584e-001	 -6.0216414332148194e-001	
 -6.0173041711242270e-001	 -6.0173651455153188e-001	 -6.0062971072594173e-001	 -6.0062314831421659e-001	 -6.0059826605707300e-001	 -6.0059707026061115e-001	 -6.0223849984863964e-001	 -6.0225937793012552e-001	 -6.0226942047192367e-001	 -6.0227542133528544e-001	 -6.0227919946465036e-001	 -6.0228163671327550e-001	 -6.0228444338228382e-001	
 -6.0185740366158758e-001	 -6.0186490052949182e-001	 -6.0062969877949790e-001	 -6.0062314470998857e-001	 -6.0059826622294032e-001	 -6.0059705542436781e-001	 -6.0238187073924365e-001	 -6.0240480726958534e-001	 -6.0241443315234289e-001	 -6.0242026746148980e-001	 -6.0242385580200342e-001	 -6.0242624669226696e-001	 -6.0242895899231819e-001	
 -6.0198751558504515e-001	 -6.0199648592829114e-001	 -6.0062969288932067e-001	 -6.0062314511888371e-001	 -6.0059826607050670e-001	 -6.0059703558568156e-001	 -6.0253130312348802e-001	 -6.0254719671715140e-001	 -6.0255596074265672e-001	 -6.0256148502213502e-001	 -6.0256478367382016e-001	 -6.0256705886141404e-001	 -6.0256959829874113e-001	
 -6.0211926690079132e-001	 -6.0212974393358820e-001	 -6.0062969307916880e-001	 -6.0062314630826563e-001	 -6.0059826587954834e-001	 -6.0059698616254931e-001	 -6.0267141535752522e-001	 -6.0268420097187025e-001	 -6.0269247119604241e-001	 -6.0269760298758968e-001	 -6.0270079645741159e-001	 -6.0270293109088158e-001	 -6.0270538809514829e-001	
 -6.0215888905335024e-001	 -6.0216981814120718e-001	 -6.0062969356167173e-001	 -6.0062314638198444e-001	 -6.0059826586456033e-001	 -6.0059697426029235e-001	 -6.0271030536929171e-001	 -6.0272406466033157e-001	 -6.0273229995944089e-001	 -6.0273732414828363e-001	 -6.0274050412345570e-001	 -6.0274259493098281e-001	 -6.0274502239621164e-001	
 -6.0219849477172183e-001	 -6.0220987270898085e-001	 -6.0062969371110775e-001	 -6.0062314636766256e-001	 -6.0059826554759166e-001	 -6.0059710815096867e-001	 -6.0274910210078581e-001	 -6.0276365520839370e-001	 -6.0277183932999634e-001	 -6.0277701324684685e-001	 -6.0277994675383972e-001	 -6.0278115297174306e-001	 -6.0278285186754488e-001	
 -6.0223808026904635e-001	 -6.0224990299584391e-001	 -6.0062969369978347e-001	 -6.0062314633935188e-001	 -6.0059826517266934e-001	 -6.0105942086474684e-001	 -6.0278848620864967e-001	 -6.0280303633730714e-001	 -6.0281110435300711e-001	 -6.0281602403000623e-001	 -6.0281910919868231e-001	 -6.0282145422285716e-001	 -6.0282451457382979e-001	
 -6.0227767207687855e-001	 -6.0228993688626886e-001	 -6.0062969366148078e-001	 -6.0062314633002600e-001	 -6.0059826506853042e-001	 -6.0158724545833486e-001	 -6.0282853008453152e-001	 -6.0284270843169452e-001	 -6.0285078786370683e-001	 -6.0285562933404258e-001	 -6.0285895848855020e-001	 -6.0286147316268579e-001	 -6.0286390182395788e-001	
 -6.0231731416804379e-001	 -6.0233002077558773e-001	 -6.0062969363838814e-001	 -6.0062314633646530e-001	 -6.0059826522107507e-001	 -6.0218347400198269e-001	 -6.0286906428330678e-001	 -6.0288314868872650e-001	 -6.0289136638436158e-001	 -6.0289642048105829e-001	 -6.0289971299798406e-001	 -6.0290173081800624e-001	 -6.0290404840290801e-001	
 -6.0240316674142758e-001	 -6.0241683709494342e-001	 -6.0062969361818208e-001	 -6.0062314634201641e-001	 -6.0059826534764049e-001	 -6.0291142346668991e-001	 -6.0295860349479646e-001	 -6.0297300388612030e-001	 -6.0298141915315906e-001	 -6.0298662066837760e-001	 -6.0298994079710511e-001	 -6.0299209296788003e-001	 -6.0299467927749095e-001	
 -6.0248983540844847e-001	 -6.0250449568566289e-001	 -6.0062969361485141e-001	 -6.0062314634512504e-001	 -6.0059826549052620e-001	 -6.0311003790169959e-001	 -6.0305123640225222e-001	 -6.0306596074044538e-001	 -6.0307449247931633e-001	 -6.0307975802720293e-001	 -6.0308313128576430e-001	 -6.0308537644826465e-001	 -6.0308801709640925e-001	
 -6.0257752484293992e-001	 -6.0259320738942357e-001	 -6.0062969366314611e-001	 -6.0062314633335667e-001	 -6.0059825864122729e-001	 -6.0315865094462406e-001	 -6.0314623288471036e-001	 -6.0316106382229950e-001	 -6.0316966860907151e-001	 -6.0317489025629722e-001	 -6.0317834641809842e-001	 -6.0318057426889116e-001	 -6.0318322078423137e-001	
 -6.0266632195249414e-001	 -6.0268305849164872e-001	 -6.0062969371210695e-001	 -6.0062314633435587e-001	 -6.0059824550273699e-001	 -6.0322102369725350e-001	 -6.0324281074908281e-001	 -6.0325761063750871e-001	 -6.0326622452921974e-001	 -6.0327146262817433e-001	 -6.0327492586165210e-001	 -6.0327718766262084e-001	 -6.0327986958952362e-001	
 -6.0278425984749973e-001	 -6.0280241595644934e-001	 -6.0062969374319319e-001	 -6.0062314633968494e-001	 -6.0059823241909172e-001	 -6.0333844546356374e-001	 -6.0337058172643676e-001	 -6.0338524467318244e-001	 -6.0339378311091707e-001	 -6.0339906800921383e-001	 -6.0340248399126661e-001	 -6.0340476185483105e-001	 -6.0340744168840832e-001	
 -6.0290379737915067e-001	 -6.0292340207290795e-001	 -6.0062969374297115e-001	 -6.0062314633979597e-001	 -6.0059824429137265e-001	 -6.0347721443032576e-001	 -6.0349820597549453e-001	 -6.0351249678691765e-001	 -6.0352080415448928e-001	 -6.0352595124235631e-001	 -6.0352927363560571e-001	 -6.0353148687186664e-001	 -6.0353409618318921e-001	
 -6.0302432528314132e-001	 -6.0304537906274991e-001	 -6.0062969374052866e-001	 -6.0062314632935987e-001	 -6.0059824760805292e-001	 -6.0360525206037963e-001	 -6.0362345206832480e-001	 -6.0363708233945879e-001	 -6.0364500821685763e-001	 -6.0364993102313136e-001	 -6.0365311286292300e-001	 -6.0365524189098796e-001	 -6.0365775436188596e-001	
 -6.0314514550285914e-001	 -6.0316762146606084e-001	 -6.0062969374130581e-001	 -6.0062314632014502e-001	 -6.0059819340729792e-001	 -6.0372293295796187e-001	 -6.0374548554076313e-001	 -6.0375846983984349e-001	 -6.0376607751466693e-001	 -6.0377081527607235e-001	 -6.0377389960886152e-001	 -6.0377596057981098e-001	 -6.0377840160363849e-001	
 -6.0326581467928797e-001	 -6.0328967283163060e-001	 -6.0062969374463648e-001	 -6.0062314632436387e-001	 -6.0059808797385816e-001	 -6.0384087903297967e-001	 -6.0386551446345305e-001	 -6.0387814006013230e-001	 -6.0388560570900918e-001	 -6.0389027848639643e-001	 -6.0389333340771234e-001	 -6.0389538122240793e-001	 -6.0389781535830078e-001	
 -6.0342977646965501e-001	 -6.0345547271167810e-001	 -6.0062969374985453e-001	 -6.0062314634701242e-001	 -6.0180671467746638e-001	 -6.0400616508360372e-001	 -6.0402987506635863e-001	 -6.0404246164869058e-001	 -6.0404996859508842e-001	 -6.0405470815705353e-001	 -6.0405780944516874e-001	 -6.0405990086742634e-001	 -6.0406239111165938e-001	
 -6.0354296918718742e-001	 -6.0356992529730924e-001	 -6.0062969374785613e-001	 -6.0062314637887582e-001	 -6.0340001509984198e-001	 -6.0412331921566587e-001	 -6.0414553684440264e-001	 -6.0415817176540099e-001	 -6.0416570732502173e-001	 -6.0417046513405737e-001	 -6.0417357943809424e-001	 -6.0417567896819957e-001	 -6.0417816625923937e-001	
 -6.0358487502110147e-001	 -6.0361229249850101e-001	 -6.0062969374430342e-001	 -6.0062314628028801e-001	 -6.0377493239349711e-001	 -6.0416581273148307e-001	 -6.0418778499504722e-001	 -6.0420016355589024e-001	 -6.0420747780642881e-001	 -6.0421205924954258e-001	 -6.0421503079932659e-001	 -6.0421702221935547e-001	 -6.0421941662014422e-001	
 -6.0362657005130771e-001	 -6.0365442271936853e-001	 -6.0062969374519160e-001	 -6.0062314594988564e-001	 -6.0394561510057621e-001	 -6.0420537427252619e-001	 -6.0422664264003778e-001	 -6.0423835443945695e-001	 -6.0424515510759669e-001	 -6.0424927930857741e-001	 -6.0425205196401599e-001	 -6.0425385098283879e-001	 -6.0425527897078890e-001	
 -6.0366762150454445e-001	 -6.0369584287867095e-001	 -6.0062969374985453e-001	 -6.0062314560738184e-001	 -6.0402791966263081e-001	 -6.0423859733094165e-001	 -6.0425818582277024e-001	 -6.0426872034557988e-001	 -6.0427463251633284e-001	 -6.0427805499385645e-001	 -6.0428040650895021e-001	 -6.0428183223060206e-001	 -6.0428285870073317e-001	
 -6.0370748650928618e-001	 -6.0373596123897144e-001	 -6.0062969375351827e-001	 -6.0062314562303598e-001	 -6.0409212502954279e-001	 -6.0426375251609876e-001	 -6.0428094807707389e-001	 -6.0428982557114708e-001	 -6.0429453269161826e-001	 -6.0429716709553549e-001	 -6.0429878178802632e-001	 -6.0429973476439081e-001	 -6.0430101886743692e-001	
 -6.0374568273757756e-001	 -6.0377425735858026e-001	 -6.0062969375318520e-001	 -6.0062314595732413e-001	 -6.0414850987289270e-001	 -6.0428174158932979e-001	 -6.0429638657544249e-001	 -6.0430337071892826e-001	 -6.0430679733591841e-001	 -6.0430868188199316e-001	 -6.0430957494639337e-001	 -6.0431016846840269e-001	 -6.0431140179906251e-001	
 -6.0380748750799018e-001	 -6.0383585903667214e-001	 -6.0062969374552466e-001	 -6.0069077916602431e-001	 -6.0421364813445511e-001	 -6.0430166103386806e-001	 -6.0431238136204879e-001	 -6.0431689660211951e-001	 -6.0431890160950186e-001	 -6.0432007203625737e-001	 -6.0432048690273188e-001	 -6.0432089434669933e-001	 -6.0432195934079225e-001	
 -6.0386365032005784e-001	 -6.0389138962202438e-001	 -6.0062969372887132e-001	 -6.0079196518725286e-001	 -6.0425241312511702e-001	 -6.0431395554338962e-001	 -6.0432207637162172e-001	 -6.0432529261444934e-001	 -6.0432683567634982e-001	 -6.0432787417807887e-001	 -6.0432839589330545e-001	 -6.0432886922345830e-001	 -6.0432979339009041e-001	
 -6.0391475180709975e-001	 -6.0394152959175607e-001	 -6.0062969371110775e-001	 -6.0090108080945726e-001	 -6.0427726170197982e-001	 -6.0432368172458339e-001	 -6.0433079467214768e-001	 -6.0433402701509653e-001	 -6.0433597012721219e-001	 -6.0433732881581825e-001	 -6.0433821238436991e-001	 -6.0433884652311143e-001	 -6.0433973198914526e-001	
 -6.0396163421971849e-001	 -6.0398722960253171e-001	 -6.0062969369745201e-001	 -6.0100835994192359e-001	 -6.0429573088882638e-001	 -6.0433370294099564e-001	 -6.0434138201825860e-001	 -6.0434574126499996e-001	 -6.0434862753988572e-001	 -6.0435055432528362e-001	 -6.0435180139861711e-001	 -6.0435261548985597e-001	 -6.0435364812183590e-001	
 -6.0403917034079768e-001	 -6.0406229948195556e-001	 -6.0062969371399433e-001	 -6.0119600588959266e-001	 -6.0432420809986009e-001	 -6.0435741660858078e-001	 -6.0436971654065363e-001	 -6.0437798596180148e-001	 -6.0438307278121162e-001	 -6.0438605708101889e-001	 -6.0438770266924013e-001	 -6.0438873611057264e-001	 -6.0438981041677220e-001	
 -6.0410983984238165e-001	 -6.0413045375740104e-001	 -6.0062969377139286e-001	 -6.0136703398816493e-001	 -6.0435370962697021e-001	 -6.0439038767823305e-001	 -6.0441059362270622e-001	 -6.0442339035537973e-001	 -6.0443019710421098e-001	 -6.0443372534979556e-001	 -6.0443546142996407e-001	 -6.0443656300479542e-001	 -6.0443759143824494e-001	
 -6.0417694167658187e-001	 -6.0419520687748918e-001	 -6.0062969383878340e-001	 -6.0152445171279822e-001	 -6.0438634193016316e-001	 -6.0443141315935645e-001	 -6.0446019950088914e-001	 -6.0447612817693397e-001	 -6.0448367906695832e-001	 -6.0448746366548178e-001	 -6.0448963494497132e-001	 -6.0449100009396517e-001	 -6.0449220380320856e-001	
 -6.0424235089462375e-001	 -6.0425850527279223e-001	 -6.0070083993335466e-001	 -6.0167107472564041e-001	 -6.0442161724849619e-001	 -6.0447764039994745e-001	 -6.0451356336799211e-001	 -6.0453112936675879e-001	 -6.0453946499194888e-001	 -6.0454412893595766e-001	 -6.0454727871150915e-001	 -6.0454916919283619e-001	 -6.0455091583389020e-001	
 -6.0430694844304522e-001	 -6.0432124645337648e-001	 -6.0083081960837781e-001	 -6.0180822236766129e-001	 -6.0445911681417108e-001	 -6.0452693914603284e-001	 -6.0456779530160265e-001	 -6.0458664767204517e-001	 -6.0459694932835095e-001	 -6.0460343995771826e-001	 -6.0460757983238356e-001	 -6.0460992488653442e-001	 -6.0461232720165903e-001	
 -6.0444557014194267e-001	 -6.0445651382490251e-001	 -6.0113068562117622e-001	 -6.0207585086180515e-001	 -6.0454320046743337e-001	 -6.0464086321687649e-001	 -6.0469220421410785e-001	 -6.0471593401878465e-001	 -6.0473075431288770e-001	 -6.0473936011307128e-001	 -6.0474332865534386e-001	 -6.0474541749611088e-001	 -6.0474791816733653e-001	
 -6.0458268855279051e-001	 -6.0459113524247154e-001	 -6.0144705376730112e-001	 -6.0230971965957725e-001	 -6.0463070180749590e-001	 -6.0476184127300492e-001	 -6.0482516615278925e-001	 -6.0485420229527964e-001	 -6.0487011961940507e-001	 -6.0487715586177160e-001	 -6.0487944550846606e-001	 -6.0488081153065032e-001	 -6.0488262707081297e-001	
 -6.0471806183692856e-001	 -6.0472467160843646e-001	 -6.0175667232376107e-001	 -6.0251684556922314e-001	 -6.0471930444971900e-001	 -6.0488474418896043e-001	 -6.0496045583047220e-001	 -6.0499178534467735e-001	 -6.0500414998909680e-001	 -6.0500826475606839e-001	 -6.0501001522483833e-001	 -6.0501141339874831e-001	 -6.0501323950279406e-001	
 -6.0485076968075369e-001	 -6.0485602115567527e-001	 -6.0205403454283157e-001	 -6.0270266535777939e-001	 -6.0480681134200687e-001	 -6.0500460341317286e-001	 -6.0508972491268853e-001	 -6.0511917858319109e-001	 -6.0512761148201477e-001	 -6.0513140838547308e-001	 -6.0513441155674030e-001	 -6.0513640767279053e-001	 -6.0513859319510921e-001	
 -6.0502697150544016e-001	 -6.0503084828833487e-001	 -6.0244068287895747e-001	 -6.0293063526295487e-001	 -6.0492210511764455e-001	 -6.0516036288049690e-001	 -6.0525201934702455e-001	 -6.0527684109490387e-001	 -6.0528521694447335e-001	 -6.0529234430783951e-001	 -6.0529708923307002e-001	 -6.0529946096465892e-001	 -6.0530173919737251e-001	
 -6.0519485188248456e-001	 -6.0519777313428058e-001	 -6.0279804309770757e-001	 -6.0313347484219904e-001	 -6.0503061099537181e-001	 -6.0530457494978318e-001	 -6.0539833599559945e-001	 -6.0542260282858695e-001	 -6.0543670147439332e-001	 -6.0544674187235081e-001	 -6.0545131559075482e-001	 -6.0545337107575925e-001	 -6.0545518959564948e-001	
 -6.0535388940752277e-001	 -6.0535610658785100e-001	 -6.0312484155999879e-001	 -6.0331662188028989e-001	 -6.0513178275856117e-001	 -6.0543755781317099e-001	 -6.0553406669505705e-001	 -6.0556488863816593e-001	 -6.0558483151595954e-001	 -6.0559369198975865e-001	 -6.0559663708081857e-001	 -6.0559825368466935e-001	 -6.0560001180687273e-001	
 -6.0550410408399813e-001	 -6.0550579601137411e-001	 -6.0342172385785542e-001	 -6.0348414007627138e-001	 -6.0522604749568831e-001	 -6.0556120529431379e-001	 -6.0566520555904724e-001	 -6.0570624673839113e-001	 -6.0572616746912278e-001	 -6.0573106975847502e-001	 -6.0573297891874933e-001	 -6.0573453862566851e-001	 -6.0573648767425770e-001	
 -6.0568869678523374e-001	 -6.0568987527942486e-001	 -6.0377031553526805e-001	 -6.0368553221634702e-001	 -6.0534075263807274e-001	 -6.0571239866513693e-001	 -6.0583359448318497e-001	 -6.0588446441922628e-001	 -6.0589591198290105e-001	 -6.0589708209057846e-001	 -6.0589948080203015e-001	 -6.0590127776238845e-001	 -6.0590316546471623e-001	
 -6.0585913694843896e-001	 -6.0585997397255564e-001	 -6.0407517968585900e-001	 -6.0386954648339319e-001	 -6.0544656853012135e-001	 -6.0585249977096467e-001	 -6.0599482553769235e-001	 -6.0604503582095681e-001	 -6.0604684939535858e-001	 -6.0604936678287924e-001	 -6.0605323340479078e-001	 -6.0605522139056678e-001	 -6.0605667849988887e-001	
 -6.0601631545675883e-001	 -6.0601687709660457e-001	 -6.0434199549275203e-001	 -6.0403934273389748e-001	 -6.0554424942660390e-001	 -6.0598260863153897e-001	 -6.0614367776645750e-001	 -6.0618284610958195e-001	 -6.0618338934737004e-001	 -6.0619088051883097e-001	 -6.0619526003946600e-001	 -6.0619704520514794e-001	 -6.0619847526433013e-001	
 -6.0616116505785023e-001	 -6.0616153226789038e-001	 -6.0457676106073777e-001	 -6.0419745282047632e-001	 -6.0563482259756718e-001	 -6.0610314357101291e-001	 -6.0627644577826434e-001	 -6.0630233264258315e-001	 -6.0631223931140177e-001	 -6.0632319194930950e-001	 -6.0632636775337367e-001	 -6.0632769025104061e-001	 -6.0632929126158697e-001	
 -6.0631648538678196e-001	 -6.0631672668542969e-001	 -6.0481818479640737e-001	 -6.0437056435913572e-001	 -6.0573318754142402e-001	 -6.0623154129735290e-001	 -6.0640870878847508e-001	 -6.0643261708182017e-001	 -6.0645975279671749e-001	 -6.0646540687703254e-001	 -6.0646616813553322e-001	 -6.0646732638591772e-001	 -6.0646868543312582e-001	
 -6.0645701363293281e-001	 -6.0645717485963146e-001	 -6.0502904950399117e-001	 -6.0453205611943339e-001	 -6.0582442181733587e-001	 -6.0634432970463337e-001	 -6.0652857994003551e-001	 -6.0656669180414458e-001	 -6.0658549141046070e-001	 -6.0658971175475696e-001	 -6.0659190293022025e-001	 -6.0659334309298707e-001	 -6.0659460218692729e-001	
 -6.0656173345885467e-001	 -6.0656184409657588e-001	 -6.0517870358289816e-001	 -6.0465303673074011e-001	 -6.0589292357027258e-001	 -6.0642502379781860e-001	 -6.0662390026922086e-001	 -6.0667105662404186e-001	 -6.0668459574897415e-001	 -6.0669035117677517e-001	 -6.0669329767248925e-001	 -6.0669513662969798e-001	 -6.0669653418699010e-001	
 -6.0666672952314205e-001	 -6.0666680895682390e-001	 -6.0531693028875733e-001	 -6.0476928459596291e-001	 -6.0595967172205611e-001	 -6.0650532337458429e-001	 -6.0673165010938224e-001	 -6.0678159075733262e-001	 -6.0679509743188920e-001	 -6.0680087909747993e-001	 -6.0680354922548752e-001	 -6.0680488091335860e-001	 -6.0680627870501880e-001	
 -6.0677376691420370e-001	 -6.0677383569085475e-001	 -6.0544659020300706e-001	 -6.0488176485362644e-001	 -6.0602562193678988e-001	 -6.0658986198725007e-001	 -6.0684838567826027e-001	 -6.0689198293761848e-001	 -6.0690398244611643e-001	 -6.0690900480564469e-001	 -6.0691164178350299e-001	 -6.0691278070634791e-001	 -6.0691427711134782e-001	
 -6.0688003037212557e-001	 -6.0688009859066749e-001	 -6.0556923681465147e-001	 -6.0499095192156904e-001	 -6.0609096220287650e-001	 -6.0667781408618726e-001	 -6.0695620382966720e-001	 -6.0699257597385259e-001	 -6.0700435933092045e-001	 -6.0700988325756988e-001	 -6.0701271128671408e-001	 -6.0701401501961350e-001	 -6.0701550899133760e-001	
 -6.0698327170172206e-001	 -6.0698333653763648e-001	 -6.0568575686348325e-001	 -6.0509714337386722e-001	 -6.0615562241261856e-001	 -6.0676586106711561e-001	 -6.0705302560803975e-001	 -6.0709065775921278e-001	 -6.0710379970008166e-001	 -6.0710939551733567e-001	 -6.0711200817664679e-001	 -6.0711341077568370e-001	 -6.0711472068952776e-001	
 -6.0708439059165009e-001	 -6.0708444730928068e-001	 -6.0579702902530119e-001	 -6.0520072648173606e-001	 -6.0621972916552469e-001	 -6.0685253238690340e-001	 -6.0714951249174476e-001	 -6.0719185707480694e-001	 -6.0720519985035804e-001	 -6.0721034686228581e-001	 -6.0721281710929276e-001	 -6.0721427484156099e-001	 -6.0721554423648350e-001	
 -6.0719648621565536e-001	 -6.0719653431440257e-001	 -6.0591590897440817e-001	 -6.0531358716964245e-001	 -6.0629081549146147e-001	 -6.0694802616023669e-001	 -6.0726090586205039e-001	 -6.0730488446447684e-001	 -6.0731746126130304e-001	 -6.0732260925100423e-001	 -6.0732514627392931e-001	 -6.0732653999007180e-001	 -6.0732784368489057e-001	
 -6.0730751353388346e-001	 -6.0730755499260880e-001	 -6.0603016490079487e-001	 -6.0542408575159357e-001	 -6.0636165260274932e-001	 -6.0704229315100555e-001	 -6.0737159122670192e-001	 -6.0741333877578629e-001	 -6.0742561302506992e-001	 -6.0743081207803584e-001	 -6.0743331872958883e-001	 -6.0743464299528593e-001	 -6.0743591517886664e-001	
 -6.0741569519640048e-001	 -6.0741573234468493e-001	 -6.0614024768856911e-001	 -6.0553240184357815e-001	 -6.0643219506861801e-001	 -6.0713441103776855e-001	 -6.0747664241012078e-001	 -6.0751746094001025e-001	 -6.0753014791203874e-001	 -6.0753490837972546e-001	 -6.0753711672745236e-001	 -6.0753846045513704e-001	 -6.0753950777692189e-001	
 -6.0752045952250366e-001	 -6.0752049026324695e-001	 -6.0624650096086086e-001	 -6.0563868973662061e-001	 -6.0650238551551716e-001	 -6.0722289609338453e-001	 -6.0757487054696746e-001	 -6.0761728574243445e-001	 -6.0763029343791075e-001	 -6.0763545535924557e-001	 -6.0763798805363312e-001	 -6.0763931264773419e-001	 -6.0764062560658694e-001	
 -6.0762261989466548e-001	 -6.0762264216129847e-001	 -6.0634933184966489e-001	 -6.0574314468253565e-001	 -6.0657227645377620e-001	 -6.0730769669548046e-001	 -6.0767103564363101e-001	 -6.0771627959621544e-001	 -6.0772959334698395e-001	 -6.0773530077506965e-001	 -6.0773803186831010e-001	 -6.0773936757851921e-001	 -6.0774075397773686e-001	
 -6.0778942145389703e-001	 -6.0778943386963213e-001	 -6.0651535851952154e-001	 -6.0591493267292407e-001	 -6.0668921144513277e-001	 -6.0744358718267666e-001	 -6.0783279856979622e-001	 -6.0788096175667938e-001	 -6.0789398284466500e-001	 -6.0789909473879522e-001	 -6.0790138215749412e-001	 -6.0790265052990122e-001	 -6.0790373064445458e-001	
 -6.0795012419523342e-001	 -6.0795013206438320e-001	 -6.0667411316339681e-001	 -6.0608256699690166e-001	 -6.0680564112691737e-001	 -6.0757237570085998e-001	 -6.0798979621068394e-001	 -6.0803704774137213e-001	 -6.0804966918548420e-001	 -6.0805466575264422e-001	 -6.0805707190481062e-001	 -6.0805825196996732e-001	 -6.0805939872909942e-001	
 -6.0810446991865774e-001	 -6.0810447550563307e-001	 -6.0682661846145347e-001	 -6.0624642820317209e-001	 -6.0692161290165636e-001	 -6.0769481961553407e-001	 -6.0813847118768027e-001	 -6.0818622493374885e-001	 -6.0819941951240075e-001	 -6.0820457896881841e-001	 -6.0820696353180992e-001	 -6.0820820927209862e-001	 -6.0820935719574365e-001	
 -6.0825286639587528e-001	 -6.0825286984245164e-001	 -6.0697368711837285e-001	 -6.0640681469348312e-001	 -6.0703716360666071e-001	 -6.0781149286071035e-001	 -6.0828061986073489e-001	 -6.0833083575262403e-001	 -6.0834430959488817e-001	 -6.0834936358389324e-001	 -6.0835167299877480e-001	 -6.0835290021787891e-001	 -6.0835401614345308e-001	
 -6.0839568250314890e-001	 -6.0839568407666800e-001	 -6.0711594642148814e-001	 -6.0656394209668285e-001	 -6.0715229198948784e-001	 -6.0792299110223880e-001	 -6.0841820407064873e-001	 -6.0847029555333165e-001	 -6.0848351147491098e-001	 -6.0848847435857056e-001	 -6.0849076247238010e-001	 -6.0849192527157037e-001	 -6.0849300502230363e-001	
 -6.0863392184795639e-001	 -6.0863392162691099e-001	 -6.0735586234983430e-001	 -6.0683276435979927e-001	 -6.0735331731043285e-001	 -6.0810776378783515e-001	 -6.0864834870477669e-001	 -6.0870228685194760e-001	 -6.0871537349160842e-001	 -6.0872028551461899e-001	 -6.0872252177701647e-001	 -6.0872362438302297e-001	 -6.0872465669647990e-001	
 -6.0885691728151947e-001	 -6.0885691670287123e-001	 -6.0758441358343962e-001	 -6.0709246042445209e-001	 -6.0755254775413103e-001	 -6.0828115376598824e-001	 -6.0886387083214366e-001	 -6.0891970582011012e-001	 -6.0893287881724767e-001	 -6.0893772865577844e-001	 -6.0893991268295977e-001	 -6.0894098181618617e-001	 -6.0894198101146824e-001	
 -6.0906557372786274e-001	 -6.0906557296092068e-001	 -6.0780305651719768e-001	 -6.0734333311118771e-001	 -6.0774956622988707e-001	 -6.0844522695224779e-001	 -6.0906493331114309e-001	 -6.0912288774150891e-001	 -6.0913635531856247e-001	 -6.0914099003483990e-001	 -6.0914294345737474e-001	 -6.0914413988621963e-001	 -6.0914511135146121e-001	
 -6.0926103162739498e-001	 -6.0926103204284043e-001	 -6.0801280905331545e-001	 -6.0758552568140889e-001	 -6.0794385190321432e-001	 -6.0860170869836416e-001	 -6.0925412684065261e-001	 -6.0931425623955704e-001	 -6.0932716716022295e-001	 -6.0933176545774348e-001	 -6.0933389446260477e-001	 -6.0933474900248807e-001	 -6.0933562774234673e-001	
 -6.0958478266748273e-001	 -6.0958478074224498e-001	 -6.0837089703558167e-001	 -6.0800091460788686e-001	 -6.0828543877500252e-001	 -6.0886740199406209e-001	 -6.0956566745473673e-001	 -6.0962984958612410e-001	 -6.0964287020348618e-001	 -6.0964743647029529e-001	 -6.0964929696138981e-001	 -6.0965039271276833e-001	 -6.0965131201895506e-001	
 -6.0981462445108825e-001	 -6.0981462348885795e-001	 -6.0863696373558707e-001	 -6.0830957019863963e-001	 -6.0854635242890698e-001	 -6.0906644501024232e-001	 -6.0978689457524826e-001	 -6.0985485932951722e-001	 -6.0986750428604353e-001	 -6.0987167189530123e-001	 -6.0987342407514689e-001	 -6.0987429903480717e-001	 -6.0987506933318780e-001	
 -6.1002185079539473e-001	 -6.1002185072023263e-001	 -6.0888836569794602e-001	 -6.0860046496191700e-001	 -6.0879724073181762e-001	 -6.0925655078536423e-001	 -6.0998399609069054e-001	 -6.1005693257931703e-001	 -6.1006902232041416e-001	 -6.1007290948866810e-001	 -6.1007452366801385e-001	 -6.1007532032486544e-001	 -6.1007602482809897e-001	
 -6.1021092817281630e-001	 -6.1021092825752632e-001	 -6.0912564606341313e-001	 -6.0887379714547052e-001	 -6.0903712394455578e-001	 -6.0943864691609395e-001	 -6.1016192306728723e-001	 -6.1024192720215975e-001	 -6.1025393459357424e-001	 -6.1025776656087327e-001	 -6.1025938204639640e-001	 -6.1026016430298924e-001	 -6.1026084287862936e-001	
 -6.1038177751226996e-001	 -6.1038177753658385e-001	 -6.0934897823494705e-001	 -6.0912961935599697e-001	 -6.0926504245017998e-001	 -6.0961299564987748e-001	 -6.1032121165571773e-001	 -6.1040887991026249e-001	 -6.1042030126412516e-001	 -6.1042380419340514e-001	 -6.1042516896303578e-001	 -6.1042586385873232e-001	 -6.1042647406128747e-001	
 -6.1053815686695767e-001	 -6.1053815685718771e-001	 -6.0955889623759418e-001	 -6.0936852244919404e-001	 -6.0948071514455027e-001	 -6.0977998296940505e-001	 -6.1046704499456705e-001	 -6.1056239242063270e-001	 -6.1057335713532446e-001	 -6.1057674207209978e-001	 -6.1057823842503023e-001	 -6.1057891386917529e-001	 -6.1057948383025362e-001	
 -6.1067797550440339e-001	 -6.1067797549940739e-001	 -6.0975538810104091e-001	 -6.0959065721799544e-001	 -6.0968354208246200e-001	 -6.0993926374741658e-001	 -6.1059688107456545e-001	 -6.1069838787197739e-001	 -6.1070895504733436e-001	 -6.1071206893159591e-001	 -6.1071313507654601e-001	 -6.1071372687038217e-001	 -6.1071425594294571e-001	
 -6.1073470550854214e-001	 -6.1073470550709885e-001	 -6.0983625875987713e-001	 -6.0968159297014601e-001	 -6.0976723133387978e-001	 -6.1000580117487324e-001	 -6.1064947962274907e-001	 -6.1075429823698180e-001	 -6.1076496854062245e-001	 -6.1076817498062486e-001	 -6.1076944013049861e-001	 -6.1077006077425722e-001	 -6.1077060089209656e-001	
 -6.1074990937692863e-001	 -6.1074990937592943e-001	 -6.0985786291700705e-001	 -6.0970583586639204e-001	 -6.0978960189728149e-001	 -6.1002367065265961e-001	 -6.1066360146100340e-001	 -6.1076958947559046e-001	 -6.1078016535975888e-001	 -6.1078326228247715e-001	 -6.1078450380813720e-001	 -6.1078509100276346e-001	 -6.1078557994831417e-001	
 -6.1076374860669080e-001	 -6.1076374861745997e-001	 -6.0987920711197408e-001	 -6.0972978860285298e-001	 -6.0981172128082850e-001	 -6.1004133366882041e-001	 -6.1067644390888631e-001	 -6.1077991770963624e-001	 -6.1078808920056460e-001	 -6.1078873922570942e-001	 -6.1079143757991616e-001	 -6.1079257053475722e-001	 -6.1079222535520561e-001	
 -6.1077448753243946e-001	 -6.1077448756108321e-001	 -6.0990016161310834e-001	 -6.0975331680646061e-001	 -6.0983345515530640e-001	 -6.1005868966390597e-001	 -6.1068914488338066e-001	 -6.1079024940435822e-001	 -6.1079614096914980e-001	 -6.1079690177134882e-001	 -6.1079742565117723e-001	 -6.1079710165634626e-001	 -6.1079756788762207e-001	
 -6.1078129953628935e-001	 -6.1078129957270466e-001	 -6.0992060926001734e-001	 -6.0977631121383880e-001	 -6.0985469376906298e-001	 -6.1007561159753809e-001	 -6.1070019098341533e-001	 -6.1079506540706596e-001	 -6.1079744376479894e-001	 -6.1079871960678656e-001	 -6.1079534112717937e-001	 -6.1079365873528690e-001	 -6.1079456948498478e-001	
 -6.1078512488244030e-001	 -6.1078512491119508e-001	 -6.0994576761042030e-001	 -6.0980468285465328e-001	 -6.0988088934199602e-001	 -6.1009638968778646e-001	 -6.1071111754529284e-001	 -6.1079337167391223e-001	 -6.1079117623863421e-001	 -6.1078998108854421e-001	 -6.1078800712865977e-001	 -6.1078758083710216e-001	 -6.1078740324804759e-001	
 -6.1078520788948598e-001	 -6.1078520790680546e-001	 -6.0997002022011859e-001	 -6.0983212306819912e-001	 -6.0990621290535341e-001	 -6.1011637406371833e-001	 -6.1071935363454788e-001	 -6.1078861942032159e-001	 -6.1078428808369889e-001	 -6.1078231628552970e-001	 -6.1078247979007294e-001	 -6.1078259606661689e-001	 -6.1078231722144771e-001	
 -6.1078291047977906e-001	 -6.1078291048921596e-001	 -6.0999338081235699e-001	 -6.0985864287921299e-001	 -6.0993067394621292e-001	 -6.1013557969891163e-001	 -6.1072557110775083e-001	 -6.1078334199704543e-001	 -6.1077859921121469e-001	 -6.1077715244162167e-001	 -6.1077728277258991e-001	 -6.1077714309432096e-001	 -6.1077692429933883e-001	
 -6.1077874360526696e-001	 -6.1077874361037399e-001	 -6.1001584161335387e-001	 -6.0988423240515566e-001	 -6.0995426105336925e-001	 -6.1015399874853049e-001	 -6.1073014058610209e-001	 -6.1077757923433396e-001	 -6.1077230880601796e-001	 -6.1077083231020346e-001	 -6.1077018681243711e-001	 -6.1076983508967508e-001	 -6.1076956318939502e-001	
 -6.1076723067854388e-001	 -6.1076723068054228e-001	 -6.1005151769955024e-001	 -6.0992510401702837e-001	 -6.0999188365706836e-001	 -6.1018312058735980e-001	 -6.1073451576199034e-001	 -6.1076464970410971e-001	 -6.1075650201836140e-001	 -6.1075381365660597e-001	 -6.1075253870179758e-001	 -6.1075202633020798e-001	 -6.1075159401324797e-001	
 -6.1074993030896252e-001	 -6.1074993030985070e-001	 -6.1008440705379030e-001	 -6.0996309190020082e-001	 -6.1002677112942383e-001	 -6.1020976448422637e-001	 -6.1073518049370445e-001	 -6.1074669694893835e-001	 -6.1073432642499981e-001	 -6.1073052622095947e-001	 -6.1072893819991148e-001	 -6.1072828225305908e-001	 -6.1072784174109884e-001	
 -6.1072708355480732e-001	 -6.1072708355480732e-001	 -6.1011440532499073e-001	 -6.0999808329265104e-001	 -6.1005880421138858e-001	 -6.1023381525382447e-001	 -6.1073254810972699e-001	 -6.1072353724023198e-001	 -6.1070673104535178e-001	 -6.1070198267754172e-001	 -6.1070039525767950e-001	 -6.1069968923188611e-001	 -6.1069904361510385e-001	
 -6.1069902803834175e-001	 -6.1069902803834175e-001	 -6.1014142856841147e-001	 -6.1002998526771268e-001	 -6.1008788363969835e-001	 -6.1025517657253836e-001	 -6.1072693342012485e-001	 -6.1069556231907463e-001	 -6.1067449016194431e-001	 -6.1066894257066906e-001	 -6.1066710327117857e-001	 -6.1066624129224589e-001	 -6.1066551670707625e-001	
 -6.1061819141183804e-001	 -6.1061819141317031e-001	 -6.1019092468372893e-001	 -6.1009000890765996e-001	 -6.1014201032050241e-001	 -6.1029288618985600e-001	 -6.1070443637756266e-001	 -6.1061664872663624e-001	 -6.1058545240710860e-001	 -6.1057791319307775e-001	 -6.1057505239181520e-001	 -6.1057381554685541e-001	 -6.1057291708688233e-001	
 -6.1051776803244806e-001	 -6.1051776803200397e-001	 -6.1022478954608772e-001	 -6.1013370700302438e-001	 -6.1018040554428055e-001	 -6.1031620554630184e-001	 -6.1067028191341688e-001	 -6.1051993682126326e-001	 -6.1047881840003981e-001	 -6.1047024639460101e-001	 -6.1046638445427792e-001	 -6.1046502739492414e-001	 -6.1046446071999494e-001	
 -6.1048443628464177e-001	 -6.1048443628364257e-001	 -6.1023191726972126e-001	 -6.1014363957057061e-001	 -6.1018885784602794e-001	 -6.1032039857045195e-001	 -6.1065794639381110e-001	 -6.1048795585949556e-001	 -6.1044436285628834e-001	 -6.1043517116532442e-001	 -6.1043188790788072e-001	 -6.1043055897369580e-001	 -6.1042955156198619e-001	
 -6.1047624152965607e-001	 -6.1047624152887892e-001	 -6.1023342864852115e-001	 -6.1014581734708528e-001	 -6.1019068556333877e-001	 -6.1032121640747228e-001	 -6.1065483787703378e-001	 -6.1048007427899620e-001	 -6.1043596641574549e-001	 -6.1042661387256114e-001	 -6.1042341272565803e-001	 -6.1042203910688375e-001	 -6.1042095468788471e-001	
 -6.1047366273503378e-001	 -6.1047366273403458e-001	 -6.1023420018213592e-001	 -6.1014694096539479e-001	 -6.1019162444553299e-001	 -6.1032162201291040e-001	 -6.1065317266018049e-001	 -6.1047595546614986e-001	 -6.1043178046704671e-001	 -6.1042265315247590e-001	 -6.1041978889719850e-001	 -6.1041830385577533e-001	 -6.1041730860300625e-001	
 -6.1047136893277454e-001	 -6.1047136893210840e-001	 -6.1023506892166068e-001	 -6.1014821120664031e-001	 -6.1019268415152261e-001	 -6.1032207379374537e-001	 -6.1065127250004014e-001	 -6.1047153704019141e-001	 -6.1042749273743091e-001	 -6.1041682632123617e-001	 -6.1040950561674912e-001	 -6.1043702975871472e-001	 -6.1046095039907211e-001	
 -6.1046921576035640e-001	 -6.1046921575969026e-001	 -6.1023596284170978e-001	 -6.1014952013704882e-001	 -6.1019377556148502e-001	 -6.1032253700332717e-001	 -6.1064931995113980e-001	 -6.1046736992398376e-001	 -6.1042417544787675e-001	 -6.1041349498924813e-001	 -6.1040653981880855e-001	 -6.1043426000173540e-001	 -6.1043115495496014e-001	
 -6.1046719438395680e-001	 -6.1046719438317965e-001	 -6.1023686362471352e-001	 -6.1015083655413527e-001	 -6.1019487417501850e-001	 -6.1032300659324967e-001	 -6.1064739135563428e-001	 -6.1046369298445313e-001	 -6.1042221921159268e-001	 -6.1041354987589891e-001	 -6.1041098010861106e-001	 -6.1042004345013279e-001	 -6.1040321244310025e-001	
 -6.1046411441001425e-001	 -6.1046411440945914e-001	 -6.1023848998098540e-001	 -6.1015319344981389e-001	 -6.1019684818397479e-001	 -6.1032387511261721e-001	 -6.1064411267475194e-001	 -6.1045864906239533e-001	 -6.1042177244874374e-001	 -6.1041765772584800e-001	 -6.1041994989652348e-001	 -6.1041886826973535e-001	 -6.1041744338641291e-001	
 -6.1046176147727671e-001	 -6.1046176147672160e-001	 -6.1024017972122202e-001	 -6.1015560663668644e-001	 -6.1019888198177163e-001	 -6.1032481412459649e-001	 -6.1064104120489571e-001	 -6.1045543485915843e-001	 -6.1042452988813167e-001	 -6.1042639047370617e-001	 -6.1043311652431154e-001	 -6.1042671349176292e-001	 -6.1043827695528297e-001	
 -6.1046022800503863e-001	 -6.1046022800459454e-001	 -6.1024194383707542e-001	 -6.1015808714381947e-001	 -6.1020098653963295e-001	 -6.1032583452569344e-001	 -6.1063818909112833e-001	 -6.1045383404034759e-001	 -6.1042951968293124e-001	 -6.1043645030101068e-001	 -6.1044394950926506e-001	 -6.1044051969871838e-001	 -6.1044770127294257e-001	
 -6.1045949794313881e-001	 -6.1045949794269472e-001	 -6.1024378030427595e-001	 -6.1016063324415004e-001	 -6.1020316001791919e-001	 -6.1032693409712735e-001	 -6.1063554620133242e-001	 -6.1045351511879176e-001	 -6.1043582364461724e-001	 -6.1044600976645214e-001	 -6.1045200143228229e-001	 -6.1045338795773230e-001	 -6.1045429824080344e-001	
 -6.1045944740145686e-001	 -6.1045944740101277e-001	 -6.1024418174493444e-001	 -6.1016118564183319e-001	 -6.1020363313002424e-001	 -6.1032717878251042e-001	 -6.1063500629399137e-001	 -6.1045358356126567e-001	 -6.1043726605058968e-001	 -6.1044780645158614e-001	 -6.1045343042243072e-001	 -6.1045526631131608e-001	 -6.1045606034870747e-001	
 -6.1045942975568313e-001	 -6.1045942975523904e-001	 -6.1024458581948604e-001	 -6.1016174038552862e-001	 -6.1020410873535713e-001	 -6.1032742640843018e-001	 -6.1063447452891495e-001	 -6.1045368844148129e-001	 -6.1043870877797168e-001	 -6.1044951820399262e-001	 -6.1045493136890894e-001	 -6.1045687895078249e-001	 -6.1045805502935035e-001	
 -6.1045944136972619e-001	 -6.1045944136917107e-001	 -6.1024499259532128e-001	 -6.1016229753874107e-001	 -6.1020458689819979e-001	 -6.1032767703894653e-001	 -6.1063395095162232e-001	 -6.1045382946467441e-001	 -6.1044016343658747e-001	 -6.1045122146274888e-001	 -6.1045652828528585e-001	 -6.1045851972141296e-001	 -6.1046001105669045e-001	
 -6.1045948007854012e-001	 -6.1045948007798501e-001	 -6.1024540201048971e-001	 -6.1016285704007522e-001	 -6.1020506755649073e-001	 -6.1032793061155388e-001	 -6.1063343541312154e-001	 -6.1045400469106337e-001	 -6.1044163082368819e-001	 -6.1045293346417839e-001	 -6.1045819101768206e-001	 -6.1046022761856999e-001	 -6.1046186312541106e-001	
 -6.1045986907759531e-001	 -6.1045986907692917e-001	 -6.1024683490762399e-001	 -6.1016480262365835e-001	 -6.1020674375678041e-001	 -6.1032883113654179e-001	 -6.1063174288655819e-001	 -6.1045492199285345e-001	 -6.1044672203236505e-001	 -6.1045865919484577e-001	 -6.1046377702189680e-001	 -6.1046582013690731e-001	 -6.1046738805514700e-001	
 -6.1046030673395091e-001	 -6.1046030673350682e-001	 -6.1024794937902804e-001	 -6.1016630892696266e-001	 -6.1020804417100116e-001	 -6.1032953879047724e-001	 -6.1063049123433188e-001	 -6.1045577090879100e-001	 -6.1045054048136649e-001	 -6.1046281870869024e-001	 -6.1046777389206497e-001	 -6.1046972851974690e-001	 -6.1047115754120362e-001	
 -6.1046085541105466e-001	 -6.1046085540983341e-001	 -6.1024907472073675e-001	 -6.1016782416667414e-001	 -6.1020935453959257e-001	 -6.1033025939272179e-001	 -6.1062928148658546e-001	 -6.1045672217108216e-001	 -6.1045424844741181e-001	 -6.1046669148145938e-001	 -6.1047140452863413e-001	 -6.1047319864804273e-001	 -6.1047448248541247e-001	
 -6.1046149441512654e-001	 -6.1046149441346120e-001	 -6.1025020875749014e-001	 -6.1016934621005436e-001	 -6.1021067271926910e-001	 -6.1033099074558894e-001	 -6.1062810947454249e-001	 -6.1045774596935054e-001	 -6.1045779012713908e-001	 -6.1047023239757525e-001	 -6.1047464346586366e-001	 -6.1047625802457262e-001	 -6.1047739592290373e-001	
 -6.1046410867360290e-001	 -6.1046410867182654e-001	 -6.1025411073634128e-001	 -6.1017455274670063e-001	 -6.1021519413151371e-001	 -6.1033353998929396e-001	 -6.1062438919956552e-001	 -6.1046146055399042e-001	 -6.1046765609418241e-001	 -6.1047878553432966e-001	 -6.1048194412938184e-001	 -6.1048297940913265e-001	 -6.1048366505067619e-001	
 -6.1046677470755206e-001	 -6.1046677470499855e-001	 -6.1025799775449308e-001	 -6.1017972447297009e-001	 -6.1021969188135294e-001	 -6.1033609695704261e-001	 -6.1062089309860124e-001	 -6.1046476505333125e-001	 -6.1047506372280402e-001	 -6.1048392645979277e-001	 -6.1048580603828562e-001	 -6.1048613043779287e-001	 -6.1048647256511934e-001	
 -6.1046828143429543e-001	 -6.1046828143196397e-001	 -6.1026026598309802e-001	 -6.1018274037050180e-001	 -6.1022231587748443e-001	 -6.1033759206807758e-001	 -6.1061891021108039e-001	 -6.1046653067375889e-001	 -6.1047814689996205e-001	 -6.1048553528819660e-001	 -6.1048673113750507e-001	 -6.1048691966480995e-001	 -6.1048705698685257e-001	
 -6.1046926714269922e-001	 -6.1046926714036776e-001	 -6.1026182940771001e-001	 -6.1018481962937798e-001	 -6.1022412492706124e-001	 -6.1033862256298921e-001	 -6.1061755838121012e-001	 -6.1046764480510163e-001	 -6.1047979629680338e-001	 -6.1048611437597433e-001	 -6.1048687773379573e-001	 -6.1048694911480794e-001	 -6.1048695369714245e-001	
 -6.1046999873592966e-001	 -6.1046999873382024e-001	 -6.1026305921940693e-001	 -6.1018645611410349e-001	 -6.1022554849432531e-001	 -6.1033943251254108e-001	 -6.1061649922966588e-001	 -6.1046845198664546e-001	 -6.1048082614845178e-001	 -6.1048627898330210e-001	 -6.1048672141106319e-001	 -6.1048668663299388e-001	 -6.1048659876039579e-001	
 -6.1047067382580256e-001	 -6.1047067382391518e-001	 -6.1026427884702805e-001	 -6.1018808040080863e-001	 -6.1022696102508434e-001	 -6.1034023463235609e-001	 -6.1061544888330044e-001	 -6.1046918207829926e-001	 -6.1048161250509825e-001	 -6.1048618932313392e-001	 -6.1048632809090897e-001	 -6.1048618056613879e-001	 -6.1048600746171910e-001	
 -6.1047128613311852e-001	 -6.1047128613145318e-001	 -6.1026548723785989e-001	 -6.1018969146930946e-001	 -6.1022836148316717e-001	 -6.1034102783719124e-001	 -6.1061440542087286e-001	 -6.1046983431289892e-001	 -6.1048215667525163e-001	 -6.1048585646661380e-001	 -6.1048570710586780e-001	 -6.1048545002240218e-001	 -6.1048520102613413e-001	
 -6.1047222966204018e-001	 -6.1047222966059689e-001	 -6.1026780546180603e-001	 -6.1019279052365594e-001	 -6.1023105251933885e-001	 -6.1034254191250081e-001	 -6.1061237576520710e-001	 -6.1047083454124351e-001	 -6.1048240776173657e-001	 -6.1048443092304172e-001	 -6.1048377393291275e-001	 -6.1048333705315816e-001	 -6.1048295999899249e-001	
 -6.1047287344961898e-001	 -6.1047287345128431e-001	 -6.1027006886615887e-001	 -6.1019582749455292e-001	 -6.1023368571322401e-001	 -6.1034400975046310e-001	 -6.1061035107157213e-001	 -6.1047151602455774e-001	 -6.1048191485224557e-001	 -6.1048231684657228e-001	 -6.1048120568341080e-001	 -6.1048057029322589e-001	 -6.1048008047992486e-001	
 -6.1047319645068931e-001	 -6.1047319645568532e-001	 -6.1027227190801892e-001	 -6.1019879684309775e-001	 -6.1023625552458771e-001	 -6.1034542579752049e-001	 -6.1060832322634706e-001	 -6.1047188957119580e-001	 -6.1048069481894895e-001	 -6.1047955882176375e-001	 -6.1047804144442885e-001	 -6.1047725431528921e-001	 -6.1047666644487020e-001	
 -6.1047273190506512e-001	 -6.1047273191017215e-001	 -6.1027612269692888e-001	 -6.1020403819056490e-001	 -6.1024077321869541e-001	 -6.1034785175606565e-001	 -6.1060453172379070e-001	 -6.1047164921590458e-001	 -6.1047643300060628e-001	 -6.1047281634973860e-001	 -6.1047070467168396e-001	 -6.1046974344936000e-001	 -6.1046900987549169e-001	
 -6.1047219059673363e-001	 -6.1047219060161861e-001	 -6.1027794008750025e-001	 -6.1020652886056848e-001	 -6.1024291396072350e-001	 -6.1034898037182206e-001	 -6.1060266435242205e-001	 -6.1047127824376268e-001	 -6.1047384418155826e-001	 -6.1046911992157504e-001	 -6.1046675716325272e-001	 -6.1046571283973616e-001	 -6.1046491997374108e-001	
 -6.1047136825342907e-001	 -6.1047136826075654e-001	 -6.1027969694582573e-001	 -6.1020895317043244e-001	 -6.1024499173845115e-001	 -6.1035005529697095e-001	 -6.1060077674712776e-001	 -6.1047068756325817e-001	 -6.1047087701326941e-001	 -6.1046512778106798e-001	 -6.1046254546315293e-001	 -6.1046144055076912e-001	 -6.1046058186442487e-001	
 -6.1047106416911578e-001	 -6.1047106417655428e-001	 -6.1028025680121001e-001	 -6.1020972812131369e-001	 -6.1024565506995199e-001	 -6.1035039552537196e-001	 -6.1060016413516660e-001	 -6.1047046967388496e-001	 -6.1046985979062995e-001	 -6.1046379248730354e-001	 -6.1046114168827881e-001	 -6.1046000883047125e-001	 -6.1045913719470768e-001	
 -6.1047073017028719e-001	 -6.1047073017772568e-001	 -6.1028080997826972e-001	 -6.1021049576859276e-001	 -6.1024631146078256e-001	 -6.1035072980608618e-001	 -6.1059954906805824e-001	 -6.1047022951710161e-001	 -6.1046880355930533e-001	 -6.1046242809525975e-001	 -6.1045971247497555e-001	 -6.1045855826402651e-001	 -6.1045767506962001e-001	
 -6.1047036770678353e-001	 -6.1047036771433305e-001	 -6.1028135670349037e-001	 -6.1021125636784301e-001	 -6.1024696114964083e-001	 -6.1035105833184833e-001	 -6.1059893159864931e-001	 -6.1046996849634105e-001	 -6.1046771189665616e-001	 -6.1046103773010341e-001	 -6.1045826082917198e-001	 -6.1045708646167984e-001	 -6.1045618982769057e-001	
 -6.1046805717035468e-001	 -6.1046805717701602e-001	 -6.1028386161077197e-001	 -6.1021478167466725e-001	 -6.1024995798064641e-001	 -6.1035252380758909e-001	 -6.1059588948375598e-001	 -6.1046828228750183e-001	 -6.1046180046386844e-001	 -6.1045385619773462e-001	 -6.1045082783472981e-001	 -6.1044956646882920e-001	 -6.1044860816616975e-001	
 -6.1046513749218878e-001	 -6.1046513750639964e-001	 -6.1028621252023907e-001	 -6.1021813977224504e-001	 -6.1025279524784537e-001	 -6.1035385065755232e-001	 -6.1059278001895922e-001	 -6.1046617726345787e-001	 -6.1045532612369335e-001	 -6.1044624777162326e-001	 -6.1044298546286679e-001	 -6.1044158638401402e-001	 -6.1044059193293698e-001	
 -6.1046162519873270e-001	 -6.1046162522071512e-001	 -6.1028840390076056e-001	 -6.1022132502730475e-001	 -6.1025546733595171e-001	 -6.1035503336814845e-001	 -6.1058959689030967e-001	 -6.1046367685435587e-001	 -6.1044830480294632e-001	 -6.1043821417117172e-001	 -6.1043473915922686e-001	 -6.1043326498388950e-001	 -6.1043221963319461e-001	
 -6.1045484611699230e-001	 -6.1045484614141721e-001	 -6.1029168640447384e-001	 -6.1022620820461171e-001	 -6.1025952543880546e-001	 -6.1035669473152865e-001	 -6.1058425473992095e-001	 -6.1045895061828670e-001	 -6.1043590240972279e-001	 -6.1042436078428963e-001	 -6.1042058892690765e-001	 -6.1041905601555424e-001	 -6.1041791591187611e-001	
 -6.1044673192212073e-001	 -6.1044673194343702e-001	 -6.1029455389582932e-001	 -6.1023064345855360e-001	 -6.1026315435008804e-001	 -6.1035797863540076e-001	 -6.1057870889136279e-001	 -6.1045341337317982e-001	 -6.1042245817377605e-001	 -6.1040971336689953e-001	 -6.1040568958137253e-001	 -6.1040402138778926e-001	 -6.1040285057856192e-001	
 -6.1043734394450322e-001	 -6.1043734396082350e-001	 -6.1029698404513333e-001	 -6.1023460749431990e-001	 -6.1026633116068041e-001	 -6.1035886345650603e-001	 -6.1057293825805825e-001	 -6.1044711213165126e-001	 -6.1040813713042485e-001	 -6.1039439062449130e-001	 -6.1039016989428152e-001	 -6.1038848137662249e-001	 -6.1038724978867975e-001	
 -6.1042679380118869e-001	 -6.1042679381229092e-001	 -6.1029896870623546e-001	 -6.1023809217952696e-001	 -6.1026904757333078e-001	 -6.1035934066366870e-001	 -6.1056693228256353e-001	 -6.1044011766575590e-001	 -6.1039310367883015e-001	 -6.1037852639078682e-001	 -6.1037415791564964e-001	 -6.1037246516471022e-001	 -6.1037116042927941e-001	
 -6.1040349323893128e-001	 -6.1040349324348320e-001	 -6.1030154578234352e-001	 -6.1024347902838283e-001	 -6.1027299928628764e-001	 -6.1035910352913447e-001	 -6.1055462151016204e-001	 -6.1042486559481635e-001	 -6.1036241990464202e-001	 -6.1034657697034422e-001	 -6.1034196041354072e-001	 -6.1034014218230848e-001	 -6.1033878407890096e-001	
 -6.1037707083289039e-001	 -6.1037707083499981e-001	 -6.1030246067939053e-001	 -6.1024708206069977e-001	 -6.1027523373435866e-001	 -6.1035733672321069e-001	 -6.1054139735816637e-001	 -6.1040772055909187e-001	 -6.1033028043722126e-001	 -6.1031341837147757e-001	 -6.1030854144572544e-001	 -6.1030654510119131e-001	 -6.1030520489468998e-001	
 -6.1034822053074311e-001	 -6.1034822053529503e-001	 -6.1030174527088032e-001	 -6.1024893728811591e-001	 -6.1027578376871006e-001	 -6.1035406555642879e-001	 -6.1052726738208829e-001	 -6.1038903433374703e-001	 -6.1029704618920100e-001	 -6.1027923390843952e-001	 -6.1027420601911242e-001	 -6.1027256012202713e-001	 -6.1027093929044707e-001	
 -6.1031746832562739e-001	 -6.1031746833528633e-001	 -6.1029944066237629e-001	 -6.1024908996920590e-001	 -6.1027469164443016e-001	 -6.1034932493553296e-001	 -6.1051224786812242e-001	 -6.1036906353528764e-001	 -6.1026279166664921e-001	 -6.1024422972422165e-001	 -6.1023916524194366e-001	 -6.1023744085375586e-001	 -6.1023570782858805e-001	
 -6.1028515164074371e-001	 -6.1028515165595376e-001	 -6.1029558376435311e-001	 -6.1024758105110433e-001	 -6.1027199551844102e-001	 -6.1034314603913842e-001	 -6.1049634997134561e-001	 -6.1034796309733519e-001	 -6.1022754449446825e-001	 -6.1020842506609441e-001	 -6.1020314536830433e-001	 -6.1020075701068155e-001	 -6.1019938469641932e-001	
 -6.1018354999842206e-001	 -6.1018355001618563e-001	 -6.1027581376105200e-001	 -6.1023404074223020e-001	 -6.1025531372538300e-001	 -6.1031723753035561e-001	 -6.1044519751918269e-001	 -6.1028093606096956e-001	 -6.1011978613012552e-001	 -6.1009868037942283e-001	 -6.1009265152967007e-001	 -6.1009028220393446e-001	 -6.1008861662337210e-001	
 -6.1007358907827491e-001	 -6.1007358908604647e-001	 -6.1024396145015203e-001	 -6.1020762787311611e-001	 -6.1022616359829307e-001	 -6.1028004266738822e-001	 -6.1038674205882160e-001	 -6.1020681655354903e-001	 -6.1000595514193456e-001	 -6.0998322531435889e-001	 -6.0997643232774124e-001	 -6.0997409571328376e-001	 -6.0997238727933389e-001	
 -6.0995777745009860e-001	 -6.0995777744998758e-001	 -6.1020094851282902e-001	 -6.1016935576241327e-001	 -6.1018550620395295e-001	 -6.1023237816704157e-001	 -6.1032128278282194e-001	 -6.1012659476789022e-001	 -6.0988717253684932e-001	 -6.0986228936321663e-001	 -6.0985637922239544e-001	 -6.0985384059519809e-001	 -6.0985198759022641e-001	
 -6.0983649580248489e-001	 -6.0983649580081956e-001	 -6.1014754402644034e-001	 -6.1012007798522117e-001	 -6.1013414987109993e-001	 -6.1017492294768161e-001	 -6.1024899559580792e-001	 -6.1004054503666083e-001	 -6.0976264663092916e-001	 -6.0973689162380218e-001	 -6.0972976408002477e-001	 -6.0972718898111289e-001	 -6.0972540194159652e-001	
 -6.0970939009463709e-001	 -6.0970939009430403e-001	 -6.1008435048481857e-001	 -6.1006047351908066e-001	 -6.1007273426871844e-001	 -6.1010820163709401e-001	 -6.1016994267959479e-001	 -6.0994884439269370e-001	 -6.0963267765523632e-001	 -6.0960553447175769e-001	 -6.0959752154010616e-001	 -6.0959480278055533e-001	 -6.0959284156558713e-001	
 -6.0952834197502970e-001	 -6.0952834197525174e-001	 -6.0998369545295361e-001	 -6.0996399318780092e-001	 -6.0997414100461000e-001	 -6.1000343280481761e-001	 -6.1005159865945568e-001	 -6.0981532033110852e-001	 -6.0944902078752250e-001	 -6.0941968598982044e-001	 -6.0941204998066212e-001	 -6.0940913621065906e-001	 -6.0940704865297679e-001	
 -6.0934145861191169e-001	 -6.0934145861202271e-001	 -6.0986813034225040e-001	 -6.0985187392592621e-001	 -6.0986027091536332e-001	 -6.0988446027332444e-001	 -6.0992214087707275e-001	 -6.0967266695488576e-001	 -6.0926025517826776e-001	 -6.0922997807633106e-001	 -6.0922246012673487e-001	 -6.0921951306946998e-001	 -6.0921741663055862e-001	
 -6.0915009243911467e-001	 -6.0915009243911467e-001	 -6.0973941595787728e-001	 -6.0972599963282637e-001	 -6.0973294771593523e-001	 -6.0975292688703053e-001	 -6.0978252148569112e-001	 -6.0952130998515042e-001	 -6.0906713974195892e-001	 -6.0903619657304287e-001	 -6.0902858779265934e-001	 -6.0902555776254363e-001	 -6.0902339075252776e-001	
 -6.0895517540460187e-001	 -6.0895517540437982e-001	 -6.0959921114445148e-001	 -6.0958813519529365e-001	 -6.0959388455705810e-001	 -6.0961039032603193e-001	 -6.0963373875755344e-001	 -6.0936181712145654e-001	 -6.0887009191568087e-001	 -6.0883945005307805e-001	 -6.0883138176093254e-001	 -6.0882844195397912e-001	 -6.0882636087022934e-001	
 -6.0861236784437445e-001	 -6.0861236784437445e-001	 -6.0933339014257459e-001	 -6.0932548864833791e-001	 -6.0932960403270453e-001	 -6.0934139149704247e-001	 -6.0935693133812308e-001	 -6.0906854242681607e-001	 -6.0852621099605209e-001	 -6.0849579900879025e-001	 -6.0848793551893099e-001	 -6.0848493372733792e-001	 -6.0848278261016464e-001	
 -6.0826915408307425e-001	 -6.0826915408307425e-001	 -6.0904579774079259e-001	 -6.0904015903850972e-001	 -6.0904310321385768e-001	 -6.0905152167300969e-001	 -6.0906200897681284e-001	 -6.0875726043141398e-001	 -6.0818215974633993e-001	 -6.0815271480396671e-001	 -6.0814523014673938e-001	 -6.0814233115136229e-001	 -6.0814027651923119e-001	
 -6.0792483314608958e-001	 -6.0792483314608958e-001	 -6.0874205578931306e-001	 -6.0873802696193025e-001	 -6.0874013432921092e-001	 -6.0874615271178101e-001	 -6.0875329634524356e-001	 -6.0843041495861616e-001	 -6.0783605693115472e-001	 -6.0780741356170065e-001	 -6.0779999232929427e-001	 -6.0779711044556262e-001	 -6.0779505962460512e-001	
 -6.0758492245471807e-001	 -6.0758492245471807e-001	 -6.0842795413151851e-001	 -6.0842507241054555e-001	 -6.0842658159521168e-001	 -6.0843088808026913e-001	 -6.0843573179902855e-001	 -6.0809241972958894e-001	 -6.0749680798766192e-001	 -6.0746982781711978e-001	 -6.0746297113489778e-001	 -6.0746017372625971e-001	 -6.0745807204254376e-001	
 -6.0724864380468091e-001	 -6.0724864380468091e-001	 -6.0810736549232747e-001	 -6.0810530321542267e-001	 -6.0810638430719433e-001	 -6.0810946717071435e-001	 -6.0811261530435701e-001	 -6.0774734614177373e-001	 -6.0715724253657122e-001	 -6.0713387929767215e-001	 -6.0712653801620053e-001	 -6.0712427536413482e-001	 -6.0712279403185576e-001	
 -6.0692077353097229e-001	 -6.0692077353097229e-001	 -6.0778446782761009e-001	 -6.0778299120911594e-001	 -6.0778376571712922e-001	 -6.0778597348831731e-001	 -6.0778779312620212e-001	 -6.0739737511472658e-001	 -6.0683606519296163e-001	 -6.0681006683549477e-001	 -6.0680446178962288e-001	 -6.0680144237834632e-001	 -6.0679904515181793e-001	
 -6.0659971895771214e-001	 -6.0659971895771214e-001	 -6.0746175959069948e-001	 -6.0746070240624839e-001	 -6.0746125727351163e-001	 -6.0746283825174885e-001	 -6.0746341275197402e-001	 -6.0704644430875643e-001	 -6.0650584886623449e-001	 -6.0648904100002454e-001	 -6.0648213682978902e-001	 -6.0648073344582443e-001	 -6.0647998511798029e-001	
 -6.0628910846205475e-001	 -6.0628910846205475e-001	 -6.0714213213053370e-001	 -6.0714137484862984e-001	 -6.0714177236387279e-001	 -6.0714290490027079e-001	 -6.0714230555669602e-001	 -6.0669682434433270e-001	 -6.0621121107895526e-001	 -6.0618545591029083e-001	 -6.0618067152240496e-001	 -6.0617725601164185e-001	 -6.0617441351484835e-001	
 -6.0598655280841296e-001	 -6.0598655280841296e-001	 -6.0682694728597664e-001	 -6.0682640509379659e-001	 -6.0682668987077637e-001	 -6.0682750088392190e-001	 -6.0682551596646928e-001	 -6.0635111545792597e-001	 -6.0589192948035109e-001	 -6.0588047283871571e-001	 -6.0587432406333797e-001	 -6.0587373250575727e-001	 -6.0587369306164263e-001	
 -6.0569498547924372e-001	 -6.0569498547924372e-001	 -6.0651807671463498e-001	 -6.0651768818709151e-001	 -6.0651789220400598e-001	 -6.0651847332249265e-001	 -6.0651505574460529e-001	 -6.0601262217130358e-001	 -6.0562436836930633e-001	 -6.0559928126679985e-001	 -6.0559490153955231e-001	 -6.0559111579372438e-001	 -6.0558783526076798e-001	
 -6.0541181453777071e-001	 -6.0541181453777071e-001	 -6.0621608260646997e-001	 -6.0621580448949608e-001	 -6.0621595064347389e-001	 -6.0621636672253398e-001	 -6.0621112832570656e-001	 -6.0568114048198396e-001	 -6.0531845975175802e-001	 -6.0531050036349843e-001	 -6.0530528948921081e-001	 -6.0530539233838443e-001	 -6.0530600300767734e-001	
 -6.0513960001173928e-001	 -6.0513960001185030e-001	 -6.0592214690513568e-001	 -6.0592194751074580e-001	 -6.0592205221865481e-001	 -6.0592235045742182e-001	 -6.0591523162745187e-001	 -6.0536277788658666e-001	 -6.0507512144170050e-001	 -6.0505192861115553e-001	 -6.0504769248448387e-001	 -6.0504366974711843e-001	 -6.0504003063299727e-001	
 -6.0487571628431436e-001	 -6.0487571628442538e-001	 -6.0563632682919533e-001	 -6.0563618415720999e-001	 -6.0563625916720820e-001	 -6.0563647264255671e-001	 -6.0562698171107154e-001	 -6.0505224487794607e-001	 -6.0478605790159623e-001	 -6.0477958666083076e-001	 -6.0477527713331813e-001	 -6.0477583212037445e-001	 -6.0477692822591411e-001	
 -6.0462244960279854e-001	 -6.0462244960279854e-001	 -6.0535936054739725e-001	 -6.0535925846283423e-001	 -6.0535931219773964e-001	 -6.0535946499995497e-001	 -6.0534742482742931e-001	 -6.0475738912013632e-001	 -6.0453549926575700e-001	 -6.0453327287546266e-001	 -6.0452989266734924e-001	 -6.0452941153577022e-001	 -6.0452896296769865e-001	
 -6.0437725660733577e-001	 -6.0437725660711372e-001	 -6.0509101240757701e-001	 -6.0509093930605218e-001	 -6.0509097780114818e-001	 -6.0509108723549865e-001	 -6.0507624534067439e-001	 -6.0447869264057541e-001	 -6.0432161216517066e-001	 -6.0429509969550654e-001	 -6.0429129151307048e-001	 -6.0428852962679525e-001	 -6.0428653046851188e-001	
 -6.0414235052974607e-001	 -6.0414235052952403e-001	 -6.0483178279080452e-001	 -6.0483173042369387e-001	 -6.0483175800174482e-001	 -6.0483183639781224e-001	 -6.0481398633971395e-001	 -6.0421470497273866e-001	 -6.0407662383843430e-001	 -6.0406216424813142e-001	 -6.0405861597667698e-001	 -6.0405708206556774e-001	 -6.0405595811907631e-001	
 -6.0391548264393524e-001	 -6.0391548264393524e-001	 -6.0458134759522331e-001	 -6.0458131007712357e-001	 -6.0458132983420843e-001	 -6.0458138599950306e-001	 -6.0456027228594778e-001	 -6.0396181425614870e-001	 -6.0384567859839144e-001	 -6.0383677552933168e-001	 -6.0383367975458402e-001	 -6.0383241067385462e-001	 -6.0383137656760955e-001	
 -6.0369842778928984e-001	 -6.0369842778928984e-001	 -6.0434002125786535e-001	 -6.0433999437847774e-001	 -6.0434000853215597e-001	 -6.0434004877085723e-001	 -6.0431549421691155e-001	 -6.0372723959400965e-001	 -6.0363329419865774e-001	 -6.0362409689163066e-001	 -6.0362103992617211e-001	 -6.0361966876787410e-001	 -6.0361865999569719e-001	
 -6.0362904476241042e-001	 -6.0362904476241042e-001	 -6.0426280949654743e-001	 -6.0426278535596900e-001	 -6.0426279806768957e-001	 -6.0426283420578208e-001	 -6.0423710745971526e-001	 -6.0365199151457549e-001	 -6.0356395507032978e-001	 -6.0355498520803241e-001	 -6.0355207843432179e-001	 -6.0355082942431526e-001	 -6.0354985591615229e-001	
 -6.0356049780752041e-001	 -6.0356049780752041e-001	 -6.0418667450212737e-001	 -6.0418665276440464e-001	 -6.0418666421069300e-001	 -6.0418669675177394e-001	 -6.0415980154227000e-001	 -6.0358002903870833e-001	 -6.0349540549731184e-001	 -6.0348673884769166e-001	 -6.0348373553109624e-001	 -6.0348275285804220e-001	 -6.0348184325020870e-001	
 -6.0349287351635361e-001	 -6.0349287351635361e-001	 -6.0411149320160895e-001	 -6.0411147361860706e-001	 -6.0411148393035852e-001	 -6.0411151324635259e-001	 -6.0408344924522961e-001	 -6.0350883009208101e-001	 -6.0342906563759513e-001	 -6.0342062062257451e-001	 -6.0341755470316727e-001	 -6.0341654114870469e-001	 -6.0341564647670154e-001	
 -6.0324450324888979e-001	 -6.0324450324888979e-001	 -6.0383321631962694e-001	 -6.0383320279444597e-001	 -6.0383320991630463e-001	 -6.0383323016366397e-001	 -6.0380083554001374e-001	 -6.0323060584122068e-001	 -6.0318336276621309e-001	 -6.0317582275204451e-001	 -6.0317358421735356e-001	 -6.0317238213869473e-001	 -6.0317154088196379e-001	
 -6.0301301270471175e-001	 -6.0301301270471175e-001	 -6.0356993865817721e-001	 -6.0356992935139964e-001	 -6.0356993425214611e-001	 -6.0356994818433485e-001	 -6.0353297450554955e-001	 -6.0304781445519318e-001	 -6.0295665058507364e-001	 -6.0294953676742757e-001	 -6.0294711925046318e-001	 -6.0294611595401726e-001	 -6.0294531060822720e-001	
 -6.0298886489074111e-001	 -6.0298886489074111e-001	 -6.0354280255647819e-001	 -6.0354279364505103e-001	 -6.0354279833774171e-001	 -6.0354281167762647e-001	 -6.0350528123598313e-001	 -6.0301168427834284e-001	 -6.0293180373105493e-001	 -6.0292462794031554e-001	 -6.0292217344182220e-001	 -6.0292110187332160e-001	 -6.0292025033026331e-001	
 -6.0296448286356608e-001	 -6.0296448286356608e-001	 -6.0351578390194227e-001	 -6.0351577536543743e-001	 -6.0351577986073046e-001	 -6.0351579263961952e-001	 -6.0347772116686738e-001	 -6.0297648907381429e-001	 -6.0290730853018726e-001	 -6.0289985766814880e-001	 -6.0289573824712228e-001	 -6.0289748531872078e-001	 -6.0289443297267820e-001	
 -6.0294007331640476e-001	 -6.0294007331640476e-001	 -6.0348887598660195e-001	 -6.0348886780858813e-001	 -6.0348887211481017e-001	 -6.0348888435746151e-001	 -6.0345027960961861e-001	 -6.0294413294614824e-001	 -6.0288266399854962e-001	 -6.0287513575563167e-001	 -6.0287205183939818e-001	 -6.0287173590489740e-001	 -6.0287060248664925e-001	
 -6.0288881775649728e-001	 -6.0288881775649728e-001	 -6.0343202233370530e-001	 -6.0343201486001696e-001	 -6.0343201879553554e-001	 -6.0343202998347500e-001	 -6.0339231464157095e-001	 -6.0288361878990671e-001	 -6.0283177180819880e-001	 -6.0282485275686692e-001	 -6.0282252964183325e-001	 -6.0282154532476095e-001	 -6.0282075890549791e-001	
 -6.0283874685174155e-001	 -6.0283874685174155e-001	 -6.0337586572334345e-001	 -6.0337585889425061e-001	 -6.0337586249026298e-001	 -6.0337587271330761e-001	 -6.0333508271004366e-001	 -6.0282866921990141e-001	 -6.0278295318194619e-001	 -6.0277637858807687e-001	 -6.0277389822693817e-001	 -6.0277321401636108e-001	 -6.0277234596683993e-001	
 -6.0278972199501180e-001	 -6.0278972199501180e-001	 -6.0332042776245487e-001	 -6.0332042152266840e-001	 -6.0332042480826242e-001	 -6.0332043414978997e-001	 -6.0327857832209730e-001	 -6.0277697833344135e-001	 -6.0273491889684117e-001	 -6.0272861560850544e-001	 -6.0272651154413825e-001	 -6.0272534558081237e-001	 -6.0272479155265568e-001	
 -6.0258263969636960e-001	 -6.0258263969636960e-001	 -6.0308463228209153e-001	 -6.0308462796376805e-001	 -6.0308463023761583e-001	 -6.0308463670244450e-001	 -6.0303857200227906e-001	 -6.0256263034108581e-001	 -6.0253103435736755e-001	 -6.0252516226622088e-001	 -6.0252318969133967e-001	 -6.0252228564283694e-001	 -6.0252157840956500e-001	
 -6.0238987320548887e-001	 -6.0238987320548887e-001	 -6.0286251755603537e-001	 -6.0286251457908335e-001	 -6.0286251614671826e-001	 -6.0286252060359757e-001	 -6.0281233408698842e-001	 -6.0236244526568061e-001	 -6.0234137142356481e-001	 -6.0233632515904745e-001	 -6.0233475264370728e-001	 -6.0233376406781947e-001	 -6.0233320393643375e-001	
 -6.0234466628128480e-001	 -6.0234466628128480e-001	 -6.0281153146768407e-001	 -6.0281152876096034e-001	 -6.0281153018615363e-001	 -6.0281153423902278e-001	 -6.0276026425398754e-001	 -6.0231882758043920e-001	 -6.0229566756342390e-001	 -6.0229034914893731e-001	 -6.0228846905596711e-001	 -6.0228761586678115e-001	 -6.0228694021458029e-001	
 -6.0229992796256848e-001	 -6.0229992796256848e-001	 -6.0276120186486537e-001	 -6.0276119940161355e-001	 -6.0276120069813199e-001	 -6.0276120438707004e-001	 -6.0270886240143540e-001	 -6.0227515230437678e-001	 -6.0225090288912320e-001	 -6.0224624385896153e-001	 -6.0224454562918250e-001	 -6.0224248388462964e-001	 -6.0224295467581346e-001	
 -6.0225612589570598e-001	 -6.0225612589570598e-001	 -6.0271155927049680e-001	 -6.0271155702840140e-001	 -6.0271155820779132e-001	 -6.0271156156654904e-001	 -6.0265822174776496e-001	 -6.0223205901199783e-001	 -6.0220850749193033e-001	 -6.0220351627382485e-001	 -6.0220171156977198e-001	 -6.0220101160102235e-001	 -6.0220046791881199e-001	
 -6.0217733498790782e-001	 -6.0217733498790782e-001	 -6.0262164120106210e-001	 -6.0262163930935309e-001	 -6.0262164030377985e-001	 -6.0262164313784616e-001	 -6.0256661944013690e-001	 -6.0215358646853456e-001	 -6.0213124862973366e-001	 -6.0212645375523621e-001	 -6.0212476779042401e-001	 -6.0212403007797732e-001	 -6.0212342684595743e-001	
 -6.0210082566169998e-001	 -6.0210082566169998e-001	 -6.0253398492549071e-001	 -6.0253398334275676e-001	 -6.0253398418130821e-001	 -6.0253398657117430e-001	 -6.0247735227392241e-001	 -6.0207720827809563e-001	 -6.0205593675843883e-001	 -6.0205136604429832e-001	 -6.0204975152333695e-001	 -6.0204903267779830e-001	 -6.0204845140421348e-001	
 -6.0202644678863937e-001	 -6.0202644678863937e-001	 -6.0244857394509133e-001	 -6.0244857270441710e-001	 -6.0244857341162916e-001	 -6.0244857542690600e-001	 -6.0239040964849000e-001	 -6.0200277320276996e-001	 -6.0198273609368691e-001	 -6.0197835072750561e-001	 -6.0197678995743686e-001	 -6.0197609348722203e-001	 -6.0197552974627921e-001	
 -6.0186471185053048e-001	 -6.0186471185053048e-001	 -6.0226204644164838e-001	 -6.0226204470681388e-001	 -6.0226204519553406e-001	 -6.0226204658897498e-001	 -6.0220101776486956e-001	 -6.0184185023282044e-001	 -6.0182369055294949e-001	 -6.0181964567207480e-001	 -6.0181820367632977e-001	 -6.0181755538180060e-001	 -6.0181703469686099e-001	
 -6.0171318396096130e-001	 -6.0171318396096130e-001	 -6.0208610183187794e-001	 -6.0208661280436448e-001	 -6.0208661309912870e-001	 -6.0208661405936059e-001	 -6.0202333203884795e-001	 -6.0169199172466215e-001	 -6.0167554126144829e-001	 -6.0167153249257588e-001	 -6.0166990326426806e-001	 -6.0166941320449752e-001	 -6.0166872097200397e-001	
 -6.0157006519856449e-001	 -6.0157006519856449e-001	 -6.0192103773415440e-001	 -6.0192146466298002e-001	 -6.0192146485904541e-001	 -6.0192146552051629e-001	 -6.0185601282269907e-001	 -6.0154835708647880e-001	 -6.0153346737878977e-001	 -6.0153008526286911e-001	 -6.0152884303754650e-001	 -6.0152830111659394e-001	 -6.0152784575762119e-001	
 -6.0136413699007907e-001	 -6.0136413699007907e-001	 -6.0168208040978222e-001	 -6.0168239185831585e-001	 -6.0168239196023432e-001	 -6.0168239231062071e-001	 -6.0161408645242886e-001	 -6.0134345580831194e-001	 -6.0133144795682103e-001	 -6.0132836381776578e-001	 -6.0132734478468564e-001	 -6.0132677462210182e-001	 -6.0132640487065014e-001	
 -6.0117569414153138e-001	 -6.0117569414153138e-001	 -6.0146414596218278e-001	 -6.0146421587858878e-001	 -6.0146421593187949e-001	 -6.0146421611007028e-001	 -6.0139409656068121e-001	 -6.0115578410369075e-001	 -6.0114505113162409e-001	 -6.0114274487788055e-001	 -6.0114174199499271e-001	 -6.0114142658074243e-001	 -6.0114103683628350e-001	
 -6.0100934084583724e-001	 -6.0100934084583724e-001	 -6.0126785443903596e-001	 -6.0126783233427350e-001	 -6.0126783236225112e-001	 -6.0126781025826581e-001	 -6.0119742831310496e-001	 -6.0099183873685291e-001	 -6.0098308724820804e-001	 -6.0098106421113684e-001	 -6.0098030475541631e-001	 -6.0097991871455037e-001	 -6.0097961289884427e-001	
 -6.0094977589320031e-001	 -6.0094977589320031e-001	 -6.0120182536738120e-001	 -6.0120180339762186e-001	 -6.0120180342015939e-001	 -6.0120177996692004e-001	 -6.0113137397566074e-001	 -6.0093086644019689e-001	 -6.0092094975539023e-001	 -6.0091828195385499e-001	 -6.0091729255740134e-001	 -6.0091682784191303e-001	 -6.0091645142756889e-001	
 -6.0093090421331485e-001	 -6.0093090421331485e-001	 -6.0118091313698940e-001	 -6.0118089291461008e-001	 -6.0118089293548227e-001	 -6.0118086336724552e-001	 -6.0111051438904717e-001	 -6.0091256975258744e-001	 -6.0090330193118824e-001	 -6.0090138251889247e-001	 -6.0090077770402761e-001	 -6.0090039254256933e-001	 -6.0090012040647789e-001	
 -6.0091368276604662e-001	 -6.0091368276604662e-001	 -6.0116039538382626e-001	 -6.0116038934765470e-001	 -6.0116038936719463e-001	 -6.0116038309077080e-001	 -6.0109010816222774e-001	 -6.0089642003580135e-001	 -6.0088930771906579e-001	 -6.0088746223574407e-001	 -6.0088673645664059e-001	 -6.0088664995550101e-001	 -6.0088653291334726e-001	
 -6.0089751147351933e-001	 -6.0089751147351933e-001	 -6.0114027425728356e-001	 -6.0114027712265816e-001	 -6.0114027714086582e-001	 -6.0114028165725308e-001	 -6.0107013078514182e-001	 -6.0088123812596095e-001	 -6.0087445952083929e-001	 -6.0087256603291728e-001	 -6.0087185948010102e-001	 -6.0087151453702692e-001	 -6.0087120503415914e-001	
 -6.0088133860780601e-001	 -6.0088133860780601e-001	 -6.0112043011695260e-001	 -6.0112043760851552e-001	 -6.0112043762516887e-001	 -6.0112044751137184e-001	 -6.0105038021962542e-001	 -6.0086440311679645e-001	 -6.0085816125288183e-001	 -6.0085491086614429e-001	 -6.0085349774063879e-001	 -6.0085367631590447e-001	 -6.0085351709904256e-001	
 -6.0085622214511858e-001	 -6.0085622214511858e-001	 -6.0109073226544130e-001	 -6.0109074588710065e-001	 -6.0109074590197764e-001	 -6.0109075507919218e-001	 -6.0102087048263808e-001	 -6.0083921272724439e-001	 -6.0083179058323388e-001	 -6.0082942668970851e-001	 -6.0082863320432001e-001	 -6.0082835324781758e-001	 -6.0082808954997624e-001	
 -6.0083102452546111e-001	 -6.0083102452546111e-001	 -6.0106151633165794e-001	 -6.0106153178518529e-001	 -6.0106153179828592e-001	 -6.0106152837047233e-001	 -6.0099190070095343e-001	 -6.0081489422469936e-001	 -6.0080668880702071e-001	 -6.0080506259541089e-001	 -6.0080436947029803e-001	 -6.0080387534777735e-001	 -6.0080333441947520e-001	
 -6.0080629393777230e-001	 -6.0080629393777230e-001	 -6.0103281178724988e-001	 -6.0103283075263469e-001	 -6.0103283076429204e-001	 -6.0103282462986574e-001	 -6.0096348111859932e-001	 -6.0079059462381235e-001	 -6.0078255591833329e-001	 -6.0078088106507721e-001	 -6.0078024488341430e-001	 -6.0077981446460260e-001	 -6.0077951390358209e-001	
 -6.0078215859726836e-001	 -6.0078215859726836e-001	 -6.0100463127510384e-001	 -6.0100465437795680e-001	 -6.0100465438850392e-001	 -6.0100465148849036e-001	 -6.0093559461038559e-001	 -6.0076650245521890e-001	 -6.0075900074063604e-001	 -6.0075718554286617e-001	 -6.0075652365887411e-001	 -6.0075617878907472e-001	 -6.0075593170294539e-001	
 -6.0059895780606443e-001	 -6.0059895780606443e-001	 -6.0078927104023627e-001	 -6.0078932869944701e-001	 -6.0078932870422097e-001	 -6.0079015065483965e-001	 -6.0072441534797516e-001	 -6.0058461837597665e-001	 -6.0057920226896933e-001	 -6.0057741208174864e-001	 -6.0057700683047166e-001	 -6.0057674935953820e-001	 -6.0057663779677917e-001	
 -6.0044574568285380e-001	 -6.0044574568285380e-001	 -6.0060652835325357e-001	 -6.0060663452821128e-001	 -6.0060663453032070e-001	 -6.0060841154052635e-001	 -6.0054621215677173e-001	 -6.0043264390341466e-001	 -6.0042901444823382e-001	 -6.0042759684431068e-001	 -6.0042744836508177e-001	 -6.0042724174413920e-001	 -6.0042723461528613e-001	
 -6.0043750178073729e-001	 -6.0043750178073729e-001	 -6.0059767536813080e-001	 -6.0059778142695919e-001	 -6.0059778142917963e-001	 -6.0059951030999592e-001	 -6.0053746747579240e-001	 -6.0042406679672311e-001	 -6.0041929900966906e-001	 -6.0041743450323093e-001	 -6.0041671410704378e-001	 -6.0041647703745760e-001	 -6.0041623616602369e-001	
 -6.0042867294940461e-001	 -6.0042867294940461e-001	 -6.0058879249746955e-001	 -6.0058889645842051e-001	 -6.0058889646041891e-001	 -6.0059052394412227e-001	 -6.0052867007887034e-001	 -6.0041511679065351e-001	 -6.0040904815172880e-001	 -6.0040736424826768e-001	 -6.0040673735262118e-001	 -6.0040629804869461e-001	 -6.0040595831023502e-001	
 -6.0041993901405188e-001	 -6.0041993901405188e-001	 -6.0057993254469810e-001	 -6.0058003492491352e-001	 -6.0058003492657885e-001	 -6.0058157166831272e-001	 -6.0051989558740360e-001	 -6.0040631775248876e-001	 -6.0040024644381074e-001	 -6.0039878617057507e-001	 -6.0039823314161911e-001	 -6.0039794915256461e-001	 -6.0039774157483183e-001	
 -6.0040885638634744e-001	 -6.0040885638634744e-001	 -6.0056800753460760e-001	 -6.0056810934139282e-001	 -6.0056810934305815e-001	 -6.0056955047294025e-001	 -6.0050812919554275e-001	 -6.0039561512847950e-001	 -6.0039042806947496e-001	 -6.0038917587046381e-001	 -6.0038872420431488e-001	 -6.0038854809085773e-001	 -6.0038840607612443e-001	
 -6.0039861807203998e-001	 -6.0039861807203998e-001	 -6.0055628304378494e-001	 -6.0055637985667598e-001	 -6.0055637985845234e-001	 -6.0055768194122727e-001	 -6.0049664382577639e-001	 -6.0038693262032261e-001	 -6.0038205290802171e-001	 -6.0038113599525378e-001	 -6.0038067400491890e-001	 -6.0038033422171733e-001	 -6.0037995921569109e-001	
 -6.0038897451897277e-001	 -6.0038897451897277e-001	 -6.0054475036641630e-001	 -6.0054484426330657e-001	 -6.0054484426530497e-001	 -6.0054603618764357e-001	 -6.0048539303492188e-001	 -6.0037813492819225e-001	 -6.0037339785468102e-001	 -6.0037235678211953e-001	 -6.0037194265161187e-001	 -6.0037161562065400e-001	 -6.0037132547585692e-001	
 -6.0036503166416288e-001	 -6.0036503166416288e-001	 -6.0051549162565276e-001	 -6.0051558443507957e-001	 -6.0051558443674491e-001	 -6.0051664630167423e-001	 -6.0045693142640744e-001	 -6.0035418563253451e-001	 -6.0035007059466849e-001	 -6.0034888725801761e-001	 -6.0034845953804705e-001	 -6.0034828824950814e-001	 -6.0034814249654289e-001	
 -6.0034188224011853e-001	 -6.0034188224011853e-001	 -6.0048721383409998e-001	 -6.0048730399953065e-001	 -6.0048730400119599e-001	 -6.0048820601354969e-001	 -6.0042951713712434e-001	 -6.0033130630476883e-001	 -6.0032734613579830e-001	 -6.0032624430328418e-001	 -6.0032583768943049e-001	 -6.0032565147050132e-001	 -6.0032549573940663e-001	
 -6.0031925884240778e-001	 -6.0031925884240778e-001	 -6.0045982953649268e-001	 -6.0045992320223451e-001	 -6.0045992320534314e-001	 -6.0046068468777580e-001	 -6.0040308496434047e-001	 -6.0030924858101020e-001	 -6.0030510424324834e-001	 -6.0030415172962481e-001	 -6.0030371976083075e-001	 -6.0030348491679764e-001	 -6.0030322355097976e-001	
 -6.0025075262704064e-001	 -6.0025075262704064e-001	 -6.0037768762222221e-001	 -6.0037776552279709e-001	 -6.0037776552546163e-001	 -6.0037814686708657e-001	 -6.0032423138201008e-001	 -6.0024130654934282e-001	 -6.0023772016004617e-001	 -6.0023675579057301e-001	 -6.0023644968820733e-001	 -6.0023626061300739e-001	 -6.0023613426074540e-001	
 -6.0018823976193403e-001	 -6.0018823976193403e-001	 -6.0030311048098195e-001	 -6.0030322511273049e-001	 -6.0030322515081114e-001	 -6.0030307037906017e-001	 -6.0025336860336509e-001	 -6.0018159509378499e-001	 -6.0017718543592391e-001	 -6.0017704756543111e-001	 -6.0017585762062176e-001	 -6.0017572201598313e-001	 -6.0017458906680421e-001	
 -6.0013173974093892e-001	 -6.0013173974093892e-001	 -6.0023564331235235e-001	 -6.0023577071810497e-001	 -6.0023577078138768e-001	 -6.0023538552977929e-001	 -6.0018934155203763e-001	 -6.0012516158880480e-001	 -6.0012177894208651e-001	 -6.0012153697108772e-001	 -6.0012049993074523e-001	 -6.0012044025248290e-001	 -6.0011942695759046e-001	
 -6.0004023626181180e-001	 -6.0004023626181180e-001	 -6.0012625619410009e-001	 -6.0012637712136829e-001	 -6.0012637715822770e-001	 -6.0012798480413299e-001	 -6.0008537540545692e-001	 -6.0003161589194942e-001	 -6.0003093350435854e-001	 -6.0003018253695917e-001	 -6.0003025968313750e-001	 -6.0003021148813396e-001	 -6.0003030338873220e-001	
 -5.9996617538460306e-001	 -5.9996617538460306e-001	 -6.0003647958550843e-001	 -6.0003660165008910e-001	 -6.0003660166718653e-001	 -6.0003950348741508e-001	 -6.0000100424584257e-001	 -5.9995797733924938e-001	 -5.9995837074833247e-001	 -5.9995786559496889e-001	 -5.9995810136093120e-001	 -5.9995806964496801e-001	 -5.9995820855018867e-001	
 -5.9994193707402221e-001	 -5.9994193707402221e-001	 -6.0001049739211165e-001	 -6.0001061694314739e-001	 -6.0001061695580393e-001	 -6.0001331701065030e-001	 -5.9997618881468817e-001	 -5.9993449130335552e-001	 -5.9993380730194446e-001	 -5.9993302737892940e-001	 -5.9993273640124301e-001	 -5.9993275275238567e-001	 -5.9993270584624003e-001	
 -5.9993731140395301e-001	 -5.9993731140395301e-001	 -6.0000364323420374e-001	 -6.0000374263646794e-001	 -6.0000374264812528e-001	 -6.0000596760578784e-001	 -5.9996992656374815e-001	 -5.9993400086266746e-001	 -5.9993205934383287e-001	 -5.9993226968868552e-001	 -5.9993239640943052e-001	 -5.9993202433894499e-001	 -5.9993185846873853e-001	
 -5.9993315879824927e-001	 -5.9993315879824927e-001	 -5.9999703913216074e-001	 -5.9999715746572591e-001	 -5.9999715747638405e-001	 -5.9999947498790007e-001	 -5.9996396339767610e-001	 -5.9992754802284942e-001	 -5.9992782581019810e-001	 -5.9992721573687291e-001	 -5.9992702769318118e-001	 -5.9992742326819837e-001	 -5.9992766334671099e-001	
 -5.9992838171374352e-001	 -5.9992838171374352e-001	 -5.9999055568249471e-001	 -5.9999066665550327e-001	 -5.9999066666494016e-001	 -5.9999276920541522e-001	 -5.9995808690838093e-001	 -5.9992373408246369e-001	 -5.9992294802291291e-001	 -5.9992244349971191e-001	 -5.9992225995109116e-001	 -5.9992213685677864e-001	 -5.9992199272762559e-001	
 -5.9991790964397662e-001	 -5.9991790964397662e-001	 -5.9997796220778721e-001	 -5.9997804807276900e-001	 -5.9997804808065158e-001	 -5.9997941787104381e-001	 -5.9994656630402154e-001	 -5.9991477996224063e-001	 -5.9991202560250034e-001	 -5.9991163878492237e-001	 -5.9991138164561253e-001	 -5.9991113078483593e-001	 -5.9991094292644043e-001	
 -5.9990759452299702e-001	 -5.9990759452299702e-001	 -5.9996573611775794e-001	 -5.9996581309385011e-001	 -5.9996581310028940e-001	 -5.9996679555518462e-001	 -5.9993531589430660e-001	 -5.9990380556351752e-001	 -5.9990154939726370e-001	 -5.9990116565245000e-001	 -5.9990099391016294e-001	 -5.9990088340644565e-001	 -5.9990080603944396e-001	
 -5.9989771536650416e-001	 -5.9989771536650416e-001	 -5.9995392595713071e-001	 -5.9995399508450120e-001	 -5.9995399509060743e-001	 -5.9995471162821445e-001	 -5.9992444484135987e-001	 -5.9989376485225510e-001	 -5.9989211946631649e-001	 -5.9989176726260585e-001	 -5.9989152349493313e-001	 -5.9989141894312148e-001	 -5.9989124883286227e-001	
 -5.9985525312822308e-001	 -5.9985525312822308e-001	 -5.9990232789186582e-001	 -5.9990240690666052e-001	 -5.9990240690976915e-001	 -5.9990401679321792e-001	 -5.9987690879925726e-001	 -5.9984979266025640e-001	 -5.9985006945539876e-001	 -5.9984972392346236e-001	 -5.9984981573235618e-001	 -5.9984981518446112e-001	 -5.9984990108474801e-001	
 -5.9982028129157428e-001	 -5.9982028129157428e-001	 -5.9985931974970708e-001	 -5.9985939796236565e-001	 -5.9985939796369792e-001	 -5.9986146626000991e-001	 -5.9983758081738614e-001	 -5.9981530119401771e-001	 -5.9981593861313520e-001	 -5.9981569178424454e-001	 -5.9981582050183668e-001	 -5.9981582484713858e-001	 -5.9981590786850614e-001	
 -5.9979185975800320e-001	 -5.9979185975800320e-001	 -5.9982393042401494e-001	 -5.9982400177005513e-001	 -5.9982400177072126e-001	 -5.9982611528641705e-001	 -5.9980558528927030e-001	 -5.9978786760395142e-001	 -5.9978832755258615e-001	 -5.9978813566574640e-001	 -5.9978825041551165e-001	 -5.9978825141271397e-001	 -5.9978832130469506e-001	
 -5.9973877410113285e-001	 -5.9973877410113285e-001	 -5.9975731712047509e-001	 -5.9975737063477919e-001	 -5.9975737063533430e-001	 -5.9975826716074376e-001	 -5.9974621024228014e-001	 -5.9973735791118976e-001	 -5.9973697197712728e-001	 -5.9973685206504701e-001	 -5.9973679872493690e-001	 -5.9973679050562279e-001	 -5.9973676767122175e-001	
 -5.9973324872408806e-001	 -5.9973324872408806e-001	 -5.9974355626613018e-001	 -5.9974357443193238e-001	 -5.9974357443204340e-001	 -5.9974396701867327e-001	 -5.9973623290132672e-001	 -5.9973318685635491e-001	 -5.9973328189633079e-001	 -5.9973340589902779e-001	 -5.9973346090880231e-001	 -5.9973340100982764e-001	 -5.9973341860575236e-001	
 -5.9973161941262454e-001	 -5.9973161941262454e-001	 -5.9974272438922949e-001	 -5.9974277336727333e-001	 -5.9974277336749537e-001	 -5.9974315600941352e-001	 -5.9973547278291406e-001	 -5.9972960186083224e-001	 -5.9972743303893239e-001	 -5.9972683364761803e-001	 -5.9972656796436485e-001	 -5.9972590834433959e-001	 -5.9972561397103608e-001	
 -5.9972791541795800e-001	 -5.9972791541795800e-001	 -5.9974168919951776e-001	 -5.9974167583043414e-001	 -5.9974167583076721e-001	 -5.9974201900392377e-001	 -5.9973407753821650e-001	 -5.9972327653790014e-001	 -5.9971996465524313e-001	 -5.9971833219440995e-001	 -5.9971757213894694e-001	 -5.9971752181198212e-001	 -5.9971734896946405e-001	
 -5.9972396207108591e-001	 -5.9972396207108591e-001	 -5.9974044158117579e-001	 -5.9974042071464506e-001	 -5.9974042071475608e-001	 -5.9974073658453086e-001	 -5.9973242483601918e-001	 -5.9971802651637152e-001	 -5.9971496235622368e-001	 -5.9971401688641013e-001	 -5.9971373435252495e-001	 -5.9971367476574500e-001	 -5.9971359222743548e-001	
 -5.9972085581572188e-001	 -5.9972085581572188e-001	 -5.9973916619493473e-001	 -5.9973917490629969e-001	 -5.9973917490641071e-001	 -5.9973953027026017e-001	 -5.9973082679343204e-001	 -5.9971571332717577e-001	 -5.9971333188013620e-001	 -5.9971330744157392e-001	 -5.9971337453368356e-001	 -5.9971346601184194e-001	 -5.9971311148332429e-001	
 -5.9971807734227056e-001	 -5.9971807734227056e-001	 -5.9973733754559166e-001	 -5.9973734911000776e-001	 -5.9973734911011878e-001	 -5.9973767723409122e-001	 -5.9972865246016305e-001	 -5.9971461231278500e-001	 -5.9971407912573493e-001	 -5.9971418226811846e-001	 -5.9971422961990761e-001	 -5.9971426359539670e-001	 -5.9971427573990432e-001	
 -5.9971693339955223e-001	 -5.9971693339955223e-001	 -5.9973569338112043e-001	 -5.9973574368965554e-001	 -5.9973574368965554e-001	 -5.9973611532360138e-001	 -5.9972694831589290e-001	 -5.9971489712362658e-001	 -5.9971485647203338e-001	 -5.9971564553307211e-001	 -5.9971584445384085e-001	 -5.9971560270577484e-001	 -5.9971558522620150e-001	
 -5.9971662238755830e-001	 -5.9971662238755830e-001	 -5.9973425581827389e-001	 -5.9973431807147648e-001	 -5.9973431807136546e-001	 -5.9973468273555319e-001	 -5.9972557292986561e-001	 -5.9971552836113329e-001	 -5.9971570241568184e-001	 -5.9971648116441401e-001	 -5.9971681577652980e-001	 -5.9971634669864216e-001	 -5.9971635437339188e-001	
 -5.9971653513790635e-001	 -5.9971653513790635e-001	 -5.9973201215113292e-001	 -5.9973207111851945e-001	 -5.9973207111840843e-001	 -5.9973237924049183e-001	 -5.9972359642623818e-001	 -5.9971635251421240e-001	 -5.9971648969070479e-001	 -5.9971654264012741e-001	 -5.9971654506252303e-001	 -5.9971653658308366e-001	 -5.9971653632018285e-001	
 -5.9971632914335160e-001	 -5.9971632914335160e-001	 -5.9973005378877176e-001	 -5.9973006679758800e-001	 -5.9973006679669982e-001	 -5.9973025794657353e-001	 -5.9972197580437925e-001	 -5.9971600484398646e-001	 -5.9971605244091286e-001	 -5.9971617170884173e-001	 -5.9971626060695282e-001	 -5.9971608629294515e-001	 -5.9971612622122805e-001	
 -5.9971588938334541e-001	 -5.9971588938334541e-001	 -5.9972826374898869e-001	 -5.9972823800402697e-001	 -5.9972823800302777e-001	 -5.9972832628440997e-001	 -5.9972056549084662e-001	 -5.9971553362181407e-001	 -5.9971548661641449e-001	 -5.9971549491499854e-001	 -5.9971552746096446e-001	 -5.9971544440406976e-001	 -5.9971546272574727e-001	
 -5.9971376578005220e-001	 -5.9971376578005220e-001	 -5.9972352823356445e-001	 -5.9972350662684804e-001	 -5.9972350662618190e-001	 -5.9972353657566924e-001	 -5.9971708404560342e-001	 -5.9971332965569335e-001	 -5.9971319333673723e-001	 -5.9971315902562772e-001	 -5.9971314298379319e-001	 -5.9971313558171424e-001	 -5.9971312791873288e-001	
 -5.9971132452285580e-001	 -5.9971132452285580e-001	 -5.9971963498484104e-001	 -5.9971948654280460e-001	 -5.9971948653947393e-001	 -5.9971920027357406e-001	 -5.9971403672431922e-001	 -5.9971080933596266e-001	 -5.9971066094488545e-001	 -5.9971064195873947e-001	 -5.9971067078978813e-001	 -5.9971059796259940e-001	 -5.9971061345187593e-001	
 -5.9970924959540373e-001	 -5.9970924959540373e-001	 -5.9971623751997605e-001	 -5.9971610842468603e-001	 -5.9971610841935696e-001	 -5.9971583527040906e-001	 -5.9971148985082934e-001	 -5.9970897094141495e-001	 -5.9970886904825438e-001	 -5.9970866910219467e-001	 -5.9970851126944780e-001	 -5.9970874350323555e-001	 -5.9970868527747800e-001	
 -5.9970437292855561e-001	 -5.9970437292855561e-001	 -5.9970824281940782e-001	 -5.9970819864318958e-001	 -5.9970819864019198e-001	 -5.9970799733410907e-001	 -5.9970564182076913e-001	 -5.9970417046606439e-001	 -5.9970410262766283e-001	 -5.9970406773701690e-001	 -5.9970406026721435e-001	 -5.9970405764908641e-001	 -5.9970405679221628e-001	
 -5.9970581353918639e-001	 -5.9970581353918639e-001	 -5.9970771637496423e-001	 -5.9970769105799349e-001	 -5.9970769105566202e-001	 -5.9970755254434849e-001	 -5.9970584729562848e-001	 -5.9970619133598024e-001	 -5.9970640539552811e-001	 -5.9970652247454126e-001	 -5.9970656925900645e-001	 -5.9970655497709746e-001	 -5.9970657030838925e-001	
