   3.3021119715697100e+00	   3.3021120268343918e+00	   2.0007626394500377e+00	   1.9322288073972960e+00	   2.2547905826051373e+00	   1.3440982384944622e+00	  -4.2146410733490125e-01	   8.2649205011224858e+00	  -2.2216998902551133e+00	  -3.2617411535074137e-01	   2.4081243009428377e+00	   6.2275140300980247e+00	   3.7011825286170641e+00	
   3.3021090472722392e+00	   3.3020986836194144e+00	   2.0007626394500377e+00	   1.9322288073972960e+00	   2.2547905826049153e+00	   1.3440982384944622e+00	  -4.2146410733479023e-01	   8.2649205011224858e+00	  -2.2216998902551133e+00	  -3.2617411535063034e-01	   2.4081243009428377e+00	   6.2275140300980247e+00	   3.7011825286155098e+00	
   3.3021024392059228e+00	   3.3020687453158004e+00	   2.0007626394478173e+00	   1.9322288073739813e+00	   2.2547905826733050e+00	   1.3440982382866284e+00	  -4.2146410786569888e-01	   8.2649204998088699e+00	  -2.2216998933626275e+00	  -3.2617410822455284e-01	   2.4081243168700972e+00	   6.2275140660532635e+00	   3.7011827468793612e+00	
   3.3020921007220760e+00	   3.3020222637574204e+00	   2.0007626394451528e+00	   1.9322288073462257e+00	   2.2547905827552395e+00	   1.3440982380295008e+00	  -4.2146410853516336e-01	   8.2649204981157798e+00	  -2.2216998975627122e+00	  -3.2617409797863761e-01	   2.4081243419098453e+00	   6.2275141322476468e+00	   3.7011841807044199e+00	
   3.3018165245570774e+00	   3.3008836017354160e+00	   2.0007626394409339e+00	   1.9322288073084781e+00	   2.2547905828673720e+00	   1.3440982376291544e+00	  -4.2146410999110984e-01	   8.2649204917542018e+00	  -2.2216999431943218e+00	  -3.2617423070824270e-01	   2.4081242366813527e+00	   6.2275139684702108e+00	   3.7011824703641061e+00	
   3.3013375047952209e+00	   3.2990071438612212e+00	   2.0007626385585286e+00	   1.9322287971592633e+00	   2.2547906116070493e+00	   1.3440981080645731e+00	  -4.2146472360615750e-01	   8.2649220435246917e+00	  -2.2216990804418968e+00	  -3.2617494476039344e-01	   2.4081238471567179e+00	   6.2275138674068309e+00	   3.7011811881959567e+00	
   3.3006580465191337e+00	   3.2964690079886338e+00	   2.0007626374605181e+00	   1.9322287825516149e+00	   2.2547906554946096e+00	   1.3440977367633611e+00	  -4.2145952843186674e-01	   8.2649210845664456e+00	  -2.2216991302347333e+00	  -3.2617531237055797e-01	   2.4081247685068252e+00	   6.2275156202764581e+00	   3.7011798629840165e+00	
   3.2990327180502099e+00	   3.2906983016460778e+00	   2.0007626361200348e+00	   1.9322287014715833e+00	   2.2547902167879830e+00	   1.3440985655241988e+00	  -4.2146369955287089e-01	   8.2649179111951021e+00	  -2.2216992192582996e+00	  -3.2617456207884032e-01	   2.4081220271932047e+00	   6.2275078131852624e+00	   3.7011786279896874e+00	
   3.2968423812282932e+00	   3.2833363006121719e+00	   2.0007626373093057e+00	   1.9322285831053776e+00	   2.2547909176919845e+00	   1.3440966344235861e+00	  -4.2145812351135348e-01	   8.2649209402037016e+00	  -2.2216993917663075e+00	  -3.2617440623172733e-01	   2.4081249588898679e+00	   6.2275147623231941e+00	   3.7011819435848192e+00	
   3.2940933938849781e+00	   3.2745415948425283e+00	   2.0007626419535907e+00	   1.9322284156497727e+00	   2.2547915289989895e+00	   1.3441041753179395e+00	  -4.2146268164844347e-01	   8.2649200062780981e+00	  -2.2216996426318580e+00	  -3.2617490603015220e-01	   2.4081251449148411e+00	   6.2275152822151014e+00	   3.7011805648479168e+00	
   3.2908108796698698e+00	   3.2645192078823992e+00	   2.0007626508489196e+00	   1.9322281802225394e+00	   2.2547303635944704e+00	   1.3441000712950402e+00	  -4.2146271721998918e-01	   8.2649189697481251e+00	  -2.2216996816967205e+00	  -3.2617650004851395e-01	   2.4081265318109946e+00	   6.2275178903667960e+00	   3.7011771320383247e+00	
   3.2820979697141262e+00	   3.2399746420184172e+00	   2.0007626943796541e+00	   1.9322292414829523e+00	   2.2547906992158584e+00	   1.3440972492964054e+00	  -4.2146740037485309e-01	   8.2649233903155928e+00	  -2.2217005901673526e+00	  -3.2616719691869189e-01	   2.4081229405326088e+00	   6.2275095178125905e+00	   3.7011905964792202e+00	
   3.2713970889111099e+00	   3.2129657694677238e+00	   2.0007624507520916e+00	   1.9322289427516903e+00	   2.2547941833506169e+00	   1.3441121273012335e+00	  -4.2147728275920837e-01	   8.2649284608287132e+00	  -2.2217007081931639e+00	  -3.2615940615066119e-01	   2.4081172683549923e+00	   6.2274971600353446e+00	   3.7012086678256395e+00	
   3.2589879162876478e+00	   3.1845267813108702e+00	   2.0007624659397205e+00	   1.9322291093746280e+00	   2.2547893057256463e+00	   1.3440974151321949e+00	  -4.2146503875384322e-01	   8.2649209353844455e+00	  -2.2216999722990405e+00	  -3.2617146821456444e-01	   2.4081233433761451e+00	   6.2275111140301931e+00	   3.7011872561196757e+00	
   3.2451585398387550e+00	   3.1560231069889255e+00	   2.0007623945912378e+00	   1.9322286929233101e+00	   2.2547884612393876e+00	   1.3440959096095995e+00	  -4.2146691219036025e-01	   8.2649214772401169e+00	  -2.2217001669938563e+00	  -3.2616855265599209e-01	   2.4081224140952706e+00	   6.2275072931912145e+00	   3.7011915300941833e+00	
   3.2190633860740281e+00	   3.1096103420038546e+00	   2.0007158833430516e+00	   1.9322287368632729e+00	   2.2547909677677058e+00	   1.3440984493662267e+00	  -4.2146387424013554e-01	   8.2649197660213947e+00	  -2.2216998422753820e+00	  -3.2617457154782148e-01	   2.4081252124159569e+00	   6.2275152990074467e+00	   3.7011812903744445e+00	
   3.1903150591410245e+00	   3.0666254615685506e+00	   2.0007624813824787e+00	   1.9322285481400137e+00	   2.2547908683379081e+00	   1.3440978847432117e+00	  -4.2146440018020481e-01	   8.2649188802159657e+00	  -2.2217001136657366e+00	  -3.2617515833954780e-01	   2.4081267280497975e+00	   6.2275166466585485e+00	   3.7011746960968761e+00	
   3.1596140657599303e+00	   3.0269100160382756e+00	   2.0007625656000005e+00	   1.9322286326530769e+00	   2.2547908922745385e+00	   1.3440984108474829e+00	  -4.2146387960928511e-01	   8.2649197133937147e+00	  -2.2216998081350248e+00	  -3.2617481661156855e-01	   2.4081253357008947e+00	   6.2275156043751778e+00	   3.7011805450046786e+00	
   3.1275144543916333e+00	   2.9887960174710404e+00	   2.0007629002229965e+00	   1.9322286603267180e+00	   2.2547909247823128e+00	   1.3440984481569718e+00	  -4.2146388939612311e-01	   8.2649197390713969e+00	  -2.2216998527748721e+00	  -3.2617476309193538e-01	   2.4081253827126226e+00	   6.2275156770110751e+00	   3.7011804609659027e+00	
   3.0574108933079103e+00	   2.9093106144495451e+00	   2.0007633093084287e+00	   1.9322286829965840e+00	   2.2547909548584766e+00	   1.3440984866199823e+00	  -4.2146386548924664e-01	   8.2649197585074052e+00	  -2.2216998511158659e+00	  -3.2617471509888141e-01	   2.4081253435803696e+00	   6.2275158263989105e+00	   3.7011804997073572e+00	
   2.9855020863067683e+00	   2.8356118900025873e+00	   2.0007627026055186e+00	   1.9322286722807114e+00	   2.2547909442771630e+00	   1.3440985180994680e+00	  -4.2146380615459833e-01	   8.2649197919746342e+00	  -2.2216998030117896e+00	  -3.2617473833651545e-01	   2.4081252732242042e+00	   6.2275156918198959e+00	   3.7011806619049459e+00	
   2.9136997440859513e+00	   2.7672313100672863e+00	   2.0007636246968108e+00	   1.9322282487299614e+00	   2.2547925865208374e+00	   1.3440989713771057e+00	  -4.2146221070193945e-01	   8.2649191509427400e+00	  -2.2216982276193065e+00	  -3.2617471253171271e-01	   2.4081228115016007e+00	   6.2275181226820742e+00	   3.7011842794782979e+00	
   2.8431395929791048e+00	   2.7012912345840689e+00	   2.0007624142883706e+00	   1.9322288052210368e+00	   2.2547913733745872e+00	   1.3440989868915842e+00	  -4.2146180454805116e-01	   8.2649186219938553e+00	  -2.2216956067074856e+00	  -3.2617382208000034e-01	   2.4081146844212586e+00	   6.2275282133326115e+00	   3.7012061949499575e+00	
   2.8044898309580457e+00	   2.6646696401793069e+00	   2.0007629095335489e+00	   1.9322286670535593e+00	   2.2547909444143865e+00	   1.3440984902637343e+00	  -4.2146380470120537e-01	   8.2649197707655997e+00	  -2.2216997916733039e+00	  -3.2617477630558778e-01	   2.4081252338459258e+00	   6.2275157776054968e+00	   3.7011807019713405e+00	
   2.7929413222218535e+00	   2.6538322362990030e+00	   2.0007628947811273e+00	   1.9322286950933520e+00	   2.2547926395439788e+00	   1.3440984209420748e+00	  -4.2146390160946456e-01	   8.2649198038169391e+00	  -2.2216998713241454e+00	  -3.2617479704188934e-01	   2.4081253438676953e+00	   6.2275156702402690e+00	   3.7011805380524621e+00	
   2.7814641125127881e+00	   2.6433588853296275e+00	   2.0007629264224835e+00	   1.9322287172747199e+00	   2.2547909737218319e+00	   1.3440985545658535e+00	  -4.2146330406256372e-01	   8.2649201214430867e+00	  -2.2216999956253813e+00	  -3.2617475847518396e-01	   2.4081254821091136e+00	   6.2275155698379159e+00	   3.7011804010671501e+00	
   2.7701011045160318e+00	   2.6332996865794378e+00	   2.0007624803091151e+00	   1.9322289454706265e+00	   2.2547908489642943e+00	   1.3440984697350444e+00	  -4.2146384536378978e-01	   8.2649197723880796e+00	  -2.2216998245898623e+00	  -3.2617480382413078e-01	   2.4081251281373728e+00	   6.2275160629063908e+00	   3.7011779266395983e+00	
   2.7588255765711445e+00	   2.6231518835819756e+00	   2.0007627493130453e+00	   1.9322287294138984e+00	   2.2547909737971050e+00	   1.3440985782831039e+00	  -4.2146178734558948e-01	   8.2649199468283197e+00	  -2.2216998868019866e+00	  -3.2617470225626555e-01	   2.4081254840975230e+00	   6.2275155839039975e+00	   3.7011803628737017e+00	
   2.7476227107772200e+00	   2.6128846435600206e+00	   2.0007628583118553e+00	   1.9322289308383311e+00	   2.2547906672691909e+00	   1.3440984454009541e+00	  -4.2146392028219459e-01	   8.2649197720630063e+00	  -2.2216997328099453e+00	  -3.2617451700811539e-01	   2.4081299971026038e+00	   6.2275153559034901e+00	   3.7011804953848149e+00	
   2.7232047270269177e+00	   2.5904256938671377e+00	   2.0007628370379837e+00	   1.9322280880673670e+00	   2.2547908912180503e+00	   1.3440984912607146e+00	  -4.2146378878549218e-01	   8.2649196919286627e+00	  -2.2216987395459187e+00	  -3.2617479181140663e-01	   2.4081255880596952e+00	   6.2275155189484011e+00	   3.7011803869593241e+00	
   2.6990553855148480e+00	   2.5678833259208389e+00	   2.0007628574842951e+00	   1.9322287420335815e+00	   2.2547911010133426e+00	   1.3440983857531119e+00	  -4.2146394831532596e-01	   8.2649197905106941e+00	  -2.2216998092984275e+00	  -3.2617472589135943e-01	   2.4081251900935907e+00	   6.2275160971740906e+00	   3.7011799181685401e+00	
   2.6751411765257860e+00	   2.5454543499896509e+00	   2.0007623188129653e+00	   1.9322289664076564e+00	   2.2547908335601718e+00	   1.3440984885411122e+00	  -4.2146377796792311e-01	   8.2649196985125073e+00	  -2.2216998081754369e+00	  -3.2617441354765297e-01	   2.4081255507018007e+00	   6.2275152305166781e+00	   3.7011805992990254e+00	
   2.6514728445443669e+00	   2.5233945631479848e+00	   2.0007628194547156e+00	   1.9322287234220248e+00	   2.2547910430381624e+00	   1.3440983861197076e+00	  -4.2146393810271743e-01	   8.2649197684960818e+00	  -2.2216997676008932e+00	  -3.2617472315854545e-01	   2.4081238642907898e+00	   6.2275153773314607e+00	   3.7011802139730321e+00	
   2.6067060884815696e+00	   2.4819115401457648e+00	   2.0007628690921209e+00	   1.9322288397443099e+00	   2.2547907441488046e+00	   1.3440984734476302e+00	  -4.2146384411456683e-01	   8.2649197727175938e+00	  -2.2216997555845053e+00	  -3.2617346827812366e-01	   2.4081256267494133e+00	   6.2275131207794043e+00	   3.7011789216765401e+00	
   2.5627131954375493e+00	   2.4407467183191756e+00	   2.0007627725868726e+00	   1.9322287205341127e+00	   2.2547911565831136e+00	   1.3440986103909758e+00	  -4.2146384888397392e-01	   8.2649198638755639e+00	  -2.2216998050524905e+00	  -3.2617426766101687e-01	   2.4081255920860301e+00	   6.2275309228430054e+00	   3.7011847648162899e+00	
   2.5194966575767808e+00	   2.4005488163292288e+00	   2.0007628776557151e+00	   1.9322286954772672e+00	   2.2547814034767910e+00	   1.3440974258525085e+00	  -4.2146529717335124e-01	   8.2649164240895523e+00	  -2.2216987774686947e+00	  -3.2621062707705040e-01	   2.4081175281129852e+00	   6.2274857854198729e+00	   3.7012002892184981e+00	
   2.4770684105439589e+00	   2.3612225946170184e+00	   2.0007633393905877e+00	   1.9322287786107673e+00	   2.2547907744563389e+00	   1.3440992123330275e+00	  -4.2146379409790935e-01	   8.2649204625964146e+00	  -2.2216998628715734e+00	  -3.2617326915751477e-01	   2.4081269041760223e+00	   6.2275309503159182e+00	   3.7011780634088609e+00	
   2.4259683013732047e+00	   2.3139752872243236e+00	   2.0007626220832631e+00	   1.9322280541684833e+00	   2.2547894714106675e+00	   1.3440943772531355e+00	  -4.2146574840962181e-01	   8.2649193887496253e+00	  -2.2216997138864159e+00	  -3.2617947274349302e-01	   2.4081228020726986e+00	   6.2274962800907829e+00	   3.7012044647914966e+00	
   2.3759874841817741e+00	   2.2673778461557159e+00	   2.0007626810081280e+00	   1.9322289687966343e+00	   2.2547527506993070e+00	   1.3441008108843189e+00	  -4.2146129191911186e-01	   8.2649230047859845e+00	  -2.2217007315498138e+00	  -3.2621620240491644e-01	   2.4081176257066961e+00	   6.2274805168549552e+00	   3.7012093783486133e+00	
   2.3271446215713532e+00	   2.2220567471926689e+00	   2.0007637520971233e+00	   1.9321647505925466e+00	   2.2547758387561068e+00	   1.3441044208477582e+00	  -4.2145825105910362e-01	   8.2649265887868584e+00	  -2.2217014046990169e+00	  -3.2621970895052588e-01	   2.4081133447169112e+00	   6.2274682972065509e+00	   3.7012160953382445e+00	
   2.2793970269949781e+00	   2.1778001797922997e+00	   2.0007636431635945e+00	   1.9322269502084488e+00	   2.2547842515523442e+00	   1.3441040684454286e+00	  -4.2145750175492935e-01	   8.2649259023988009e+00	  -2.2217024456174794e+00	  -3.2620610296607566e-01	   2.4081158449624773e+00	   6.2274762541287831e+00	   3.7012130775972985e+00	
   2.2328078275126728e+00	   2.1350390577687950e+00	   2.0007651300928408e+00	   1.9322275126003596e+00	   2.2547866244582160e+00	   1.3441007539205518e+00	  -4.2145965426410026e-01	   8.2649181699798735e+00	  -2.2217019601742383e+00	  -3.2617909809584678e-01	   2.4081267650239990e+00	   6.2275146280466043e+00	   3.7011896424157253e+00	
   2.1272324518757380e+00	   2.0363205121751715e+00	   2.0007412751470444e+00	   1.9322359774909259e+00	   2.2547799924814704e+00	   1.3441052706724133e+00	  -4.2145634136525612e-01	   8.2649277681350330e+00	  -2.2217027657581712e+00	  -3.2620720004039594e-01	   2.4081161591897882e+00	   6.2274777663569036e+00	   3.7012093345256680e+00	
   2.0867206716079778e+00	   1.9977006170188716e+00	   2.0007665319086154e+00	   1.9322160486534568e+00	   2.2547840076705405e+00	   1.3441032408589848e+00	  -4.2145792454284514e-01	   8.2649249118731394e+00	  -2.2217021714749929e+00	  -3.2620183761655763e-01	   2.4081180070973929e+00	   6.2274813944847018e+00	   3.7012080131921810e+00	
   2.0472262933559637e+00	   1.9617212885185698e+00	   2.0007671341824018e+00	   1.9322115669710982e+00	   2.2547839920681323e+00	   1.3441032139911435e+00	  -4.2145791884207195e-01	   8.2649246778507823e+00	  -2.2217022100994299e+00	  -3.2620022015772410e-01	   2.4081186772959562e+00	   6.2274842428606814e+00	   3.7012063877153167e+00	
   2.0088109219755790e+00	   1.9265920928022151e+00	   2.0007686930780810e+00	   1.9322141579147800e+00	   2.2547838182405133e+00	   1.3441034048813361e+00	  -4.2145779686730833e-01	   8.2649251155049175e+00	  -2.2217022529128494e+00	  -3.2620246569348144e-01	   2.4081177498043171e+00	   6.2274808726381359e+00	   3.7012080912735001e+00	
   1.9712767221413685e+00	   1.8916163224056426e+00	   2.0007669821853202e+00	   1.9322054404815603e+00	   2.2547836617043959e+00	   1.3441034402579266e+00	  -4.2145814583471886e-01	   8.2649243744243872e+00	  -2.2217023408236392e+00	  -3.2620245405756698e-01	   2.4081176239922897e+00	   6.2274808578401952e+00	   3.7012079659053398e+00	
   1.9087521321305978e+00	   1.8330856498915971e+00	   2.0007686716645434e+00	   1.9322148176914578e+00	   2.2547837745596766e+00	   1.3441033007119962e+00	  -4.2145794353221078e-01	   8.2649253191999783e+00	  -2.2217020569116341e+00	  -3.2620133069283241e-01	   2.4081188644431428e+00	   6.2274827262531751e+00	   3.7012083165359755e+00	
   1.8479783937870309e+00	   1.7759929223635229e+00	   2.0007667966936982e+00	   1.9322112987771867e+00	   2.2547842993612122e+00	   1.3441033645569256e+00	  -4.2145746489774538e-01	   8.2649217980628187e+00	  -2.2217047328506601e+00	  -3.2620316632703261e-01	   2.4081130762587666e+00	   6.2274831147846044e+00	   3.7011885310991310e+00	
   1.7890477483311074e+00	   1.7211339962515115e+00	   2.0007673027366835e+00	   1.9322177759819592e+00	   2.2547820158913545e+00	   1.3441033028693816e+00	  -4.2145979452423710e-01	   8.2649283081051017e+00	  -2.2216967077549610e+00	  -3.2619869121897072e-01	   2.4081223730216816e+00	   6.2275032788905449e+00	   3.7012305002488421e+00	
   1.7320515326733066e+00	   1.6685406628520472e+00	   2.0007670047295090e+00	   1.9322089011890586e+00	   2.2547889561936874e+00	   1.3441070347799400e+00	  -4.2144626272766494e-01	   8.2648490546866071e+00	  -2.2217290822527103e+00	  -3.2621338429872360e-01	   2.4080871856619890e+00	   6.2274726996167651e+00	   3.7011844516372516e+00	
   1.6633051142131983e+00	   1.6050599632446705e+00	   2.0007674655568852e+00	   1.9322150457181664e+00	   2.2547810229220921e+00	   1.3441025309259835e+00	  -4.2146239523432882e-01	   8.2646187964765527e+00	  -2.2217217804745282e+00	  -3.2620896859536508e-01	   2.4080994006616674e+00	   6.2274717538570723e+00	   3.7011874684513835e+00	
   1.5971171569104659e+00	   1.5435933758491949e+00	   2.0007670440111980e+00	   1.9321991378591363e+00	   2.2547761541871214e+00	   1.3441026999512218e+00	  -4.2145924523684375e-01	   8.2649352475778759e+00	  -2.2216941113791799e+00	  -3.2619486034846101e-01	   2.4081490011600426e+00	   6.2275096426906984e+00	   3.7008777716005525e+00	
   1.5334282337500227e+00	   1.4848576729464824e+00	   2.0007673471484910e+00	   1.9322135959094489e+00	   2.2547841122468881e+00	   1.3441036996395539e+00	  -4.2145641274216050e-01	   8.2648955113664435e+00	  -2.2217242891242606e+00	  -3.2621408997446366e-01	   2.4080832331871971e+00	   6.2274707917651106e+00	   3.7011808390861045e+00	
   1.4722532205366790e+00	   1.4289761033330350e+00	   2.0007669426591601e+00	   1.9321811332830841e+00	   2.2547800124648187e+00	   1.3441029699532425e+00	  -4.2145884622912799e-01	   8.2649261322031986e+00	  -2.2217036601905882e+00	  -3.2620450327636163e-01	   2.4081029361608941e+00	   6.2274773638522074e+00	   3.7011883720659000e+00	
   1.4134607441735891e+00	   1.3753530553048954e+00	   2.0007673629582889e+00	   1.9322093146347807e+00	   2.2547912031123385e+00	   1.3441015277755319e+00	  -4.2146042854485088e-01	   8.2649459504646750e+00	  -2.2216835591953865e+00	  -3.2618115944793580e-01	   2.4083562513741441e+00	   6.2274058158899859e+00	   3.7011524566374909e+00	
   1.3063646711750643e+00	   1.2778652683889113e+00	   2.0007669980379728e+00	   1.9322290461551983e+00	   2.2547821690763747e+00	   1.3441032579433188e+00	  -4.2145744642396732e-01	   8.2648782799901177e+00	  -2.2218028098989206e+00	  -3.2624670864966898e-01	   2.4080392374083992e+00	   6.2274619539017806e+00	   3.7011715058401506e+00	
   1.2055593075313009e+00	   1.1858601376701916e+00	   2.0007673271202897e+00	   1.9322110432526962e+00	   2.2547864644808513e+00	   1.3440986389938736e+00	  -4.2146069320481150e-01	   8.2649462605730584e+00	  -2.2216850785415909e+00	  -3.2618460034006258e-01	   2.4082511454972533e+00	   6.2273328991790944e+00	   3.7011462465261769e+00	
   1.1118606841915568e+00	   1.1007722689377886e+00	   2.0007698231470084e+00	   1.9322230695226761e+00	   2.2547833456343369e+00	   1.3441039323200954e+00	  -4.2144897662721448e-01	   8.2650752867081678e+00	  -2.2215316621032599e+00	  -3.2627287196496102e-01	   2.4080376778028434e+00	   6.2274616504121028e+00	   3.7011725800100148e+00	
   1.0249408529756643e+00	   1.0223409759742008e+00	   2.0007672655655284e+00	   1.9322111462878322e+00	   2.2547871598057601e+00	   1.3441003614276248e+00	  -4.2146044247037828e-01	   8.2649437562145600e+00	  -2.2216879788305999e+00	  -3.2619018581248049e-01	   2.4081694269921794e+00	   6.2275191154084197e+00	   3.7012859164191614e+00	
   9.4363662310348317e-01	   9.4693206066409630e-01	   2.0013056468533019e+00	   1.9322149961533697e+00	   2.2547846905447422e+00	   1.3441068500541498e+00	  -4.2146232202333600e-01	   8.2649545528796775e+00	  -2.2216778001064030e+00	  -3.2617321237027319e-01	   2.4089697502156504e+00	   6.2274290881147998e+00	   3.7011568270881590e+00	
   8.4283538186080698e-01	   8.4878126004062082e-01	   2.0007672534907428e+00	   1.9322114094488807e+00	   2.2547874061922268e+00	   1.3441015516122423e+00	  -4.2145950100036522e-01	   8.2649273217700880e+00	  -2.2217201946613807e+00	  -3.2623119044006277e-01	   2.4080399617050219e+00	   6.2274591007489555e+00	   3.7011684070558104e+00	
   7.7058851453726263e-01	   7.7659492631854121e-01	   2.0007676393491991e+00	   1.9321983515647734e+00	   2.2547833749522184e+00	   1.3441042832809114e+00	  -4.2146433146517115e-01	   8.2649590442898102e+00	  -2.2216748908661099e+00	  -3.2616841777266536e-01	   2.3836139488235819e+00	   6.2274338088823544e+00	   3.7011578213153040e+00	
   7.0424948910008389e-01	   7.1036566366244891e-01	   2.0007730953917058e+00	   1.9322159875965195e+00	   2.2547848284395489e+00	   1.3441106381080203e+00	  -4.2146123698749705e-01	   8.2649454307104353e+00	  -2.2216953758648073e+00	  -3.2623771399731272e-01	   2.4079789505613292e+00	   6.2274492866039033e+00	   3.7011620847966498e+00	
   6.4271922851633079e-01	   6.4997814309264434e-01	   2.0007669777184489e+00	   1.9322136277566404e+00	   2.2547861578334771e+00	   1.3441023401425944e+00	  -4.2151412469226823e-01	   8.2649624009274447e+00	  -2.2216741930103368e+00	  -3.2616877716484804e-01	   2.4110625320501455e+00	   6.2274303191811597e+00	   3.7011560495616713e+00	
   5.8517312349004591e-01	   5.9338772974215637e-01	   2.0007675602877750e+00	   1.9322174024893890e+00	   2.2547851534908681e+00	   1.3441000136305004e+00	  -4.2145796820747261e-01	   8.2649769731906186e+00	  -2.2216700041254311e+00	  -3.2616253078754376e-01	   2.4069763504053210e+00	   6.2274363305707681e+00	   3.7011581775201474e+00	
   5.3157260151359687e-01	   5.3997295983387872e-01	   2.0007667077888147e+00	   1.9322128439540620e+00	   2.2547905664083157e+00	   1.3441041152304489e+00	  -4.2146264118292365e-01	   8.2649513732648838e+00	  -2.2216874956111354e+00	  -3.2624135852032943e-01	   2.4079216186034813e+00	   6.2274451234192174e+00	   3.7011604087597849e+00	
   4.3475284745442266e-01	   4.4323091591813579e-01	   2.0007671878889965e+00	   1.9321618895082882e+00	   2.2547841374713773e+00	   1.3441164182914633e+00	  -4.2146036590962055e-01	   8.2648589406313366e+00	  -2.2216625857776062e+00	  -3.2615582709438762e-01	   2.4074797522892766e+00	   6.2274385171963154e+00	   3.7011585592436891e+00	
   3.5062965803200896e-01	   3.5878562857827312e-01	   2.0007677395412760e+00	   1.9322169626705410e+00	   2.2547849964289490e+00	   1.3440848078800638e+00	  -4.2145965583828549e-01	   8.2650013217069329e+00	  -2.2216689115702737e+00	  -3.2616258000828235e-01	   2.4065804692350312e+00	   6.2274342566803753e+00	   3.7011594285831784e+00	
   2.7977665032064003e-01	   2.8728581020009969e-01	   2.0007666693109272e+00	   1.9322156269712121e+00	   2.2547853120558070e+00	   1.3440933182127246e+00	  -4.2145888478883897e-01	   8.2649646848111935e+00	  -2.2216903449842063e+00	  -3.2614497045369006e-01	   2.4075741594631328e+00	   6.2274385002956123e+00	   3.7011579159378361e+00	
   2.1984307362643563e-01	   2.2667224826200538e-01	   2.0007671964996643e+00	   1.9322107840746838e+00	   2.2547987891090582e+00	   1.3441080073648415e+00	  -4.2145975500340604e-01	   8.2650016174599106e+00	  -2.2216697415967657e+00	  -3.2616548170327775e-01	   2.4091080006842791e+00	   6.2274608442098867e+00	   3.7011583166772777e+00	
   1.4812147538689757e-01	   1.5387167777625166e-01	   2.0007947651290436e+00	   1.9322161383703573e+00	   2.2547851239536065e+00	   1.3440941282611973e+00	  -4.2145897733081306e-01	   8.2649742438811735e+00	  -2.2216769493272892e+00	  -3.2614030295263774e-01	   2.4075428146625999e+00	   6.2274384910334657e+00	   3.7011584623103388e+00	
   9.2551136920748789e-02	   9.7439169294943895e-02	   2.0007671254289594e+00	   1.9322127801009170e+00	   2.2547874346978691e+00	   1.3441023484277448e+00	  -4.2145184911190903e-01	   8.2649607150455662e+00	  -2.2216434384428885e+00	  -3.2615720884177080e-01	   2.4072622980018110e+00	   6.2274360091501002e+00	   3.7011590481810241e+00	
   5.2391361823778126e-02	   5.6012422463114220e-02	   2.0007676464759427e+00	   1.9322170645643677e+00	   2.2547849446445944e+00	   1.3440834368785293e+00	  -4.2146054206504413e-01	   8.2649538598087435e+00	  -2.2216578559263178e+00	  -3.2615984141814991e-01	   2.4066906795745524e+00	   6.2274162702846692e+00	   3.7011580308243808e+00	
   2.4062185580930873e-02	   2.6600284994904300e-02	   2.0007667874566426e+00	   1.9322154006122805e+00	   2.2547853710148669e+00	   1.3440964444344505e+00	  -4.2145860941000812e-01	   8.2649694048904099e+00	  -2.2217180483685706e+00	  -3.2615420108339510e-01	   2.4073070098804550e+00	   6.2274356998166525e+00	   3.7011604501979711e+00	
   1.9265552748892745e-02	   2.2416983372242072e-02	   2.0007669313566456e+00	   1.9322150329530441e+00	   2.2547855110122139e+00	   1.3440977238370344e+00	  -4.2145801971038566e-01	   8.2649651953303760e+00	  -2.2215969001693203e+00	  -3.2615496039067882e-01	   2.4072908782741820e+00	   6.2274357480116560e+00	   3.7011343908084360e+00	
   1.8110464375276081e-02	   2.1029398631577934e-02	   2.0007669486281632e+00	   1.9322149684166678e+00	   2.2547855388257432e+00	   1.3440979252448138e+00	  -4.2145790030645447e-01	   8.2649647600565590e+00	  -2.2216105941571529e+00	  -3.2615511039357781e-01	   2.4072860232489113e+00	   6.2274357195770680e+00	   3.7011569279876699e+00	
   1.7889484817290580e-02	   2.0527902705014256e-02	   2.0007669495216707e+00	   1.9322149657881038e+00	   2.2547855401497952e+00	   1.3440979327163927e+00	  -4.2145789596192973e-01	   8.2649647479569044e+00	  -2.2216110808178646e+00	  -3.2615512835432181e-01	   2.4072850194882811e+00	   6.2274356645524165e+00	   3.7011695315789517e+00	
   1.7869665523750911e-02	   2.0462433125700841e-02	   2.0007669494246372e+00	   1.9322149661715748e+00	   2.2547855399817074e+00	   1.3440979315286761e+00	  -4.2145789670067213e-01	   8.2649647504253743e+00	  -2.2216110282611279e+00	  -3.2615512772871114e-01	   2.4072850099943199e+00	   6.2274356601157432e+00	   3.7011761107781371e+00	
   1.7844914663944778e-02	   2.0395484194857261e-02	   2.0007669493542490e+00	   1.9322149662968080e+00	   2.2547855398979966e+00	   1.3440979312180357e+00	  -4.2145789685910096e-01	   8.2649647505839141e+00	  -2.2216109939885431e+00	  -3.2615512729516904e-01	   2.4072850136829249e+00	   6.2274356612719295e+00	   3.7011748586450732e+00	
   1.7814684112993362e-02	   2.0326719703867013e-02	   2.0007669493540270e+00	   1.9322149663114629e+00	   2.2547855398942218e+00	   1.3440979311651891e+00	  -4.2145789689507218e-01	   8.2649647507371249e+00	  -2.2216109830128783e+00	  -3.2615512765465926e-01	   2.4072850165670623e+00	   6.2274356620657390e+00	   3.7011669074538123e+00	
   1.7782616788197814e-02	   2.0257906086840194e-02	   2.0007669493893321e+00	   1.9322149662959198e+00	   2.2547855399244199e+00	   1.3440979311507562e+00	  -4.2145789693226465e-01	   8.2649647511627844e+00	  -2.2216109916288751e+00	  -3.2615512846922989e-01	   2.4072850151990455e+00	   6.2274356610221293e+00	   3.7011609633923470e+00	
   1.7725984886585167e-02	   2.0107846903094639e-02	   2.0007669494068736e+00	   1.9322149662883703e+00	   2.2547855399395189e+00	   1.3440979311423185e+00	  -4.2145789695169356e-01	   8.2649647513788338e+00	  -2.2216109932557959e+00	  -3.2615512920286527e-01	   2.4072850222207620e+00	   6.2274356765221750e+00	   3.7011517955247708e+00	
   1.7707547363077225e-02	   1.9981640478228258e-02	   2.0007669482287049e+00	   1.9322149667093669e+00	   2.2547855389485338e+00	   1.3440979319880864e+00	  -4.2145789545888768e-01	   8.2649647360506506e+00	  -2.2216108541339707e+00	  -3.2615513589873135e-01	   2.4072850392089506e+00	   6.2274357532725588e+00	   3.7011450974480109e+00	
   1.7737903502013097e-02	   1.9884974498340924e-02	   2.0007669469641609e+00	   1.9322149671610056e+00	   2.2547855378847181e+00	   1.3440979328953606e+00	  -4.2145789385716892e-01	   8.2649647196006981e+00	  -2.2216107688064479e+00	  -3.2615514414346958e-01	   2.4072850485568065e+00	   6.2274358833622756e+00	   3.7011378253766214e+00	
   1.7924467033747504e-02	   1.9779023899380022e-02	   2.0007669458947941e+00	   1.9322149675431444e+00	   2.2547855369847714e+00	   1.3440979336625247e+00	  -4.2145789250225274e-01	   8.2649647056856068e+00	  -2.2216106986635564e+00	  -3.2615515058698197e-01	   2.4072850510989952e+00	   6.2274360576877186e+00	   3.7010802023187406e+00	
   1.8308534227795548e-02	   1.9798708410734278e-02	   2.0007669464312539e+00	   1.9322149673515199e+00	   2.2547855374366321e+00	   1.3440979332772773e+00	  -4.2145789318215332e-01	   8.2649647126675774e+00	  -2.2216108971193638e+00	  -3.2615515111900084e-01	   2.4072850067351492e+00	   6.2274359655107858e+00	   3.7011517710461295e+00	
   1.8900315540415491e-02	   1.9956912786556202e-02	   2.0007669477355439e+00	   1.9322149668852262e+00	   2.2547855385337545e+00	   1.3440979323422475e+00	  -4.2145789483405416e-01	   8.2649647296331175e+00	  -2.2216111213368972e+00	  -3.2615514660561118e-01	   2.4072849435612387e+00	   6.2274355841456241e+00	   3.7011473183443666e+00	
   1.9689651268750552e-02	   2.0255386415701793e-02	   2.0007669491945990e+00	   1.9322149663643096e+00	   2.2547855397609951e+00	   1.3440979312959733e+00	  -4.2145789668190936e-01	   8.2649647486114919e+00	  -2.2216112697593937e+00	  -3.2615513910672078e-01	   2.4072848935083879e+00	   6.2274351650186688e+00	   3.7011438379586092e+00	
   2.1838358396086832e-02	   2.1279715904265473e-02	   2.0007669511599158e+00	   1.9322149656619825e+00	   2.2547855414143392e+00	   1.3440979298868783e+00	  -4.2145789917125143e-01	   8.2649647741770416e+00	  -2.2216114321924607e+00	  -3.2615512829392568e-01	   2.4072848895801968e+00	   6.2274347635800087e+00	   3.7011523641741206e+00	
   2.4601078978614410e-02	   2.2832995947741352e-02	   2.0007669487838164e+00	   1.9322149665108590e+00	   2.2547855394154936e+00	   1.3440979315908486e+00	  -4.2145789616188090e-01	   8.2649647432710971e+00	  -2.2216118191229484e+00	  -3.2615517013290241e-01	   2.4072850262097933e+00	   6.2274340403452033e+00	   3.7011438253764517e+00	
   2.7858166855576627e-02	   2.4865301864407385e-02	   2.0007669396422401e+00	   1.9322149697766910e+00	   2.2547855317254228e+00	   1.3440979381462714e+00	  -4.2145788458425315e-01	   8.2649646243595498e+00	  -2.2216111468783550e+00	  -3.2615523204138075e-01	   2.4072854513210729e+00	   6.2274341550392354e+00	   3.7011381180698244e+00	
   3.1460304094954594e-02	   2.7299633276411939e-02	   2.0007669259651806e+00	   1.9322149746627826e+00	   2.2547855202197375e+00	   1.3440979479539816e+00	  -4.2145786726177636e-01	   8.2649644464496408e+00	  -2.2216095041912576e+00	  -3.2615526950763307e-01	   2.4072862098507564e+00	   6.2274340603467593e+00	   3.7012883349929471e+00	
   3.5324333036657052e-02	   3.0077993302679573e-02	   2.0007669188928379e+00	   1.9322149771894281e+00	   2.2547855142698303e+00	   1.3440979530257025e+00	  -4.2145785830416393e-01	   8.2649643544507878e+00	  -2.2216087920975403e+00	  -3.2615529955715150e-01	   2.4072866993132269e+00	   6.2274338631591597e+00	   3.7011470255015055e+00	
   4.8795729006068100e-02	   4.0711920340941177e-02	   2.0007668780497312e+00	   1.9322149917808673e+00	   2.2547854799113143e+00	   1.3440979823138299e+00	  -4.2145780657509846e-01	   8.2649638231639955e+00	  -2.2216018788850933e+00	  -3.2615448036787953e-01	   2.4072898116518360e+00	   6.2274341381529652e+00	   3.7011341665571518e+00	
   6.3539951236979419e-02	   5.3426833495517911e-02	   2.0007668679196122e+00	   1.9322149953999723e+00	   2.2547854713894644e+00	   1.3440979895780192e+00	  -4.2145779374513914e-01	   8.2649636913929569e+00	  -2.2215989521667812e+00	  -3.2615136089209074e-01	   2.4072877569272233e+00	   6.2274337968759585e+00	   3.7011135371689541e+00	
   7.8843780110693373e-02	   6.7437585418828050e-02	   2.0007676374904637e+00	   1.9322147204667850e+00	   2.2547861187793838e+00	   1.3440974377336712e+00	  -4.2145876842347718e-01	   8.2649737019175884e+00	  -2.2216409735659193e+00	  -3.2609382205195381e-01	   2.4072902005696228e+00	   6.2274334297092171e+00	   3.7011719667279230e+00	
   9.4385734944246735e-02	   8.2203847903805638e-02	   2.0007685658716134e+00	   1.9322143887969823e+00	   2.2547868997666587e+00	   1.3440967720084185e+00	  -4.2145994423958832e-01	   8.2649857782464142e+00	  -2.2216385300239949e+00	  -3.2618173291276698e-01	   2.4072956496030695e+00	   6.2274329477356449e+00	   3.7011527164712010e+00	
   1.3427504424035064e-01	   1.2091373467315591e-01	   2.0007818527292276e+00	   1.9322096419882584e+00	   2.2547980771232545e+00	   1.3440872442864737e+00	  -4.2147677234349867e-01	   8.2651586129103283e+00	  -2.2216385878262024e+00	  -3.2616576431321320e-01	   2.4073973323257558e+00	   6.2274131261759180e+00	   3.7011446257178005e+00	
   1.7539986873948976e-01	   1.6146017192375517e-01	   2.0007854454919816e+00	   1.9322083584518701e+00	   2.2548010994902778e+00	   1.3440846679722007e+00	  -4.2148132265662497e-01	   8.2652053472871412e+00	  -2.2216298030932613e+00	  -3.2616840752841547e-01	   2.4072334067868351e+00	   6.2274365470391668e+00	   3.7011395497812405e+00	
   2.1655678237308962e-01	   2.0251581605879032e-01	   2.0004765747916320e+00	   1.9323187041071499e+00	   2.2545412676757692e+00	   1.3443061528690681e+00	  -4.2109013221336422e-01	   8.2611875583620265e+00	  -2.2216364829452662e+00	  -3.2616722440670376e-01	   2.4072594006663284e+00	   6.2274355393205916e+00	   3.7011351346349919e+00	
   2.5743965838809224e-01	   2.4348128428353100e-01	   2.0006630114022261e+00	   1.9322520987394842e+00	   2.2546981037951941e+00	   1.3441724630072205e+00	  -4.2132625729451867e-01	   8.2636127297857076e+00	  -2.2216392934492069e+00	  -3.2616515827088577e-01	   2.4072669083694542e+00	   6.2274351664000083e+00	   3.7011288019057620e+00	
   3.2240940704841847e-01	   3.0875695382115431e-01	   2.0007380411750653e+00	   1.9322252939364404e+00	   2.2547612213441592e+00	   1.3441186606639732e+00	  -4.2142128404298873e-01	   8.2645887146877151e+00	  -2.2217373263101470e+00	  -3.2599593894200307e-01	   2.4072909917167706e+00	   6.2274369645403116e+00	   3.7011474633488195e+00	
   3.8645044987339894e-01	   3.7286880647635634e-01	   2.0004162278899340e+00	   1.9323402632784870e+00	   2.2544905022170436e+00	   1.3443494263418732e+00	  -4.2101370207059396e-01	   8.2604025615491405e+00	  -2.2216454677412845e+00	  -3.2616205602797876e-01	   2.4072669489700882e+00	   6.2274351563929020e+00	   3.7011343070885161e+00	
   4.4839078493730256e-01	   4.3530384135292977e-01	   2.0007139244027083e+00	   1.9322339097882502e+00	   2.2547409334952029e+00	   1.3441359543147069e+00	  -4.2139073963143314e-01	   8.2642750046966196e+00	  -2.2216144296510754e+00	  -3.2616184106404322e-01	   2.4072705186239940e+00	   6.2274349624511505e+00	   3.7011209340660489e+00	
   5.0854108751852145e-01	   4.9602710350549195e-01	   2.0019699681739223e+00	   1.9317851756925908e+00	   2.2557975779757822e+00	   1.3432352675954995e+00	  -4.2298156809861265e-01	   8.2806132505901520e+00	  -2.2216040683464833e+00	  -3.2621923741782410e-01	   2.4072746640761977e+00	   6.2274342266888105e+00	   3.7011399896842434e+00	
   5.6755654654483401e-01	   5.5521152716431210e-01	   2.0012784087977131e+00	   1.9320322434426274e+00	   2.2552158004094380e+00	   1.3437311732960033e+00	  -4.2210567548783828e-01	   8.2716177308872485e+00	  -2.2216444864279206e+00	  -3.2615994878704146e-01	   2.4072593084742966e+00	   6.2274351349769219e+00	   3.7011297585496372e+00	
   7.1133803167833243e-01	   6.9976572374086388e-01	   1.9987097518716634e+00	   1.9329498986093707e+00	   2.2530550028354579e+00	   1.3455730987097514e+00	  -4.1885247141504323e-01	   8.2382039804957952e+00	  -2.2216563176250537e+00	  -3.2616055279077738e-01	   2.4072707160456286e+00	   6.2274348725639417e+00	   3.7011445429870893e+00	
   8.4537288091102170e-01	   8.3472139073736962e-01	   1.9891953590789324e+00	   1.9363485432091210e+00	   2.2450526670083626e+00	   1.3523954389218495e+00	  -4.0680415374472201e-01	   8.1144147219691654e+00	  -2.2216810871781290e+00	  -3.2614343271863966e-01	   2.4072722906067767e+00	   6.2274346909996225e+00	   3.7011380729816690e+00	
   9.6934791131286779e-01	   9.5995371299584242e-01	   2.0427453812317253e+00	   1.9172120663049075e+00	   2.2901196913931443e+00	   1.3139927464225210e+00	  -4.7464999907176342e-01	   8.8106564286978273e+00	  -2.2216540328455769e+00	  -3.2615761152543499e-01	   2.4073177032577497e+00	   6.2274350416853252e+00	   3.7011608326935619e+00	
   1.0859707137034214e+00	   1.0770879587098658e+00	   2.1179187194610982e+00	   1.8903161929793022e+00	   2.3534969978502573e+00	   1.2600651296139631e+00	  -5.7003184723425360e-01	   9.7860577166382079e+00	  -2.2219388847541932e+00	  -3.2623741027681952e-01	   2.4072719295988865e+00	   6.2274346354143084e+00	   3.7011311770653865e+00	
   1.2933846691658424e+00	   1.2855284022961211e+00	   2.2313617659170948e+00	   1.8496567467980451e+00	   2.4493881224110226e+00	   1.1786437764715885e+00	  -7.1428188132982573e-01	   1.1253659763072132e+01	  -2.2215921624689772e+00	  -3.2615711490169286e-01	   2.4072703441955223e+00	   6.2274348667588075e+00	   3.7011411925234050e+00	
   1.3136935483053502e+00	   1.3057072866895503e+00	   2.9802913192478186e+00	   1.5790610607588906e+00	   3.0900669258855373e+00	   6.3990710404238094e-01	  -1.6760702579406983e+00	   2.0551650878615433e+01	  -2.2216461411156407e+00	  -3.2615536812519164e-01	   2.4072694840377995e+00	   6.2274345783812635e+00	   3.7011482696400755e+00	
   1.3243364143213920e+00	   1.3170849849770683e+00	   1.6572204949920621e+00	   2.0545586580824615e+00	   1.9671436511843332e+00	   1.5902284194739824e+00	   1.1952363504930119e-02	   3.4876911483379125e+00	  -2.2216351135124768e+00	  -3.2616375687677390e-01	   2.4072151733054437e+00	   6.2274358347005343e+00	   3.7011623143732297e+00	
   1.3369245620131753e+00	   1.3299447536228026e+00	   1.6713600379179017e+00	   2.0495386455048337e+00	   1.9789288163274410e+00	   1.5801069510184007e+00	  -5.8189589047241697e-03	   4.0671115244927947e+00	  -2.2216449842327179e+00	  -3.2615653447409798e-01	   2.4072671705821502e+00	   6.2274343085229056e+00	   3.7011283854895272e+00	
   1.3500292338031183e+00	   1.3430664567417594e+00	   2.5075553659779093e+00	   1.7503054795349193e+00	   2.6841109796638118e+00	   9.8021056515795735e-01	  -1.0670500890986867e+00	   1.5534968238421154e+01	  -2.2215579672661967e+00	  -3.2659098453247104e-01	   2.4072734285462971e+00	   6.2274312345873550e+00	   3.7011745449357925e+00	
   1.3789166546369636e+00	   1.3719277387964635e+00	   1.2932498258990455e+01	  -2.4145459381734735e+00	   1.3081404005275132e+01	  -6.7241445616121887e+00	  -1.6239907198050684e+01	   1.3371468321545078e+02	  -2.2216364898622887e+00	  -3.2616210805280765e-01	   2.4072575464175738e+00	   6.2274362258845084e+00	   3.7011606060992630e+00	
   1.4070933319261236e+00	   1.4002032876563320e+00	   2.6890155003687966e+01	  -9.6332196382091784e+00	   3.4117867511826546e+01	  -1.7738441117657988e+01	  -4.4448224448970898e+01	   2.5457880402942368e+02	  -2.2216352444963672e+00	  -3.2616137212315710e-01	   2.4072614958290384e+00	   6.2274359729685980e+00	   3.7011632793775284e+00	
   1.4349513084408461e+00	   1.4281730031195927e+00	   5.8195156520482570e+01	  -4.0060419390485436e+01	   2.1156108755393399e+02	  -4.5846444736904132e+01	  -1.9878966087701889e+02	   4.0836055892327016e+02	  -2.2216374592334276e+00	  -3.2616028443410716e-01	   2.4072633777951769e+00	   6.2274355234437362e+00	   3.7011616934843339e+00	
   1.4948542211308258e+00	   1.4883833651655465e+00	   6.8476904445588630e+01	  -6.0143027778433279e+01	   6.6632932226561707e+02	  -5.6284909963046140e+01	  -3.4910229876780920e+02	   3.3879883966748702e+02	  -2.2216738015270465e+00	  -3.2615220667808753e-01	   2.4072875385534598e+00	   6.2274416663188337e+00	   3.7010959641958774e+00	
   1.5521578439090522e+00	   1.5460378268903341e+00	   6.6238101699337633e+01	  -5.4960321259357237e+01	   4.7194106898689682e+02	  -5.3954923250285390e+01	  -3.0512263612293145e+02	   4.1845855815014119e+02	  -2.2217297797554325e+00	  -3.2614362003247077e-01	   2.4072201475804356e+00	   6.2274463231462018e+00	   3.6998642701804307e+00	
   1.6069289222668814e+00	   1.6011246912965849e+00	   6.5704491916181325e+01	  -5.3802940366997511e+01	   4.4006614778534180e+02	  -5.3404377727516717e+01	  -2.9591545264962582e+02	   4.2054872261481904e+02	  -2.2217826405294128e+00	  -3.2614067855685214e-01	   2.4072355110134058e+00	   6.2274498247874011e+00	   3.7012250055488138e+00	
   1.7039727670011828e+00	   1.6985950647965264e+00	   6.5326356108945220e+01	  -5.2999640713619513e+01	   4.1970160362623864e+02	  -5.3015347716158566e+01	  -2.9028669411833454e+02	   4.2077403938068869e+02	  -2.2218020934516858e+00	  -3.2614009918807696e-01	   2.4072376785879701e+00	   6.2274531459640681e+00	   3.7011962740831628e+00	
   1.7937976252413446e+00	   1.7889060147391334e+00	   6.5339205710708285e+01	  -5.3026713063478617e+01	   4.2036629359231625e+02	  -5.3028552488392002e+01	  -2.8980571645822550e+02	   4.2072143670337226e+02	  -2.2218027800715578e+00	  -3.2614007546116763e-01	   2.4072377635928621e+00	   6.2274541162179453e+00	   3.7012004244902919e+00	
   1.8546120261386800e+00	   1.8500460894650406e+00	   6.5340184360284553e+01	  -5.3028775587222853e+01	   4.2041699330179938e+02	  -5.3029472851071510e+01	  -2.8978088031607797e+02	   4.2071624115538356e+02	  -2.2218027927178863e+00	  -3.2614007493225738e-01	   2.4072377689057234e+00	   6.2274541918405646e+00	   3.7011996548996784e+00	
   1.8992177501568897e+00	   1.8948243462164616e+00	   6.5340930727794571e+01	  -5.3030348632988947e+01	   4.2045566666702763e+02	  -5.3030316436066592e+01	  -2.8976785941505688e+02	   4.2071601586739393e+02	  -2.2218027928941897e+00	  -3.2614007492559605e-01	   2.4072377692527791e+00	   6.2274541930935623e+00	   3.7011984537023146e+00	
   1.9423194354735163e+00	   1.9382626163524375e+00	   6.5340931670994308e+01	  -5.3030350620928310e+01	   4.2045571554381820e+02	  -5.3030358750725817e+01	  -2.8974596801200926e+02	   4.2071600234113447e+02	  -2.2218027928960771e+00	  -3.2614007492637320e-01	   2.4072377692603286e+00	   6.2274541933726724e+00	   3.7011983286263650e+00	
   1.9844446595551624e+00	   1.9808152368174792e+00	   6.5340909489447483e+01	  -5.3030303870275745e+01	   4.2045456610654111e+02	  -5.3030302832063555e+01	  -2.8975385838300525e+02	   4.2071600163935472e+02	  -2.2218027928971873e+00	  -3.2614007492715036e-01	   2.4072377692609948e+00	   6.2274541934137506e+00	   3.7011983594952280e+00	
   2.0761482531732600e+00	   2.0722491600040360e+00	   6.5340909078129840e+01	  -5.3030303003396170e+01	   4.2045454474271725e+02	  -5.3030304310750950e+01	  -2.8974069532284688e+02	   4.2071600177451131e+02	  -2.2218027928965212e+00	  -3.2614007492959285e-01	   2.4072377692632152e+00	   6.2274541934050909e+00	   3.7011983482302391e+00	
   2.1592307503495167e+00	   2.1563515773579400e+00	   6.5340909042587157e+01	  -5.3030302928461005e+01	   4.2045454407902082e+02	  -5.3030303332181617e+01	  -2.8973841489662146e+02	   4.2071600177605472e+02	  -2.2218027928981865e+00	  -3.2614007493225738e-01	   2.4072377692658797e+00	   6.2274541934086436e+00	   3.7011983443862029e+00	
   2.1958196098497140e+00	   2.1926143885462324e+00	   6.5340909119296242e+01	  -5.3030303090124690e+01	   4.2045454600377343e+02	  -5.3030303355349083e+01	  -2.8973842225511669e+02	   4.2071600177605586e+02	  -2.2218027928987416e+00	  -3.2614007493303454e-01	   2.4072377692685443e+00	   6.2274541934099759e+00	   3.7011983443426821e+00	
   2.2082680715831415e+00	   2.2049618518960035e+00	   6.5340909095024543e+01	  -5.3030303038986702e+01	   4.2045454604778132e+02	  -5.3030303355668387e+01	  -2.8973842226072333e+02	   4.2071600177605740e+02	  -2.2218027928990747e+00	  -3.2614007493425579e-01	   2.4072377692707647e+00	   6.2274541934113081e+00	   3.7011983443295815e+00	
   2.2217310537946400e+00	   2.2201580109053598e+00	   6.5340909089794508e+01	  -5.3030303027948200e+01	   4.2045454539299976e+02	  -5.3030303356329632e+01	  -2.8973842226207694e+02	   4.2071600177605785e+02	  -2.2218027928987416e+00	  -3.2614007493492192e-01	   2.4072377692716529e+00	   6.2274541934121963e+00	   3.7011983443309138e+00	
   2.2333441311845892e+00	   2.2316670811710626e+00	   6.5340909090696016e+01	  -5.3030303029858892e+01	   4.2045454541112150e+02	  -5.3030303355912523e+01	  -2.8973842226167943e+02	   4.2071600177605870e+02	  -2.2218027928994077e+00	  -3.2614007493558805e-01	   2.4072377692734293e+00	   6.2274541934141947e+00	   3.7011983443313579e+00	
   2.2535319286880462e+00	   2.2512186503937937e+00	   6.5340909090909832e+01	  -5.3030303030323637e+01	   4.2045454545011717e+02	  -5.3030303355753873e+01	  -2.8973842226165613e+02	   4.2071600177605939e+02	  -2.2218027928995188e+00	  -3.2614007493636521e-01	   2.4072377692745395e+00	   6.2274541934155270e+00	   3.7011983443311358e+00	
   2.2739247023326747e+00	   2.2713222703047986e+00	   6.5340909090910287e+01	  -5.3030303030305426e+01	   4.2045454545253835e+02	  -5.3030303355718232e+01	  -2.8973842226165601e+02	   4.2071600177606030e+02	  -2.2218027928997408e+00	  -3.2614007493714237e-01	   2.4072377692756497e+00	   6.2274541934166372e+00	   3.7011983443311358e+00	
   2.2935390383427290e+00	   2.2908972671547012e+00	   6.5340909090909179e+01	  -5.3030303030303870e+01	   4.2045454528627204e+02	  -5.3030303355727561e+01	  -2.8973842226165647e+02	   4.2071600177606030e+02	  -2.2218027928994077e+00	  -3.2614007493747543e-01	   2.4072377692767599e+00	   6.2274541934177474e+00	   3.7011983443318019e+00	
   2.3596491313242485e+00	   2.3564578749060150e+00	   6.5340909090903622e+01	  -5.3030303030297873e+01	   4.2045454545280904e+02	  -5.3030303355724229e+01	  -2.8973842226165681e+02	   4.2071600177606183e+02	  -2.2218027929005180e+00	  -3.2614007493825259e-01	   2.4072377692780922e+00	   6.2274541934190797e+00	   3.7011983443322460e+00	
   2.3624695146233776e+00	   2.3594017660997224e+00	   6.5340909090904503e+01	  -5.3030303030296878e+01	   4.2045454545280614e+02	  -5.3030303355724115e+01	  -2.8973842226165692e+02	   4.2071600177606160e+02	  -2.2218027929002959e+00	  -3.2614007493880770e-01	   2.4072377692783142e+00	   6.2274541934197458e+00	   3.7011983443333563e+00	
   2.3624470131420328e+00	   2.3592010361188631e+00	   6.5340909090903835e+01	  -5.3030303030297652e+01	   4.2045454545281279e+02	  -5.3030303355724229e+01	  -2.8973842226165715e+02	   4.2071600177606138e+02	  -2.2218027929001849e+00	  -3.2614007493936281e-01	   2.4072377692792024e+00	   6.2274541934204120e+00	   3.7011983443357988e+00	
   2.3625255619252883e+00	   2.3592861965160417e+00	   6.5340909090903835e+01	  -5.3030303030297986e+01	   4.2045454545281478e+02	  -5.3030303355724563e+01	  -2.8973842226165715e+02	   4.2071600177606138e+02	  -2.2218027929005180e+00	  -3.2614007493936281e-01	   2.4072377692805347e+00	   6.2274541934215222e+00	   3.7011983443357988e+00	
   2.3634349587069448e+00	   2.3604263897794020e+00	   6.5340909090903835e+01	  -5.3030303030297652e+01	   4.2045454545279483e+02	  -5.3030303355729224e+01	  -2.8973842226165738e+02	   4.2071600177606138e+02	  -2.2218027929011841e+00	  -3.2614007493969588e-01	   2.4072377692814229e+00	   6.2274541934230765e+00	   3.7011983443362428e+00	
   2.3647589945963166e+00	   2.3620568941697950e+00	   6.5340909090903395e+01	  -5.3030303030298100e+01	   4.2045454545282746e+02	  -5.3030303355724115e+01	  -2.8973842226120416e+02	   4.2071600177606069e+02	  -2.2218027929009621e+00	  -3.2614007494025099e-01	   2.4072377692818669e+00	   6.2274541934230765e+00	   3.7011983443366869e+00	
   2.3657159325707333e+00	   2.3633304744397066e+00	   6.5340909090903182e+01	  -5.3030303030298320e+01	   4.2045454545282746e+02	  -5.3030303355722673e+01	  -2.8973842226165823e+02	   4.2071600177606092e+02	  -2.2218027929008510e+00	  -3.2614007494047303e-01	   2.4072377692823110e+00	   6.2274541934239647e+00	   3.7011983443369090e+00	
   2.3679168624124447e+00	   2.3660441110013863e+00	   6.5340909090903835e+01	  -5.3030303030297212e+01	   4.2045454545247708e+02	  -5.3030303355723227e+01	  -2.8973842226165959e+02	   4.2071600177606228e+02	  -2.2218027929002959e+00	  -3.2614007494158326e-01	   2.4072377692829772e+00	   6.2274541934255190e+00	   3.7011983443371310e+00	
   2.3702219810239900e+00	   2.3685216311077895e+00	   6.5340909090903835e+01	  -5.3030303030295656e+01	   4.2045454545328511e+02	  -5.3030303355722673e+01	  -2.8973842226165993e+02	   4.2071600177606251e+02	  -2.2218027929005180e+00	  -3.2614007494236041e-01	   2.4072377692838653e+00	   6.2274541934279615e+00	   3.7011983443382412e+00	
   2.3730335438418848e+00	   2.3717436209171883e+00	   6.5340909090928932e+01	  -5.3030303030301425e+01	   4.2045454545334525e+02	  -5.3030303355722786e+01	  -2.8973842226166016e+02	   4.2071600177606297e+02	  -2.2218027929006290e+00	  -3.2614007494291553e-01	   2.4072377692843094e+00	   6.2274541934290717e+00	   3.7011983443384633e+00	
   2.3810869611837759e+00	   2.3801004171857265e+00	   6.5340909090911836e+01	  -5.3030303030309199e+01	   4.2045454545324691e+02	  -5.3030303355724115e+01	  -2.8973842226166033e+02	   4.2071600177606314e+02	  -2.2218027929005180e+00	  -3.2614007494480290e-01	   2.4072377692851976e+00	   6.2274541934308481e+00	   3.7011983443395735e+00	
   2.3890039752558767e+00	   2.3877100511617844e+00	   6.5340909090914721e+01	  -5.3030303030305760e+01	   4.2045454545313896e+02	  -5.3030303355725785e+01	  -2.8973842226166090e+02	   4.2071600177606337e+02	  -2.2218027929002959e+00	  -3.2614007494624619e-01	   2.4072377692871960e+00	   6.2274541934326244e+00	   3.7011983443406837e+00	
   2.3972257376236872e+00	   2.3956481542146690e+00	   6.5340909090912731e+01	  -5.3030303030303315e+01	   4.2045454545307393e+02	  -5.3030303355726119e+01	  -2.8973842226166113e+02	   4.2071600177606450e+02	  -2.2218027929002959e+00	  -3.2614007494813357e-01	   2.4072377692887503e+00	   6.2274541934348449e+00	   3.7011983443422380e+00	
   2.4223316891500701e+00	   2.4209607057628091e+00	   6.5340909090908511e+01	  -5.3030303030290213e+01	   4.2045454545317654e+02	  -5.3030303355726780e+01	  -2.8973842226166204e+02	   4.2071600177606558e+02	  -2.2218027929005180e+00	  -3.2614007494924380e-01	   2.4072377692900826e+00	   6.2274541934366212e+00	   3.7011983443440144e+00	
   2.4464736364344652e+00	   2.4451547952584196e+00	   6.5340909090907843e+01	  -5.3030303030300210e+01	   4.2045454545323133e+02	  -5.3030303355728002e+01	  -2.8973842226166255e+02	   4.2071600177606695e+02	  -2.2218027929002959e+00	  -3.2614007495035402e-01	   2.4072377692918590e+00	   6.2274541934383976e+00	   3.7011983443453467e+00	
   2.4701296961338048e+00	   2.4685524173271300e+00	   6.5340909090904958e+01	  -5.3030303030299983e+01	   4.2045454545323980e+02	  -5.3030303355728336e+01	  -2.8973842226166391e+02	   4.2071600177606740e+02	  -2.2218027929005180e+00	  -3.2614007495146424e-01	   2.4072377692936353e+00	   6.2274541934397298e+00	   3.7011983443464569e+00	
   2.5106612877516810e+00	   2.5084394911307761e+00	   6.5340909090901846e+01	  -5.3030303030303202e+01	   4.2045454545324048e+02	  -5.3030303355729004e+01	  -2.8973842226166437e+02	   4.2071600177606848e+02	  -2.2218027929011841e+00	  -3.2614007495257447e-01	   2.4072377692947455e+00	   6.2274541934417282e+00	   3.7011983443475671e+00	
