   9.9946404325199945e-01	   9.8953797064411397e-01	   7.6069349614110136e-79	  5.5310553340559831e-110	 -3.5296289585597181e-114	 -4.9299188681254905e-117	  6.3284507640500485e-120	  5.3692471643839363e-123	 -2.2114894446844095e-126	  4.5184926320720583e-130	  3.3755792139881134e-134	 -2.4242366798301609e-138	 -8.0730678811755675e-150	
   9.9946386339165461e-01	   9.8953771469018770e-01	   7.4382267247301938e-79	  4.9701305158015262e-110	 -3.0258206698988292e-114	 -3.9716755902985902e-117	  4.7235505581935146e-120	  3.6435794253970961e-123	 -1.3370186636614332e-126	  2.3788749920306262e-130	  1.5131007713057146e-134	 -8.9899064789663352e-139	 -1.8536662494941667e-150	
   9.9946350838698905e-01	   9.8953715712185497e-01	   7.2731344228000477e-79	  4.4646989300639779e-110	 -2.5921674830726958e-114	 -3.1951428304690282e-117	  3.5157256224092159e-120	  2.4590132791762557e-123	 -7.9990186953353566e-127	  1.2277201419164828e-130	  6.5319722625588282e-135	 -3.0998608035178739e-139	 -3.0884158243591219e-151	
   9.9946301606077104e-01	   9.8953630033262907e-01	   7.1116399807369139e-79	  4.0104384622080138e-110	 -2.2203782631205516e-114	 -2.5696929012954770e-117	  2.6151046734943425e-120	  1.6572886192860825e-123	 -4.7710701139613034e-127	  6.2921710616853947e-131	  2.7731777040148809e-135	 -1.0226812182504583e-139	 -2.3671412713042096e-152	
   9.9945675517212529e-01	   9.8951428514266004e-01	   5.9729995069908647e-79	  1.9496208219762492e-110	 -8.2713583039926093e-115	 -6.8411555909305183e-118	  4.5794230413099605e-121	  1.5887401456848956e-124	 -1.3288742606761713e-128	 -2.0338663726518954e-132	 -2.4706974998263336e-136	  1.5814256628520467e-140	  2.0999771343732280e-152	
   9.9944985554194310e-01	   9.8947695727435125e-01	   5.0033215292685386e-79	  9.2360826271302696e-111	 -2.8811746697327577e-115	 -1.4990087415587806e-118	  3.7421408238676513e-122	 -1.8925660629334694e-125	  1.1813537981528442e-128	 -1.9380787509876339e-132	 -9.2276171332923196e-137	  3.6094066385707794e-141	  2.5605112449673172e-153	
   9.9944290109146428e-01	   9.8942545448555108e-01	   4.1813284621422662e-79	  4.3278500291047862e-111	 -9.6195266597754966e-116	 -2.5217507470916878e-119	 -9.4235310072018921e-123	 -1.2248419884619849e-125	  3.4000521016793957e-129	 -3.6050303380454092e-133	 -1.2734703123930298e-137	  4.5418987227495215e-142	  7.7964939808807322e-154	
   9.9943068662382928e-01	   9.8930642906653077e-01	   2.9797117424332858e-79	  5.2704061650186787e-112	  1.1202261502426766e-116	  1.5746634490712955e-119	 -7.4077939830952513e-123	 -6.2877729024159440e-128	 -6.3202588819878037e-130	  1.0431997190574787e-133	  4.1033262102965169e-138	 -1.1363273674107482e-142	  8.0874091913735119e-156	
   9.9941875175179495e-01	   9.8915315517966307e-01	   2.0884075258582720e-79	 -8.8441890830631590e-113	  4.3542492651394566e-117	 -2.9764607942218468e-120	  5.9338799680315986e-123	  3.1719173654500652e-126	 -5.4325476092003621e-130	  3.1118673664934313e-134	  3.4898744663748900e-139	 -3.2247342444867950e-144	 -8.2116511672692237e-155	
   9.9940711111229075e-01	   9.8896958827668535e-01	   1.4438329113851347e-79	 -2.3765497082632502e-113	 -3.3593101324785481e-117	 -5.0454883660190330e-120	  3.2824004062078131e-123	  9.4252225616461103e-127	 -1.0892197242927317e-130	  9.2037272571850899e-135	  6.3961175963462982e-139	 -4.9877469913424734e-143	 -1.5846388768419024e-154	
   9.9939575295883187e-01	   9.8876027568399749e-01	   9.8559209955279702e-80	  3.1224832319800277e-113	 -2.7608200149035812e-117	 -1.7184512165564131e-120	  6.0524323182986527e-124	  1.9551496832203745e-127	 -8.1038089924517653e-131	  1.7052637283017411e-134	  1.2043882046422829e-138	 -7.8658814174920910e-143	 -2.0898246525956213e-154	
   9.9937204165297155e-01	   9.8824163398205167e-01	   3.8257347883865854e-80	  2.4809923694809758e-113	 -5.7923145895420292e-118	  2.1148566423675767e-121	 -2.6632283650618282e-124	 -7.0495522008237675e-128	  2.3437379333158966e-132	  6.1527748797049325e-136	  4.0534689551992024e-140	 -1.9974891017637414e-144	 -2.5461419009852770e-156	
   9.9934990119183820e-01	   9.8765168201927789e-01	   1.1183656939333339e-80	  3.5745468580482906e-113	 -1.8255789203515414e-117	 -2.1642958358678111e-120	  2.5979439014394786e-123	  2.0489683355674914e-126	 -7.8939486191659394e-130	  1.4490345948704191e-133	  9.7653013047277932e-138	 -6.3631677813991139e-142	 -1.7198872077407355e-153	
   9.9932931508713319e-01	   9.8701433291528307e-01	   8.0836962017794095e-82	  3.7726751505924819e-113	 -2.0055658475066838e-117	 -2.4025441318529575e-120	  2.7481465835335480e-123	  2.0565081262495241e-126	 -7.5875279301264864e-130	  1.3625217709185349e-133	  9.1200342375176346e-138	 -5.8828458067043717e-142	 -1.5773461983761084e-153	
   9.9931005909265391e-01	   9.8634608860815265e-01	  -2.1176582076045715e-81	  3.3426074122726693e-113	 -1.8092621050627254e-117	 -2.1834649027571785e-120	  2.4753777214356069e-123	  1.8446496712027820e-126	 -6.8195144234054970e-130	  1.2267937716136742e-133	  8.1768984560414455e-138	 -5.2691703615232798e-142	 -1.4225497060490737e-153	
   9.9927908143980015e-01	   9.8515705469172621e-01	  -9.7708695557381919e-82	  2.5369194301130795e-114	 -6.4058725092892315e-119	 -2.9429804978658301e-122	  5.1019067673321146e-126	 -5.5252041015906571e-129	  3.7422435574262476e-132	 -3.0240148192240883e-136	 -4.0615154853085028e-140	  6.7376311071068044e-145	 -1.3061968015746214e-155	
   9.9925117268377783e-01	   9.8392426198695171e-01	   1.0106742798102798e-81	 -1.0141565949725863e-113	  5.2381020985725582e-118	  5.6568363712411602e-121	 -5.6572453171857022e-124	 -3.6870194910636890e-127	  1.1998597682205742e-130	 -1.8522479927754010e-134	 -1.1072307111162197e-138	  6.3417166888418107e-143	  1.3157994891759146e-154	
   9.9922579727864569e-01	   9.8266200923323788e-01	   1.3483317560665441e-81	 -6.8684487222297274e-114	  3.0807148732761999e-118	  2.9540984552065888e-121	 -2.6099449611402495e-124	 -1.5243764234799252e-127	  4.4575366448734566e-131	 -5.9898934580672870e-135	 -3.4612502418666230e-139	  1.6521005403466720e-143	  1.3440053919716356e-155	
   9.9920230396282583e-01	   9.8137780946188446e-01	   7.6151449896886330e-82	 -3.4352888949231693e-114	  1.6037881346840910e-118	  1.6422511243317376e-121	 -1.5107262301111203e-124	 -9.3406006107805677e-128	  2.8717172239141297e-131	 -4.1105107705658175e-135	 -2.5947574346683400e-139	  1.3300526034499802e-143	  1.5180183634086933e-155	
   9.9915579695461132e-01	   9.7857101125879409e-01	   7.0089626796670494e-83	 -4.5481375925210071e-116	  2.4593249115779783e-120	  2.8725938062636819e-123	 -2.4467591856973171e-126	 -1.4197713434224583e-129	  3.9217424227772156e-133	 -5.0853002302694179e-137	 -2.8734529705967338e-141	  1.3195081358164764e-145	  1.5190683905328207e-157	
   9.9911899480380983e-01	   9.7574973233200857e-01	  -7.3294549096863226e-83	  8.6867454301984328e-116	 -2.2979040198625242e-120	 -1.3966617464024630e-123	  6.4816313513772614e-127	  1.9875577874695728e-130	 -1.8392906081833684e-134	 -1.9870199145284430e-138	  4.8280332052740812e-143	  1.0243741263836583e-146	  7.3592474897605986e-158	
   9.9908837569805953e-01	   9.7301104820969231e-01	  -1.6186044402299407e-83	 -3.8165694532016628e-116	  1.5159148225319887e-120	  1.2307945614081129e-123	 -9.0740303087753470e-127	 -4.3710390674003727e-130	  1.0616589207143298e-133	 -1.1692366624027519e-137	 -5.5963818896443014e-142	  2.2512139363366403e-146	  1.5990313246950464e-158	
   9.9906253037061932e-01	   9.7043495688240822e-01	   9.3051878343889134e-84	 -1.4404792882695311e-116	  3.6462449628995618e-121	  2.1015406716216413e-124	 -1.0846433535118542e-127	 -3.8961594223622027e-131	  7.1392376113792466e-135	 -5.9063244892875789e-139	 -2.5666180648400895e-143	  7.8539489385317534e-148	  1.4822163456628881e-160	
   9.9905410557780150e-01	   9.6916040948003090e-01	  -2.3734631072476893e-84	  7.6574818962856913e-117	 -2.2033962333499183e-121	 -1.3659110404330975e-124	  7.3139958303619529e-128	  2.6735525796055477e-131	 -4.8173984363111553e-135	  3.9112120716759488e-139	  1.7073709437012016e-143	 -4.7877216152862623e-148	  4.1019087651033177e-161	
   9.9905347892498131e-01	   9.6882364300233781e-01	  -2.2267374015107941e-84	  8.6917952258671889e-118	  1.0202180821514905e-122	  2.4187070279401661e-125	 -2.0692972762840271e-128	 -9.7906650119896671e-132	  2.0871725223663848e-135	 -1.8994479935345967e-139	 -8.8570481413589375e-144	  2.6452897393562256e-148	 -1.8848862979421321e-161	
   9.9905089846508743e-01	   9.6850397712712022e-01	  -1.0276182942661248e-84	 -9.1866724654833119e-118	  2.6936136655471832e-122	  1.2168484077169341e-125	 -2.8958582679301993e-129	  4.0322996763050710e-133	 -3.2826714036387472e-136	  4.5453071529654672e-140	  2.6548170801868551e-144	 -9.1895724811399348e-149	  7.3323297988625205e-162	
   9.9904671530617439e-01	   9.6818865680497646e-01	  -2.0377541571681029e-85	 -4.2113502115754216e-119	 -9.7568241077827078e-123	 -1.0841737248874812e-125	  6.9820875719931007e-129	  2.5555321273743874e-132	 -4.1102226208096122e-136	  2.7301701667175821e-140	  8.8514574481994148e-145	 -1.6238943731355550e-149	  2.0737235501303406e-163	
   9.9904254253291447e-01	   9.6787306897609904e-01	   3.5116651745341127e-87	  3.5857295119326337e-118	 -9.8272043663195531e-123	 -3.5675490502255236e-126	  3.1057687587009919e-130	 -3.7642913796763278e-133	  1.2647986750641278e-136	 -1.2892685227177779e-140	 -6.0303927795776427e-145	  1.6889197455416302e-149	 -9.9310797728827390e-163	
   9.9903904999753956e-01	   9.6755781898968418e-01	  -4.4045374535356627e-86	  9.0560764104355384e-119	  1.7880488057768015e-123	  2.7323385781961894e-126	 -1.6117999267004422e-129	 -4.7897987392310140e-133	  5.5762648012764875e-137	 -2.2067143142489566e-141	 -1.6649811666833473e-146	 -1.1586323380515741e-150	  1.7040411718560464e-163	
   9.9903049739775340e-01	   9.6685848730853352e-01	  -3.5743276774358763e-86	 -2.4662988439785521e-119	  1.8658073885532787e-123	  1.0236388259412605e-126	 -3.3107796158357531e-130	 -5.0335160810860645e-134	  1.1554763585919733e-138	  2.1381287824812042e-142	  1.3864419057938699e-146	 -3.9532425234707221e-151	  1.8366116644973739e-164	
   9.9902386727471493e-01	   9.6618013918692414e-01	  -2.6344696816171039e-86	 -2.3852697713881367e-119	  1.4514233684605883e-124	 -1.6573549877783304e-127	  1.2824542874195919e-130	  4.0633168255281213e-134	 -5.0894874072818213e-138	  2.5255072130888566e-142	  5.9667956614200948e-147	 -7.5658037214675043e-152	 -8.9982865656091865e-168	
   9.9901827867343285e-01	   9.6554052116170852e-01	  -1.0792780817534786e-86	 -2.6600453318756752e-120	 -1.1439613236733425e-124	 -7.1981879519218716e-128	  2.1744258018428801e-131	  3.1699238780046522e-135	 -1.5472382928839536e-139	  8.8083131553610203e-145	 -5.4160068535151942e-149	  8.3194769774859861e-155	  2.0562077839388348e-166	
   9.9901317412973467e-01	   9.6494812257972606e-01	  -1.8769801553285437e-87	  1.6455612596886029e-120	 -1.1989458696734865e-125	  1.1662900213680267e-128	 -7.5574797044408478e-132	 -1.9096885608764234e-135	  1.8013833979993689e-139	 -6.3310353143686984e-144	 -8.4962765217849945e-149	 -1.7226587013585498e-154	  8.2230163865035487e-167	
   9.9900188943163548e-01	   9.6389405052665211e-01	   1.5922768940266848e-87	  5.8249368912131717e-121	  6.6090153547146499e-126	  5.1674292554971593e-129	 -1.4894574929735390e-132	 -2.0877930659804821e-136	  1.1037180017025614e-140	 -1.8749603940234871e-145	 -1.8764714996405436e-151	 -2.4245789629897248e-155	 -1.4760325931303087e-169	
   9.9899547464535643e-01	   9.6304820513901346e-01	   3.3532666769084953e-88	 -2.8244791733406110e-121	  2.5854017490051003e-126	 -1.0454513020276196e-129	  7.3087937194995183e-133	  1.7804264788132220e-136	 -1.6580306344893155e-140	  6.1145162050692379e-145	  1.0710755281883038e-149	 -9.5586762070184174e-155	 -5.4164492066328829e-169	
   9.9899135694294838e-01	   9.6245860839258124e-01	  -2.1546174090028693e-88	 -7.6101535361349620e-122	 -9.8273070988121390e-128	 -2.2978246269769630e-130	  6.0555535594583501e-134	  7.4128773293974966e-138	 -3.8711183012956327e-142	  1.0288088848308212e-146	  2.1968686544147555e-151	 -4.3805873216506001e-156	  1.6660553034474341e-169	
   9.9898859534540163e-01	   9.6213793470000319e-01	  -1.2115149897521598e-88	  1.4430511403873676e-122	 -9.8057270753602089e-128	  5.5754944396691358e-131	 -2.6281436350084916e-134	 -4.7291539350257893e-138	  3.2898829951052147e-142	 -9.2518300947422420e-147	 -1.2711489072185193e-151	  9.4120595666356332e-157	 -1.5990339531693897e-171	
   9.9898584215587205e-01	   9.6206992026192351e-01	   4.1613104378698555e-89	 -2.1040721512816945e-123	  7.8571074518395519e-128	 -1.5784599001494912e-131	  1.2945939701058561e-134	  2.8148978827725805e-138	 -2.2435865270167462e-142	  7.3877862153824104e-147	  1.2700465772774255e-151	 -1.4030397873710639e-156	  2.2265013195877108e-170	
   9.9898703654037480e-01	   9.6237122151276444e-01	   3.0735877655950997e-89	 -1.1014718168489343e-122	 -3.1184735920996976e-128	 -5.1107365454568232e-131	  1.5177477575669051e-134	  2.0582562095399926e-138	 -8.7708408277648846e-143	 -8.6270890499397278e-148	 -1.2718936876150058e-151	  3.6802726188019566e-156	 -1.4639349015347748e-169	
   9.9899077099424249e-01	   9.6303466086037237e-01	  -2.0572567515172220e-89	 -3.8948783213434321e-124	  3.5923905537652876e-128	  2.9831276774900415e-131	 -1.0293606829151898e-134	 -1.5389952303515391e-138	  5.3395045184999391e-143	  2.9677309245327805e-147	  2.1185363554881429e-151	 -5.7464700145122191e-156	  2.2714587324177584e-169	
   9.9899577633579895e-01	   9.6400923775005420e-01	  -1.1643934935440250e-89	  1.8820334383784993e-123	 -1.3701181421770874e-128	 -6.3149021072715129e-132	  2.5835033541863250e-135	  4.2676966586545559e-139	 -1.0727390720323634e-143	 -1.5766629334125984e-147	 -9.6755997703320472e-152	  2.5746912314509963e-156	 -1.0277732272694233e-169	
   9.9900245936357179e-01	   9.6522312191162507e-01	   2.2450751057938542e-90	 -2.1222548346077167e-123	 -4.5579537026044521e-128	 -3.1566296299034814e-131	  8.9146134493840177e-135	  1.1577271898408736e-138	 -3.2739374801378839e-143	 -2.5482029402152633e-147	 -1.6719577164785494e-151	  4.2256012415896258e-156	 -1.4847900624993511e-169	
   9.9901345076132975e-01	   9.6828307474035136e-01	   1.5725305885852471e-89	 -3.3926963758675387e-124	 -3.3385767767696510e-128	 -1.6581632996210596e-131	  4.6667757690622404e-135	  5.9911964970061853e-139	 -1.2838894250914763e-143	 -1.8032765392745169e-147	 -1.0332773462363017e-151	  2.6578187161593324e-156	 -1.0167434941959534e-169	
   9.9903816442562143e-01	   9.6984352359955706e-01	  -1.9986012199098371e-90	 -5.9158220641153803e-124	  3.6852624183086493e-128	  1.8209591324216706e-131	 -5.5871977573409253e-135	 -7.7024123060006917e-139	  1.6206057378520820e-143	  2.6444267652044589e-147	  1.5129654339786804e-151	 -3.9454595518660089e-156	  1.5485337186527323e-169	
   9.9904879760393217e-01	   9.7142666545173562e-01	  -4.2055713825066546e-90	 -1.0108818039043022e-124	  6.5581676691198277e-129	  2.3406889699314161e-132	 -5.2744060705837615e-136	 -5.4077919832245108e-140	  8.4877277225895024e-145	  1.0793130077334220e-148	  4.7859504182837873e-153	 -9.7232898436037238e-158	  2.3781586668276278e-171	
   9.9905748222786017e-01	   9.7289171615086789e-01	  -1.3121880212893052e-90	  2.2891273057120980e-125	 -1.5702793402673396e-129	 -6.6917890342451698e-133	  1.6750072378465024e-136	  1.8478577324933735e-140	 -3.1163922256111106e-145	 -3.9770780165935017e-149	 -1.8287597299515662e-153	  3.8091193840982304e-158	 -9.7039224413686461e-172	
   9.9906806132860659e-01	   9.7422489378099386e-01	   1.6300156494484336e-91	  4.1939508159188332e-126	 -2.2539904558668431e-130	 -2.6645370074428557e-134	 -4.2506448279555472e-138	 -1.3006634123997823e-141	  3.1803525348640232e-146	  5.1007413044249689e-150	  2.6988547134175227e-154	 -6.2481399807420546e-159	  1.8648228179455370e-172	
   9.9908345444964597e-01	   9.7618060220420566e-01	   2.9744288210754698e-91	 -3.4840842160830144e-126	  1.9011934514566452e-130	  6.4626360355766345e-134	 -1.3194266756849060e-137	 -1.1872709965784208e-141	  1.6277983988715108e-146	  1.7488656286547914e-150	  6.8070297911828238e-155	 -1.1997303344892492e-159	  2.2832324410524147e-173	
   9.9910525951920748e-01	   9.7792036076313082e-01	  -5.6966836984197942e-93	 -1.2108770484611959e-126	  5.0858703126155066e-131	  1.1073406943166061e-134	 -1.5346278629530908e-138	 -9.6495797354090799e-143	  9.2693640573922308e-148	  7.4815664025685665e-152	  2.1186255831516624e-156	 -2.7651890123057559e-161	  3.0496520469711886e-175	
   9.9912716600422569e-01	   9.7949763887940222e-01	  -5.9637413102176299e-92	  8.9640954160580021e-128	 -5.0648097227177568e-132	 -1.3897592801912071e-135	  2.0470787784433595e-139	  1.2186259583042154e-143	 -9.9141361067336951e-149	 -5.2258343993203831e-153	 -4.3989068280156229e-158	 -1.1639606781277766e-162	  6.0626808937969912e-176	
   9.9914853709541207e-01	   9.8090346919082050e-01	  -8.1542254989612709e-93	  8.5535450775767340e-128	 -2.0726093395876376e-132	 -1.0029599156723204e-136	 -4.6292648277894695e-142	  2.1296530039086173e-144	 -9.4175863786734299e-149	 -1.8658605054208606e-152	 -1.1324809218721490e-156	  2.8947128652552582e-161	 -9.7645982717286548e-175	
   9.9917269418241805e-01	   9.8238267472223662e-01	   1.7510593603001578e-92	 -3.3509460549581868e-128	  1.1616442122374589e-132	  1.6638476108412186e-136	 -8.8976132191856920e-141	  3.5756924800406979e-145	 -1.2717714324866164e-149	 -1.6511763485565182e-153	 -6.8358952791097078e-158	  1.1863616745383513e-162	 -2.0174110156732339e-176	
   9.9919938903048267e-01	   9.8363407329007546e-01	  -2.4062823568962220e-93	  2.7247824508209125e-129	 -6.4888208761017989e-133	 -2.6055870863194129e-136	  4.4890554819435637e-140	  3.0920264073522090e-144	 -3.0956101515645036e-149	 -2.3842325140847217e-153	 -6.5644918754564019e-158	  7.6411082364057807e-163	 -4.3936788798399604e-177	
   9.9922529039913321e-01	   9.8472784655631962e-01	  -1.0289368976370807e-92	  1.0984811724344962e-128	 -2.9666142283716568e-133	 -3.5962656743351912e-137	  2.6076800103001952e-141	  9.7438754168872208e-146	 -9.7975156146657854e-151	 -1.1829637759428805e-154	 -5.5828279724548167e-159	  1.1711403796533035e-163	 -2.7122092381728971e-177	
   9.9924977875442145e-01	   9.8567594902942601e-01	  -1.9632863878286707e-93	 -2.2048416877183959e-129	  1.3397789746134171e-133	  2.9180547002045910e-137	 -3.3074641636507138e-141	 -1.6560883165345608e-145	  1.4154705102781644e-150	  1.1416602705776593e-154	  4.0042373120243846e-159	 -7.0974882706896923e-164	  1.5475682193301898e-177	
   9.9927352434843753e-01	   9.8648877565111370e-01	   4.0152357327781716e-93	 -2.0833169767030135e-129	 -6.4428638382528676e-135	 -1.3090815977883929e-137	  2.1413309702263104e-141	  1.2064911841410954e-145	 -9.1522985848401721e-151	 -5.0414669356744572e-155	 -8.8574176211216168e-160	  3.8785871324722231e-165	  1.1582402001284280e-178	
   9.9931054834465527e-01	   9.8766986134161461e-01	   1.9391488698456676e-93	  1.5759159195179044e-129	 -4.6765970255933761e-134	 -5.0029524134175213e-138	  2.3937675248751426e-142	  1.8524429350872598e-147	  1.8417910230552438e-152	  8.3559753921903968e-157	 -3.2639493611600571e-161	  1.5235811477128551e-165	 -4.3139177624702224e-179	
   9.9935593657573429e-01	   9.8870939809814695e-01	  -6.2350514265768003e-93	  2.0526998235448485e-129	 -1.4305168384011468e-134	  4.2527366312933410e-138	 -7.9516644716189225e-142	 -4.4948699021603958e-146	  3.3840443221196531e-151	  1.8715451817815047e-155	  3.5138301944404764e-160	 -2.2679838285071107e-165	 -1.5311589246490614e-179	
   9.9939761509941727e-01	   9.8964253559858839e-01	  -6.9554191162194876e-93	 -9.0629346437911225e-130	  1.8968444201583699e-134	  9.6831680786637523e-139	  3.2824694241066499e-143	  4.1062917187591786e-147	 -2.7841392721330012e-152	 -6.7923156404446939e-157	  2.2415495087651761e-161	 -8.3407331204073971e-166	  1.8904555475450186e-179	
   9.9943359208764404e-01	   9.9037153176185566e-01	  -1.6936302416942018e-93	 -5.6250142014501390e-130	  1.5201410197218477e-135	 -6.4055843969018804e-139	  6.9640274133300573e-143	  2.4996292222638775e-147	 -1.2536462391613665e-152	 -4.8930503865920398e-157	 -7.1464518677330177e-162	  4.4381446908269138e-167	 -1.2809930259868404e-181	
   9.9946742369101227e-01	   9.9096129839980251e-01	   3.5793928139129550e-93	  1.7567230013251289e-129	 -1.7563560493921678e-134	  1.4653995037245285e-138	 -3.0039986978666824e-142	 -1.4453545532030758e-146	  8.7929213760682506e-152	  3.8294150857116754e-156	  5.4252557087911806e-161	 -1.9253578757916865e-166	 -3.6212548319446154e-180	
   9.9950741754182248e-01	   9.9165372527451900e-01	   4.7244193996283425e-93	  1.2383695742142386e-129	  2.5332648663582590e-135	  1.2272787790096896e-138	 -6.1786805470838895e-143	 -5.3515182308653055e-148	 -2.8963138882263716e-153	 -1.9520808902650136e-157	 -7.9986661852169854e-163	 -5.3090268583638158e-167	  1.3538134898368232e-180	
   9.9953831630422019e-01	   9.9218261750839420e-01	   3.0044396756717800e-94	 -2.2695146489846798e-129	  3.2590188615886282e-134	 -1.2774417605594648e-138	  3.3815158493333948e-142	  1.5269579948474669e-146	 -8.3817482858054019e-152	 -3.2653089618396872e-156	 -4.1334470412694812e-161	  1.1992391195814135e-166	  2.4339355807633610e-180	
   9.9956340699782664e-01	   9.9262387945464325e-01	  -3.7934608580570867e-93	 -3.1941374248692731e-129	  1.3980393941646960e-134	 -1.1317715204419316e-138	  6.6359784237540771e-143	  2.1835258552953319e-148	  6.3557520639711782e-153	  3.8640611788851488e-157	  5.1503555488933954e-162	 -3.2527645957153539e-168	 -5.7354975374002620e-181	
   9.9959127589294250e-01	   9.9306487829829815e-01	  -5.0385579053223590e-93	 -5.7022148394152195e-130	 -4.0275873837339322e-135	  8.9383227865537813e-140	 -3.3581340884708895e-143	 -1.1946455757110230e-147	  4.8492942894171795e-153	  1.3833000104028144e-157	  1.3170243632303293e-162	 -3.2472489297953627e-168	 -2.4912651860575561e-182	
   9.9961356182533279e-01	   9.9345547172135873e-01	  -4.4622823610321585e-93	  1.1854426015329932e-129	  9.2631607880878403e-136	  1.2674268530199384e-139	  4.2552096231436380e-143	  2.1242594761350944e-147	 -1.0304909604356403e-152	 -3.3143851235123327e-157	 -3.4009244381551648e-162	  7.5632709067555935e-168	  1.1002777315784712e-181	
   9.9963260102323848e-01	   9.9378632954051638e-01	  -3.5647290980024565e-93	 -1.7886104497799840e-131	  1.0945120124408115e-134	 -4.7089739855818765e-139	  3.8259615393070656e-143	  2.6779335177082357e-148	  1.9477494957334390e-153	  1.1928725373962148e-157	  1.5053141760377105e-162	 -2.4751715208137349e-168	 -8.6748364653947723e-182	
   9.9966489660699553e-01	   9.9433342793975232e-01	  -2.4331407541293108e-93	 -6.3912080457773871e-129	  2.2197263406623391e-134	 -1.2460143499006165e-138	 -5.4363957362957591e-143	 -3.8100623384292764e-147	  1.6986628098689817e-152	  4.6575134524395350e-157	  3.9927471999806183e-162	 -6.8369952808201436e-168	 -8.0619624142586648e-182	
   9.9969746933718284e-01	   9.9487326935603004e-01	  -1.7284451737941153e-93	 -1.4665177858615048e-128	  1.9628194242790379e-134	 -1.0053877571755488e-138	 -9.3313750746710292e-143	 -2.8860572349096348e-147	  7.7080821071384286e-153	  1.3257373426410472e-157	  7.4516779634894922e-163	 -1.0285363276866012e-168	 -9.5237938424200906e-184	
   9.9972097740478805e-01	   9.9528219277876295e-01	  -1.2768588272695143e-93	 -1.5772960178867135e-128	  8.1702462345036943e-135	 -9.7513064387851768e-140	 -1.5732156871605882e-143	  1.2371924020390357e-148	 -1.1243526972062279e-153	 -2.8398965061134789e-158	 -1.9759831492218729e-163	  2.6515320916446057e-169	  1.6103166935770989e-183	
   9.9974077063605216e-01	   9.9561743302265471e-01	  -9.6158210942193758e-94	 -1.3173481681198889e-128	 -3.1926265451798266e-135	  7.0375657315897810e-139	  6.0524928486783885e-143	  1.2794053827081114e-147	 -1.6977329449108098e-153	 -3.4571767591383135e-159	  1.0120326981840029e-163	 -2.0151408577832712e-169	 -3.1532333404335398e-183	
   9.9976430973467734e-01	   9.9601439132937764e-01	  -6.3111398761120686e-94	 -8.8313632900208371e-129	 -1.3606164594350956e-134	  1.4455086590232454e-138	  1.1965464063754544e-142	 -1.4115448340167356e-148	  4.8074539121623957e-153	  1.0953237159173009e-157	  6.4442537459946903e-163	 -7.3621354449080202e-169	 -2.7246657472227321e-183	
   9.9978591810749584e-01	   9.9637855966566458e-01	  -4.1525623409860588e-94	 -5.5443489615630807e-129	 -1.4623152335826006e-134	  1.5750584886305054e-138	  1.1271612173612551e-142	 -3.5977318345216147e-147	  1.0756527798199268e-152	  1.2988221690603525e-157	  4.4773075287241542e-163	 -3.2571091939347805e-169	  2.5131849694365207e-184	
   9.9980174599330707e-01	   9.9664886995374680e-01	  -2.7329029889693682e-94	 -3.4806639578410430e-129	 -1.1313256312555329e-134	  1.2570848035839847e-138	  8.0306724625638207e-143	 -4.1786060449999348e-147	  4.4052358945450774e-153	  1.1452293372199312e-158	 -3.2939652022380185e-164	  5.2272526726930518e-170	  1.5450890553912726e-184	
   9.9981505067103804e-01	   9.9687343058521738e-01	  -1.7976632634124141e-94	 -2.2301047742378854e-129	 -7.6731106760312727e-135	  8.7127366111943219e-139	  5.0579003862366847e-143	 -2.4626959481637816e-147	 -7.7292959225233642e-153	 -9.6605356989094210e-158	 -2.1914412608500972e-163	  7.7162308075977698e-170	 -3.0880300878365397e-184	
   9.9982016541021512e-01	   9.9694883985217020e-01	  -1.7112895207111157e-94	 -2.1233934727166056e-129	 -7.2675437949791532e-135	  8.2585561088308464e-139	  4.7745974642411152e-143	 -2.2541515875512979e-147	 -7.5321735194030538e-153	 -6.5805073463708513e-158	 -9.7060698845625318e-164	  1.7793625579347322e-170	 -6.4159669524918327e-185	
   9.9982041138521349e-01	   9.9696527766614640e-01	  -1.6731801742780060e-94	 -2.0761963264164620e-129	 -7.1021952103194330e-135	  8.0710796962430371e-139	  4.6650862947038341e-143	 -2.1946166681561338e-147	 -6.7194911867480873e-153	 -3.8334659697891189e-158	 -2.2551077808010565e-164	 -3.2472385739752411e-171	  1.9485317660052153e-185	
   9.9982011303362572e-01	   9.9696484734499891e-01	  -1.6537443028081376e-94	 -2.0520877108338025e-129	 -7.0195583957692171e-135	  7.9771654580752868e-139	  4.6108276302172339e-143	 -2.1684769796439008e-147	 -6.2027804385088121e-153	 -2.5041943426236911e-158	 -9.0586736905096032e-166	 -3.7271464087126097e-171	  9.1866515177438264e-186	
   9.9982022047881636e-01	   9.9696470821760863e-01	  -1.6508599252468173e-94	 -2.0485084812607224e-129	 -7.0073271973267554e-135	  7.9632633769508820e-139	  4.6027971683514930e-143	 -2.1647115181190278e-147	 -6.1257375025690254e-153	 -2.3421611649516940e-158	 -6.7312527413153240e-167	 -2.8704484323257754e-171	  4.2891357354141267e-186	
   9.9982043403808185e-01	   9.9696519893088809e-01	  -1.6479809263346846e-94	 -2.0449359748719365e-129	 -6.9951102469595963e-135	  7.9493791780909631e-139	  4.5947790687026221e-143	 -2.1609489099483013e-147	 -6.0507970503738730e-153	 -2.1981505211152151e-158	  4.6489212010521208e-167	 -1.9783953936903944e-171	  8.4441762655414719e-187	
   9.9982067059183621e-01	   9.9696635342247442e-01	  -1.6451070693216641e-94	 -2.0413698734733975e-129	 -6.9829122195954734e-135	  7.9355170243040065e-139	  4.5867728011650398e-143	 -2.1571890964278766e-147	 -5.9774840984939413e-153	 -2.0659613881129186e-158	 -5.4406389773104920e-167	 -1.2803072989230341e-171	 -4.1678265036361400e-187	
   9.9982093066098088e-01	   9.9696812691176795e-01	  -1.6422382496895407e-94	 -2.0378100302042248e-129	 -6.9707349812194511e-135	  7.9216785967580673e-139	  4.5787775611694438e-143	 -2.1534317278929336e-147	 -5.9055705568966549e-153	 -1.9424515656270652e-158	 -1.3845706842613867e-166	 -8.2570025448536227e-172	 -2.2393418923369519e-187	
   9.9982153557604203e-01	   9.9697463878539727e-01	  -1.6354140867016292e-94	 -2.0293421064471470e-129	 -6.9417687300345572e-135	  7.8887607948223732e-139	  4.5597528469542095e-143	 -2.1444967654467738e-147	 -5.7410723650317350e-153	 -1.6851122397026658e-158	 -1.2186040659796965e-166	 -3.3097684686397511e-172	 -6.2745815580972577e-189	
   9.9982212717954966e-01	   9.9698258505461179e-01	  -1.6286183703956362e-94	 -2.0209094816863707e-129	 -6.9129232530793720e-135	  7.8559802359406424e-139	  4.5409820268404282e-143	 -2.1358025764112471e-147	 -5.5817732019925873e-153	 -1.4547520540250618e-158	 -2.0228348535757522e-167	 -1.0238515780171078e-172	  1.0892843858529643e-187	
   9.9982272071212308e-01	   9.9699130644229639e-01	  -1.6218509066489420e-94	 -2.0125119148202689e-129	 -6.8841977028486335e-135	  7.8233359630043404e-139	  4.5223086652437226e-143	 -2.1271747655535037e-147	 -5.4291852621623791e-153	 -1.2540166727154351e-158	  9.1729253056478694e-167	 -3.8391621008607912e-173	  1.3210545021597672e-187	
   9.9982386168625970e-01	   9.9700915269243584e-01	  -1.6088798095120283e-94	 -1.9964164232817659e-129	 -6.8291398688328862e-135	  7.7607671713291563e-139	  4.4862910879675107e-143	 -2.1103452657652425e-147	 -5.1559187863512336e-153	 -9.4699043795448939e-159	  1.3392527367381175e-166	 -3.5026556765261403e-173	  1.6366605376261715e-188	
   9.9982494499639174e-01	   9.9702749022448200e-01	  -1.5960073711732900e-94	 -1.9804433548453953e-129	 -6.7745008082107404e-135	  7.6986742816605194e-139	  4.4503981620480790e-143	 -2.0934525964734067e-147	 -4.9083415410749035e-153	 -7.2857442074709798e-159	  5.2932968179846696e-167	 -1.1931386250054008e-172	 -1.2958632147774985e-187	
   9.9982602450901714e-01	   9.9704577874600486e-01	  -1.5832364039953536e-94	 -1.9645961992892191e-129	 -6.7202924575902055e-135	  7.6370708592220153e-139	  4.4147067608286427e-143	 -2.0765879856891502e-147	 -4.6846776159795834e-153	 -5.7444663787511403e-159	 -7.1412431097434152e-167	 -1.4303195661637379e-172	 -1.4519136057829224e-187	
   9.9982701389696627e-01	   9.9706353349564159e-01	  -1.5705673764978832e-94	 -1.9488755379865170e-129	 -6.6665168056316217e-135	  7.5759591639771425e-139	  4.3792514739029016e-143	 -2.0597981593925550e-147	 -4.4829587424218917e-153	 -4.6240548997304547e-159	 -1.7241405831723266e-166	 -6.4187149354605514e-173	 -4.7017247218587391e-188	
   9.9982895564662433e-01	   9.9709800672979121e-01	  -1.5449636068920325e-94	 -1.9171044971439041e-129	 -6.5578376347304962e-135	  7.4524540435711024e-139	  4.3076920768699219e-143	 -2.0260008512491649e-147	 -4.1290065774286020e-153	 -2.9953726803810891e-159	 -1.3675366373492576e-166	  1.2710987987053808e-172	  8.1028312300606503e-188	
   9.9983076559737982e-01	   9.9712909874407818e-01	  -1.5197779461027802e-94	 -1.8858522764780989e-129	 -6.4509331914782490e-135	  7.3309657581481672e-139	  4.2373925725832836e-143	 -1.9929299239015492e-147	 -3.8416571747241423e-153	 -1.4823095124318372e-159	  2.6704920054836502e-166	  2.2092094200157109e-172	 -8.8922219485367070e-188	
   9.9983229456235512e-01	   9.9715722069256574e-01	  -1.4950032158355376e-94	 -1.8551099686341155e-129	 -6.3457730065742976e-135	  7.2114596817820300e-139	  4.1685031217110761e-143	 -1.9607227542856517e-147	 -3.6071908321950165e-153	  7.5644034082612744e-161	  7.6555631288216480e-166	  6.6801215899593493e-174	 -3.7099614440741608e-187	
   9.9983384814473297e-01	   9.9718239092833805e-01	  -1.4706323095711796e-94	 -1.8248687553201851e-129	 -6.2423269153010304e-135	  7.0939015347004818e-139	  4.1010243835437183e-143	 -1.9293941356973738e-147	 -3.4146470905790280e-153	  1.2327350467392799e-159	  9.2512598721901928e-166	 -4.3749996224889872e-172	 -2.6018362857321841e-187	
   9.9983496472671596e-01	   9.9720587570072294e-01	  -1.4466585641549018e-94	 -1.7951203684031460e-129	 -6.1405666348483895e-135	  6.9782591757728791e-139	  4.0347233048278095e-143	 -1.8986902376770477e-147	 -3.2565398324587039e-153	  1.4969249479600231e-159	  5.0520531749320700e-166	 -6.9736131109803658e-172	  3.3508344921485350e-187	
   9.9983867513230418e-01	   9.9727317707131891e-01	  -1.3714784345924593e-94	 -1.7018313330910401e-129	 -5.8214529153939215e-135	  6.6156121476848696e-139	  3.8251387878059304e-143	 -1.7972769837296499e-147	 -2.9546407927791309e-153	 -1.5172373017971162e-159	 -3.1003871406243064e-165	  2.5159709610146166e-172	  1.1954126564383214e-186	
   9.9984177855912515e-01	   9.9732419273200468e-01	  -1.3001990943261875e-94	 -1.6133826840947393e-129	 -5.5188967010703057e-135	  6.2717813899803604e-139	  3.6253191840387076e-143	 -1.6954801728125831e-147	 -2.8970830885239048e-153	 -7.9741412907868505e-159	 -8.0143004852714725e-165	  2.4398278481701729e-171	  4.7523797834839587e-187	
   9.9984419265108104e-01	   9.9736555362547130e-01	  -1.2326253983426892e-94	 -1.5295322711264803e-129	 -5.2320696686037247e-135	  5.9458255800048202e-139	  3.4278821641021501e-143	 -1.5924719560029674e-147	 -3.0081877205509271e-153	 -1.5835654432720560e-158	 -1.2455036083265593e-164	  4.7026492818087776e-171	 -1.2677147287546092e-186	
   9.9984598160201132e-01	   9.9739440430784676e-01	  -1.1685648017829756e-94	 -1.4500411703619884e-129	 -4.9601545314803037e-135	  5.6368159374919700e-139	  3.2466767989412123e-143	 -1.4999301490864435e-147	 -3.1659815958285973e-153	 -2.2795024026488781e-158	 -1.3815683182966443e-164	  5.1814306539003517e-171	 -2.2773679856099951e-186	
   9.9984894239125544e-01	   9.9744527953284146e-01	  -1.0214050171374510e-94	 -1.2674344839163500e-129	 -4.3355120028460069e-135	  4.9269600371797772e-139	  2.8475376937629565e-143	 -1.3533757065570114e-147	 -3.3283033317937871e-153	 -3.1164747033459538e-158	  1.3360677435253931e-165	 -3.3877426808919945e-171	  5.5650480517343569e-187	
   9.9985025290182061e-01	   9.9746992093126829e-01	  -8.9272955701031452e-95	 -1.1077645071118845e-129	 -3.7893290563248786e-135	  4.3062671296925807e-139	  2.5075837133928018e-143	 -1.2807763194837437e-147	 -3.1014430262290360e-153	 -2.6400026749363272e-158	  3.5298077130916665e-164	 -1.8019728500017644e-170	  5.0199218631556538e-186	
   9.9985060859781927e-01	   9.9747730840362914e-01	  -7.8028102100496990e-95	 -9.6823009147948954e-130	 -3.3120238058402410e-135	  3.7638481736113374e-139	  2.2174331850877880e-143	 -1.2591860097111264e-147	 -2.3433612634414019e-153	 -8.0554256823765534e-159	  7.5339369262258092e-164	 -2.8109938367296563e-170	  5.9185722959596854e-186	
   9.9985062101648703e-01	   9.9747696158162846e-01	  -6.8201010682740377e-95	 -8.4628831196981799e-130	 -2.8948976699807182e-135	  3.2898179320880177e-139	  1.9626067181360856e-143	 -1.2456369903612079e-147	 -1.1476807025517879e-153	  2.0908155925081275e-158	  1.0138603116045041e-163	 -2.4442100322398220e-170	  2.5085861862360179e-186	
   9.9985038532673809e-01	   9.9747088492686042e-01	  -5.4947880160340258e-95	 -6.8183371891245648e-130	 -2.3323479909493369e-135	  2.6505255519267919e-139	  1.5768012503703093e-143	 -1.0584682344502797e-147	  8.0657722227070125e-154	  7.1561367675032648e-158	  4.8531576032471412e-164	  2.2539842732356119e-170	 -6.5051497321231963e-186	
   9.9984906626872816e-01	   9.9744933150798099e-01	  -4.4288086989148858e-95	 -5.4955916345790441e-130	 -1.8798765377394812e-135	  2.1363282053417864e-139	  1.2099859527494840e-143	 -5.6767967104191369e-148	  1.4512229112536056e-153	  9.5585132142680287e-158	 -1.5622351936381825e-163	  8.9911346696754928e-170	 -8.2283952123797500e-186	
   9.9984677685123480e-01	   9.9741376115394198e-01	  -3.5698617589179361e-95	 -4.4297470838096535e-130	 -1.5152831878250286e-135	  1.7219972419685608e-139	  9.2095562092040566e-144	  2.3605917430459696e-149	 -2.8176477356801515e-154	  5.6035084709648934e-158	 -3.9581843164903953e-163	  8.4193983411123218e-170	  2.7266596396600553e-186	
   9.9984518705271819e-01	   9.9738622535833699e-01	  -2.8771988832899261e-95	 -3.5702400326098420e-130	 -1.2212716878966928e-135	  1.3878768636428006e-139	  7.1683906600695293e-144	  3.8969433731643844e-148	 -4.4063008711152333e-153	 -6.1656723440522949e-158	 -3.8133447500037045e-163	 -4.0432506595736298e-170	  9.0240258032551726e-186	
   9.9984396590667923e-01	   9.9736316324480356e-01	  -2.3187339970614502e-95	 -2.8772557188280530e-130	 -9.8422260581888384e-136	  1.1184896831932177e-139	  5.6782396329305067e-144	  3.7479252124569347e-148	 -9.6560604826649549e-153	 -2.1453746064265772e-157	  8.4324570558054453e-164	 -1.5288649461219736e-169	 -1.9380108699512214e-186	
   9.9983989648207117e-01	   9.9729452549365150e-01	  -1.2996362366086308e-95	 -1.6126842488768634e-130	 -5.5165075642101713e-136	  6.2690663284689325e-140	  3.3015811985357442e-144	 -7.8926600290954651e-148	 -2.4970696274083235e-152	 -5.4704428656055694e-157	  1.7281501005969566e-162	 -1.4812385154485698e-169	 -2.2116147461273644e-185	
   9.9983407407651359e-01	   9.9719869591683252e-01	  -7.2081692894788861e-96	 -8.9444267149707161e-131	 -3.0596192448981753e-136	  3.4770107287260405e-140	  1.2405640689620611e-144	 -2.7475851706674726e-147	 -3.6202917327771973e-152	 -5.1808571928327521e-157	  1.8473937977891298e-162	  4.6072628865277277e-170	 -9.9586172313971500e-186	
   9.9982907691388712e-01	   9.9711448492668364e-01	  -4.0075429014009419e-96	 -4.9728540463329381e-131	 -1.7010637367585202e-136	  1.9331218658103330e-140	  1.9349297775761288e-144	 -4.5990273387143301e-147	 -2.8545227831863912e-152	 -6.3693069273475403e-158	  1.4643596688530266e-163	  6.9353699478588005e-170	  3.5733421723813745e-186	
   9.9982473167809371e-01	   9.9704080743311951e-01	  -2.2438284102471261e-96	 -2.7843073586588364e-131	 -9.5242776786878725e-137	  1.0823574119564466e-140	  1.8691633743929307e-144	 -4.9720076063186033e-147	 -2.9418568459316443e-153	  2.2392365164555408e-157	 -5.6422155574490454e-163	 -7.2520024718193576e-171	  7.4996272880397506e-187	
   9.9981528419756927e-01	   9.9688201578404645e-01	  -5.3956442873224471e-97	 -6.6953123403374285e-132	 -2.2902648971983495e-137	  2.6027015063628322e-141	 -1.6906491903337470e-144	 -9.9815329109938637e-148	  1.4683260261588811e-152	  2.6195885110347563e-158	  1.9089763555324217e-164	 -6.9586497898668912e-171	 -3.8450210239887230e-187	
   9.9980879981396031e-01	   9.9678311902141103e-01	  -4.9933548962472746e-97	 -6.1961220544204866e-132	 -2.1195069256732647e-137	  2.4086488308302114e-141	 -2.0525355081943723e-144	 -3.9651768109661848e-148	  4.0880149100144720e-153	 -6.6175946847855794e-160	  4.8890473881065511e-165	  3.9143939033900131e-172	 -2.2180746254817908e-187	
   9.9981022378979134e-01	   9.9679350856798599e-01	  -4.6450369462511390e-97	 -5.7639035356554118e-132	 -1.9716579703193579e-137	  2.2406304072605805e-141	 -1.6566914044391592e-144	 -2.0073963539907682e-148	  7.0585147403863813e-154	  3.6216681223958085e-161	  1.3580311736543412e-165	 -5.7752189543590977e-172	  2.7912672877858008e-187	
   9.9981078501103304e-01	   9.9680393094244946e-01	  -4.3112158263969458e-97	 -5.3496737332939028e-132	 -1.8299624188452249e-137	  2.0796048308010965e-141	 -1.4410830063954886e-144	 -9.8758037876918309e-149	  2.7970870397221203e-155	  5.4676614039494743e-161	 -3.3970683022459278e-167	  8.5549545805458518e-173	 -1.0076206032269716e-187	
   9.9981078224929032e-01	   9.9680517204577168e-01	  -3.9998405054180344e-97	 -4.9632963281466526e-132	 -1.6977943347742924e-137	  1.9294064532844146e-141	 -1.2959074554545434e-144	 -4.5468141161899625e-149	 -2.5317707202170717e-155	 -6.2880348296534914e-162	 -8.9415032401062192e-167	  6.4132141602171473e-173	 -4.4805393218981881e-188	
   9.9980989721437885e-01	   9.9679104385757933e-01	  -3.4058566597850572e-97	 -4.2262374712633364e-132	 -1.4456686793616475e-137	  1.6428859619271795e-141	 -1.1689702944997384e-144	  2.3058368703838925e-150	 -2.3841481871369909e-155	 -1.0244316978046063e-160	 -1.6911589021961767e-166	  6.7430934448201433e-173	 -1.2656948852187357e-188	
   9.9980896738942249e-01	   9.9677532921051615e-01	  -2.8988049259461747e-97	 -3.5970503802825987e-132	 -1.2304427072060871e-137	  1.3982989874440224e-141	 -9.7223770247666252e-145	  6.9684598712618546e-150	 -7.1284790824185971e-156	 -1.5151079677930851e-161	  2.7904249580351690e-167	 -3.3455105642130052e-173	  3.0570137773965359e-188	
   9.9980770305202848e-01	   9.9675430942048604e-01	  -2.4670366060665454e-97	 -3.0612804863926249e-132	 -1.0471719476278040e-137	  1.1900265370784943e-141	 -7.8613342055505988e-145	  4.9536410275496755e-150	 -4.1751273774993169e-156	 -1.1948487676911632e-161	  1.2038640455045262e-167	 -1.6245517288696462e-173	  1.6450384458170267e-188	
   9.9980434670459561e-01	   9.9669801884045839e-01	  -1.7528177482581297e-97	 -2.1750251823612140e-132	 -7.4401067662483888e-138	  8.4550818106590551e-142	 -2.8405859161008539e-145	 -5.7795235709025022e-150	  1.1271195959986776e-155	  9.8808401097039083e-161	  2.7353004381552822e-166	 -1.4764752834830709e-172	  7.4861373369798191e-188	
   9.9980053475172492e-01	   9.9663404258903987e-01	  -1.2424048948695011e-97	 -1.5416673636443661e-132	 -5.2735802505004965e-138	  5.9929990027327559e-142	  8.3989507250553146e-146	 -8.8138522549421145e-150	  1.0093407035681413e-155	  6.0476203546868363e-161	  1.2855530688880468e-166	 -5.4934337414703605e-173	  1.9287500305020382e-188	
   9.9979677242768072e-01	   9.9657071191116764e-01	  -8.8012907966179444e-98	 -1.0921288872444890e-132	 -3.7358443698976210e-138	  4.2243614992878053e-142	 -1.9375837641770388e-145	  9.8754452549983396e-150	 -2.2319300360102828e-155	 -1.6897061826343447e-160	 -3.9835702183669016e-166	  2.0174597618485716e-172	 -8.9521964450577368e-188	
   9.9978963663746012e-01	   9.9645068828682104e-01	  -4.7781669319415283e-98	 -5.9291008016259504e-133	 -2.0281670510678396e-138	  1.7129339639791177e-142	 -1.1077362913938446e-143	  2.3161251691470272e-148	 -2.2396714864973401e-154	 -1.2088886865524877e-159	 -2.3984735917534308e-165	  1.0764072885454260e-171	 -4.1491147902449672e-187	
   9.9978183774674789e-01	   9.9631971564356459e-01	  -2.5694112681065871e-98	 -3.1883140810466840e-133	 -1.0906264482270310e-138	 -1.2430137942394901e-142	 -4.6263757313135950e-142	  3.0354554659909347e-147	 -1.0740457366296113e-153	 -3.2387111870370519e-159	 -4.5987183783997288e-165	  1.6228396918077181e-171	 -4.8419626842096383e-187	
   9.9977654794128590e-01	   9.9623067892214923e-01	  -1.6125404739795925e-98	 -2.0009585204955588e-133	 -6.8173432205863345e-139	 -9.5549565078535162e-142	 -2.3257037496049174e-140	  5.1071736696621375e-146	 -6.0229673587546147e-153	 -8.9696482331587394e-159	 -8.5105834892210338e-165	  2.3405592830607682e-171	 -5.7724181315110483e-187	
   9.9977322007482883e-01	   9.9617445182203235e-01	  -1.1226700247015452e-98	 -1.3930913818530218e-133	 -4.5740080103235795e-139	 -5.3801500404182792e-141	 -1.2806727650162419e-138	  1.0796605083087466e-144	 -4.2343855651216937e-152	 -2.8625850953239412e-158	 -1.6342727446965371e-164	  3.2223975445190725e-171	 -6.1581523278999342e-187	
   9.9976959939872934e-01	   9.9611375581586670e-01	  -7.8361412078731328e-99	 -9.7236586872012911e-134	 -2.8186063574252153e-139	 -5.6949987396219107e-140	 -1.1050043523579202e-136	  3.3353786973190780e-143	 -4.2132572112432820e-151	 -1.2165038106159583e-157	 -3.5854054650862713e-164	  3.7659927506917333e-171	 -2.8185067346851278e-187	
   9.9976564091344788e-01	   9.9604737486863537e-01	  -5.4729102812425811e-99	 -6.7911820204455290e-134	 -1.6161532622084201e-139	  3.1216139550614617e-139	  1.6720276243773996e-135	 -2.9403512359398466e-142	  2.0612328384450741e-150	  3.7602979811649272e-157	  7.3672778034459861e-164	 -4.2678787695243280e-171	 -2.0285641911765803e-187	
   9.9975569469738512e-01	   9.9588031449105563e-01	  -2.5094051981747529e-99	 -3.1119755217433900e-134	  4.7783637421992770e-139	  1.2690925013037901e-136	  1.6922219695085811e-132	 -4.8936470392165354e-140	  9.7587555900091502e-149	  8.1220540826888596e-156	  9.6613240797248585e-163	 -3.9305568271356216e-170	 -7.5832015619887259e-187	
   9.9974352752186313e-01	   9.9567640494694820e-01	  -1.1240840002865122e-99	 -1.1023685822732690e-134	 -9.5556836432056692e-137	 -1.2031730827794393e-132	 -4.5640243231103837e-128	  6.9775091103323993e-137	 -1.7560310981499799e-146	 -3.7777647546425684e-154	 -1.7718014400020031e-161	  3.2546061422301323e-169	  2.6319524477554416e-186	
   9.9973912768437545e-01	   9.9560205310646765e-01	 -7.4889295166468486e-100	 -4.5282144119058375e-135	 -1.5573584665593518e-135	 -2.3903661387445040e-130	 -2.3851607483669680e-125	  8.3617454836322874e-135	 -5.8213576622696771e-145	 -5.2334841856856963e-153	 -1.3491064096562996e-160	  1.5126282333889246e-168	  5.0868639383758966e-186	
   9.9973888155604507e-01	   9.9559643964224731e-01	 -6.4482963664431946e-100	 -3.0906884666075681e-135	 -4.1632134957601227e-135	 -7.6100110472296610e-129	 -2.9191234774613122e-123	  5.8426783352547904e-133	 -1.5066843630811609e-143	 -6.1094248399323642e-152	 -8.7304520449907818e-160	  5.8071944201147009e-168	  8.0886349584820115e-186	
   9.9973813728427841e-01	   9.9558415942697365e-01	 -5.5645841378913773e-100	 -2.1961782746780035e-135	  6.8066017710633490e-135	  7.1053304390690884e-128	  5.5291302006772074e-122	 -8.3758398016736758e-132	  1.3032121854491889e-142	  3.4836840100924219e-151	  3.6013596331988225e-159	 -1.7582878718817895e-167	 -1.3606740943646637e-185	
   9.9973634896858776e-01	   9.9555566008949958e-01	 -4.8039615151580191e-100	 -1.4528371683211828e-135	  4.6711808682439607e-134	  4.1594738820268276e-126	  1.1460550012014892e-119	 -9.7604483857020240e-130	  5.7040724490578924e-141	  7.0865744148752789e-150	  4.2257736384428008e-158	 -1.2942908299804955e-166	 -5.2977927739617411e-185	
   9.9973353525129760e-01	   9.9550841102994569e-01	 -3.7672317469985564e-100	 -5.5782283611033434e-136	  9.8166090750154395e-133	  9.3781990794300972e-124	  7.6092254842557076e-117	 -2.1735112255707445e-127	  3.8123927907752019e-139	  1.9680481786218468e-148	  6.2299073827316263e-157	 -1.0954094082552569e-165	 -1.9339150944793195e-184	
   9.9973070820094856e-01	   9.9546087671380090e-01	 -2.9519136231819659e-100	 -5.5878899822995491e-136	 -5.7155190151896287e-132	 -1.8028767982322679e-122	 -2.4937187779425379e-115	  4.1056987402530751e-126	 -3.9305020208068883e-138	 -1.3019796675513948e-147	 -2.9840290468986394e-156	  3.9330791937098574e-165	  4.3607083556125652e-184	
   9.9972779770696529e-01	   9.9541204322998078e-01	 -2.3126680136592327e-100	 -5.1068910542293711e-138	  4.2839938191316652e-131	  3.8654904686745250e-121	  8.8102575615589925e-114	 -8.3788185914436026e-125	  4.4702778537716506e-137	  9.8145005788373379e-147	  1.6952157283397857e-155	 -1.7704543649681229e-164	 -1.4370198225467548e-183	
   9.9971775230400006e-01	   9.9524340392713573e-01	 -1.0754302517379311e-100	  2.9129618113745586e-134	  4.1683100075468272e-128	  2.1957187822029162e-117	  6.8575501911953599e-110	 -7.8111947034114499e-122	  9.7791825458153302e-135	  8.4463216442476906e-145	  7.7580451533504047e-154	 -4.8047503219267328e-163	 -1.8576281220358101e-182	
   9.9970902129238792e-01	   9.9517313806828378e-01	 -1.0645761413592098e-100	  2.6727279722980968e-134	  3.3003340227601735e-128	  1.7235659311898655e-117	  9.6697203662198709e-110	 -2.3322417860096845e-121	  4.3129066041590468e-134	  3.9627828549667123e-144	  3.2532904499661069e-153	 -1.6073215048885083e-162	 -3.8315740343676378e-182	
   9.9970470745727746e-01	   9.9510894687892526e-01	 -1.0541014657651461e-100	  2.4058768023092961e-134	  2.4314697261163800e-128	  1.1024027186578461e-117	  1.8517790571251036e-109	 -1.2824025322701876e-120	  3.6527142145391574e-133	  3.5080423329499084e-143	  2.4914636336919241e-152	 -9.3605160411818434e-162	 -1.2077823973083953e-181	
   9.9970686048254809e-01	   9.9508775570413077e-01	 -1.0437716210924954e-100	  2.1553418240193896e-134	  1.7436470219843059e-128	  5.3416741181464045e-118	  4.1856226270213063e-109	 -7.8799245400304112e-120	  3.3354098520689697e-132	  3.3205739913849734e-142	  2.0465313320326561e-151	 -5.9137090156284136e-161	 -4.2591661145232504e-181	
   9.9970975089334768e-01	   9.9509477672821500e-01	 -1.0281568910977613e-100	  1.8191936955189022e-134	  9.9420617344024668e-129	 -4.3186683986631423e-118	  2.7273873092277408e-108	 -1.3323459969823026e-118	  6.9162000423467663e-131	  5.9006542396304892e-141	  2.7576793451046492e-150	 -5.5837875686531269e-160	 -2.0348639398754849e-180	
   9.9971119223341398e-01	   9.9510872625679248e-01	 -1.0127759181834443e-100	  1.5368122776529753e-134	  7.5357314378404934e-129	  9.5430514472352362e-118	 -7.2810716801938127e-108	  6.1805924052374208e-118	 -3.6858721867836562e-130	 -2.9677095792063355e-140	 -1.2202972925963251e-149	  2.0778705051511065e-159	  5.3776628935584314e-180	
   9.9971143208758584e-01	   9.9512014697028717e-01	 -9.9762471539003594e-101	  1.2968192692761102e-134	  4.6991824985652624e-129	 -1.4136005045153318e-117	  2.6785078294818114e-107	 -3.3412163048137410e-117	  2.2275405413165540e-129	  1.7031993825880916e-139	  6.2873855648766588e-149	 -9.3232896225407422e-159	 -1.8988915762463028e-179	
   9.9971129435183514e-01	   9.9513145698078354e-01	 -9.5260286245924134e-101	  7.4933582978772334e-135	 -9.4977798607777834e-129	 -9.2265926255977957e-116	  4.5696268129577753e-105	 -6.5342996991190937e-115	  2.6414392461623484e-127	  1.1169454910202057e-137	  2.5064373694172683e-147	 -2.3522920732738981e-157	 -2.4043456131641538e-178	
   9.9971152067324043e-01	   9.9513668526668153e-01	 -9.0957948038293689e-101	  3.9849691599763622e-135	 -4.3102741208000547e-128	 -1.8189636769040118e-114	  3.0495908286297635e-103	 -5.3603178487428062e-113	  1.3378927220560310e-125	  3.1114224923966736e-136	  4.1768913804379119e-146	 -2.4198331895744260e-156	 -1.1719047812175113e-177	
   9.9971183864764668e-01	   9.9514162798804362e-01	 -8.6849424682458159e-101	  3.0964635909953918e-135	  6.2574160065238078e-128	  9.8886258429001832e-114	 -3.3174653095992519e-102	  6.6193453749567391e-112	 -1.3070412047916717e-124	 -2.2517710360391230e-135	 -2.3227772603145195e-145	  1.0430443380375917e-155	  3.3217302645861631e-177	
   9.9971164107903321e-01	   9.9513904718138280e-01	 -7.7004302166533658e-101	  6.0850054002883597e-136	  4.2158182563417141e-126	  2.8515084892398115e-111	  -2.5099898934877994e-99	  2.8284194579809507e-109	 -2.0736994489212482e-122	 -1.6063120153691263e-133	 -9.2572801061946199e-144	  2.5340666618968460e-154	  4.0074600697856275e-176	
   9.9971106764130668e-01	   9.9513011188757106e-01	 -6.8258077097440902e-101	 -2.5134029770726138e-135	  9.9926320311391164e-125	  3.9367987728962076e-109	  -9.7229515503034672e-97	  6.2402573946131565e-107	 -1.6711892724433226e-120	 -5.6591877019167128e-132	 -1.7625726128017244e-142	  2.8206248738899882e-153	  2.0132350056083903e-175	
   9.9971033407032706e-01	   9.9511807477149672e-01	 -6.0502490336370423e-101	 -7.4073611216943269e-135	  2.4252241912173016e-123	  5.5675546279086732e-107	  -3.8374745644577128e-94	  1.3966721490089258e-104	 -1.3601478708224868e-118	 -2.0013811173851471e-130	 -3.3412987478060546e-141	  3.0871956224187522e-152	  9.5600018783212960e-175	
   9.9970679143167829e-01	   9.9505923018154852e-01	 -4.2352163910831997e-101	 -2.7607983879094557e-133	  1.0994646718865637e-120	  1.3525215120342858e-103	  -1.7289583220179113e-90	  1.2681185470169008e-101	 -3.0790619063952960e-116	 -1.7302601264979721e-128	 -1.4614109564689037e-139	  7.5008631919851850e-151	  9.4064785102387597e-174	
   9.9970236916983046e-01	   9.9498549984986262e-01	 -2.9551675676589989e-101	 -9.0674823812632449e-132	  3.0284418028360590e-118	  1.8373364119313251e-100	  -4.2064528064435902e-87	   6.1107531368124670e-99	 -3.6739163684935081e-114	 -7.8901098724061123e-127	 -3.3972000880545705e-138	  9.8541477147855637e-150	  5.3363278201461188e-173	
   9.9969773983304522e-01	   9.9490799765434212e-01	 -2.0604220306322212e-101	 -4.1474097110308743e-130	  1.0367295886037583e-115	   2.9230327599440446e-97	  -1.1601573286746760e-83	   3.2742622095023888e-96	 -4.8117151032098613e-112	 -3.9049409298735157e-125	 -8.4789777419146741e-137	  1.3731673973962466e-148	  3.1206685699091831e-172	
   9.9968972891964236e-01	   9.9477361241793771e-01	 -1.1228731843204195e-101	 -1.0420274219951470e-127	  1.6169753324523937e-112	   1.9196150296305188e-93	  -9.7247724087328381e-80	   3.3836662676648984e-93	 -1.0848860405633506e-109	 -3.1946118827095635e-123	 -3.4241599796751549e-135	  3.0470742162524131e-147	  2.8197564431229598e-171	
