   8.4999999912286148e+02	
   8.5067617851030514e+02	
   8.5134247108520833e+02	
   8.5200113438496066e+02	
   8.5711981254379634e+02	
   8.6210056769053597e+02	
   8.6701724765837707e+02	
   8.7572311257743036e+02	
   8.8438509727966550e+02	
   8.9300239722887306e+02	
   9.0154793859240226e+02	
   9.1964834398307744e+02	
   9.3716183374978448e+02	
   9.5402971363068866e+02	
   9.7029026609067205e+02	
   9.9674416515848645e+02	
   1.0218867013320097e+03	
   1.0459917798491804e+03	
   1.0692527449510246e+03	
   1.1159644878938184e+03	
   1.1608319240654607e+03	
   1.2044625323975192e+03	
   1.2471875345950468e+03	
   1.2711534282866839e+03	
   1.2785184847973687e+03	
   1.2858152073230049e+03	
   1.2930064522486682e+03	
   1.3000973736618507e+03	
   1.3071423415506201e+03	
   1.3224365030510430e+03	
   1.3376539335848483e+03	
   1.3528190398635159e+03	
   1.3679224674263660e+03	
   1.3963920176680094e+03	
   1.4246617200132171e+03	
   1.4527158712760026e+03	
   1.4804778062880332e+03	
   1.5140632479116614e+03	
   1.5472358031750812e+03	
   1.5801084413009983e+03	
   1.6126316447163522e+03	
   1.6448180073371861e+03	
   1.7176541248054825e+03	
   1.7478568016262163e+03	
   1.7774743750100797e+03	
   1.8063656746581564e+03	
   1.8348508257258973e+03	
   1.8824954006904991e+03	
   1.9302661097056905e+03	
   1.9781587430725795e+03	
   2.0259992425597084e+03	
   2.0853384265552550e+03	
   2.1447853388802773e+03	
   2.2044305278630395e+03	
   2.2640261424241976e+03	
   2.3234401996107817e+03	
   2.4348037719383615e+03	
   2.5475564650025917e+03	
   2.6610142154120717e+03	
   2.7731188886967125e+03	
   2.8830281286679933e+03	
   3.0249865697530827e+03	
   3.1348230281199108e+03	
   3.2431359275689138e+03	
   3.3497287252252527e+03	
   3.4557393680217842e+03	
   3.5617301877136529e+03	
   3.7718160628794185e+03	
   3.9909528641793518e+03	
   4.2127807413819774e+03	
   4.4342435209157620e+03	
   4.7559249465512266e+03	
   5.0857383418875652e+03	
   5.4142471147734623e+03	
   5.7383712698492627e+03	
   5.7882984690614112e+03	
   5.8098607581298875e+03	
   5.8200827027377236e+03	
   5.8194547509185541e+03	
   5.8177665311236351e+03	
   5.8157288060961055e+03	
   5.8135851273027311e+03	
   5.8081068498639997e+03	
   5.8022828290242996e+03	
   5.7961809601545065e+03	
   5.7839800777535174e+03	
   5.7713666795526824e+03	
   5.7586159532861357e+03	
   5.7459325806232164e+03	
   5.7206572152625913e+03	
   5.6966686034469749e+03	
   5.6739889591018191e+03	
   5.6524677544439037e+03	
   5.6319799439594817e+03	
   5.5718699278863314e+03	
   5.5190794381798742e+03	
   5.4718483358164667e+03	
   5.4291714857576553e+03	
   5.3382215361241715e+03	
   5.2611964586858185e+03	
   5.1937241692471007e+03	
   5.1330292098327936e+03	
   5.0471030555001480e+03	
   4.9661732263040622e+03	
   4.8883728625268977e+03	
   4.8141007893306896e+03	
   4.7430182260499014e+03	
   4.5761755697759818e+03	
   4.4062421605942918e+03	
   4.2472273265297436e+03	
   4.1011344612619723e+03	
   3.8395419152750919e+03	
   3.7956475014292505e+03	
   3.7726761029199079e+03	
   3.7551735578608777e+03	
   3.7393725545976740e+03	
   3.7051586272770537e+03	
   3.6728237909774639e+03	
   3.6406386737219027e+03	
   3.5673626042345754e+03	
   3.4917745716597956e+03	
   3.4166731625247435e+03	
   3.2783526813583908e+03	
   3.1416935211202208e+03	
   3.0495780787279868e+03	
   2.9871480138969823e+03	
   2.9277802250667951e+03	
   2.8691356977805895e+03	
   2.7319525018711088e+03	
   2.5879257699362333e+03	
   2.5302170640945424e+03	
   2.5147530632699227e+03	
   2.4995970076769199e+03	
   2.4831280959789938e+03	
   2.4547873025994895e+03	
   2.4260751389868988e+03	
   2.3971073537879383e+03	
   2.2979359421162421e+03	
   2.2913364888247088e+03	
   2.2857008876611208e+03	
   2.2822060515213111e+03	
   2.2787169341084991e+03	
   2.2760291549936546e+03	
   2.2736267304306884e+03	
   2.2671895260335409e+03	
   2.2618769260908307e+03	
   2.2572643733839327e+03	
   2.2453136128191882e+03	
   2.2343585906339817e+03	
   2.2237847696400668e+03	
   2.1891760364423285e+03	
   2.1536131473858541e+03	
   2.1177543612682575e+03	
   2.0554578801344078e+03	
