  8.4601023029272582e-001	  8.4601023029272582e-001	  8.3741254621324235e-001	  8.4601023029283984e-001	  8.3156809733205195e-001	  3.8332586834995863e-001	  8.5677955376876280e-002	  3.5669481743615089e-002	  1.7979500669032877e-002	  1.0136427852567921e-002	  6.1820527421674451e-003	  3.9993384418185130e-003	  1.8806007403657885e-003	
  8.4601023029516809e-001	  8.4601023029516809e-001	  8.3741254275628818e-001	  8.4601023029332512e-001	  8.3156809657751674e-001	  3.8332585545668701e-001	  8.5677940553597759e-002	  3.5669470397862349e-002	  1.7979492137209042e-002	  1.0136421358993763e-002	  6.1820478041783311e-003	  3.9993345959166097e-003	  1.8805984940471056e-003	
  8.4601023030558264e-001	  8.4601023030558264e-001	  8.3741253141344185e-001	  8.4601023029539590e-001	  8.3156809429297174e-001	  3.8332581693123940e-001	  8.5677897237362147e-002	  3.5669437960995448e-002	  1.7979468513581915e-002	  1.0136404117833347e-002	  6.1820353578312904e-003	  3.9993254894347685e-003	  1.8805939763879426e-003	
  8.4601023033229938e-001	  8.4601023033229938e-001	  8.3741250757743246e-001	  8.4601023030071254e-001	  8.3156808953756889e-001	  3.8332573702345463e-001	  8.5677808144015932e-002	  3.5669371993620566e-002	  1.7979421246237363e-002	  1.0136370386224372e-002	  6.1820116364798899e-003	  3.9993087121656919e-003	  1.8805862465440628e-003	
  8.4601023359719807e-001	  8.4601023359719807e-001	  8.3741116866456755e-001	  8.4601023095784755e-001	  8.3156776884740646e-001	  3.8332028654963668e-001	  8.5671862706716367e-002	  3.5665216443641089e-002	  1.7976662399149565e-002	  1.0134580708564515e-002	  6.1808631885116837e-003	  3.9985698922020705e-003	  1.8802793377360669e-003	
  8.4601024654127421e-001	  8.4601024654127421e-001	  8.3740688798190688e-001	  8.4601023357786675e-001	  8.3156678736137180e-001	  3.8330380909102774e-001	  8.5654644449972589e-002	  3.5653877702139472e-002	  1.7969728480915995e-002	  1.0130517673575911e-002	  6.1785277037687582e-003	  3.9972327823994602e-003	  1.8798413804140552e-003	
  8.4601027734801582e-001	  8.4601027734801582e-001	  8.3739805777015885e-001	  8.4601023985337764e-001	  8.3156475443627964e-001	  3.8326990381053944e-001	  8.5620381649944816e-002	  3.5632409075950736e-002	  1.7957392671262819e-002	  1.0123758342668421e-002	  6.1748596729964012e-003	  3.9952227430183965e-003	  1.8792070158129132e-003	
  8.4601033462119946e-001	  8.4601033462119946e-001	  8.3738317025306208e-001	  8.4601025160214915e-001	  8.3156126473634806e-001	  3.8321198859071831e-001	  8.5563624889624657e-002	  3.5598428256498130e-002	  1.7938853620446778e-002	  1.0114073769702688e-002	  6.1697698869228931e-003	  3.9924787512411117e-003	  1.8783427673803711e-003	
  8.4601049500525904e-001	  8.4601049500525904e-001	  8.3734465575770511e-001	  8.4601028483143093e-001	  8.3155185922367081e-001	  3.8305659706096395e-001	  8.5416480913952500e-002	  3.5514465095608808e-002	  1.7895030050083610e-002	  1.0091782352437623e-002	  6.1580922720635891e-003	  3.9860948630787013e-003	  1.8762152916339176e-003	
  8.4601076743244852e-001	  8.4601076743244852e-001	  8.3728329802566626e-001	  8.4601034194811942e-001	  8.3153647761275928e-001	  3.8280464397595781e-001	  8.5189479981662986e-002	  3.5393365927917919e-002	  1.7836031132534187e-002	  1.0063494224654131e-002	  6.1439761195425848e-003	  3.9787226154853715e-003	  1.8739957221149770e-003	
  8.4601117778855051e-001	  8.4601117701170736e-001	  8.3719484579188419e-001	  8.4601042906465429e-001	  8.3151389240633389e-001	  3.8243862958947034e-001	  8.4877474861074290e-002	  3.5238085322471628e-002	  1.7765113357240049e-002	  1.0031045111587244e-002	  6.1282474265410896e-003	  3.9706461081813280e-003	  1.8715939203074793e-003	
  8.4601174852025030e-001	  8.4601155562298458e-001	  8.3707554736335832e-001	  8.4601055180246476e-001	  8.3148289380334151e-001	  3.8194217075083325e-001	  8.4477742045516321e-002	  3.5051446648838101e-002	  1.7683803216879332e-002	  9.9945646510201415e-003	  6.1105752766840143e-003	  3.9615016738274869e-003	  1.8688290727754443e-003	
  8.4601249903783338e-001	  8.4601125863753102e-001	  8.3692204981236062e-001	  8.4601071533493555e-001	  8.3144228011402821e-001	  3.8129983972815185e-001	  8.3989412416149364e-002	  3.4835902534206369e-002	  1.7592800308154518e-002	  9.9539853172970240e-003	  6.0908897503012139e-003	  3.9513165697068189e-003	  1.8657752249696276e-003	
  8.4601417393969103e-001	  8.4600595211922691e-001	  8.3658452707122855e-001	  8.4601108697951644e-001	  8.3134967521550474e-001	  3.7986081660566867e-001	  8.2969876103160714e-002	  3.4407574882660934e-002	  1.7413013836800981e-002	  9.8721429563850358e-003	  6.0501489689510253e-003	  3.9296002659996105e-003	  1.8587226035335737e-003	
  8.4601644598412262e-001	  8.4598978770766786e-001	  8.3613311131043788e-001	  8.4601160220020410e-001	  8.3122168264599805e-001	  3.7791704017882899e-001	  8.1722117050456830e-002	  3.3921803592250672e-002	  1.7218079645963072e-002	  9.7868943090202946e-003	  6.0096914675883744e-003	  3.9091368443639665e-003	  1.8528640611787269e-003	
  8.4601936347314610e-001	  8.4595703674571354e-001	  8.3556038669146537e-001	  8.4601227830563008e-001	  8.3105429104198913e-001	  3.7543641472239242e-001	  8.0293218361843388e-002	  3.3406825993927976e-002	  1.7020346078767162e-002	  9.7027930415425536e-003	  5.9703795571784644e-003	  3.8893360655226730e-003	  1.8471786473240150e-003	
  8.4602296208394412e-001	  8.4590279771265420e-001	  8.3486146991712717e-001	  8.4601313057060756e-001	  8.3084304047342838e-001	  3.7238383947075065e-001	  7.8719765645221720e-002	  3.2873313175585200e-002	  1.6818491397071058e-002	  9.6160453863267711e-003	  5.9290854172719641e-003	  3.8681903219417364e-003	  1.8409946028099761e-003	
  8.4602726807140871e-001	  8.4582321408105532e-001	  8.3403274776508607e-001	  8.4601417268585033e-001	  8.3058296635706919e-001	  3.6872027289851583e-001	  7.7028410874605671e-002	  3.2322958798559780e-002	  1.6609310820156629e-002	  9.5249343497930874e-003	  5.8855415363100799e-003	  3.8459512888848989e-003	  1.8345536514357298e-003	
  8.4603230078256098e-001	  8.4571541773848546e-001	  8.3307130011467445e-001	  8.4601541712689043e-001	  8.3026878660594672e-001	  3.6440616669952497e-001	  7.5242599736838098e-002	  3.1757790558007822e-002	  1.6393506067058448e-002	  9.4308263823273692e-003	  5.8407785448468599e-003	  3.8231424725530994e-003	  1.8279325831797861e-003	
  8.4603807444491419e-001	  8.4557736707976927e-001	  8.3197466213229854e-001	  8.4601687542792514e-001	  8.2989497899075326e-001	  3.5940316823895535e-001	  7.3385602844295267e-002	  3.1181976723998552e-002	  1.6173519977219723e-002	  9.3349490972820769e-003	  5.7951096149550484e-003	  3.7997727899296936e-003	  1.8211028182504359e-003	
  8.4604453518367939e-001	  8.4540955642582027e-001	  8.3075336388151610e-001	  8.4601854243581109e-001	  8.2946014803991275e-001	  3.5373456939388953e-001	  7.1505002101190582e-002	  3.0609054216330783e-002	  1.5955225165304884e-002	  9.2398230665755067e-003	  5.7497995249910496e-003	  3.7766411366737425e-003	  1.8144252644127215e-003	
  8.4605174051227783e-001	  8.4521009867874242e-001	  8.2939579950920173e-001	  8.4602044022779799e-001	  8.2895539575186306e-001	  3.4732271437768264e-001	  6.9599680236644840e-002	  3.0034058931080583e-002	  1.5734943107238226e-002	  9.1430073742065927e-003	  5.7032943204011061e-003	  3.7527041181806119e-003	  1.8073726954166379e-003	
  8.4605969509396917e-001	  8.4497872986132083e-001	  8.2790026209366219e-001	  8.4602257782926382e-001	  8.2837503654273381e-001	  3.4013858237903344e-001	  6.7687017889144732e-002	  2.9459724981720753e-002	  1.5513652191109610e-002	  9.0452693911423163e-003	  5.6562007925939350e-003	  3.7284192005618538e-003	  1.8002013270093124e-003	
  8.4606840182086174e-001	  8.4471564622703510e-001	  8.2626538422375806e-001	  8.4602480083646747e-001	  8.2771341897164574e-001	  3.3215999747572311e-001	  6.5785463922362231e-002	  2.8890391015070106e-002	  1.5293464313258091e-002	  8.9478166664882092e-003	  5.6091748043158775e-003	  3.7041461359589166e-003	  1.7930248208493844e-003	
  8.4608017675965108e-001	  8.4434673862854082e-001	  8.2405018689959408e-001	  8.4602621456359339e-001	  8.2677274134033740e-001	  3.2118886238241012e-001	  6.3453769037288221e-002	  2.8183605382548188e-002	  1.5014758733533600e-002	  8.8219564106835416e-003	  5.5470896016090220e-003	  3.6713436914324951e-003	  1.7827429943945707e-003	
  8.4609309559754953e-001	  8.4393182828748836e-001	  8.2161774766611118e-001	  8.4602373711111156e-001	  8.2568874768030598e-001	  3.0901786927205604e-001	  6.1195763511054282e-002	  2.7504038390161027e-002	  1.4749765317138739e-002	  8.7044139277015521e-003	  5.4904128027726835e-003	  3.6422151312740223e-003	  1.7742759970337068e-003	
  8.4610715435190842e-001	  8.4347451945061647e-001	  8.1897008542430605e-001	  8.4601399521021270e-001	  8.2445348859179446e-001	  2.9569448343226873e-001	  5.9045463369602237e-002	  2.6861025157728320e-002	  1.4499999203930020e-002	  8.5937404365292007e-003	  5.4369480076384780e-003	  3.6146561864237245e-003	  1.7662235926486972e-003	
  8.4612234709697731e-001	  8.4297865834882879e-001	  8.1610864638063774e-001	  8.4599316594923102e-001	  8.2305816031145029e-001	  2.8127398069678616e-001	  5.7014674894136329e-002	  2.6251479411964426e-002	  1.4261092578654953e-002	  8.4867956842314372e-003	  5.3848408921134518e-003	  3.5876452688249111e-003	  1.7582917059075815e-003	
  8.4616139501335585e-001	  8.4167627336777118e-001	  8.0861175590307888e-001	  8.4586421190887562e-001	  8.1909862523510724e-001	  2.4391297052227970e-001	  5.2510032221697409e-002	  2.4799958751083734e-002	  1.3654723479119847e-002	  8.1994034512957413e-003	  5.2367735657336762e-003	  3.5062455121695237e-003	  1.7305240890956248e-003	
  8.4618893261875550e-001	  8.4079948409349881e-001	  8.0336561456964040e-001	  8.4572831682279714e-001	  8.1615202325935954e-001	  2.1863440434482490e-001	  5.0269895077738928e-002	  2.4158039344593887e-002	  1.3429320159431593e-002	  8.1148885474321506e-003	  5.2053502326153758e-003	  3.4959729941446529e-003	  1.7325894589316517e-003	
  8.4621049268240867e-001	  8.4015059720277807e-001	  7.9930644543822482e-001	  8.4559611953901292e-001	  8.1377467542566762e-001	  1.9979165323147483e-001	  4.8904030165109018e-002	  2.3773987828010337e-002	  1.3289421582887416e-002	  8.0562213921062283e-003	  5.1786165556946514e-003	  3.4832757498221103e-003	  1.7300653292157905e-003	
  8.4623325745481204e-001	  8.3949040142333897e-001	  7.9503400752544240e-001	  8.4542737804860602e-001	  8.1117054581756909e-001	  1.8178816421355462e-001	  4.7587532386646869e-002	  2.3348706365171008e-002	  1.3107245398521969e-002	  7.9678822438250946e-003	  5.1329017495584115e-003	  3.4585358428985986e-003	  1.7223466644880636e-003	
  8.4625721912319463e-001	  8.3881333677751790e-001	  7.9052515057037431e-001	  8.4521542131059013e-001	  8.0831179830778577e-001	  1.6521380178190975e-001	  4.6270991103525679e-002	  2.2887708763800783e-002	  1.2905666955412861e-002	  7.8717128368798288e-003	  5.0843523414548500e-003	  3.4328060559212070e-003	  1.7145144337369648e-003	
  8.4628236929017886e-001	  8.3811733716156556e-001	  7.8578751132135316e-001	  8.4495435109116335e-001	  8.0517618221667109e-001	  1.5026349421054958e-001	  4.4967280526159795e-002	  2.2422496115745327e-002	  1.2706517368710771e-002	  7.7785766841385025e-003	  5.0377138607812138e-003	  3.4080940920161685e-003	  1.7069464305210483e-003	
  8.4629603045883861e-001	  8.3775020926840182e-001	  7.8322549151355059e-001	  8.4479890912771782e-001	  8.0342967196954496e-001	  1.4320970127066218e-001	  4.4341528746044030e-002	  2.2215659610827020e-002	  1.2628200354720632e-002	  7.7472619749622993e-003	  5.0250727162727479e-003	  3.4033026472638753e-003	  1.7071391818220159e-003	
  8.4631001492104019e-001	  8.3738108438914771e-001	  7.8060949329319107e-001	  8.4462874078420025e-001	  8.0160416442130700e-001	  1.3668914532715823e-001	  4.3733289683051187e-002	  2.2010660393122047e-002	  1.2544584880409214e-002	  7.7084128332012948e-003	  5.0052344988569262e-003	  3.3924594860270589e-003	  1.7035607077839406e-003	
  8.4632432159735171e-001	  8.3700813932236251e-001	  7.7793501296950829e-001	  8.4444214817145546e-001	  7.9969149345432589e-001	  1.3065207238664470e-001	  4.3123361689618896e-002	  2.1794507947833667e-002	  1.2449853063935859e-002	  7.6615703844717074e-003	  4.9804213152568862e-003	  3.3786990986410794e-003	  1.6990325956589875e-003	
  8.4633894938018328e-001	  8.3663054698620865e-001	  7.7519960312639136e-001	  8.4423808095583719e-001	  7.9768691755472576e-001	  1.2506634411858661e-001	  4.2511513544819739e-002	  2.1571131325417055e-002	  1.2350562965848254e-002	  7.6130726556250189e-003	  4.9553847893664630e-003	  3.3651773798994904e-003	  1.6947524331629221e-003	
  8.4636161713736191e-001	  8.3604840819994475e-001	  7.7094810546121162e-001	  8.4389341606461243e-001	  7.9447169838763498e-001	  1.1739393177568296e-001	  4.1575867973242323e-002	  2.1219936188783931e-002	  1.2192861228736756e-002	  7.5354983221146759e-003	  4.9146025647423828e-003	  3.3424821505374253e-003	  1.6869236647085750e-003	
  8.4638500789609483e-001	  8.3545440265928650e-001	  7.6655042368133564e-001	  8.4350424108141675e-001	  7.9102560236450270e-001	  1.1060653534178021e-001	  4.0668412528810718e-002	  2.0883888512288052e-002	  1.2046654980096128e-002	  7.4660156366737470e-003	  4.8793269734828766e-003	  3.3236096744552164e-003	  1.6810724043632471e-003	
  8.4640911690894804e-001	  8.3485137853854896e-001	  7.6200995310105568e-001	  8.4306924459244337e-001	  7.8735367062978900e-001	  1.0463699173135643e-001	  3.9808861840679492e-002	  2.0571158664853588e-002	  1.1912647387496355e-002	  7.4026573838788670e-003	  4.8471764151392736e-003	  3.3064033824735791e-003	  1.6757449112232755e-003	
  8.4643393937575062e-001	  8.3424165531960759e-001	  7.5732910701539147e-001	  8.4258679747037302e-001	  7.8346457794489832e-001	  9.9399135166416117e-002	  3.8999471687073316e-002	  2.0277704048032343e-002	  1.1786042842643916e-002	  7.3421301770378649e-003	  4.8161982121899217e-003	  3.2897390748749312e-003	  1.6705725215358420e-003	
  8.4647293224928399e-001	  8.3329993663378943e-001	  7.4994833471509181e-001	  8.4175616212764648e-001	  7.7713429110397247e-001	  9.2595044033204663e-002	  3.7818997800586306e-002	  1.9834583083704897e-002	  1.1587044709555820e-002	  7.2434206663205374e-003	  4.7638766996592509e-003	  3.2605347650327687e-003	  1.6605935061853381e-003	
  8.4651353790606876e-001	  8.3234642290095173e-001	  7.4223816373040885e-001	  8.4080464643069386e-001	  7.7028859308833697e-001	  8.6970428623963578e-002	  3.6740211097976060e-002	  1.9431676691857722e-002	  1.1410577046272272e-002	  7.1594658485402054e-003	  4.7216217845428661e-003	  3.2383342036620844e-003	  1.6541670446688355e-003	
  8.4655573898306802e-001	  8.3139188537043807e-001	  7.3421409672622528e-001	  8.3973153510776399e-001	  7.6292824261888603e-001	  8.2324342081667529e-002	  3.5783604274408166e-002	  1.9080054141599870e-002	  1.1259365733721582e-002	  7.0882343101555121e-003	  4.6858588639494200e-003	  3.2195418999397337e-003	  1.6487677240886339e-003	
  8.4659951890141394e-001	  8.3044393426999763e-001	  7.2588691099525016e-001	  8.3853527776550751e-001	  7.5504745307411492e-001	  7.8456821437014559e-002	  3.4929715532790069e-002	  1.8762678202263270e-002	  1.1120033196933526e-002	  7.0210539862596922e-003	  4.6515575485145347e-003	  3.2013527822318875e-003	  1.6435312181358503e-003	
  8.4664486192205390e-001	  8.2950576456859515e-001	  7.1725975842992218e-001	  8.3721340185684878e-001	  7.4663634709118398e-001	  7.5188123267621129e-002	  3.4149848817249508e-002	  1.8465272747072832e-002	  1.0987316290334795e-002	  6.9569936536039894e-003	  4.6191177269454525e-003	  3.1843391991852234e-003	  1.6387607425684628e-003	
  8.4671543903205715e-001	  8.2810595143540267e-001	  7.0377451847927253e-001	  8.3498525357774989e-001	  7.3301809666645679e-001	  7.1036699233543957e-002	  3.3032853078800752e-002	  1.8018718733416622e-002	  1.0781499905080235e-002	  6.8543307726909031e-003	  4.5649046081420747e-003	  3.1543681308691483e-003	  1.6289277707256594e-003	
  8.4678941041451428e-001	  8.2672492986171298e-001	  6.8959069110376914e-001	  8.3245750474532410e-001	  7.1813598336531459e-001	  6.7614583937796652e-002	  3.2062356817675920e-002	  1.7644023260576295e-002	  1.0618064968981801e-002	  6.7779258142636094e-003	  4.5276390615750896e-003	  3.1357636629131703e-003	  1.6246531810411849e-003	
  8.4681549263799749e-001	  8.2628044582594229e-001	  6.8462421643491511e-001	  8.3153961512520613e-001	  7.1279880003051999e-001	  6.6697551418530052e-002	  3.1853326160146488e-002	  1.7594429925821851e-002	  1.0613590186904956e-002	  6.7860013763720124e-003	  4.5381584291977048e-003	  3.1455871265607918e-003	  1.6314868823184693e-003	
  8.4683975549815660e-001	  8.2590311044204701e-001	  6.8005332330744916e-001	  8.3067767429384254e-001	  7.0780125219123502e-001	  6.5961944851847990e-002	  3.1690518977656700e-002	  1.7549386983314950e-002	  1.0598573525924859e-002	  6.7797598303291837e-003	  4.5350239095698838e-003	  3.1438122253019470e-003	  1.6309070269936484e-003	
  8.4686428990961804e-001	  8.2556070467672726e-001	  6.7548473502116935e-001	  8.2979381601973268e-001	  7.0269784076734609e-001	  6.5275397737030533e-002	  3.1518141089771801e-002	  1.7483680648318890e-002	  1.0565637675363037e-002	  6.7612897977455061e-003	  4.5243768998503358e-003	  3.1376281929172164e-003	  1.6288623825956629e-003	
  8.4688905722391206e-001	  8.2525951844297829e-001	  6.7093480297663977e-001	  8.2888895190183687e-001	  6.9748953210086539e-001	  6.4629962765777746e-002	  3.1340488247462883e-002	  1.7409945774965050e-002	  1.0529365644912079e-002	  6.7427407956711189e-003	  4.5148255543226105e-003	  3.1326421337028519e-003	  1.6274969394533697e-003	
  8.4691401770807195e-001	  8.2500464490011871e-001	  6.6641888628359847e-001	  8.2796611709007395e-001	  6.9218368052448320e-001	  6.4034605215004495e-002	  3.1172005524895963e-002	  1.7341881918508030e-002	  1.0498630965571370e-002	  6.7283415659798052e-003	  4.5078590484632702e-003	  3.1291325096757059e-003	  1.6265878865029690e-003	
  8.4695729097354622e-001	  8.2467766176486434e-001	  6.5875562702239399e-001	  8.2634460131737064e-001	  6.8284547906471760e-001	  6.3133407808435071e-002	  3.0916981638611681e-002	  1.7242429071937491e-002	  1.0454597025680117e-002	  6.7069705990907983e-003	  4.4967402312288528e-003	  3.1230183966313575e-003	  1.6246018694456165e-003	
  8.4700086657404772e-001	  8.2449322821793714e-001	  6.5125546292034620e-001	  8.2469606083666980e-001	  6.7328360811428356e-001	  6.2424391173032313e-002	  3.0734191158728701e-002	  1.7180096263550257e-002	  1.0430407872684322e-002	  6.6966256092930608e-003	  4.4922028378491978e-003	  3.1210908304569172e-003	  1.6244933593594646e-003	
  8.4704461284063159e-001	  8.2444587412978210e-001	  6.4394155870215819e-001	  8.2303786007550239e-001	  6.6354284848115064e-001	  6.1917293675542495e-002	  3.0628153416165618e-002	  1.7152208892380824e-002	  1.0422466489369992e-002	  6.6945067209088971e-003	  4.4920807559447476e-003	  3.1216371357879122e-003	  1.6252146153051406e-003	
  8.4708842303035981e-001	  8.2452411767625688e-001	  6.3682456328060000e-001	  8.2138536021701014e-001	  6.5366311844665848e-001	  6.1600298932039575e-002	  3.0589116190706239e-002	  1.7151072380185494e-002	  1.0426352669552835e-002	  6.6981593988659684e-003	  4.4949593955336820e-003	  3.1238345706954278e-003	  1.6264891285427830e-003	
  8.4715654335201207e-001	  8.2485328699359117e-001	  6.2613370726116180e-001	  8.1885678757366198e-001	  6.3809304564927261e-001	  6.1416378570210983e-002	  3.0624430548954820e-002	  1.7184347926330439e-002	  1.0447417184841849e-002	  6.7109525573694631e-003	  4.5029732581100702e-003	  3.1290775808410524e-003	  1.6289448446875398e-003	
  8.4722442457926062e-001	  8.2539438608745230e-001	  6.1595329923951891e-001	  8.1641460730423354e-001	  6.2238484572101160e-001	  6.1568490722487816e-002	  3.0768018392164777e-002	  1.7262067661527977e-002	  1.0490106377424039e-002	  6.7352660674193767e-003	  4.5174869063138948e-003	  3.1381753514679554e-003	  1.6328924639710499e-003	
  8.4729193242067202e-001	  8.2609809191432793e-001	  6.0658311900812900e-001	  8.1409409863619531e-001	  6.0664433162164966e-001	  6.1998748710319407e-002	  3.1000913388505937e-002	  1.7376522891599216e-002	  1.0550052300375354e-002	  6.7682972053457607e-003	  4.5366420696748401e-003	  3.1498625801499626e-003	  1.6377166561451330e-003	
  8.4735898539714993e-001	  8.2692066781398677e-001	  5.9815886804071550e-001	  8.1192283564891421e-001	  5.9096284375578778e-001	  6.2655436391317945e-002	  3.1305587410694675e-002	  1.7519763124295484e-002	  1.0623118439033817e-002	  6.8078525698654921e-003	  4.5592591499161511e-003	  3.1634850048211493e-003	  1.6432030004561681e-003	
  8.4749967034349138e-001	  8.2888120080988403e-001	  5.8347741419677013e-001	  8.0791225208890927e-001	  5.5829627346100796e-001	  6.4626778966878018e-002	  3.2142248158121139e-002	  1.7902273729201910e-002	  1.0815435240914759e-002	  6.9111874514601393e-003	  4.6180478058658967e-003	  3.1987228022697942e-003	  1.6572726053097051e-003	
  8.4763802872743077e-001	  8.3098018765390091e-001	  5.7283232916570748e-001	  8.0473773450579156e-001	  5.2673276565714611e-001	  6.7137595796753963e-002	  3.3126988550045547e-002	  1.8333873049532930e-002	  1.1025733569595715e-002	  7.0212864556779961e-003	  4.6791982950950091e-003	  3.2345149913815268e-003	  1.6708717027714185e-003	
  8.4777405328015254e-001	  8.3306274513931700e-001	  5.6584182379536263e-001	  8.0241477060002442e-001	  4.9662993816171452e-001	  7.0047173634630908e-002	  3.4230610746393157e-002	  1.8811603542583266e-002	  1.1257201804820413e-002	  7.1421998888308467e-003	  4.7463086839620175e-003	  3.2737771095333146e-003	  1.6857930746141921e-003	
  8.4790778846529802e-001	  8.3504013470174232e-001	  5.6211941433540435e-001	  8.0091203015629975e-001	  4.6856647149981034e-001	  7.3292971076484317e-002	  3.5438872418415861e-002	  1.9329499972250801e-002	  1.1506309823187254e-002	  7.2716520255566184e-003	  4.8178953360022312e-003	  3.3155387069741544e-003	  1.7016147802399240e-003	
  8.4812682637985737e-001	  8.3803864922724236e-001	  5.6226669637947213e-001	  8.0005917480307753e-001	  4.3175787616703937e-001	  7.9489741777686446e-002	  3.7705551322465676e-002	  2.0290663001086912e-002	  1.1965749793055317e-002	  7.5098581570498613e-003	  4.9496998849721790e-003	  3.3926109576358603e-003	  1.7310984806489130e-003	
  8.4833984029432297e-001	  8.4054355610131348e-001	  5.6861542920471408e-001	  8.0089545147770702e-001	  4.1020501028948791e-001	  8.6189650866997050e-002	  4.0031168185594192e-002	  2.1236269058965713e-002	  1.2403286174549987e-002	  7.7306803405020660e-003	  5.0689949359704533e-003	  3.4608146656364960e-003	  1.7560298919371594e-003	
  8.4850597692436813e-001	  8.4219664691086515e-001	  5.7684710794541050e-001	  8.0244660830810433e-001	  4.0374372917361767e-001	  9.1722710360972279e-002	  4.1880157340908747e-002	  2.1975476109265386e-002	  1.2743094864442459e-002	  7.9017141921142609e-003	  5.1612702781382962e-003	  3.5135298743217379e-003	  1.7752873020958056e-003	
  8.4866844898956229e-001	  8.4360214526148225e-001	  5.8714544046002570e-001	  8.0455182624697852e-001	  4.0509740098767683e-001	  9.7664337238639432e-002	  4.3888427100428250e-002	  2.2789592684226576e-002	  1.3121091215616259e-002	  8.0936681343541667e-003	  5.2658649964278329e-003	  3.5739833266743267e-003	  1.7980610676872003e-003	
  8.4882734461462961e-001	  8.4480577206186858e-001	  5.9899496618814652e-001	  8.0704383999928175e-001	  4.1266969484713512e-001	  1.0412557187591720e-001	  4.6047048618873536e-002	  2.3644602053552354e-002	  1.3509776167996304e-002	  8.2879514371515649e-003	  5.3705256430619363e-003	  3.6339655290663986e-003	  1.8203877450170738e-003	
  8.4898278426715257e-001	  8.4583173178657445e-001	  6.1188748123994152e-001	  8.0977716864504434e-001	  4.2504868184595579e-001	  1.1101278363669635e-001	  4.8265947478297537e-002	  2.4498833797872554e-002	  1.3892630780003468e-002	  8.4779330789208057e-003	  5.4724118290398697e-003	  3.6921633605999258e-003	  1.8419307007331272e-003	
  8.4913490634032174e-001	  8.4669682675585467e-001	  6.2534919384419296e-001	  8.1262670399426862e-001	  4.4099726494574609e-001	  1.1821054072877056e-001	  5.0510994588883827e-002	  2.5352082510066900e-002	  1.4272922182144281e-002	  8.6657037327147815e-003	  5.5726309341285040e-003	  3.7491654000074608e-003	  1.8628862813563660e-003	
  8.4932828126695081e-001	  8.4762192209937592e-001	  6.4306894334895703e-001	  8.1633097868188231e-001	  4.6519181100822393e-001	  1.2805239916527564e-001	  5.3524534930181077e-002	  2.6484622096000325e-002	  1.4772522582175762e-002	  8.9105080418686172e-003	  5.7026617700469137e-003	  3.8229223685305787e-003	  1.8899613958517393e-003	
  8.4951656885684002e-001	  8.4835307600328347e-001	  6.6054379414455522e-001	  8.1991227425130730e-001	  4.9176252339911863e-001	  1.3827794352044598e-001	  5.6549470889877856e-002	  2.7588015205021958e-002	  1.5248628557134351e-002	  9.1399915226163860e-003	  5.8229365914506444e-003	  3.8903556663725004e-003	  1.9141862274709960e-003	
  8.4970003102468916e-001	  8.4893145736378872e-001	  6.7740690458462249e-001	  8.2327611023051173e-001	  5.1935497407966214e-001	  1.4890524613243536e-001	  5.9611828698684505e-002	  2.8686830441098661e-002	  1.5719508747092388e-002	  9.3663168934626714e-003	  5.9414489563433173e-003	  3.9568198835651510e-003	  1.9381393566122408e-003	
  8.4987891985140118e-001	  8.4939077968922461e-001	  6.9341853020262767e-001	  8.2636606317404160e-001	  5.4696506799738853e-001	  1.5999452752909979e-001	  6.2745741456613977e-002	  2.9796191574558348e-002	  1.6190556178656598e-002	  9.5911093183549817e-003	  6.0585337797066808e-003	  4.0222377888182682e-003	  1.9616192996730910e-003	
  8.5014136302480847e-001	  8.4992317357842440e-001	  7.1570532283872790e-001	  8.3046925625866097e-001	  5.8709866565471625e-001	  1.7774766667688652e-001	  6.7644633062029558e-002	  3.1493229314716695e-002	  1.6900824589588307e-002	  9.9270367564576190e-003	  6.2325887623811338e-003	  4.1192099173140454e-003	  1.9963789243717172e-003	
  8.5039464134845089e-001	  8.5030996789084967e-001	  7.3548753838468706e-001	  8.3392946394012268e-001	  6.2413368396163671e-001	  1.9613263691441019e-001	  7.2449285987979825e-002	  3.3083300434759023e-002	  1.7545740646761607e-002	  1.0224904253515240e-002	  6.3839223068859370e-003	  4.2020722458768808e-003	  2.0251203777762183e-003	
  8.5063941002294619e-001	  8.5061077008318109e-001	  7.5280809983377284e-001	  8.3683071178994817e-001	  6.5734812894210526e-001	  2.1758714892097286e-001	  7.7201560148057569e-002	  3.4634634348530327e-002	  1.8175083808791116e-002	  1.0516915596571818e-002	  6.5332343467811764e-003	  4.2844514871783852e-003	  2.0542371767362437e-003	
  8.5087629406085930e-001	  8.5086717912080401e-001	  7.6781919180934288e-001	  8.3926684397927931e-001	  6.8655290414642789e-001	  2.4345149213740527e-001	  8.1948533808508403e-002	  3.6157354393330947e-002	  1.8783850493892959e-002	  1.0796053015553090e-002	  6.6747165293480322e-003	  4.3620378607282144e-003	  2.0814743500876414e-003	
  8.5116075350531029e-001	  8.5115668380524012e-001	  7.8356162648720007e-001	  8.4176311492817457e-001	  7.1748544236797174e-001	  2.8059384970968221e-001	  8.7714987657838528e-002	  3.7943922759143919e-002	  1.9482944765108683e-002	  1.1112737024825825e-002	  6.8340722954080054e-003	  4.4490199880300538e-003	  2.1118296806430050e-003	
  8.5143492088162864e-001	  8.5143279963401319e-001	  7.9646479422542205e-001	  8.4378987035909536e-001	  7.4296075702708897e-001	  3.1994817419960642e-001	  9.3117630249800076e-002	  3.9556487655884834e-002	  2.0103028260710705e-002	  1.1390388842697519e-002	  6.9724648539965907e-003	  4.5239411967678781e-003	  2.1375946916076362e-003	
  8.5169973116336073e-001	  8.5170093585591333e-001	  8.0700927016940616e-001	  8.4544859620500590e-001	  7.6377291095401034e-001	  3.5836730274430612e-001	  9.8208339051622226e-002	  4.1067219968227375e-002	  2.0686258990139438e-002	  1.1652514248698679e-002	  7.1036955173577878e-003	  4.5953721796273108e-003	  2.1625044588713381e-003	
  8.5195599633791941e-001	  8.5195806686647468e-001	  8.1560235936764935e-001	  8.4681569189637163e-001	  7.8072398031015067e-001	  3.9484813248560668e-001	  1.0323276409337841e-001	  4.2543313822875954e-002	  2.1243461592550607e-002	  1.1898609221857767e-002	  7.2254698312218708e-003	  4.6611438653754653e-003	  2.1852356890358993e-003	
  8.5220443131472168e-001	  8.5220593542203860e-001	  8.2259817201764052e-001	  8.4795192398343100e-001	  7.9452185712337076e-001	  4.2918676520631199e-001	  1.0809555080197161e-001	  4.3901655602347406e-002	  2.1738272921090714e-002	  1.2113623338999053e-002	  7.3310957897279108e-003	  4.7180073371111365e-003	  2.2048423830181439e-003	
  8.5258027596709152e-001	  8.5258081133181995e-001	  8.3101222343654402e-001	  8.4937225615508138e-001	  8.1109830342218003e-001	  4.7883894211122158e-001	  1.1458282961276188e-001	  4.5597741828668784e-002	  2.2360973581611890e-002	  1.2387784763283356e-002	  7.4666842151123571e-003	  4.7911838860098975e-003	  2.2300587053414021e-003	
  8.5294017874985084e-001	  8.5294022823232596e-001	  8.3706175880365419e-001	  8.5046781632978574e-001	  8.2299218569773425e-001	  5.2265975598412340e-001	  1.1920422212477687e-001	  4.6782952275290758e-002	  2.2815638180041141e-002	  1.2589548660699940e-002	  7.5658751332960249e-003	  4.8442637029977300e-003	  2.2480331260936828e-003	
  8.5328570097358236e-001	  8.5328570763369549e-001	  8.4143590714324934e-001	  8.5133617737268807e-001	  8.3156790669669822e-001	  5.6014206973088188e-001	  1.2372258785835365e-001	  4.8128980036140349e-002	  2.3306148498109795e-002	  1.2801729410341888e-002	  7.6707282615755077e-003	  4.9014647235531682e-003	  2.2685073736566255e-003	
  8.5361828420335273e-001	  8.5361833108677354e-001	  8.4460611874337055e-001	  8.5204265169468585e-001	  8.3778144519062991e-001	  5.9135762574543560e-001	  1.2762676770668691e-001	  4.9130792450223719e-002	  2.3651060105287308e-002	  1.2948695139870818e-002	  7.7425443463333141e-003	  4.9402088142138350e-003	  2.2820590154122482e-003	
  8.5393917563577160e-001	  8.5393920654309519e-001	  8.4689042147266957e-001	  8.5263194265548214e-001	  8.4229365166638714e-001	  6.1683226729229623e-001	  1.3030449122964757e-001	  4.9761570833154772e-002	  2.3880842743363023e-002	  1.3049717587333661e-002	  7.7927217022624199e-003	  4.9675837473380554e-003	  2.2917849745629710e-003	
  8.5439900536381541e-001	  8.5439900754797160e-001	  8.4911273541886823e-001	  8.5335806394113667e-001	  8.4681358126826833e-001	  6.4586287820339139e-001	  1.3267098815879136e-001	  5.0363895732181883e-002	  2.4103303783221119e-002	  1.3147882109390696e-002	  7.8418960256736482e-003	  4.9947338057694350e-003	  2.3016837829784842e-003	
  8.5483669490071201e-001	  8.5483668438974936e-001	  8.5040395831523818e-001	  8.5396438539579411e-001	  8.4967573384366735e-001	  6.6642050131691888e-001	  1.3410478725305516e-001	  5.0774624853200570e-002	  2.4260426519202904e-002	  1.3220297355428328e-002	  7.8797771308216913e-003	  5.0165339736330831e-003	  2.3102582059784391e-003	
  8.5525401270656920e-001	  8.5525400893791648e-001	  8.5108609536473523e-001	  8.5449407578632031e-001	  8.5155633406174169e-001	  6.8073459452514562e-001	  1.3488004071942059e-001	  5.0972182049290375e-002	  2.4339270023759185e-002	  1.3258872825400982e-002	  7.9011207128588130e-003	  5.0294700098387456e-003	  2.3157886815929995e-003	
  8.5565243410758229e-001	  8.5565243601112273e-001	  8.5130272467040480e-001	  8.5497061239098526e-001	  8.5281802043178445e-001	  6.9008659265864147e-001	  1.3457973381727933e-001	  5.0872410753333271e-002	  2.4310114087099439e-002	  1.3249870679291609e-002	  7.8986187627581861e-003	  5.0292416200674126e-003	  2.3164794241648410e-003	
  8.5603311895737288e-001	  8.5603312015753141e-001	  8.5115996369506852e-001	  8.5540785910466854e-001	  8.5368214753253657e-001	  6.9571729618305878e-001	  1.3398192205161216e-001	  5.0773866402635613e-002	  2.4292967196070287e-002	  1.3249545175225199e-002	  7.9018592357929743e-003	  5.0328686857798012e-003	  2.3190556876226966e-003	
  8.5646644025597973e-001	  8.5646644033769537e-001	  8.5056102540207212e-001	  8.5589289152350811e-001	  8.5438078214842261e-001	  6.9835022121048496e-001	  1.3239554091432398e-001	  5.0351155424099132e-002	  2.4144749938733133e-002	  1.3188169764868390e-002	  7.8733401458943551e-003	  5.0184699528282358e-003	  2.3147010873773664e-003	
  8.5687622650457296e-001	  8.5687622634897187e-001	  8.4962963253290913e-001	  8.5634339959721251e-001	  8.5486196582890051e-001	  6.9829614677454122e-001	  1.3133344378381828e-001	  5.0150154636971561e-002	  2.4095649555073623e-002	  1.3176085269191524e-002	  7.8718257890684987e-003	  5.0200901316079551e-003	  2.3169797110959111e-003	
  8.5726269790240839e-001	  8.5726269784886955e-001	  8.4827258619652546e-001	  8.5676467396652278e-001	  8.5516245617901721e-001	  6.9516322529746155e-001	  1.2899885694244312e-001	  4.9489698533119304e-002	  2.3852183706165899e-002	  1.3069923378588791e-002	  7.8196570831257223e-003	  4.9920375745040931e-003	  2.3072128262521616e-003	
  8.5754164373832120e-001	  8.5754164374208663e-001	  8.4713705061878020e-001	  8.5706736859710886e-001	  8.5535524029897703e-001	  6.9243810246833515e-001	  1.2862546817859832e-001	  4.9523956794019192e-002	  2.3897213215799257e-002	  1.3101216221785367e-002	  7.8404790192260418e-003	  5.0062033371122338e-003	  2.3142350570832682e-003	
  8.5776106316185952e-001	  8.5776106316595557e-001	  8.4596199839221797e-001	  8.5730528695227060e-001	  8.5545038917547600e-001	  6.8891246040454035e-001	  1.2699053353789444e-001	  4.9010359796518375e-002	  2.3695804012313110e-002	  1.3009415561824316e-002	  7.7936483277206391e-003	  4.9801280284612502e-003	  2.3045522410737509e-003	
  8.5791902669236131e-001	  8.5791902671161768e-001	  8.4513092052617123e-001	  8.5747633018465497e-001	  8.5554077864492539e-001	  6.8685876545020441e-001	  1.2701902644733762e-001	  4.9118814283809556e-002	  2.3760447081203114e-002	  1.3046601231897900e-002	  7.8161311212330154e-003	  4.9945104938750760e-003	  2.3111725296533036e-003	
  8.5807250648145927e-001	  8.5807208612431674e-001	  8.4418045322084856e-001	  8.5764250636234540e-001	  8.5560161629151266e-001	  6.8422989161011816e-001	  1.2605446562639772e-001	  4.8809146717079477e-002	  2.3638010134848599e-002	  1.2990773933472271e-002	  7.7877582528195072e-003	  4.9788063790079081e-003	  2.3054242368105798e-003	
  8.5822140292386040e-001	  8.5821885347547799e-001	  8.4315457083212120e-001	  8.5780391569637604e-001	  8.5565439601303550e-001	  6.8151966427463417e-001	  1.2536135654607944e-001	  4.8653815691167376e-002	  2.3591490047624314e-002	  1.2974283350657262e-002	  7.7813593747389984e-003	  4.9762629485054196e-003	  2.3051617117314017e-003	
  8.5850430521980992e-001	  8.5848932779787412e-001	  8.4086191775826002e-001	  8.5811131293970977e-001	  8.5569108907563851e-001	  6.7478994677617332e-001	  1.2344518735534796e-001	  4.8130917170159118e-002	  2.3399985085810267e-002	  1.2890769707596937e-002	  7.7402525102619798e-003	  4.9541162160331815e-003	  2.2974261947436886e-003	
  8.5858670939265935e-001	  8.5856347543454670e-001	  8.4005429902959550e-001	  8.5820121920983916e-001	  8.5566967586685383e-001	  6.7209782465236134e-001	  1.2217638578049143e-001	  4.7716671338900576e-002	  2.3232175790874297e-002	  1.2811776112915056e-002	  7.6986437487286119e-003	  4.9302062154499464e-003	  2.2880199258455401e-003	
  8.5865155023283823e-001	  8.5862510768856093e-001	  8.3950558852524659e-001	  8.5827207256959082e-001	  8.5567961266743664e-001	  6.7051602952027700e-001	  1.2248735892494783e-001	  4.7954750748434354e-002	  2.3356200504460953e-002	  1.2878056325808237e-002	  7.7365272054836795e-003	  4.9533363893356479e-003	  2.2979480248528773e-003	
  8.5871537344479143e-001	  8.5868509443769570e-001	  8.3897198151459906e-001	  8.5834182522578417e-001	  8.5569624151392154e-001	  6.6909739203818164e-001	  1.2263471436531841e-001	  4.7998992802618407e-002	  2.3367630876111954e-002	  1.2881817150446957e-002	  7.7382178087993846e-003	  4.9543255724867064e-003	  2.2984287839356043e-003	
  8.5877824437882710e-001	  8.5874248497944483e-001	  8.3842210108024262e-001	  8.5841051661142809e-001	  8.5571246700189285e-001	  6.6769785752993327e-001	  1.2252052501809760e-001	  4.7945039652145548e-002	  2.3345301074706934e-002	  1.2872097501055283e-002	  7.7336243955333298e-003	  4.9519903110870674e-003	  2.2977197742585034e-003	
  8.5890534930120033e-001	  8.5885363870774356e-001	  8.3720321207410997e-001	  8.5854934336006017e-001	  8.5573561856287272e-001	  6.6467288164169058e-001	  1.2194016003270980e-001	  4.7775605940288644e-002	  2.3285016873109719e-002	  1.2846856004238866e-002	  7.7217420026186043e-003	  4.9458925571454152e-003	  2.2958082390708177e-003	
  8.5902816838780582e-001	  8.5895371683628130e-001	  8.3584211470888692e-001	  8.5868375430639587e-001	  8.5572588799343074e-001	  6.6105510636486298e-001	  1.2085603600826217e-001	  4.7452953688201911e-002	  2.3161517550908797e-002	  1.2791059506577874e-002	  7.6933579018884377e-003	  4.9300917829829720e-003	  2.2899296621822305e-003	
  8.5914664314276357e-001	  8.5904909540826557e-001	  8.3446360547817844e-001	  8.5881372430343417e-001	  8.5571496458023300e-001	  6.5749364523441045e-001	  1.2024248527587822e-001	  4.7319397926898280e-002	  2.3120215490333759e-002	  1.2775574632312792e-002	  7.6868468432261952e-003	  4.9271675864538990e-003	  2.2893105397531841e-003	
  8.5931039965498401e-001	  8.5917100115596756e-001	  8.3231266250178937e-001	  8.5899420109203461e-001	  8.5566999543322941e-001	  6.5185520688511356e-001	  1.1908330867914033e-001	  4.6992538495092967e-002	  2.2997124379123445e-002	  1.2720657333576975e-002	  7.6592517005891871e-003	  4.9120012321707341e-003	  2.2838054254102221e-003	
  8.5946468017879429e-001	  8.5927688534693825e-001	  8.3006033113338595e-001	  8.5916521645319133e-001	  8.5560755900223773e-001	  6.4601366958574447e-001	  1.1804254588799731e-001	  4.6711887053910869e-002	  2.2894407168187046e-002	  1.2675674847666478e-002	  7.6369614440481987e-003	  4.8998952203619644e-003	  2.2794990177546831e-003	
  8.5960978021281442e-001	  8.5937182721623817e-001	  8.2778300659336979e-001	  8.5932684164885753e-001	  8.5554858977808801e-001	  6.4041807432011499e-001	  1.1729887106088521e-001	  4.6521454695169051e-002	  2.2827031991715596e-002	  1.2647089736943756e-002	  7.6232599732701514e-003	  4.8927184553789202e-003	  2.2771344747274406e-003	
  8.5987498821466268e-001	  8.5949901845999599e-001	  8.2237974579990103e-001	  8.5962752401432330e-001	  8.5527040944453669e-001	  6.2608825959400394e-001	  1.1453829841114244e-001	  4.5705925708140034e-002	  2.2508545920135254e-002	  1.2499761273268864e-002	  7.5464657355844861e-003	  4.8489330882762601e-003	  2.2600901897252921e-003	
  8.6004096793811924e-001	  8.5958727740232443e-001	  8.1891328283412335e-001	  8.5981724032415030e-001	  8.5517641251869314e-001	  6.1855924148651920e-001	  1.1425442240377055e-001	  4.5685665602758802e-002	  2.2513929282091387e-002	  1.2506665276040069e-002	  7.5519904221062369e-003	  4.8530772312945303e-003	  2.2623498723689291e-003	
  8.6018843253200949e-001	  8.5963084525324329e-001	  8.1520240595271354e-001	  8.5998750165412619e-001	  8.5504138106040262e-001	  6.1075970850755357e-001	  1.1309580768543497e-001	  4.5326819378258672e-002	  2.2371548675916099e-002	  1.2440511647170967e-002	  7.5175323615004437e-003	  4.8334926674824096e-003	  2.2547878178320107e-003	
  8.6031862345893007e-001	  8.5966078507822952e-001	  8.1150752592281694e-001	  8.6013937211655755e-001	  8.5492303373150802e-001	  6.0383671104078351e-001	  1.1238975343461984e-001	  4.5144053626472259e-002	  2.2306433261538489e-002	  1.2412581572321668e-002	  7.5039590358329019e-003	  4.8262695339925327e-003	  2.2523165778691526e-003	
  8.6033261554071017e-001	  8.5962493337210144e-001	  8.1080378611822146e-001	  8.6015584030856795e-001	  8.5484494256624410e-001	  6.0184720657271973e-001	  1.1056419736263866e-001	  4.4313391154048143e-002	  2.1909279828258205e-002	  1.2206493427536831e-002	  7.3880972178921867e-003	  4.7564160921011438e-003	  2.2229072613235250e-003	
  8.6034623471389271e-001	  8.5960894281537514e-001	  8.1018646055266230e-001	  8.6017200413738515e-001	  8.5478625204891800e-001	  6.0021198512485063e-001	  1.1008901865967431e-001	  4.4334210851256085e-002	  2.1980269079418035e-002	  1.2260628832660566e-002	  7.4241335838901917e-003	  4.7802115684108309e-003	  2.2338997433965072e-003	
  8.6035955301228328e-001	  8.5961348235952095e-001	  8.0969425226064662e-001	  8.6018790522527211e-001	  8.5475030788121309e-001	  5.9900194308042076e-001	  1.1036654946409832e-001	  4.4576029411198495e-002	  2.2099668035754253e-002	  1.2319983612004922e-002	  7.4561247581654269e-003	  4.7989288431535878e-003	  2.2415236435563350e-003	
  8.6037566075149030e-001	  8.5962946398864803e-001	  8.0917737671294854e-001	  8.6020720571083054e-001	  8.5472354193048561e-001	  5.9784605735343954e-001	  1.1092944092641457e-001	  4.4817395879495861e-002	  2.2191701784843865e-002	  1.2360980824397417e-002	  7.4772529382056818e-003	  4.8110600094657067e-003	  2.2463879826732118e-003	
  8.6039144556519631e-001	  8.5964870269965910e-001	  8.0872280334776236e-001	  8.6022616454498901e-001	  8.5471239207385663e-001	  5.9699531323062360e-001	  1.1144171705538417e-001	  4.4962880649895190e-002	  2.2245028333087842e-002	  1.2386008708285908e-002	  7.4906785008358864e-003	  4.8189298846792461e-003	  2.2495812917954720e-003	
  8.6040692894449478e-001	  8.5966429668216804e-001	  8.0829070998991281e-001	  8.6024477328116111e-001	  8.5471060682567002e-001	  5.9633802869736863e-001	  1.1178990214453806e-001	  4.5036502131489915e-002	  2.2270192634383745e-002	  1.2396992234815904e-002	  7.4962352509356329e-003	  4.8220659171978571e-003	  2.2508015452504886e-003	
  8.6042213774742449e-001	  8.5967539869830800e-001	  8.0786221426691596e-001	  8.6026303693491213e-001	  8.5471303993084868e-001	  5.9577995611806334e-001	  1.1196486895139052e-001	  4.5059623782586079e-002	  2.2276886258869203e-002	  1.2399835673058726e-002	  7.4977115722513954e-003	  4.8229238107255932e-003	  2.2511455441118441e-003	
  8.6046883626179149e-001	  8.5968936617035596e-001	  8.0643224658620349e-001	  8.6031891424760154e-001	  8.5471572146213892e-001	  5.9403697736317573e-001	  1.1193687859420531e-001	  4.5009581801573585e-002	  2.2255168656879657e-002	  1.2389690654397434e-002	  7.4925084764490809e-003	  4.8200355779447913e-003	  2.2500850470608060e-003	
  8.6051289862125591e-001	  8.5966870710988308e-001	  8.0476356979684993e-001	  8.6037159477434733e-001	  8.5467291705326909e-001	  5.9157247651698430e-001	  1.1100172432461956e-001	  4.4696493347954461e-002	  2.2126419006802660e-002	  1.2328224550759739e-002	  7.4597454892202505e-003	  4.8010179732596867e-003	  2.2424854028476066e-003	
  8.6055407152834418e-001	  8.5964717241824784e-001	  8.0299813064830117e-001	  8.6042113805514808e-001	  8.5460373150829538e-001	  5.8871693448042817e-001	  1.1038425521411077e-001	  4.4558482871414534e-002	  2.2081611227870418e-002	  1.2310052102225157e-002	  7.4511980878965078e-003	  4.7965509743644955e-003	  2.2409876484385249e-003	
  8.6059213489037356e-001	  8.5963700209641780e-001	  8.0123771645988284e-001	  8.6046754424628302e-001	  8.5451967425567921e-001	  5.8565916099262172e-001	  1.0995116000818189e-001	  4.4429377952257834e-002	  2.2028579831422476e-002	  1.2284771890851058e-002	  7.4378140894517863e-003	  4.7888621609070469e-003	  2.2379796374783611e-003	
  8.6066068396462880e-001	  8.5956846125880804e-001	  7.9688834304616052e-001	  8.6055552635739763e-001	  8.5425529129829902e-001	  5.7754380934227567e-001	  1.0867868591421027e-001	  4.4041044410383041e-002	  2.1872862626215950e-002	  1.2211053975566931e-002	  7.3985781629261867e-003	  4.7660624720995371e-003	  2.2288169490668319e-003	
  8.6071058822799729e-001	  8.5947097414205720e-001	  7.9216514338269650e-001	  8.6062589726155103e-001	  8.5388343505001862e-001	  5.6751459184376440e-001	  1.0700864402396430e-001	  4.3520241611695314e-002	  2.1659956558924855e-002	  1.2108609976892219e-002	  7.3432884195831260e-003	  4.7335371818267684e-003	  2.2154784221622274e-003	
  8.6072430629191465e-001	  8.5947786844062990e-001	  7.9100377938988664e-001	  8.6064600610858000e-001	  8.5383455039234135e-001	  5.6569937949445459e-001	  1.0760616923709070e-001	  4.3784779447023019e-002	  2.1781386773915678e-002	  1.2170139491852475e-002	  7.3774285098846008e-003	  4.7539732870151364e-003	  2.2240179121693318e-003	
  8.6073657403631665e-001	  8.5947172755424839e-001	  7.8986589230059090e-001	  8.6066440996434879e-001	  8.5379522095036331e-001	  5.6412415710604424e-001	  1.0770470250693075e-001	  4.3779402426676044e-002	  2.1769816790628567e-002	  1.2162063322820514e-002	  7.3722892032725019e-003	  4.7506696341497335e-003	  2.2225301295291950e-003	
  8.6074750338192130e-001	  8.5944986721462124e-001	  7.8866665676295489e-001	  8.6068124320067718e-001	  8.5374747683086250e-001	  5.6245193452643127e-001	  1.0748316583929203e-001	  4.3688489640838012e-002	  2.1731089107726580e-002	  1.2143425749658432e-002	  7.3623101004537663e-003	  4.7448505380021282e-003	  2.2201785752550009e-003	
  8.6076374712276338e-001	  8.5938940957583554e-001	  7.8620176617775894e-001	  8.6070845878466729e-001	  8.5361851650731801e-001	  5.5869716744166464e-001	  1.0683675723551329e-001	  4.3484605586244431e-002	  2.1649019369359986e-002	  1.2104474727155626e-002	  7.3415375300329199e-003	  4.7327586419490392e-003	  2.2153070543767298e-003	
  8.6077416294775655e-001	  8.5930721730048210e-001	  7.8346444133468374e-001	  8.6072993463812653e-001	  8.5341917070782902e-001	  5.5371925700464641e-001	  1.0582754181320159e-001	  4.3161919307115826e-002	  2.1515757082979241e-002	  1.2040069475616826e-002	  7.3067132732738682e-003	  4.7122565875596994e-003	  2.2069023345420644e-003	
  8.6077901787492817e-001	  8.5925193107473841e-001	  7.8095388728411064e-001	  8.6074572079705625e-001	  8.5325477712107012e-001	  5.4954199947379889e-001	  1.0557041288445237e-001	  4.3115145935902051e-002	  2.1501921769282353e-002	  1.2034620826660354e-002	  7.3041361011705504e-003	  4.7108791460642781e-003	  2.2064009865091290e-003	
  8.6077561069917918e-001	  8.5914078996864118e-001	  7.7738672430328482e-001	  8.6075676638393872e-001	  8.5295974792594731e-001	  5.4271250936191040e-001	  1.0446613460463341e-001	  4.2741780915120285e-002	  2.1342870675748641e-002	  1.1956266367283671e-002	  7.2611924129124478e-003	  4.6853333572438238e-003	  2.1957660086043456e-003	
  8.6076310574956638e-001	  8.5905853937523635e-001	  7.7418918124112301e-001	  8.6075832533559804e-001	  8.5272382905950295e-001	  5.3724195096575844e-001	  1.0413789941215615e-001	  4.2666379036943793e-002	  2.1316201054985794e-002	  1.1944218782627483e-002	  7.2548488721185219e-003	  4.6816300109090948e-003	  2.1942328650465331e-003	
  8.6074077350271594e-001	  8.5893021585423557e-001	  7.7065971051438475e-001	  8.6075018460771902e-001	  8.5239540139187409e-001	  5.3019343858499524e-001	  1.0299150001340435e-001	  4.2273208374589102e-002	  2.1147436207890339e-002	  1.1860585383396112e-002	  7.2087833201800820e-003	  4.6541093225752296e-003	  2.1826987067725483e-003	
  8.6070288250050686e-001	  8.5882723439920039e-001	  7.6715960959813201e-001	  8.6072818504010906e-001	  8.5211751960381643e-001	  5.2431259510586459e-001	  1.0276532845299154e-001	  4.2235990547733464e-002	  2.1136917397026590e-002	  1.1856272909289776e-002	  7.2065413149594287e-003	  4.6527660022581590e-003	  2.1820894460805422e-003	
  8.6068553877866094e-001	  8.5871486418026333e-001	  7.6519896958722977e-001	  8.6071721995546624e-001	  8.5188142385091059e-001	  5.1965029112083849e-001	  1.0125578978856398e-001	  4.1666613424674995e-002	  2.0884377027809188e-002	  1.1729447311449561e-002	  7.1362799873918911e-003	  4.6106802140545994e-003	  2.1644352284108711e-003	
  8.6067900028815958e-001	  8.5872021783509578e-001	  7.6478513066279663e-001	  8.6071295710612417e-001	  8.5184832301883950e-001	  5.1896688522300782e-001	  1.0190001390371053e-001	  4.2032330126731972e-002	  2.1073847511492584e-002	  1.1831740421484641e-002	  7.1951295731627705e-003	  4.6466939418359568e-003	  2.1798735917539771e-003	
  8.6067225673600878e-001	  8.5874026008465432e-001	  7.6450183270973260e-001	  8.6070844288468840e-001	  8.5182595893603996e-001	  5.1849333553473720e-001	  1.0229388849425210e-001	  4.2128842909993462e-002	  2.1093529321916764e-002	  1.1834264543784343e-002	  7.1941017098674474e-003	  4.6452003493208981e-003	  2.1788462901687965e-003	
  8.6066533617190655e-001	  8.5873791379731124e-001	  7.6415609037582388e-001	  8.6070369766298160e-001	  8.5180569948080254e-001	  5.1806089369793762e-001	  1.0245882129572122e-001	  4.2154166193599865e-002	  2.1099877155806808e-002	  1.1836823060410324e-002	  7.1953332854300554e-003	  4.6458270919147822e-003	  2.1790126826288446e-003	
  8.6065087529769413e-001	  8.5870972183149552e-001	  7.6338465516987963e-001	  8.6069339763522601e-001	  8.5176076430937975e-001	  5.1714478391525776e-001	  1.0243532029094214e-001	  4.2115237310367939e-002	  2.1080803097927800e-002	  1.1826921277865936e-002	  7.1897065899339642e-003	  4.6423853214348811e-003	  2.1775231321807453e-003	
  8.6063572759359308e-001	  8.5866705756806361e-001	  7.6252098296088311e-001	  8.6068225437888590e-001	  8.5169854986786031e-001	  5.1593512454102908e-001	  1.0214346107856682e-001	  4.2003330433313342e-002	  2.1032380979803405e-002	  1.1802921529604772e-002	  7.1765143795588758e-003	  4.6345231354326319e-003	  2.1742450537397553e-003	
  8.6061983688427379e-001	  8.5861858081921838e-001	  7.6159799590466881e-001	  8.6067026808383196e-001	  8.5162470275225588e-001	  5.1453265932057379e-001	  1.0184302341691676e-001	  4.1912765170204140e-002	  2.0996132238240386e-002	  1.1785605311720002e-002	  7.1671801555545454e-003	  4.6290234365928074e-003	  2.1719810046692332e-003	
  8.6055820101485303e-001	  8.5846954728284408e-001	  7.5844387122625112e-001	  8.6062144945255692e-001	  8.5131639849468843e-001	  5.0896716425113475e-001	  1.0100178202764418e-001	  4.1649580952306295e-002	  2.0886845266258506e-002	  1.1732219239731995e-002	  7.1379904169851542e-003	  4.6116576535316029e-003	  2.1647381698481089e-003	
  8.6053476413047159e-001	  8.5834705278414247e-001	  7.5669138091217447e-001	  8.6060281688853635e-001	  8.5107283957802327e-001	  5.0449762206833049e-001	  9.9401489323678510e-002	  4.1050476166778406e-002	  2.0621580048454859e-002	  1.1599062449859919e-002	  7.0642267223189822e-003	  4.5674717996875376e-003	  2.1462019588577731e-003	
  8.6051635315317754e-001	  8.5833472643821529e-001	  7.5588377333415735e-001	  8.6058806466111093e-001	  8.5097708970399866e-001	  5.0280153236636316e-001	  9.9949077350055607e-002	  4.1375859778619115e-002	  2.0788794439330585e-002	  1.1688633642086620e-002	  7.1154871830806975e-003	  4.5987328192062839e-003	  2.1595460294052586e-003	
  8.6049729810895137e-001	  8.5832945676683270e-001	  7.5523113263518793e-001	  8.6057261283309949e-001	  8.5090634634621909e-001	  5.0157526835856581e-001	  1.0026112097718153e-001	  4.1457717107309118e-002	  2.0809772987887477e-002	  1.1694181072676267e-002	  7.1167968726024607e-003	  4.5988172917250719e-003	  2.1592191225112004e-003	
  8.6047767013770382e-001	  8.5830733993963981e-001	  7.5456060339080355e-001	  8.6055649599214190e-001	  8.5083782991832990e-001	  5.0040713814953586e-001	  1.0027007671331890e-001	  4.1425677977345900e-002	  2.0790544677846377e-002	  1.1683698761248272e-002	  7.1107843244800134e-003	  4.5951347804328874e-003	  2.1576191371222024e-003	
  8.6044016785271116e-001	  8.5824430448842803e-001	  7.5327884217569374e-001	  8.6052512744949838e-001	  8.5070264532448270e-001	  4.9814497236945926e-001	  1.0000425970347925e-001	  4.1320993460521462e-002	  2.0745496588067142e-002	  1.1661385964525491e-002	  7.0984476945534806e-003	  4.5877196838323663e-003	  2.1544725451836393e-003	
  8.6040070944594504e-001	  8.5816169079190296e-001	  7.5185019888411508e-001	  8.6049167619227818e-001	  8.5053117507397569e-001	  4.9526758178135460e-001	  9.9461921162028552e-002	  4.1135318178575894e-002	  2.0666045437911854e-002	  1.1621955842802126e-002	  7.0766762784885799e-003	  4.5746790243349020e-003	  2.1489863882505375e-003	
  8.6035923522868285e-001	  8.5808611097639431e-001	  7.5045884627382575e-001	  8.6045613820255185e-001	  8.5035521791659863e-001	  4.9237568185899261e-001	  9.9108164922007455e-002	  4.1033542387723720e-002	  2.0625212499301548e-002	  1.1602230691392303e-002	  7.0659017774966802e-003	  4.5682475123690119e-003	  2.1462769220047819e-003	
  8.6025018075995607e-001	  8.5789728209947858e-001	  7.4713278014472839e-001	  8.6036120155448303e-001	  8.4987234986118865e-001	  4.8458188235994021e-001	  9.8110165426763804e-002	  4.0703392857633011e-002	  2.0483124552273333e-002	  1.1531117286355119e-002	  7.0263019976459212e-003	  4.5443434537648288e-003	  2.1360889262188581e-003	
  8.6012805683734628e-001	  8.5768349848635916e-001	  7.4355941319069008e-001	  8.6025392706422932e-001	  8.4926415831659474e-001	  4.7481063290962172e-001	  9.6767517910636300e-002	  4.0252688506368463e-002	  2.0289322170772547e-002	  1.1434251306681333e-002	  6.9723932140756508e-003	  4.5118041696098933e-003	  2.1222123911110234e-003	
  8.6008931206422290e-001	  8.5766836002399649e-001	  7.4293867009800618e-001	  8.6021960029868882e-001	  8.4915996167573360e-001	  4.7338600070409581e-001	  9.7252267109626034e-002	  4.0468429276632981e-002	  2.0389392815115676e-002	  1.1485209514185548e-002	  7.0007010236604120e-003	  4.5287301503887847e-003	  2.1292558760245767e-003	
  8.6004970979621931e-001	  8.5763773653015385e-001	  7.4236703200795662e-001	  8.6018418797850216e-001	  8.4906528069955278e-001	  4.7214688162613117e-001	  9.7313916709219322e-002	  4.0452798514078049e-002	  2.0372434338819689e-002	  1.1473746952822385e-002	  6.9933128828178984e-003	  4.5238770002649096e-003	  2.1269852287235358e-003	
  8.6000933004396785e-001	  8.5758712898092149e-001	  7.4172844459074005e-001	  8.6014779142676379e-001	  8.4896034049505265e-001	  4.7074844816422456e-001	  9.7123587001838013e-002	  4.0369301748898800e-002	  2.0334882283983231e-002	  1.1454894354626459e-002	  6.9828516120954863e-003	  4.5175825372459049e-003	  2.1243131133619601e-003	
  8.5991881386968139e-001	  8.5745855173729824e-001	  7.4021843231314022e-001	  8.6006538979549707e-001	  8.4868685498226759e-001	  4.6699883288019117e-001	  9.6540753023068221e-002	  4.0172007482126931e-002	  2.0251020678142655e-002	  1.1413271075073396e-002	  6.9597895830568893e-003	  4.5037044627141551e-003	  2.1184242584474065e-003	
  8.5982370507284300e-001	  8.5730478247417141e-001	  7.3838503233832664e-001	  8.5997851392476510e-001	  8.4831374146752936e-001	  4.6158708697391315e-001	  9.5609391595612159e-002	  3.9857109605204298e-002	  2.0115229138735105e-002	  1.1345416366365151e-002	  6.9220988338681228e-003	  4.4810111223280427e-003	  2.1088003349224176e-003	
  8.5972447661553975e-001	  8.5719800434818960e-001	  7.3702979987223949e-001	  8.5988730117789858e-001	  8.4800466594641755e-001	  4.5751182819043135e-001	  9.5408299773845948e-002	  3.9820809858637854e-002	  2.0103223536563408e-002	  1.1339765907793127e-002	  6.9188664458375805e-003	  4.4789468566904444e-003	  2.1078142572842793e-003	
  8.5958966173741858e-001	  8.5700971095486522e-001	  7.3494592416811866e-001	  8.5976300102479364e-001	  8.4748576710674806e-001	  4.5027042178988957e-001	  9.4398787142649446e-002	  3.9451331810016352e-002	  1.9937678416120271e-002	  1.1255305278088070e-002	  6.8713349840392466e-003	  4.4500694586895413e-003	  2.0954218505021727e-003	
  8.5944872637443004e-001	  8.5687752168658970e-001	  7.3364604071566408e-001	  8.5963193577070873e-001	  8.4708604996372106e-001	  4.4543385581144818e-001	  9.4201938352151154e-002	  3.9415264607593113e-002	  1.9926039567639619e-002	  1.1249808172496880e-002	  6.8681147668983103e-003	  4.4479530142338851e-003	  2.0943633929479031e-003	
  8.5932631708189544e-001	  8.5669205958093642e-001	  7.3190305633977881e-001	  8.5951810041064947e-001	  8.4657458053574008e-001	  4.3838170773219454e-001	  9.2990340385469064e-002	  3.8962439828440040e-002	  1.9722613457141474e-002	  1.1146108355953937e-002	  6.8098655106950895e-003	  4.4126400174255443e-003	  2.0792698892850175e-003	
  8.5928606231388682e-001	  8.5669100946076926e-001	  7.3182010771675132e-001	  8.5948054181097755e-001	  8.4649689807265094e-001	  4.3774965300368757e-001	  9.3600093005350243e-002	  3.9251948878530118e-002	  1.9863039967624268e-002	  1.1219670949039598e-002	  6.8515190286487799e-003	  4.4378888672724119e-003	  2.0899776792309868e-003	
  8.5924546693930148e-001	  8.5667221952523465e-001	  7.3173113574044923e-001	  8.5944250663864796e-001	  8.4641763152275762e-001	  4.3706015416082139e-001	  9.3657469099990467e-002	  3.9224679146900275e-002	  1.9836064794572419e-002	  1.1201468695280619e-002	  6.8397807900076255e-003	  4.4301887022413456e-003	  2.0863955414360674e-003	
  8.5920455091517078e-001	  8.5663067976649510e-001	  7.3153999707460671e-001	  8.5940403557028044e-001	  8.4632446913586590e-001	  4.3612086436828457e-001	  9.3475887405475258e-002	  3.9137660609493211e-002	  1.9796434579029739e-002	  1.1181739621964303e-002	  6.8289538919003951e-003	  4.4237341739182456e-003	  2.0836898841998831e-003	
  8.5911582671731324e-001	  8.5652935079956183e-001	  7.3103311452093311e-001	  8.5932022791991503e-001	  8.4609461444288903e-001	  4.3360855490983230e-001	  9.3045508905348948e-002	  3.8991700557160260e-002	  1.9735361749889671e-002	  1.1151647349643115e-002	  6.8123106791115363e-003	  4.4137123861043267e-003	  2.0794272664491466e-003	
  8.5902523409769960e-001	  8.5641332483097155e-001	  7.3033804098193067e-001	  8.5923451589775379e-001	  8.4580508556369061e-001	  4.3011110599134533e-001	  9.2429102987449108e-002	  3.8781752854718757e-002	  1.9643853067357553e-002	  1.1105526237342603e-002	  6.7865383686920178e-003	  4.3981291060527748e-003	  2.0727854356227607e-003	
  8.5893274552222854e-001	  8.5631597373779034e-001	  7.2977438186320198e-001	  8.5914688778806814e-001	  8.4552148969868046e-001	  4.2682506676883003e-001	  9.2103636851816745e-002	  3.8688866952861209e-002	  1.9605876515846169e-002	  1.1086793459745458e-002	  6.7761010627943787e-003	  4.3917859178081173e-003	  2.0700388472280153e-003	
  8.5874109802939436e-001	  8.5611038489782121e-001	  7.2865592151801706e-001	  8.5896506275170714e-001	  8.4488636501097569e-001	  4.1937933673155975e-001	  9.1236394514637512e-002	  3.8385852364514479e-002	  1.9470979959778555e-002	  1.1017770913419406e-002	  6.7370538547842891e-003	  4.3679307097556812e-003	  2.0597064655117534e-003	
  8.5854149761622467e-001	  8.5590591645517800e-001	  7.2768447549984494e-001	  8.5877546307107544e-001	  8.4420860573755108e-001	  4.1159958845625400e-001	  9.0374213710404508e-002	  3.8093431232996404e-002	  1.9343364958914859e-002	  1.0953070929782475e-002	  6.7005867375958686e-003	  4.3456743290952587e-003	  2.0500574727379977e-003	
  8.5833569127149068e-001	  8.5574029454599687e-001	  7.2751989339459600e-001	  8.5857882719077638e-001	  8.4365093712992734e-001	  4.0605679976066233e-001	  9.0053018585044387e-002	  3.7998100261692265e-002	  1.9301443837385763e-002	  1.0931016523138219e-002	  6.6876580723713407e-003	  4.3374986541579166e-003	  2.0463170922773218e-003	
  8.5812218482967340e-001	  8.5550817205537211e-001	  7.2683957371152985e-001	  8.5837477977745391e-001	  8.4289740345472330e-001	  3.9769857075402654e-001	  8.8921728673951733e-002	  3.7570213805785270e-002	  1.9107493000849050e-002	  1.0831343729090592e-002	  6.6312602667185890e-003	  4.3030870142816225e-003	  2.0314610669008256e-003	
  8.5806021249479436e-001	  8.5549866267202357e-001	  7.2717422415310096e-001	  8.5831537119494405e-001	  8.4278862504601815e-001	  3.9721808059393315e-001	  8.9446919152036078e-002	  3.7813131446146175e-002	  1.9224234848799801e-002	  1.0892209367353196e-002	  6.6656194253684907e-003	  4.3238645292014563e-003	  2.0402426742614378e-003	
  8.5799791448573126e-001	  8.5546208567804027e-001	  7.2744294547029698e-001	  8.5825544112065921e-001	  8.4266696596123714e-001	  3.9643529956455220e-001	  8.9380495649074923e-002	  3.7744726661422180e-002	  1.9180965423050644e-002	  1.0866379226705192e-002	  6.6498173717167248e-003	  4.3137795121717644e-003	  2.0356777633577564e-003	
  8.5793529494787057e-001	  8.5540358363953550e-001	  7.2759198917374845e-001	  8.5819504386849632e-001	  8.4252455847975960e-001	  3.9528683127855130e-001	  8.9136631071067174e-002	  3.7645374476817269e-002	  1.9137519207763059e-002	  1.0845009277685735e-002	  6.6381319175572709e-003	  4.3068188473538108e-003	  2.0327613012522867e-003	
  8.5778532789284745e-001	  8.5526039188172309e-001	  7.2783737875413601e-001	  8.5804996850722537e-001	  8.4213593731448089e-001	  3.9179198202793625e-001	  8.8575048966319805e-002	  3.7458017895017841e-002	  1.9057941894366770e-002	  1.0805266886752665e-002	  6.6159335989851428e-003	  4.2933547108360351e-003	  2.0269804627509559e-003	
  8.5763262842109722e-001	  8.5510192296539145e-001	  7.2783195515941024e-001	  8.5790229466463863e-001	  8.4164790350843410e-001	  3.8682404106994928e-001	  8.7824262409915990e-002	  3.7198151091112568e-002	  1.8943033034487626e-002	  1.0746769106400059e-002	  6.5829945040920415e-003	  4.2733163597041442e-003	  2.0183641722052036e-003	
  8.5747759574893434e-001	  8.5498262383052603e-001	  7.2823360904279300e-001	  8.5775213383425875e-001	  8.4122342811679207e-001	  3.8306782603029788e-001	  8.7582381991543765e-002	  3.7139021498624490e-002	  1.8919604844202510e-002	  1.0735030292532460e-002	  6.5762488759347707e-003	  4.2690769040346650e-003	  2.0164253378080021e-003	
  8.5726377900113970e-001	  8.5478360298912204e-001	  7.2852703965679011e-001	  8.5754505738380737e-001	  8.4053286717913900e-001	  3.7636639328431670e-001	  8.6771861340313769e-002	  3.6830504286257219e-002	  1.8777611413092261e-002	  1.0661244604778923e-002	  6.5341674252038630e-003	  4.2432504510230666e-003	  2.0051909848565253e-003	
  8.5704646054656508e-001	  8.5462891785944795e-001	  7.2948945514820251e-001	  8.5733386678158141e-001	  8.3996837113096412e-001	  3.7185522937726101e-001	  8.6489994342115947e-002	  3.6756351884312650e-002	  1.8748132115308815e-002	  1.0646482124751243e-002	  6.5256714236730465e-003	  4.2378945773220980e-003	  2.0027266771954588e-003	
  8.5682419549180611e-001	  8.5441215068709864e-001	  7.2989297543318077e-001	  8.5711811874695554e-001	  8.3919712068176566e-001	  3.6453257922757842e-001	  8.5473386068445525e-002	  3.6364525404130314e-002	  1.8568115757958335e-002	  1.0553177807814514e-002	  6.4725931708812410e-003	  4.2053968887283784e-003	  1.9886439945946779e-003	
  8.5675252945499980e-001	  8.5439654104549578e-001	  7.3051916868092648e-001	  8.5704840956544315e-001	  8.3906598153646716e-001	  3.6413782145052725e-001	  8.5933150563673108e-002	  3.6582955815789985e-002	  1.8674625924711277e-002	  1.0609204760606504e-002	  6.5043987876313887e-003	  4.2246992277673199e-003	  1.9968382131072679e-003	
  8.5668065843189556e-001	  8.5435394195346936e-001	  7.3105618381368198e-001	  8.5697832285944597e-001	  8.3891522159044407e-001	  3.6330115506512478e-001	  8.5824632789375452e-002	  3.6501956983992487e-002	  1.8625910273322169e-002	  1.0580537129260595e-002	  6.4869528557782259e-003	  4.2135910648884280e-003	  1.9918199225194971e-003	
  8.5660856475411706e-001	  8.5429182161535366e-001	  7.3147724646321677e-001	  8.5690789526614719e-001	  8.3874180607432469e-001	  3.6207993072583139e-001	  8.5575820196181249e-002	  3.6402710539169547e-002	  1.8582688591459090e-002	  1.0559323396759603e-002	  6.4753669316042440e-003	  4.2066932017592778e-003	  1.9889305680658846e-003	
  8.5643870921460163e-001	  8.5414776723694408e-001	  7.3239563629904536e-001	  8.5674163856007968e-001	  8.3829264740162401e-001	  3.5864557241598760e-001	  8.5049059845843614e-002	  3.6227342241948061e-002	  1.8507972793800787e-002	  1.0521814428386272e-002	  6.4543017651202796e-003	  4.1938532856300986e-003	  1.9833765131903659e-003	
  8.5626692028377960e-001	  8.5399504133554049e-001	  7.3315139496489545e-001	  8.5657353804139025e-001	  8.3776295802402068e-001	  3.5413825305289998e-001	  8.4423665548778976e-002	  3.6009296902290065e-002	  1.8410356248220107e-002	  1.0471618707308549e-002	  6.4258200361842618e-003	  4.1764230785668981e-003	  1.9758196737631292e-003	
  8.5609356504934597e-001	  8.5387151826904240e-001	  7.3422507634681566e-001	  8.5640371003711835e-001	  8.3729280988686827e-001	  3.5067407048115901e-001	  8.4174998535439569e-002	  3.5940353988360686e-002	  1.8381295854950127e-002	  1.0456723530685429e-002	  6.4172127743657185e-003	  4.1710205581426546e-003	  1.9733674747886834e-003	
  8.5583785265074042e-001	  8.5366084755098381e-001	  7.3558179192629203e-001	  8.5615321314184567e-001	  8.3649682642802392e-001	  3.4429148322019332e-001	  8.3435229503205796e-002	  3.5654798272997959e-002	  1.8248605707742675e-002	  1.0387273468971553e-002	  6.3773779598220483e-003	  4.1464608174145131e-003	  1.9626150178021925e-003	
  8.5557981289981533e-001	  8.5348781624785675e-001	  7.3753553078533496e-001	  8.5589965783570232e-001	  8.3584235501755832e-001	  3.4000052325210955e-001	  8.3129862107286873e-002	  3.5568487856364989e-002	  1.8212881348184072e-002	  1.0369063789321937e-002	  6.3668343763189882e-003	  4.1398088105432437e-003	  1.9595649076285049e-003	
  8.5531764502390273e-001	  8.5325626402120691e-001	  7.3889262045159432e-001	  8.5564246966516533e-001	  8.3494423875950341e-001	  3.3290797724422422e-001	  8.2149848601945727e-002	  3.5183120567975047e-002	  1.8034074589540604e-002	  1.0275795018580697e-002	  6.3135363442126009e-003	  4.1070672519553314e-003	  1.9453126353714497e-003	
  8.5524512343392090e-001	  8.5325375499486578e-001	  7.3982680175616300e-001	  8.5557116397156441e-001	  8.3485227571770459e-001	  3.3335525071775990e-001	  8.2837185814748013e-002	  3.5487666747885942e-002	  1.8178440773659502e-002	  1.0350768249505812e-002	  6.3558367717774953e-003	  4.1326632695300848e-003	  1.9561577552118558e-003	
  8.5517259342906482e-001	  8.5320700199925825e-001	  7.4054044519050699e-001	  8.5549967864384391e-001	  8.3471306406151491e-001	  3.3288125591000506e-001	  8.2609208955764415e-002	  3.5349813685092442e-002	  1.8103995897815542e-002	  1.0309338564601327e-002	  6.3314241998662446e-003	  4.1174299134675166e-003	  1.9494325524700787e-003	
  8.5510002172998267e-001	  8.5314654255016953e-001	  7.4114679468695854e-001	  8.5542803965049130e-001	  8.3454494536743273e-001	  3.3190502149473250e-001	  8.2321115040971865e-002	  3.5247452657801562e-002	  1.8061187828189759e-002	  1.0288510308786580e-002	  6.3200331518219943e-003	  4.1106225594502756e-003	  1.9465615368464469e-003	
  8.5494760492940725e-001	  8.5302349891667928e-001	  7.4234826053682978e-001	  8.5527737389201131e-001	  8.3415248940967335e-001	  3.2930669144432667e-001	  8.1922478131139773e-002	  3.5116281165349053e-002	  1.8004032905017422e-002	  1.0259388257363835e-002	  6.3035431363712468e-003	  4.1005243908250515e-003	  1.9421746404629013e-003	
  8.5479451677818696e-001	  8.5290002167440104e-001	  7.4347010819757686e-001	  8.5512604346787990e-001	  8.3371502882453696e-001	  3.2617517261942386e-001	  8.1504241487943802e-002	  3.4968834058756178e-002	  1.7937887182882431e-002	  1.0225317454935309e-002	  6.2841614512209017e-003	  4.0886286161831440e-003	  1.9369920621827583e-003	
  8.5464081831904215e-001	  8.5278973019854964e-001	  7.4470146672315318e-001	  8.5497406753276928e-001	  8.3329600847835672e-001	  3.2348620747512180e-001	  8.1277126009932962e-002	  3.4891682000894035e-002	  1.7903000827662344e-002	  1.0207011499930646e-002	  6.2735394038902111e-003	  4.0819884087791589e-003	  1.9340165662778553e-003	
  8.5429487948090421e-001	  8.5252815125324222e-001	  7.4734932326836301e-001	  8.5463194237946860e-001	  8.3227662220476639e-001	  3.1673730058811850e-001	  8.0478313577925356e-002	  3.4602660268151814e-002	  1.7771672592934110e-002	  1.0138712535445765e-002	  6.2343801899785297e-003	  4.0577965924120107e-003	  1.9233717113417909e-003	
  8.5394676006507719e-001	  8.5228228387382232e-001	  7.5029747923766754e-001	  8.5428717514321895e-001	  8.3132111591093005e-001	  3.1121257340532110e-001	  7.9942940019948464e-002	  3.4410243402744164e-002	  1.7683136448205950e-002	  1.0091985304322352e-002	  6.2072207259347579e-003	  4.0408158795533534e-003	  1.9157656399431784e-003	
  8.5359707057289846e-001	  8.5203127555021763e-001	  7.5333289707268658e-001	  8.5394029324933562e-001	  8.3037242017174206e-001	  3.0593265199403225e-001	  7.9346579425832814e-002	  3.4191510006065851e-002	  1.7582314296069986e-002	  1.0038913945715476e-002	  6.1764855659240782e-003	  4.0216688618924584e-003	  1.9072379860200601e-003	
  8.5356115344119743e-001	  8.5195581653467689e-001	  7.5325667350457581e-001	  8.5390475008299216e-001	  8.3014178242796910e-001	  3.0338042133234561e-001	  7.8249654221975357e-002	  3.3703307694608380e-002	  1.7345602080874389e-002	  9.9136050682353954e-003	  6.1047009738663801e-003	  3.9776932470585230e-003	  1.8882610473991621e-003	
  8.5352508477612077e-001	  8.5191225445058760e-001	  7.5333656541864613e-001	  8.5386914178719520e-001	  8.2995622943819913e-001	  3.0165390316031254e-001	  7.8136191926404058e-002	  3.3764477807299284e-002	  1.7402643262322166e-002	  9.9515178191219439e-003	  6.1289140185735629e-003	  3.9934385193101741e-003	  1.8954843092740350e-003	
  8.5348891839126462e-001	  8.5189554352562469e-001	  7.5359808410863605e-001	  8.5383347840064472e-001	  8.2982028460122548e-001	  3.0077210340778904e-001	  7.8429278179212247e-002	  3.3918104464918580e-002	  1.7472827569565929e-002	  9.9860132535567869e-003	  6.1475478844705972e-003	  4.0043783413984003e-003	  1.8999616930278703e-003	
  8.5343210050392937e-001	  8.5188219085977368e-001	  7.5417943151821176e-001	  8.5377743838692155e-001	  8.2967023590704192e-001	  3.0029922119612851e-001	  7.8791883871891705e-002	  3.4035026937424141e-002	  1.7516880808802496e-002	  1.0005896081905306e-002	  6.1577934824954775e-003	  4.0101931082200922e-003	  1.9022150474562382e-003	
  8.5337529535038481e-001	  8.5186762528790294e-001	  7.5484764514042768e-001	  8.5372132455110938e-001	  8.2956529419682890e-001	  3.0042220363190469e-001	  7.9048514758175162e-002	  3.4107264891523256e-002	  1.7544841977548832e-002	  1.0018906315797325e-002	  6.1646002922940970e-003	  4.0140733140325438e-003	  1.9037125596987573e-003	
  8.5331857367676234e-001	  8.5184485077991090e-001	  7.5552732285473512e-001	  8.5366516575208840e-001	  8.2947737296335200e-001	  3.0066063192880482e-001	  7.9143848402739012e-002	  3.4122313012490940e-002	  1.7547812118138453e-002	  1.0019276634162388e-002	  6.1643561334408887e-003	  4.0137134772746316e-003	  1.9034282550825631e-003	
  8.5318449328816681e-001	  8.5176250675787835e-001	  7.5704317035249691e-001	  8.5353178639922900e-001	  8.2925892978402549e-001	  3.0062840702836074e-001	  7.9045584927706192e-002	  3.4070158788147939e-002	  1.7521513075418379e-002	  1.0004863947543746e-002	  6.1558110898801569e-003	  4.0083031167344012e-003	  1.9009695494609201e-003	
  8.5305087981402428e-001	  8.5166296680805742e-001	  7.5840608132898935e-001	  8.5339846919346862e-001	  8.2899357250306371e-001	  2.9962992644888731e-001	  7.8765484755276657e-002	  3.3965965705035170e-002	  1.7474147359349768e-002	  9.9803144862576181e-003	  6.1417931424261460e-003	  3.9996757253745654e-003	  1.8971991929262468e-003	
  8.5291759338163731e-001	  8.5156421226888768e-001	  7.5972420925203599e-001	  8.5326525841115919e-001	  8.2870443014180650e-001	  2.9829409889493907e-001	  7.8555505075748044e-002	  3.3892547712212506e-002	  1.7440956222283355e-002	  9.9630079510053954e-003	  6.1318272979880581e-003	  3.9934912694635913e-003	  1.8944616667150480e-003	
  8.5257778055883693e-001	  8.5130928648171689e-001	  7.6284936606434561e-001	  8.5292538849667210e-001	  8.2785917655756669e-001	  2.9380905794171736e-001	  7.7956104443902871e-002	  3.3674736727159642e-002	  1.7341243460668645e-002	  9.9108154210716132e-003	  6.1017444178941213e-003	  3.9748255577698637e-003	  1.8862012349231160e-003	
  8.5223832171014302e-001	  8.5105952089602110e-001	  7.6589785674978339e-001	  8.5258602821948459e-001	  8.2696066590970063e-001	  2.8905097054913603e-001	  7.7401559377580129e-002	  3.3472298437904599e-002	  1.7247928799019759e-002	  9.8616459486797117e-003	  6.0732372701805693e-003	  3.9570496408038898e-003	  1.8782738284221028e-003	
  8.5190137120619125e-001	  8.5082869545215789e-001	  7.6922765462947396e-001	  8.5224822330481731e-001	  8.2624855552053866e-001	  2.8658242643559095e-001	  7.7238877706921102e-002	  3.3407578359005909e-002	  1.7214927266158014e-002	  9.8428358051642420e-003	  6.0616497555160123e-003	  3.9494693335445251e-003	  1.8746681209125503e-003	
  8.5178013375355155e-001	  8.5070841988033186e-001	  7.7000254893528097e-001	  8.5212700219526771e-001	  8.2580011756697824e-001	  2.8319897190544524e-001	  7.6441571208488476e-002	  3.3103098612449609e-002	  1.7076387296765933e-002	  9.7715529986261845e-003	  6.0213379912596324e-003	  3.9249113981068787e-003	  1.8641051261406108e-003	
  8.5168091363295140e-001	  8.5066022693804344e-001	  7.7107284632718409e-001	  8.5202770854462062e-001	  8.2561910597781840e-001	  2.8313643097929531e-001	  7.6916729150016294e-002	  3.3313992961402680e-002	  1.7175953514013409e-002	  9.8230678737354690e-003	  6.0503017823927202e-003	  3.9423792434269550e-003	  1.8714688075758606e-003	
  8.5158195786001623e-001	  8.5059166071476100e-001	  7.7204188409568508e-001	  8.5192855250003463e-001	  8.2541274467596437e-001	  2.8253623020323854e-001	  7.6778371495764525e-002	  3.3230459319819106e-002	  1.7130485742087472e-002	  9.7974873242710741e-003	  6.0350590828017782e-003	  3.9327691477128073e-003	  1.8671562386746482e-003	
  8.5148326645553685e-001	  8.5052124858282141e-001	  7.7299637170932056e-001	  8.5182955750654199e-001	  8.2520204574055078e-001	  2.8178953171985038e-001	  7.6642961130164833e-002	  3.3181928696107275e-002	  1.7109250210590010e-002	  9.7866281610827967e-003	  6.0288471698172605e-003	  3.9289126669342913e-003	  1.8654359968454581e-003	
  8.5113039875388019e-001	  8.5025681869643277e-001	  7.7624336659877968e-001	  8.5147487195118710e-001	  8.2440241269368697e-001	  2.7849170585120087e-001	  7.6191847992311948e-002	  3.3012879312431430e-002	  1.7029873107345300e-002	  9.7442594955001131e-003	  6.0040498757314795e-003	  3.9133362830756982e-003	  1.8584205065964681e-003	
  8.5078002287556442e-001	  8.4998965442242136e-001	  7.7931357762725884e-001	  8.5112268002683411e-001	  8.2354427473166769e-001	  2.7461898062906293e-001	  7.5688654087860713e-002	  3.2824489787917771e-002	  1.6941749418701697e-002	  9.6973626819989410e-003	  5.9766581673455403e-003	  3.8961564750725599e-003	  1.8506941175772502e-003	
  8.5049406267986760e-001	  8.4979266702694078e-001	  7.8219313027682225e-001	  8.5083412091845467e-001	  8.2309982522961422e-001	  2.7421434164422509e-001	  7.5815029226976902e-002	  3.2862648058330848e-002	  1.6954346485929618e-002	  9.7017206615677195e-003	  5.9780791575270676e-003	  3.8964646712660528e-003	  1.8504606089494832e-003	
  8.5040589924281695e-001	  8.4969663733068823e-001	  7.8269350546246441e-001	  8.5074537020654595e-001	  8.2276080641576399e-001	  2.7144196096691786e-001	  7.4965700577957498e-002	  3.2525250487845977e-002	  1.6798802775192672e-002	  9.6213143407253149e-003	  5.9325517292205593e-003	  3.8687374754885488e-003	  1.8385536680529738e-003	
  8.5031787405252790e-001	  8.4963979840364690e-001	  7.8349960419659459e-001	  8.5065680697058976e-001	  8.2256635860962102e-001	  2.7085379663071046e-001	  7.5262970408040628e-002	  3.2681823609325707e-002	  1.6877242159849381e-002	  9.6630518555477340e-003	  5.9563809974422441e-003	  3.8832423482422856e-003	  1.8447339037099806e-003	
  8.5023011986762653e-001	  8.4957963851552476e-001	  7.8432837882525741e-001	  8.5056845633260714e-001	  8.2239951594471916e-001	  2.7054780585590255e-001	  7.5313700185867374e-002	  3.2679597877034325e-002	  1.6869508038546709e-002	  9.6568800132931527e-003	  5.9520553239233755e-003	  3.8802407760703925e-003	  1.8432317891117337e-003	
  8.5005606001930556e-001	  8.4944978829768947e-001	  7.8593009572020267e-001	  8.5039288292447557e-001	  8.2207470061541033e-001	  2.6975707547036915e-001	  7.5183478030298859e-002	  3.2619395012061368e-002	  1.6839530557618314e-002	  9.6404190239186040e-003	  5.9422289879401463e-003	  3.8739700289257494e-003	  1.8403406371569515e-003	
  8.4988322691419338e-001	  8.4931633377017812e-001	  7.8747137702781456e-001	  8.5021836696988540e-001	  8.2173965038914321e-001	  2.6863632239627533e-001	  7.4996062723605650e-002	  3.2547539633666543e-002	  1.6805311221606702e-002	  9.6219338986677314e-003	  5.9313006691342042e-003	  3.8670480475975675e-003	  1.8371843615875821e-003	
  8.4971176718227714e-001	  8.4918473208348899e-001	  7.8900709636588651e-001	  8.5004502346076005e-001	  8.2141765470338701e-001	  2.6768058259967020e-001	  7.4883484421541927e-002	  3.2501983947280502e-002	  1.6782481152918600e-002	  9.6091360260565431e-003	  5.9235212941932637e-003	  3.8620135342082376e-003	  1.8348209159578953e-003	
  8.4910219661760289e-001	  8.4870124688976345e-001	  7.9423635776825552e-001	  8.4942726410906211e-001	  8.2028641414950254e-001	  2.6405424216857198e-001	  7.4377418901293763e-002	  3.2297961256829828e-002	  1.6681929262605165e-002	  9.5535721120868257e-003	  5.8901229508775809e-003	  3.8405875086082856e-003	  1.8248754355419683e-003	
  8.4889657062524015e-001	  8.4855031383776414e-001	  7.9627713039260817e-001	  8.4921798972971196e-001	  8.2015641645636883e-001	  2.6537237537110703e-001	  7.4724997011603775e-002	  3.2416384108330490e-002	  1.6730787954953398e-002	  9.5766533763019020e-003	  5.9021993038645658e-003	  3.8474308536485279e-003	  1.8274830632342203e-003	
  8.4883553134908496e-001	  8.4848082264096958e-001	  7.9658818145768162e-001	  8.4915598796750569e-001	  8.1993608455865119e-001	  2.6333978122048285e-001	  7.3898031017537183e-002	  3.2071726007651069e-002	  1.6568970387413087e-002	  9.4923271446282417e-003	  5.8542756081604074e-003	  3.8181970470810107e-003	  1.8149151645601167e-003	
  8.4877455789342493e-001	  8.4843037683580602e-001	  7.9703118174656074e-001	  8.4909416401843807e-001	  8.1978082716190803e-001	  2.6241915408858041e-001	  7.3959002002067772e-002	  3.2148352725492879e-002	  1.6615054538971916e-002	  9.5188061919462292e-003	  5.8700158569159290e-003	  3.8280117142846667e-003	  1.8192143184305057e-003	
  8.4871371719223199e-001	  8.4838379302658173e-001	  7.9753359824640968e-001	  8.4903251212324971e-001	  8.1966622515314880e-001	  2.6209042206043454e-001	  7.4089951196269530e-002	  3.2194512920233676e-002	  1.6631853796899979e-002	  9.5257611263793833e-003	  5.8732542100997124e-003	  3.8296705875110553e-003	  1.8197453971640096e-003	
  8.4859803779221965e-001	  8.4829270663779655e-001	  7.9851192873460752e-001	  8.4891521211069421e-001	  8.1948612956328148e-001	  2.6185000127774577e-001	  7.4128239340515073e-002	  3.2191288971925761e-002	  1.6626003503218974e-002	  9.5213074899506908e-003	  5.8701175299078713e-003	  3.8274504415615543e-003	  1.8185883909078214e-003	
  8.4848316566286175e-001	  8.4819879584496427e-001	  7.9946648798734421e-001	  8.4879862818877527e-001	  8.1932033675685645e-001	  2.6164578473242156e-001	  7.4078201804098270e-002	  3.2165962893855191e-002	  1.6612567119671372e-002	  9.5135396782205749e-003	  5.8652927323518921e-003	  3.8242763094625890e-003	  1.8170637651395386e-003	
  8.4836921057603465e-001	  8.4810538059362994e-001	  8.0041022543675178e-001	  8.4868282417575747e-001	  8.1915842394480753e-001	  2.6137453652115261e-001	  7.4024094319308259e-002	  3.2140836458067999e-002	  1.6599191277009227e-002	  9.5057839756887991e-003	  5.8604734123183068e-003	  3.8211081676532309e-003	  1.8155450876568954e-003	
  8.4774384990825968e-001	  8.4757754435801724e-001	  8.0546770414649094e-001	  8.4804466783476917e-001	  8.1839380790298499e-001	  2.6025989412029243e-001	  7.3804057293132594e-002	  3.2031414640534266e-002	  1.6538325260415002e-002	  9.4694765204762239e-003	  5.8374552451808306e-003	  3.8057495027147953e-003	  1.8080383553451661e-003	
  8.4765274421908510e-001	  8.4751150206386272e-001	  8.0645715361712156e-001	  8.4795119561661014e-001	  8.1850715705223598e-001	  2.6270420525364108e-001	  7.4491351679009679e-002	  3.2288585992454190e-002	  1.6652347357943284e-002	  9.5267371836487650e-003	  5.8691213727313238e-003	  3.8246487207147738e-003	  1.8159049905061189e-003	
  8.4758432012394447e-001	  8.4744031040698631e-001	  8.0689239228799836e-001	  8.4788103937471093e-001	  8.1838168041001491e-001	  2.6159179442692843e-001	  7.3764684552854759e-002	  3.1969461490289154e-002	  1.6499752037730856e-002	  9.4465290906715176e-003	  5.8233169295904769e-003	  3.7966212828537418e-003	  1.8038092938694929e-003	
  8.4751616898372628e-001	  8.4737939650493110e-001	  8.0736524440356550e-001	  8.4781127765294606e-001	  8.1826319948112869e-001	  2.6079013663223582e-001	  7.3657997286492652e-002	  3.1966192495919289e-002	  1.6506451447721757e-002	  9.4520041122936240e-003	  5.8269715796452739e-003	  3.7990098751446988e-003	  1.8048903809687680e-003	
  8.4744827533043365e-001	  8.4731741618870093e-001	  8.0784486555248824e-001	  8.4774187809370083e-001	  8.1815582495097627e-001	  2.6029160658144190e-001	  7.3667925370985876e-002	  3.1970176980099109e-002	  1.6505907467091359e-002	  9.4506847034249095e-003	  5.8257713040182520e-003	  3.7980618828906392e-003	  1.8043503977491495e-003	
  8.4726900560496365e-001	  8.4715941349671153e-001	  8.0916819337628287e-001	  8.4755869913314474e-001	  8.1793053400541560e-001	  2.5974444861578116e-001	  7.3652692359733388e-002	  3.1954131563070143e-002	  1.6494647175293874e-002	  9.4431952556583414e-003	  5.8207024037230694e-003	  3.7945289254091383e-003	  1.8025288708173066e-003	
  8.4709261387934953e-001	  8.4700406493870906e-001	  8.1050981003699951e-001	  8.4737824731388234e-001	  8.1777674293295965e-001	  2.5991091603242306e-001	  7.3694915747471404e-002	  3.1958720304562149e-002	  1.6492615483932650e-002	  9.4403886201409604e-003	  5.8182562614617446e-003	  3.7925819071414676e-003	  1.8013835809016017e-003	
  8.4691887599483417e-001	  8.4684353319325523e-001	  8.1174364350144734e-001	  8.4720048778975088e-001	  8.1761718184388932e-001	  2.5978465295784364e-001	  7.3611435030277020e-002	  3.1917475141303088e-002	  1.6470339239718246e-002	  9.4273988257006277e-003	  5.8101554672351013e-003	  3.7872417906671179e-003	  1.7988114119770586e-003	
  8.4646698781171270e-001	  8.4643204843294939e-001	  8.1516249420792064e-001	  8.4673513929231925e-001	  8.1751255238521692e-001	  2.6187199331870564e-001	  7.3851694666983395e-002	  3.1973847003420701e-002	  1.6484145077206101e-002	  9.4296182581820910e-003	  5.8090722273277141e-003	  3.7853490370018286e-003	  1.7971719926287710e-003	
  8.4637324621280663e-001	  8.4633867571959698e-001	  8.1564040977905305e-001	  8.4663898043018393e-001	  8.1727797155462922e-001	  2.5980448697358044e-001	  7.3223208768142214e-002	  3.1730295519968477e-002	  1.6372586314290106e-002	  9.3719424856866344e-003	  5.7763321700615503e-003	  3.7653444422783987e-003	  1.7885245590550938e-003	
  8.4629750246945279e-001	  8.4627346622425126e-001	  8.1625581127497893e-001	  8.4656124759166085e-001	  8.1729060768189643e-001	  2.6087171317214253e-001	  7.3786876617015149e-002	  3.1965206829252892e-002	  1.6481135014533251e-002	  9.4275398355445992e-003	  5.8074056641146156e-003	  3.7840061804881222e-003	  1.7963444141901063e-003	
  8.4622245970493393e-001	  8.4619941180648228e-001	  8.1678136896624620e-001	  8.4648417060168835e-001	  8.1726396553330538e-001	  2.6120442819396905e-001	  7.3713680862682485e-002	  3.1903888497657490e-002	  1.6445520864715183e-002	  9.4069382759477335e-003	  5.7949260397463162e-003	  3.7760486227634647e-003	  1.7927155706890623e-003	
  8.4618573561074506e-001	  8.4616505270104325e-001	  8.1704290555043391e-001	  8.4644642887809207e-001	  8.1725463738718185e-001	  2.6139590949959046e-001	  7.3723132253934856e-002	  3.1909013617228421e-002	  1.6448670952505382e-002	  9.4087189283610442e-003	  5.7959244198940267e-003	  3.7766202688800377e-003	  1.7929214774588776e-003	
