  3.7025354170179270e+000	  3.6830883398950576e+000	  3.5547927241419419e+000	  2.0810633365930808e+000	  1.9746105394209401e+000	  1.7663619507910511e+000	  3.0078808171607463e+000	  2.6840672023600298e+000	  2.4780738137948344e+000	  4.0550918463424512e+000	  4.2721836920089906e+000	  2.1789788013901745e+000	  1.9787268366968647e+000	
  3.7002331457984816e+000	  3.6808604044020754e+000	  3.5524293128825768e+000	  2.0808138621648542e+000	  1.9744932910805701e+000	  1.7662925812551578e+000	  3.0039561008907700e+000	  2.6840472068494492e+000	  2.4780681160709861e+000	  4.0538181850036104e+000	  4.2700904108934346e+000	  2.1788239924271924e+000	  1.9785601645248008e+000	
  3.6975969743147097e+000	  3.6783305362928509e+000	  3.5497206753127841e+000	  2.0802864204398919e+000	  1.9742347533378002e+000	  1.7661358578666686e+000	  3.0000846295370476e+000	  2.6839995130338856e+000	  2.4780545585936231e+000	  4.0522523072570316e+000	  4.2677198045322218e+000	  2.1784850551496149e+000	  1.9781943256935719e+000	
  3.6950966625608483e+000	  3.6759425439738536e+000	  3.5471729997484935e+000	  2.0795097191967926e+000	  1.9738497208952044e+000	  1.7658972510048443e+000	  2.9962658819304711e+000	  2.6839232560040838e+000	  2.4780329260667422e+000	  4.0507011509172131e+000	  4.2654728613504833e+000	  2.1779831730286414e+000	  1.9776511676101727e+000	
  3.6795050794506956e+000	  3.6611845409821875e+000	  3.5318568429667518e+000	  2.0695579320151314e+000	  1.9689832633276172e+000	  1.7625864453778561e+000	  2.9691386552734844e+000	  2.6826374565762645e+000	  2.4776659458141115e+000	  4.0406126964842581e+000	  4.2513569911275528e+000	  2.1717883543959093e+000	  1.9708818773487291e+000	
  3.6676161117774608e+000	  3.6501175130994046e+000	  3.5209366375807960e+000	  2.0549861743413000e+000	  1.9619241561754652e+000	  1.7573289666612535e+000	  2.9448472532425107e+000	  2.6802334789515214e+000	  2.4769680367264790e+000	  4.0324161124227764e+000	  4.2405008586854365e+000	  2.1630431108752290e+000	  1.9612609708619111e+000	
  3.6569319747394857e+000	  3.6402283888057330e+000	  3.5113617608062420e+000	  2.0395412429101700e+000	  1.9543843737119815e+000	  1.7512045935779152e+000	  2.9231654364672011e+000	  2.6769780738546967e+000	  2.4759938522656011e+000	  4.0249197731820896e+000	  4.2307676617807655e+000	  2.1539998586066478e+000	  1.9513000806961056e+000	
  3.6464896447077066e+000	  3.6305251435098107e+000	  3.5019525074413416e+000	  2.0247453093074075e+000	  1.9468870530974236e+000	  1.7446980451139016e+000	  2.9037685887272069e+000	  2.6730603672706632e+000	  2.4747736747368076e+000	  4.0175817753376197e+000	  4.2212877326650577e+000	  2.1452963491821464e+000	  1.9417736231450711e+000	
  3.6234966359605103e+000	  3.6088909101841260e+000	  3.4809196923260011e+000	  1.9949647786670077e+000	  1.9301624258363237e+000	  1.7295625460260755e+000	  2.8667370161483685e+000	  2.6626600165866599e+000	  2.4712594233016194e+000	  4.0014521288549432e+000	  4.2003289825933710e+000	  2.1265744652700924e+000	  1.9216678867965964e+000	
  3.6011198265653022e+000	  3.5874991974524928e+000	  3.4601487128356201e+000	  1.9688695305724035e+000	  1.9132337493705798e+000	  1.7138687494344662e+000	  2.8366832467552339e+000	  2.6505156072813563e+000	  2.4667370515001341e+000	  3.9857326088486023e+000	  4.1797408902752853e+000	  2.1082938882501789e+000	  1.9025039694919865e+000	
  3.5793488354354253e+000	  3.5664156291936866e+000	  3.4397383406825632e+000	  1.9456022910859794e+000	  1.8961099279490856e+000	  1.6979863285027097e+000	  2.8115601757396913e+000	  2.6372906845506527e+000	  2.4613262756918441e+000	  3.9703792941592209e+000	  4.1595015098456756e+000	  2.0901826325931960e+000	  1.8838522709645478e+000	
  3.5581157076673975e+000	  3.5456585131177221e+000	  3.4196848735463803e+000	  1.9243957997103767e+000	  1.8789430964110121e+000	  1.6821094409993353e+000	  2.7898812980062804e+000	  2.6234467803871730e+000	  2.4551352918782410e+000	  3.9553391230611190e+000	  4.1396032597336152e+000	  2.0722562990886928e+000	  1.8655988662485967e+000	
  3.5212486068505466e+000	  3.5093461691702021e+000	  3.3846436870801355e+000	  1.8897187940787319e+000	  1.8485303914601570e+000	  1.6539283598226984e+000	  2.7562739334070496e+000	  2.5980604096984550e+000	  2.4424276085599494e+000	  3.9290350967355891e+000	  4.1048125027183247e+000	  2.0408173304469202e+000	  1.8338615486748200e+000	
  3.4857562586707580e+000	  3.4741682553609543e+000	  3.3507012538032122e+000	  1.8582082134579458e+000	  1.8188067546318631e+000	  1.6261865877567061e+000	  2.7273546508801427e+000	  2.5724894403600373e+000	  2.4279585248785374e+000	  3.9034654054030948e+000	  4.0711141213691793e+000	  2.0103569897331752e+000	  1.8033500313179296e+000	
  3.4514260136686570e+000	  3.4400337953555127e+000	  3.3177371092221186e+000	  1.8287429278962541e+000	  1.7899093597804061e+000	  1.5989197136423439e+000	  2.7011277318986782e+000	  2.5472130998738240e+000	  2.4120930608526603e+000	  3.8784922305334923e+000	  4.0384025790596301e+000	  1.9808703972370445e+000	  1.7739391087803202e+000	
  3.4180674928843136e+000	  3.4068160994578101e+000	  3.2856172817663509e+000	  1.8006471961740100e+000	  1.7618262498808601e+000	  1.5720980293556508e+000	  2.6764706507145242e+000	  2.5224271127979314e+000	  2.3951312455401386e+000	  3.8539977518288193e+000	  4.0065471845898148e+000	  1.9522660501423150e+000	  1.7454710786508620e+000	
  3.3521537160074999e+000	  3.3411346062695024e+000	  3.2219842518854680e+000	  1.7458187406360626e+000	  1.7065061556562622e+000	  1.5183773941156442e+000	  2.6285595528061645e+000	  2.4732822557671508e+000	  2.3581394575973302e+000	  3.8049781847637743e+000	  3.9434792644126304e+000	  1.8959480113209803e+000	  1.6894943598899648e+000	
  3.2887099676286446e+000	  3.2778859722808473e+000	  3.1605695782721543e+000	  1.6936099669582205e+000	  1.6534939794492498e+000	  1.4659013042543911e+000	  2.5829508884918084e+000	  2.4258819913618446e+000	  2.3188640153117834e+000	  3.7570622007396803e+000	  3.8826453405849115e+000	  1.8419845848491878e+000	  1.6359148630886722e+000	
  3.2270672514322918e+000	  3.2164312288314179e+000	  3.1007753580176711e+000	  1.6430853400903889e+000	  1.6021721750352214e+000	  1.4144281324859342e+000	  2.5385885022388699e+000	  2.3797890015915257e+000	  2.2782316764178301e+000	  3.7098663359549366e+000	  3.8234407008588267e+000	  1.7897239273045873e+000	  1.5840476789004132e+000	
  3.1667792418890173e+000	  3.1563291338780886e+000	  3.0422004261696500e+000	  1.5937256338780514e+000	  1.5520812210860768e+000	  1.3637990824126867e+000	  2.4949725077896279e+000	  2.3346148252958443e+000	  2.2368523523641493e+000	  3.6631433574194627e+000	  3.7654504725250781e+000	  1.7387034651064059e+000	  1.5334251382956854e+000	
  3.0974096348796998e+000	  3.0871733123165601e+000	  2.9747077707968916e+000	  1.5369336249899668e+000	  1.4944963972596259e+000	  1.3053275382346463e+000	  2.4444480772771726e+000	  2.2824369123835009e+000	  2.1878143238198700e+000	  3.6087474567083611e+000	  3.6986227647159975e+000	  1.6800476621627869e+000	  1.4752468558543175e+000	
  3.0292781465797169e+000	  3.0192484769990813e+000	  2.9083365370685677e+000	  1.4811209347618259e+000	  1.4379343282331369e+000	  1.2477706973390568e+000	  2.3944506699669077e+000	  2.2309107478037937e+000	  2.1386291928817691e+000	  3.5547178605805918e+000	  3.6328863059256200e+000	  1.6224464833809460e+000	  1.4181424433119538e+000	
  2.9622382615508425e+000	  2.9524082580776323e+000	  2.8429543922561251e+000	  1.4261605866836558e+000	  1.3822556343645598e+000	  1.1910668567594040e+000	  2.3448973144695184e+000	  2.1799186708317819e+000	  2.0895127190361240e+000	  3.5010157591264246e+000	  3.5681114839254402e+000	  1.5657655298055850e+000	  1.3619822103652091e+000	
  2.8961663798761084e+000	  2.8865287257948680e+000	  2.7784621425486211e+000	  1.3719646764311921e+000	  1.3273718971706927e+000	  1.1351662959337983e+000	  2.2957462632777759e+000	  2.1294150133723821e+000	  2.0405809050663137e+000	  3.4476211414964375e+000	  3.5041904369268462e+000	  1.5099117819687979e+000	  1.3066710382712010e+000	
  2.8310397012945021e+000	  2.8215886211080399e+000	  2.7148288750920013e+000	  1.3184969264683488e+000	  1.2732493702201086e+000	  1.0800401694399664e+000	  2.2469799707864890e+000	  2.0793806361374401e+000	  1.9919046078262781e+000	  3.3945463071312076e+000	  3.4411043697240018e+000	  1.4548514521166567e+000	  1.2521749733700460e+000	
  2.6502537055033137e+000	  2.6412991362574356e+000	  2.5379638550953043e+000	  1.1699165645997489e+000	  1.1229588674490643e+000	  9.2705720717423112e-001	  2.1101931450870914e+000	  1.9393629509294463e+000	  1.8550993630441770e+000	  3.2452480818230267e+000	  3.2656238874411159e+000	  1.3020524749740581e+000	  1.1010901626296032e+000	
  2.4758547393475272e+000	  2.4673713269773856e+000	  2.3670216650073517e+000	  1.0264765674865561e+000	  9.7802103054078771e-001	  7.7964565348564996e-001	  1.9765618568430288e+000	  1.8029875332379319e+000	  1.7212890498177202e+000	  3.0988121102069055e+000	  3.0959583144343217e+000	  1.1548279430511066e+000	  9.5572268811561223e-001	
  2.3074656124506543e+000	  2.2994111540961537e+000	  2.2017338762234662e+000	  8.8790222823353915e-001	  8.3812115499815043e-001	  6.3750694501885086e-001	  1.8461230041777466e+000	  1.6702055624191470e+000	  1.5907306628160089e+000	  2.9554003191367695e+000	  2.9317419056977823e+000	  1.0128166860070564e+000	  8.1567815416749845e-001	
  2.1446799460085320e+000	  2.1370264495097491e+000	  2.0417426269112582e+000	  7.5393628248310307e-001	  7.0298719542161159e-001	  5.0032856078852106e-001	  1.7189228574829851e+000	  1.5410014470773614e+000	  1.4635197655252785e+000	  2.8151563085774267e+000	  2.7727021198022950e+000	  8.7573251936534646e-001	  6.8065143609508105e-001	
  1.8658080037994296e+000	  1.8587884802201415e+000	  1.7673098324322289e+000	  5.2451301634937053e-001	  4.7178337414122140e-001	  2.6591970136280452e-001	  1.4988229181998047e+000	  1.3180127057688118e+000	  1.2436841152239086e+000	  2.5716343405515207e+000	  2.4995518042763010e+000	  6.4133401670463108e-001	  4.5009150364694328e-001	
  1.6024083969767844e+000	  1.5960056757196028e+000	  1.5076387284238546e+000	  3.0807689980383302e-001	  2.5397108891689335e-001	  4.5156353780217984e-002	  1.2890672363716771e+000	  1.1060956100936714e+000	  1.0344882027970570e+000	  2.3387183262195688e+000	  2.2411973678109209e+000	  4.2074267065217441e-001	  2.3350741180117041e-001	
  1.3536116359129657e+000	  1.3476816485042953e+000	  1.2622546195231177e+000	  1.0380877645332909e-001	  4.8533118465643454e-002	 -1.6269990689254943e-001	  1.0892598387377550e+000	  9.0468927264031329e-001	  8.3554084654680061e-001	  2.1161283963644362e+000	  1.9963429267517707e+000	  2.1269831044068432e-001	  2.9470479733895161e-002	
  1.1177917771130197e+000	  1.1123181680714467e+000	  1.0294513316790876e+000	 -8.9445495348727810e-002	 -1.4565198494342901e-001	 -3.5904998465341453e-001	  8.9902811711550790e-001	  7.1329435627509596e-001	  6.4640110505775894e-001	  1.9036823315110585e+000	  1.7641113498170213e+000	  1.6172618234389091e-002	 -1.6302241248200566e-001	
  8.9451088859870964e-001	  8.8952379121720604e-001	  8.0859128838972616e-001	 -2.7223677788379419e-001	 -3.2908641622253487e-001	 -5.4473497451512642e-001	  7.1788681243867281e-001	  5.3140170709720103e-001	  4.6656930429000987e-001	  1.7008911973481755e+000	  1.5440669482174041e+000	 -1.6932137162062322e-001	 -3.4444357759289002e-001	
  5.8794327264699575e-001	  5.8360173883698074e-001	  5.0528163096097423e-001	 -5.2260593468700378e-001	 -5.8011485178888211e-001	 -7.9871963321387351e-001	  4.6857034294944810e-001	  2.8149518028697251e-001	  2.1945735561779145e-001	  1.4211517493847303e+000	  1.2418912520364422e+000	 -4.2301839361003069e-001	 -5.9224983424188693e-001	
  3.0325532377606379e-001	  2.9945628266236923e-001	  2.2346922798410773e-001	 -7.5466999044782046e-001	 -8.1264193155361486e-001	 -1.0337432899960586e+000	  2.3600661946310275e-001	  4.8804458073536949e-002	 -1.0526788089437744e-002	  1.1595402573494340e+000	  9.6070241281598356e-001	 -6.5802225745481557e-001	 -8.2156455407356166e-001	
  3.8412189954151188e-002	  3.5110986980280146e-002	 -3.8842867018162863e-002	 -9.7014501961067978e-001	 -1.0283619551653134e+000	 -1.2517115534409484e+000	  1.8955906265327727e-002	 -1.6800489582780020e-001	 -2.2480410779446292e-001	  9.1491986359670818e-001	  6.9894492718103329e-001	 -8.7593968898291852e-001	 -1.0339491296774694e+000	
 -2.0858380321686631e-001	 -2.1144705790976381e-001	 -2.8356826187625472e-001	 -1.1707346364028259e+000	 -1.2290712353382194e+000	 -1.4544195629753176e+000	 -1.8391624274760598e-001	 -3.7037549527618729e-001	 -4.2474060671271463e-001	  6.8588909693700906e-001	  4.5456975135937938e-001	 -1.0786912494972212e+000	 -1.2313951149308666e+000	
 -6.6444601606974185e-001	 -6.6651345053903022e-001	 -7.3545802396435267e-001	 -1.5400626013319929e+000	 -1.5982941246973636e+000	 -1.8272440256923428e+000	 -5.5920352666072315e-001	 -7.4407473268922608e-001	 -7.9376223305338556e-001	  2.6141478846941624e-001	  3.3172567905914718e-003	 -1.4515450937174768e+000	 -1.5940467144698323e+000	
 -1.0639443582163288e+000	 -1.0653240811081544e+000	 -1.1316226679111141e+000	 -1.8628708535463057e+000	 -1.9207275993423645e+000	 -2.1528050860326609e+000	 -8.8856724649111207e-001	 -1.0714520698987817e+000	 -1.1168137484109941e+000	 -1.1172538580928038e-001	 -3.9226880229503713e-001	 -1.7770747046154112e+000	 -1.9102925623615263e+000	
 -1.4158277658858909e+000	 -1.4166230410426195e+000	 -1.4805937499609012e+000	 -2.1466569125381252e+000	 -2.2040207908715637e+000	 -2.4388374831855186e+000	 -1.1788401822191430e+000	 -1.3595955834931894e+000	 -1.4009816907003536e+000	 -4.4085723501996466e-001	 -7.4077780199155452e-001	 -2.0630732473844171e+000	 -2.1879176870495121e+000	
 -1.7267474167411700e+000	 -1.7270579147166121e+000	 -1.7888714288457619e+000	 -2.3970783817264252e+000	 -2.4539296672826394e+000	 -2.6911405458686088e+000	 -1.4354189805807493e+000	 -1.6140521909396854e+000	 -1.6517897193035758e+000	 -7.3187548045505757e-001	 -1.0489028158779945e+000	 -2.3154299013357083e+000	 -2.4327914175935605e+000	
 -1.8204323458662630e+000	 -1.8205970592327647e+000	 -1.8817508425047480e+000	 -2.4724348588966993e+000	 -2.5291170089400961e+000	 -2.7670744840282424e+000	 -1.5125713170882626e+000	 -1.6905376193769861e+000	 -1.7271521847013194e+000	 -8.1938124238500887e-001	 -1.1416576536618095e+000	 -2.3913446806299588e+000	 -2.5064334041396963e+000	
 -1.9106117294570568e+000	 -1.9106375595245861e+000	 -1.9711504382979861e+000	 -2.5449296126001109e+000	 -2.6014457648758649e+000	 -2.8401270877469464e+000	 -1.5867713926015492e+000	 -1.7640846573458990e+000	 -1.7995852021019942e+000	 -9.0356168258665104e-001	 -1.2309262718653846e+000	 -2.4643777827016988e+000	 -2.5772727354657077e+000	
 -1.9974427771609626e+000	 -1.9973368381120959e+000	 -2.0572220360259852e+000	 -2.6146902955228590e+000	 -2.6710430324604628e+000	 -2.9104116010952863e+000	 -1.6581756038018813e+000	 -1.8348471266463884e+000	 -1.8692504957926737e+000	 -9.8457338044988241e-001	 -1.3168704565754696e+000	 -2.5346559282073411e+000	 -2.6454331671010856e+000	
 -2.0810950054811483e+000	 -2.0808636833864469e+000	 -2.1401363278026331e+000	 -2.6818531828289860e+000	 -2.7380439053807937e+000	 -2.9780737842252103e+000	 -1.7269141227765905e+000	 -1.9029552915491577e+000	 -1.9362882756672750e+000	 -1.0625726970585614e+000	 -1.3996542959078262e+000	 -2.6023142931929089e+000	 -2.7110445427043217e+000	
 -2.1617218601441834e+000	 -2.1613708580530133e+000	 -2.2200462961255996e+000	 -2.7465426551758210e+000	 -2.8025766366157612e+000	 -3.0432392546257958e+000	 -1.7931139314851796e+000	 -1.9685368104195300e+000	 -2.0008221649721047e+000	 -1.1377062035839991e+000	 -1.4794320108352244e+000	 -2.6674845658402058e+000	 -2.7742373875947468e+000	
 -2.2704140845619669e+000	 -2.2699022727779017e+000	 -2.3277618093339170e+000	 -2.8336737826419878e+000	 -2.8894931219646258e+000	 -3.1309986836426384e+000	 -1.8822708028722879e+000	 -2.0568429184432135e+000	 -2.0876853166166276e+000	 -1.2389198992639461e+000	 -1.5869583330587744e+000	 -2.7552660059413370e+000	 -2.8593448177564040e+000	
 -2.3737755096298052e+000	 -2.3731151069150691e+000	 -2.4301836144516864e+000	 -2.9164389729443574e+000	 -2.9720464618750997e+000	 -3.2143483033263420e+000	 -1.9669535046303865e+000	 -2.1406964912241699e+000	 -2.1701299823176923e+000	 -1.3350919073786827e+000	 -1.6891914532822794e+000	 -2.8386468539852716e+000	 -2.9401702443111466e+000	
 -2.4721702344457919e+000	 -2.4713736065009595e+000	 -2.5276738284029099e+000	 -2.9951316583410881e+000	 -3.0505279972213861e+000	 -3.2935859982313742e+000	 -2.0474694964850437e+000	 -2.2204028292106548e+000	 -2.2484588258802063e+000	 -1.4265753422794125e+000	 -1.7864963210906248e+000	 -2.9179200288780294e+000	 -3.0169961396668832e+000	
 -2.5257897880111013e+000	 -2.5249186611659979e+000	 -2.5807980992932356e+000	 -3.0379741902959445e+000	 -3.0932504823819595e+000	 -3.3367197592268916e+000	 -2.0913066598733376e+000	 -2.2637898275024160e+000	 -2.2910823688698789e+000	 -1.4764017317008271e+000	 -1.8395135896153159e+000	 -2.9610749802480019e+000	 -3.0588107247825347e+000	
 -2.5563112009775457e+000	 -2.5553988932023319e+000	 -2.6110363070765974e+000	 -3.0623471219941578e+000	 -3.1175536042772345e+000	 -3.3612557831942391e+000	 -2.1162453001186687e+000	 -2.2884694247004012e+000	 -2.3153239062443376e+000	 -1.5047546382045418e+000	 -1.8696903355224226e+000	 -2.9856251500203213e+000	 -3.0825960402077746e+000	
 -2.5608847252737155e+000	 -2.5599662817780144e+000	 -2.6155672925876061e+000	 -3.0659984579844979e+000	 -3.1211943933948660e+000	 -3.3649314268842101e+000	 -2.1199813822825320e+000	 -2.2921665189080676e+000	 -2.3189550934136216e+000	 -1.5090026590567351e+000	 -1.8742120727035516e+000	 -2.9893029965800677e+000	 -3.0861591389705900e+000	
 -2.5612610408718428e+000	 -2.5603711783850347e+000	 -2.6159400377595565e+000	 -3.0661675309903158e+000	 -3.1223071888450971e+000	 -3.3661744493360679e+000	 -2.1146334138582024e+000	 -2.2935268378384555e+000	 -2.3203615783894405e+000	 -1.5095347617687382e+000	 -1.8746390371595645e+000	 -2.9903374785728021e+000	 -3.0871099917164635e+000	
 -2.5606584132222832e+000	 -2.5598307029027767e+000	 -2.6153806753048681e+000	 -3.0640093887871478e+000	 -3.1227896676535583e+000	 -3.3669685773741742e+000	 -2.1047669285777504e+000	 -2.2946379045823972e+000	 -2.3216932095798670e+000	 -1.5092213332060789e+000	 -1.8741362604450806e+000	 -2.9905946432341457e+000	 -3.0872075863219717e+000	
 -2.5598193140154990e+000	 -2.5590696917193734e+000	 -2.6146263057215124e+000	 -3.0600982877689864e+000	 -3.1226981351570871e+000	 -3.3672797307378044e+000	 -2.0949446740008426e+000	 -2.2954255503399024e+000	 -2.3229229557839570e+000	 -1.5086909703209139e+000	 -1.8734090656734592e+000	 -2.9901962840543916e+000	 -3.0865847395656898e+000	
 -2.5591493880076088e+000	 -2.5584729585406141e+000	 -2.6140545984454366e+000	 -3.0559102517304648e+000	 -3.1223305546543845e+000	 -3.3672654624717913e+000	 -2.0872380673636615e+000	 -2.2959184849175029e+000	 -2.3240499034503648e+000	 -1.5082721874016825e+000	 -1.8728389227800069e+000	 -2.9895481554735870e+000	 -3.0856989176361038e+000	
 -2.5585862101761281e+000	 -2.5579682667692394e+000	 -2.6135771342440384e+000	 -3.0524223964267794e+000	 -3.1219113976356239e+000	 -3.3670996105948925e+000	 -2.0814927063300681e+000	 -2.2961917944245291e+000	 -2.3250856036215461e+000	 -1.5079424056291257e+000	 -1.8723661269486325e+000	 -2.9889229668323969e+000	 -3.0848674232075712e+000	
 -2.5576265945465027e+000	 -2.5570787700102127e+000	 -2.6127302391890650e+000	 -3.0480239250255670e+000	 -3.1211620770945636e+000	 -3.3666893824848554e+000	 -2.0741419575407427e+000	 -2.2963344194369961e+000	 -2.3266268719558392e+000	 -1.5073793530819835e+000	 -1.8715413909250467e+000	 -2.9879294003120060e+000	 -3.0836102511089258e+000	
 -2.5566586539039760e+000	 -2.5561585980808932e+000	 -2.6118558672598713e+000	 -3.0447323292526196e+000	 -3.1202997642039154e+000	 -3.3661389698583788e+000	 -2.0688685556721209e+000	 -2.2961700570821586e+000	 -2.3279642856938176e+000	 -1.5068132579888482e+000	 -1.8706937869005236e+000	 -2.9868974529430048e+000	 -3.0823807618642896e+000	
 -2.5557150359484249e+000	 -2.5552461722486708e+000	 -2.6109937368640201e+000	 -3.0421211943316706e+000	 -3.1193441363676078e+000	 -3.3654985721657260e+000	 -2.0650045038574927e+000	 -2.2957923609008279e+000	 -2.3291157663956064e+000	 -1.5062657795922307e+000	 -1.8698569577434432e+000	 -2.9858192875327205e+000	 -3.0811470484185532e+000	
 -2.5548034064921676e+000	 -2.5543551519146002e+000	 -2.6101557961657473e+000	 -3.0399770533718895e+000	 -3.1183367702530829e+000	 -3.3648049408286917e+000	 -2.0621192118562837e+000	 -2.2952722439171236e+000	 -2.3300988897043684e+000	 -1.5057434626120081e+000	 -1.8690431914215599e+000	 -2.9847250173923312e+000	 -3.0799262294206597e+000	
 -2.5530613862602136e+000	 -2.5526366345178797e+000	 -2.6085465060087243e+000	 -3.0365275013520820e+000	 -3.1162702252127694e+000	 -3.3633337525750262e+000	 -2.0580075012762711e+000	 -2.2940055352046462e+000	 -2.3316577016276874e+000	 -1.5047673486542346e+000	 -1.8674830648662821e+000	 -2.9825526564638549e+000	 -3.0775541636346437e+000	
 -2.5514558301750201e+000	 -2.5510383407428838e+000	 -2.6070564447513433e+000	 -3.0339255514398866e+000	 -3.1142331105162846e+000	 -3.3618224567080190e+000	 -2.0554567658167544e+000	 -2.2925926248266171e+000	 -2.3327107945946279e+000	 -1.5038957967641320e+000	 -1.8660429532357803e+000	 -2.9804727349848070e+000	 -3.0753278492262615e+000	
 -2.5499653678104917e+000	 -2.5495476295370745e+000	 -2.6056704008300402e+000	 -3.0317852589865080e+000	 -3.1122740332959475e+000	 -3.3603089446939682e+000	 -2.0536844971729140e+000	 -2.2911673433099189e+000	 -2.3333567095320529e+000	 -1.5031111407969311e+000	 -1.8647080250993042e+000	 -2.9785002033513308e+000	 -3.0732359379648244e+000	
 -2.5485708296708598e+000	 -2.5481497681112408e+000	 -2.6043728425119150e+000	 -3.0298925422828082e+000	 -3.1104049445487281e+000	 -3.3588048784575220e+000	 -2.0522853772385607e+000	 -2.2897901451505165e+000	 -2.3336777797448027e+000	 -1.5023959553087662e+000	 -1.8634623497850722e+000	 -2.9766285986830843e+000	 -3.0712566694995891e+000	
 -2.5456038536769698e+000	 -2.5451726523082474e+000	 -2.6016090561969962e+000	 -3.0260076490774557e+000	 -3.1063979704071265e+000	 -3.3553198167806109e+000	 -2.0496724798096944e+000	 -2.2868683325334427e+000	 -2.3332973459109230e+000	 -1.5009065767989105e+000	 -1.8608212593280715e+000	 -2.9726168625142657e+000	 -3.0670069074191231e+000	
 -2.5427741358503564e+000	 -2.5423324969445771e+000	 -2.5989670821725541e+000	 -3.0223808485549952e+000	 -3.1026033909584694e+000	 -3.3518337472354665e+000	 -2.0473258995034049e+000	 -2.2841276211145178e+000	 -2.3321963916637101e+000	 -1.4994745822989319e+000	 -1.8583013135236026e+000	 -2.9688104964386008e+000	 -3.0629679817468780e+000	
 -2.5399953103439898e+000	 -2.5395436912452052e+000	 -2.5963649804670030e+000	 -3.0188762673298841e+000	 -3.0989255429462181e+000	 -3.3483297899162823e+000	 -2.0450736817184678e+000	 -2.2814767875368736e+000	 -2.3306200041460778e+000	 -1.4980292148076835e+000	 -1.8558190350174142e+000	 -2.9651146725158117e+000	 -3.0590447847893554e+000	
 -2.5336730375146166e+000	 -2.5332003762236210e+000	 -2.5904163142473902e+000	 -3.0110752404109986e+000	 -3.0907512996750652e+000	 -3.3403238037577054e+000	 -2.0399743837464790e+000	 -2.2755266673948338e+000	 -2.3261420078608541e+000	 -1.4945541944798579e+000	 -1.8501308693809060e+000	 -2.9568898488832041e+000	 -3.0503289741107276e+000	
 -2.5271719216271027e+000	 -2.5266802082991591e+000	 -2.5842567747218492e+000	 -3.0032907534303099e+000	 -3.0826255473682673e+000	 -3.3321741263058202e+000	 -2.0346912296715924e+000	 -2.2694688034660127e+000	 -2.3207204449754437e+000	 -1.4906758928924235e+000	 -1.8442133866377608e+000	 -2.9487075255270057e+000	 -3.0416940710000784e+000	
 -2.5203791575996171e+000	 -2.5198706416608152e+000	 -2.5777779968484404e+000	 -2.9953803143079050e+000	 -3.0744079496175525e+000	 -3.3238719537893591e+000	 -2.0290768200598164e+000	 -2.2631540572588538e+000	 -2.3147515764373461e+000	 -1.4863081543254886e+000	 -1.8379598644908679e+000	 -2.9404354152646750e+000	 -3.0330120799128002e+000	
 -2.5132823720490638e+000	 -2.5127584710606943e+000	 -2.5709713177313187e+000	 -2.9873083071085826e+000	 -3.0660594557838650e+000	 -3.3154310089908989e+000	 -2.0231031306695568e+000	 -2.2565454284396713e+000	 -2.3084153540204877e+000	 -1.4814514796385181e+000	 -1.8313590617984321e+000	 -2.9320369138340352e+000	 -3.0242455355713460e+000	
 -2.4981305148186195e+000	 -2.4975796604030931e+000	 -2.5563397641749086e+000	 -2.9705624049879420e+000	 -3.0488351488834331e+000	 -3.2980358860541514e+000	 -2.0100597503875939e+000	 -2.2423920383893847e+000	 -2.2947627005068805e+000	 -1.4703226319804363e+000	 -1.8170932271307505e+000	 -2.9147244423929353e+000	 -3.0063019127630763e+000	
 -2.4820414950392777e+000	 -2.4814690521171023e+000	 -2.5406900158791990e+000	 -2.9533102630846519e+000	 -3.0311991361893220e+000	 -3.2802472537926120e+000	 -1.9958612313779600e+000	 -2.2272911961133124e+000	 -2.2800922297618875e+000	 -1.4576350912897107e+000	 -1.8017481150885972e+000	 -2.8970143623590072e+000	 -2.9880925405895153e+000	
 -2.4652028121758818e+000	 -2.4646135049865014e+000	 -2.5242203213831083e+000	 -2.9356566045526389e+000	 -3.0132393798660839e+000	 -3.2621547295947906e+000	 -1.9807064410686248e+000	 -2.2114100823895644e+000	 -2.2645837812548253e+000	 -1.4436559092259049e+000	 -1.7855307040167689e+000	 -2.8789911225955978e+000	 -2.9696786855437640e+000	
 -2.4477715859155813e+000	 -2.4471693997122346e+000	 -2.5070981721108110e+000	 -2.9176896636968763e+000	 -2.9950297340165521e+000	 -3.2438308263786908e+000	 -1.9647718104504053e+000	 -2.1948960076668689e+000	 -2.2483903515982950e+000	 -1.4286207379123894e+000	 -1.7686165844731372e+000	 -2.8607259902998505e+000	 -2.9511116880110988e+000	
 -2.4221763273029051e+000	 -2.4215615264141510e+000	 -2.4818565229711709e+000	 -2.8917107641613926e+000	 -2.9687932699009600e+000	 -3.2174594796688938e+000	 -1.9410218319779737e+000	 -2.1705285541242514e+000	 -2.2244003391121980e+000	 -1.4057667065786594e+000	 -1.7436079482364697e+000	 -2.8344211605884073e+000	 -2.9245002690723165e+000	
 -2.3959159781217210e+000	 -2.3952938506814903e+000	 -2.4558706911587125e+000	 -2.8653985715070274e+000	 -2.9423017509760951e+000	 -3.1908601912652435e+000	 -1.9163346430834949e+000	 -2.1454113908988548e+000	 -2.1995866725278423e+000	 -1.3816310269937349e+000	 -1.7177971080324372e+000	 -2.8078703079934542e+000	 -2.8977522452242610e+000	
 -2.3692073580240391e+000	 -2.3685819311041190e+000	 -2.4293774584058792e+000	 -2.8388762703540626e+000	 -2.9156574848584471e+000	 -3.1641282668642967e+000	 -1.8909890078243619e+000	 -2.1197742978106282e+000	 -2.1741971047204434e+000	 -1.3565852738672834e+000	 -1.6914358148485409e+000	 -2.7811733000072669e+000	 -2.8709380581725119e+000	
 -2.3422061299217534e+000	 -2.3415804143916974e+000	 -2.4025475890856463e+000	 -2.8122329382221922e+000	 -2.8889341975842919e+000	 -3.1373318795889782e+000	 -1.8651894444953188e+000	 -2.0937855882888767e+000	 -2.1484123722103066e+000	 -1.3309014945609432e+000	 -1.6647057273688759e+000	 -2.7544020444019157e+000	 -2.8441082212280477e+000	
 -2.3150227285618774e+000	 -2.3143988773778323e+000	 -2.3755027310907728e+000	 -2.7855323057732750e+000	 -2.8621843207033981e+000	 -3.1105199178740328e+000	 -1.8390853172319810e+000	 -2.0675680906564464e+000	 -2.1223649901751518e+000	 -1.3047775587127219e+000	 -1.6377366170772234e+000	 -2.7276074889808211e+000	 -2.8172980609237896e+000	
 -2.2573493006264878e+000	 -2.2567343974317922e+000	 -2.3180464508488763e+000	 -2.7291575635688403e+000	 -2.8057756620867291e+000	 -3.0540047795871716e+000	 -1.7834040609607804e+000	 -2.0118203489144504e+000	 -2.0668956743769007e+000	 -1.2487476185685242e+000	 -1.5803851571218885e+000	 -2.6711123766400835e+000	 -2.7608675860160137e+000	
 -2.1996829151652575e+000	 -2.1990814687715687e+000	 -2.2605394996714212e+000	 -2.6730013096423200e+000	 -2.7496383911804756e+000	 -2.9977797884125357e+000	 -1.7275178966700278e+000	 -1.9559976914848010e+000	 -2.0112956572975182e+000	 -1.1922798434778059e+000	 -1.5229443452923208e+000	 -2.6148944046995304e+000	 -2.7047869784158074e+000	
 -2.1423298144864766e+000	 -2.1417439413102812e+000	 -2.2033192774905119e+000	 -2.6172546001321795e+000	 -2.6939363441140785e+000	 -2.9419971327576677e+000	 -1.6718361828987893e+000	 -1.9004416557382164e+000	 -1.9559269699371828e+000	 -1.1359103907772061e+000	 -1.4657710544685454e+000	 -2.5591155440589652e+000	 -2.6491811359740103e+000	
 -2.0853946147831870e+000	 -2.0848240699321563e+000	 -2.1465030322752598e+000	 -2.5619800037453011e+000	 -2.6387180326191695e+000	 -2.8867050129097738e+000	 -1.6165200298262627e+000	 -1.8452837254110399e+000	 -1.9009418755387975e+000	 -1.0798459653348358e+000	 -1.4089875931821982e+000	 -2.5038199164973962e+000	 -2.5940758145193143e+000	
 -2.0289157568227356e+000	 -2.0283605818685047e+000	 -2.0901352006550411e+000	 -2.5071938572402974e+000	 -2.5839951622065316e+000	 -2.8319122219616633e+000	 -1.5616311922066473e+000	 -1.7905718753401523e+000	 -1.8463969006330405e+000	 -1.0241747671695389e+000	 -1.3526460160658837e+000	 -2.4490201295549463e+000	 -2.5394768164196391e+000	
 -1.8969655637730565e+000	 -1.8964491971168451e+000	 -1.9584362280705703e+000	 -2.3793119776120975e+000	 -2.4562758199982992e+000	 -2.7040297057927543e+000	 -1.4334146461816299e+000	 -1.6628039847877973e+000	 -1.7190131985248547e+000	 -8.9404888507227387e-001	 -1.2210033114432584e+000	 -2.3211196051841076e+000	 -2.4120691335393074e+000	
 -1.7678740483180189e+000	 -1.7673947974816695e+000	 -1.8295906336318613e+000	 -2.2543306872909730e+000	 -2.3314617833994911e+000	 -2.5790577585703689e+000	 -1.3080412796445673e+000	 -1.5378975174669129e+000	 -1.5944824129325852e+000	 -7.6672917676334773e-001	 -1.0922030794272564e+000	 -2.1961223102223704e+000	 -2.2875749446421567e+000	
 -1.6415730876723211e+000	 -1.6411356730677840e+000	 -1.7035321347048660e+000	 -2.1321623298088399e+000	 -2.2094657777977922e+000	 -2.4569010747194087e+000	 -1.1854726762281498e+000	 -1.4158010280330702e+000	 -1.4727725456173957e+000	 -6.4219802420129035e-001	 -9.6619980196421817e-001	 -2.0739440891255345e+000	 -2.1659031301498599e+000	
 -1.5181055256334730e+000	 -1.5177114593264429e+000	 -1.5803081889910198e+000	 -2.0128388039870604e+000	 -2.0903155929316020e+000	 -2.3375851885212295e+000	 -1.0657576404420332e+000	 -1.2965575034279420e+000	 -1.3539122455326069e+000	 -5.2052032443716811e-001	 -8.4303992985901299e-001	 -1.9546130292624753e+000	 -2.0470801447491915e+000	
 -1.2638667324093023e+000	 -1.2635632555801912e+000	 -1.3266069995406804e+000	 -1.7676314225806289e+000	 -1.8454760215020904e+000	 -2.0923963670617107e+000	 -8.1972617158732053e-001	 -1.0515446703985853e+000	 -1.1097549737477674e+000	 -2.7021478007138722e-001	 -5.8946537512960528e-001	 -1.7093700792580879e+000	 -1.8029352173343227e+000	
 -1.0217966880309293e+000	 -1.0215851646820928e+000	 -1.0850816712022482e+000	 -1.5346558960182000e+000	 -1.6128653707225826e+000	 -1.8594402480481831e+000	 -5.8595456926269218e-001	 -8.1879071635326817e-001	 -8.7788813942779598e-001	 -3.2143634914438834e-002	 -3.4807248698620619e-001	 -1.4763485749732519e+000	 -1.5710119976362069e+000	
 -7.9130946083383336e-001	 -7.9119149688977597e-001	 -8.5514602519465299e-001	 -1.3133236318230157e+000	 -1.3918959300289746e+000	 -1.6381269069819515e+000	 -3.6384924060928192e-001	 -5.9770268005188143e-001	 -6.5770890891658773e-001	  1.9428484459327322e-001	 -1.1827395087182779e-001	 -1.2549617517895184e+000	 -1.3507245557189407e+000	
 -6.2178976124338536e-001	 -6.2174451417762455e-001	 -6.8605267634536116e-001	 -1.1508481409249205e+000	 -1.2296966310375579e+000	 -1.4756651879651583e+000	 -2.0079891350688328e-001	 -4.3543016788349931e-001	 -4.9614656709895399e-001	  3.6065802541296321e-001	  5.0710479221782734e-002	 -1.0924388398813045e+000	 -1.1890433532407707e+000	
