6.3e+10
6.372e+10
6.3146e+10
6.1681e+10
6.0508e+10
5.9483e+10
5.8574e+10
5.8147e+10
5.8848e+10
5.9373e+10
5.937e+10
5.8958e+10
5.8446e+10
5.7299e+10
5.5579e+10
5.4378e+10
5.4099e+10
5.4646e+10
5.5408e+10
5.5815e+10
5.5577e+10
5.5769e+10
5.6009e+10
5.6812e+10
6.0446e+10
6.1575e+10
6.25e+10
6.3669e+10
6.4043e+10
6.4026e+10
6.4146e+10
6.5517e+10
6.6789e+10
6.8103e+10
6.8445e+10
6.9687e+10
7.0986e+10
7.2195e+10
7.3252e+10
7.4388e+10
7.5844e+10
7.8927e+10
7.9951e+10
8.111e+10
8.2727e+10
8.4518e+10
8.6338e+10
8.8019e+10
8.9298e+10
9.0464e+10
9.2243e+10
9.3856e+10
9.5897e+10
9.5313e+10
9.3125e+10
8.7914e+10
8.3023e+10
7.9771e+10
7.873e+10
