  7.1474762006999289e-005	  7.1862578542794276e-005	  7.0142352395278953e-005	  2.1033110516397778e-005	  1.9681806639688760e-005	  2.1248587798803457e-005	  2.1664775045697402e-005	  1.8754555689140217e-005	  1.7057200170533892e-005	  4.0767347895063084e-005	  5.5979884173047637e-005	  1.8811237908269342e-005	  1.5594160246453924e-005	
  7.1454860441224317e-005	  7.1842751903035678e-005	  7.0122640827616765e-005	  2.1030738983350671e-005	  1.9681562728817113e-005	  2.1248427332405797e-005	  2.1606832488424678e-005	  1.8754480038293651e-005	  1.7057180297714705e-005	  4.0755301540851620e-005	  5.5963787633400036e-005	  1.8810926355281221e-005	  1.5593895303422014e-005	
  7.1434970205801665e-005	  7.1822985237056996e-005	  7.0102911692912734e-005	  2.1025954238430155e-005	  1.9681062797591322e-005	  2.1248090741944998e-005	  2.1550434103974154e-005	  1.8754314463968957e-005	  1.7057136801177943e-005	  4.0742725539291221e-005	  5.5947622605793627e-005	  1.8810291625135042e-005	  1.5593354281832246e-005	
  7.1415387678567938e-005	  7.1803554359267316e-005	  7.0083511911734519e-005	  2.1019048953754973e-005	  1.9680330815732631e-005	  2.1247587111310095e-005	  2.1495557143692821e-005	  1.8754058004531103e-005	  1.7057069347639803e-005	  4.0730201557614801e-005	  5.5931649123398598e-005	  1.8809369205829943e-005	  1.5592566287398588e-005	
  7.1270432284375112e-005	  7.1659878118228996e-005	  6.9940712579531688e-005	  2.0921661017274454e-005	  1.9668100586959039e-005	  2.1237999158527399e-005	  2.1142497911724660e-005	  1.8748115757336392e-005	  1.7055436970590834e-005	  4.0635556486123925e-005	  5.5813031358440031e-005	  1.8795002777276902e-005	  1.5580295623552700e-005	
  7.1125425259028669e-005	  7.1515824009144320e-005	  6.9797875718706761e-005	  2.0806357805498928e-005	  1.9651067933422395e-005	  2.1223568078232553e-005	  2.0848199566808707e-005	  1.8738140018169286e-005	  1.7052576770573446e-005	  4.0540147159965767e-005	  5.5694321656411737e-005	  1.8775999221926422e-005	  1.5564235442265458e-005	
  7.0979430355575028e-005	  7.1370435929953718e-005	  6.9653963206584620e-005	  2.0691251451064135e-005	  1.9630974689785192e-005	  2.1205571607303280e-005	  2.0601900744655195e-005	  1.8724616150955990e-005	  1.7048515565710336e-005	  4.0444014853564587e-005	  5.5574933274985207e-005	  1.8754522370788593e-005	  1.5546382074269849e-005	
  7.0706298134944789e-005	  7.1098256667957927e-005	  6.9385199097010634e-005	  2.0497159476058458e-005	  1.9589473927042631e-005	  2.1166669611761273e-005	  2.0230703256693610e-005	  1.8692870129035261e-005	  1.7038357814467636e-005	  4.0264860841785312e-005	  5.5352352517552673e-005	  1.8712009292626286e-005	  1.5511879604437797e-005	
  7.0431371037562996e-005	  7.0824713553410801e-005	  6.9115992922502890e-005	  2.0334697772514409e-005	  1.9544061789295710e-005	  2.1122361454288940e-005	  1.9953159215487328e-005	  1.8653472762101499e-005	  1.7024688548299575e-005	  4.0085882425455541e-005	  5.5129730059366029e-005	  1.8667588454366963e-005	  1.5476983853372180e-005	
  7.0157168550003936e-005	  7.0552751949382370e-005	  6.8849099385545425e-005	  2.0202906337678279e-005	  1.9496654709638352e-005	  2.1075019886093051e-005	  1.9743258138383496e-005	  1.8608446210907526e-005	  1.7007699262374548e-005	  3.9908767395258339e-005	  5.4909183430142981e-005	  1.8622829202669248e-005	  1.5442880542511687e-005	
  6.9886435270987020e-005	  7.0285086652812782e-005	  6.8586890743797539e-005	  2.0094973500876412e-005	  1.9448536280295051e-005	  2.1026298429804684e-005	  1.9580525478627261e-005	  1.8559720001134308e-005	  1.6987705446955576e-005	  3.9734961635194979e-005	  5.4692659408828929e-005	  1.8578573724987475e-005	  1.5410012061806211e-005	
  6.9354734064059430e-005	  6.9761061141108342e-005	  6.8073510249114062e-005	  1.9919869955560867e-005	  1.9352202989664232e-005	  2.0927115578771080e-005	  1.9333000314384674e-005	  1.8456244759437152e-005	  1.6939593748460007e-005	  3.9395256429602065e-005	  5.4269687023771632e-005	  1.8492145330314523e-005	  1.5347511774991086e-005	
  6.8851737300734336e-005	  6.9266682289009156e-005	  6.7587953890528796e-005	  1.9786039841689965e-005	  1.9260047446304581e-005	  2.0829740626975025e-005	  1.9159499952608681e-005	  1.8351627287473387e-005	  1.6883401743111113e-005	  3.9074980970977306e-005	  5.3871463628502621e-005	  1.8411465469675740e-005	  1.5290845134231258e-005	
  6.8378598383269938e-005	  6.8802304648044526e-005	  6.7129448049119440e-005	  1.9675769506559534e-005	  1.9173886886172982e-005	  2.0735806902873119e-005	  1.9024271152111099e-005	  1.8250466323295530e-005	  1.6821562797264257e-005	  3.8773963463189956e-005	  5.3497829741786096e-005	  1.8337139120785398e-005	  1.5239723212701115e-005	
  6.7933467591071428e-005	  6.8365777215354223e-005	  6.6695443665594224e-005	  1.9579777894792248e-005	  1.9094189657477176e-005	  2.0645766576254710e-005	  1.8909449633145994e-005	  1.8154909574212071e-005	  1.6756123139353752e-005	  3.8490710990841403e-005	  5.3146820466915147e-005	  1.8268981215027817e-005	  1.5193570863578205e-005	
  6.7111823873445826e-005	  6.7561057665503082e-005	  6.5887336013750869e-005	  1.9412632395595905e-005	  1.8952141538953705e-005	  2.0476896993072184e-005	  1.8711112246605793e-005	  1.7981674105650118e-005	  1.6621192491951797e-005	  3.7968129506741966e-005	  5.2500027807596465e-005	  1.8148209894349422e-005	  1.5113140361460831e-005	
  6.6369549417017999e-005	  6.6834755586743093e-005	  6.5149130090800500e-005	  1.9271694123302506e-005	  1.8830275491277771e-005	  2.0322352945204610e-005	  1.8543786161993603e-005	  1.7830231154798130e-005	  1.6486024285358160e-005	  3.7496473560881733e-005	  5.1916443027049991e-005	  1.8045188371351870e-005	  1.5046007183627663e-005	
  6.5689962274872836e-005	  6.6169958198841449e-005	  6.4462992989846633e-005	  1.9149086121039359e-005	  1.8724487527333979e-005	  2.0176345335423077e-005	  1.8396631287804402e-005	  1.7696909012018193e-005	  1.6355541627448948e-005	  3.7064964466203614e-005	  5.1382377743653892e-005	  1.7956041745887077e-005	  1.4989066082420518e-005	
  6.5061340274297677e-005	  6.5555032906219096e-005	  6.3823160822026285e-005	  1.9040521702419008e-005	  1.8631509566507979e-005	  2.0042410891996902e-005	  1.8264713424980160e-005	  1.7578216840995297e-005	  1.6232432209887824e-005	  3.6666818373344309e-005	  5.0888360661577343e-005	  1.7877886724939916e-005	  1.4940149617447105e-005	
  6.4476109509548101e-005	  6.4982340578573206e-005	  6.3226645100800680e-005	  1.8943749636442874e-005	  1.8549131182270387e-005	  1.9921416103077868e-005	  1.8145591813830397e-005	  1.7471617355097743e-005	  1.6117903403336505e-005	  3.6297576008110405e-005	  5.0428189364648513e-005	  1.7808827131305084e-005	  1.4897869945361428e-005	
  6.3718211211653543e-005	  6.4239777038815256e-005	  6.2454465628447023e-005	  1.8826995410317462e-005	  1.8450503413252644e-005	  1.9772497810403339e-005	  1.7998627296653186e-005	  1.7340824177139303e-005	  1.5973763155985971e-005	  3.5821790817059246e-005	  4.9830986926405321e-005	  1.7726609560883071e-005	  1.4849564114330501e-005	
  6.3026222177020301e-005	  6.3561071948973184e-005	  6.1750373577791663e-005	  1.8727610576989829e-005	  1.8367317536433470e-005	  1.9644080677133672e-005	  1.7870317487603400e-005	  1.7227242451621913e-005	  1.5846986433400987e-005	  3.5389591578021720e-005	  4.9284860881462353e-005	  1.7657806170265971e-005	  1.4811163133415668e-005	
  6.2391435588828305e-005	  6.2937824126863334e-005	  6.1105340314571667e-005	  1.8643217806000928e-005	  1.8297500100217976e-005	  1.9533675315899058e-005	  1.7758033693173551e-005	  1.7128476954931146e-005	  1.5735985628848843e-005	  3.4995011451240407e-005	  4.8783055041772176e-005	  1.7600641474889253e-005	  1.4781373614792984e-005	
  6.1107859756800444e-005	  6.1675860140344361e-005	  5.9803345791294995e-005	  1.8492994281463371e-005	  1.8176103378868579e-005	  1.9333198891359704e-005	  1.7546859258840157e-005	  1.6944801252447775e-005	  1.5528653183865385e-005	  3.4202426129462854e-005	  4.7766131936013082e-005	  1.7503323314811039e-005	  1.4737966614381778e-005	
  6.0035406141171337e-005	  6.0619324374018169e-005	  5.8718427793688964e-005	  1.8396617124278255e-005	  1.8103149165376702e-005	  1.9198252668117048e-005	  1.7392727518223750e-005	  1.6814040724873708e-005	  1.5380435292103058e-005	  3.3546148729378240e-005	  4.6913189375772682e-005	  1.7448557668161324e-005	  1.4726286732287085e-005	
  5.9139265442265740e-005	  5.9735049878028347e-005	  5.7814293829158960e-005	  1.8344487241838282e-005	  1.8070370671636890e-005	  1.9116957142587418e-005	  1.7285053892975109e-005	  1.6726483903486616e-005	  1.5280603063465725e-005	  3.3002131302478113e-005	  4.6197653992245963e-005	  1.7429437357774944e-005	  1.4741465068357279e-005	
  5.8389653663736595e-005	  5.8994479337224330e-005	  5.7059848512831907e-005	  1.8328666675464174e-005	  1.8070819506179851e-005	  1.9079282685733957e-005	  1.7215229906890336e-005	  1.6674202259857534e-005	  1.5219625366869584e-005	  3.2550340877818741e-005	  4.5596685946149581e-005	  1.7440023091036565e-005	  1.4779210132737659e-005	
  5.7376943201911229e-005	  5.7992869321333245e-005	  5.6043518937631932e-005	  1.8366255438772273e-005	  1.8131028891098681e-005	  1.9091753048816654e-005	  1.7163084046879687e-005	  1.6647527055265149e-005	  1.5182662667220874e-005	  3.1944994606145319e-005	  4.4779878437923116e-005	  1.7511502123952025e-005	  1.4884384278078581e-005	
  5.6632950120531353e-005	  5.7256124893254527e-005	  5.5299791067211974e-005	  1.8469014546324959e-005	  1.8251531808797793e-005	  1.9180927435974084e-005	  1.7178111932115033e-005	  1.6683699487086247e-005	  1.5212170451331988e-005	  3.1505218470812808e-005	  4.4173831024568779e-005	  1.7637450806519627e-005	  1.5031481731686409e-005	
  5.6094100493940618e-005	  5.6722126606097578e-005	  5.4763403824463978e-005	  1.8620981970025226e-005	  1.8417831513760265e-005	  1.9327330945070481e-005	  1.7243558167994759e-005	  1.6767130520065449e-005	  1.5290686001142249e-005	  3.1190825039380277e-005	  4.3729279276600273e-005	  1.7805028237745323e-005	  1.5210897060079541e-005	
  5.5714126905799436e-005	  5.6345421059001322e-005	  5.4387164456604381e-005	  1.8810633353486920e-005	  1.8619333856551514e-005	  1.9517263045398536e-005	  1.7347376695315093e-005	  1.6886581140532764e-005	  1.5406063240511922e-005	  3.0972614984331581e-005	  4.3409801534320772e-005	  1.8004701842197338e-005	  1.5415388768122218e-005	
  5.5354785227785238e-005	  5.5989087225323985e-005	  5.4035055810358193e-005	  1.9160797019659882e-005	  1.8984520435462913e-005	  1.9876187365838144e-005	  1.7564129374946594e-005	  1.7124415085182318e-005	  1.5638422462228352e-005	  3.0771695701163203e-005	  4.3094512056166597e-005	  1.8362577511298170e-005	  1.5770843935550746e-005	
  5.5209011178715789e-005	  5.5844553214006352e-005	  5.3897161946497671e-005	  1.9559970195598912e-005	  1.9395607044520940e-005	  2.0291368403794974e-005	  1.7830345235403054e-005	  1.7408739809962342e-005	  1.5918209349269263e-005	  3.0698422256857318e-005	  4.2947403408699397e-005	  1.8762365400608145e-005	  1.6159430510977435e-005	
  5.5211395057818982e-005	  5.5847033397591837e-005	  5.3907251204496350e-005	  1.9991741219903813e-005	  1.9837195426300065e-005	  2.0743758747709631e-005	  1.8129532151715023e-005	  1.7724012781326746e-005	  1.6229653006231811e-005	  3.0713817144874581e-005	  4.2917850969463673e-005	  1.9190015433963404e-005	  1.6570198755344494e-005	
  5.5315778163930999e-005	  5.5950671211189336e-005	  5.4018798869383077e-005	  2.0443951604032431e-005	  2.0297770274389790e-005	  2.1219556646010340e-005	  1.8449473650523936e-005	  1.8058681831297977e-005	  1.6561268362319616e-005	  3.0789580011931095e-005	  4.2969081711815809e-005	  1.9634870907528689e-005	  1.6994672326364897e-005	
  5.5607338081916586e-005	  5.6239786335938855e-005	  5.4319849959865381e-005	  2.1172524583769415e-005	  2.1037491640870436e-005	  2.1988090949607427e-005	  1.8972221818058154e-005	  1.8602729487107032e-005	  1.7102470095399666e-005	  3.0984599147265479e-005	  4.3151929473221751e-005	  2.0347880499638112e-005	  1.7672287844037525e-005	
  5.5975646518155233e-005	  5.6604489250373005e-005	  5.4695034483213801e-005	  2.1902323957868711e-005	  2.1777115608698787e-005	  2.2758656800211737e-005	  1.9498260463892599e-005	  1.9148976298856219e-005	  1.7648522113743307e-005	  3.1223351541575278e-005	  4.3396194330875430e-005	  2.1059804527736043e-005	  1.8348390359425331e-005	
  5.6355696669986733e-005	  5.6980247881079493e-005	  5.5076745610409202e-005	  2.2612330326500294e-005	  2.2496492973114986e-005	  2.3505857008111100e-005	  2.0007517402511840e-005	  1.9678154374990615e-005	  1.8180809895095106e-005	  3.1465410196397300e-005	  4.3649473327015401e-005	  2.1751744500754302e-005	  1.9007120272192832e-005	
  5.6696939135422885e-005	  5.7317187532332681e-005	  5.5410192475133562e-005	  2.3285133349389349e-005	  2.3179046207756862e-005	  2.4206342857129882e-005	  2.0484381270011083e-005	  2.0175149653554041e-005	  1.8684499061435850e-005	  3.1682125545902158e-005	  4.3874340893453209e-005	  2.2408392533979198e-005	  1.9635514262539295e-005	
  5.6912339093127885e-005	  5.7529380390184532e-005	  5.5618367304481272e-005	  2.3760850776441972e-005	  2.3662638270947774e-005	  2.4700401632615794e-005	  2.0816770135343852e-005	  2.0522902958940503e-005	  1.9038871257873152e-005	  3.1820215629509206e-005	  4.4014126814128191e-005	  2.2874071793163348e-005	  2.0083920966577303e-005	
  5.7093353155827441e-005	  5.7707089613250734e-005	  5.5794173017797438e-005	  2.4210501992241500e-005	  2.4120514433400558e-005	  2.5168588849530792e-005	  2.1126891733571459e-005	  2.0848456803631018e-005	  1.9371680792234176e-005	  3.1937480370623992e-005	  4.4128234578281037e-005	  2.3315239337561776e-005	  2.0511031171979231e-005	
  5.7244514549724005e-005	  5.7854995055515882e-005	  5.5941432474582037e-005	  2.4635730277963491e-005	  2.4554336881516283e-005	  2.5612264306223549e-005	  2.1416383324206754e-005	  2.1153380449637796e-005	  1.9684301578639628e-005	  3.2036446786036407e-005	  4.4220353255451983e-005	  2.3733484749387455e-005	  2.0918085279483692e-005	
  5.7368766142808521e-005	  5.7975401587128121e-005	  5.6063512876419504e-005	  2.5037783200944201e-005	  2.4964741272081742e-005	  2.6033207251336257e-005	  2.1686582108802098e-005	  2.1438930017339738e-005	  1.9978052914344118e-005	  3.2118934816542629e-005	  4.4292260683325670e-005	  2.4129574263067633e-005	  2.1305717529195535e-005	
  5.7468300403198579e-005	  5.8070010102401539e-005	  5.6163307048138797e-005	  2.5417644117961859e-005	  2.5352258348304017e-005	  2.6433012780522598e-005	  2.1938528730741690e-005	  2.1706055913912506e-005	  2.0253857122789869e-005	  3.2186327713912708e-005	  4.4345215202629442e-005	  2.4504082255024899e-005	  2.1674364857041118e-005	
  5.7575407768822089e-005	  5.8171197196529955e-005	  5.6274211793526541e-005	  2.5926343233879211e-005	  2.5873238744548275e-005	  2.6971912496648937e-005	  2.2270879705005407e-005	  2.2059850656912552e-005	  2.0620190284735843e-005	  3.2261397940699613e-005	  4.4396012081610384e-005	  2.5007589144979292e-005	  2.2172783831339821e-005	
  5.7618477824240572e-005	  5.8211809890191724e-005	  5.6320641767355719e-005	  2.6180154737633609e-005	  2.6134176494621507e-005	  2.7242414719376947e-005	  2.2434597384662692e-005	  2.2234749638044603e-005	  2.0801620355662821e-005	  3.2292876257836068e-005	  4.4413610584221607e-005	  2.5259780554211879e-005	  2.2423602786808358e-005	
  5.7619949339569506e-005	  5.8213195782945614e-005	  5.6322251183159654e-005	  2.6189484082767814e-005	  2.6143778255024184e-005	  2.7252376529573016e-005	  2.2440590359581071e-005	  2.2241159487836419e-005	  2.0808272789882935e-005	  3.2293968721520546e-005	  4.4414174349581781e-005	  2.5269060920649749e-005	  2.2432847700781977e-005	
  5.7663235401709295e-005	  5.8256347470531622e-005	  5.6364762297357579e-005	  2.6250385143345331e-005	  2.6157947510637093e-005	  2.7265694151674262e-005	  2.2631126565151643e-005	  2.2249788745731502e-005	  2.0815545123570883e-005	  3.2320500105570416e-005	  4.4447383728438452e-005	  2.5284152039672516e-005	  2.2447582138219394e-005	
  5.7729954125566196e-005	  5.8323126401261566e-005	  5.6430434090613336e-005	  2.6364228480206861e-005	  2.6178032987643198e-005	  2.7283703260737618e-005	  2.2874297512167061e-005	  2.2262183999268460e-005	  2.0823497085478557e-005	  3.2361879336160931e-005	  4.4499338792280643e-005	  2.5306206651065226e-005	  2.2468824839899798e-005	
  5.7809061860011445e-005	  5.8402871372238356e-005	  5.6508858428253294e-005	  2.6495797129413895e-005	  2.6204108734331996e-005	  2.7307307337814904e-005	  2.3093827097748493e-005	  2.2279706900094939e-005	  2.0833204105947186e-005	  3.2410893094315193e-005	  4.4561315576040257e-005	  2.5334258012854525e-005	  2.2495506883795676e-005	
  5.7893388085497680e-005	  5.8488423367215708e-005	  5.6593016162602200e-005	  2.6613077025379812e-005	  2.6234065383142277e-005	  2.7334982430919209e-005	  2.3264721175198681e-005	  2.2301769758244015e-005	  2.0844748935210017e-005	  3.2462992931189291e-005	  4.4627667786513090e-005	  2.5365499825313261e-005	  2.2524741459165400e-005	
  5.7979979107441047e-005	  5.8576475796499621e-005	  5.6679644948997254e-005	  2.6706996558686580e-005	  2.6266331063812248e-005	  2.7365236106510129e-005	  2.3392803585156088e-005	  2.2327370306786308e-005	  2.0858065539662946e-005	  3.2516276521295829e-005	  4.4695844869079440e-005	  2.5398233083868212e-005	  2.2554829880849185e-005	
  5.8169323208414837e-005	  5.8768243090154950e-005	  5.6868380292582600e-005	  2.6858542806514152e-005	  2.6339662844086872e-005	  2.7434662459024375e-005	  2.3588508104107720e-005	  2.2389769266990625e-005	  2.0892174396658186e-005	  3.2632033159477912e-005	  4.4844070834691363e-005	  2.5470600045636793e-005	  2.2619953241272742e-005	
  5.8357837237416932e-005	  5.8958015411464524e-005	  5.7055352098885958e-005	  2.6966527315559648e-005	  2.6415301033799038e-005	  2.7507044479177160e-005	  2.3712696622647218e-005	  2.2457986728299134e-005	  2.0932543954492132e-005	  3.2746624464343057e-005	  4.4990501317291493e-005	  2.5543385050560158e-005	  2.2684151938979029e-005	
  5.8542220783613135e-005	  5.9142672178212807e-005	  5.7237623701418631e-005	  2.7055678316379758e-005	  2.6490648078848798e-005	  2.7580064655578956e-005	  2.3806316201253283e-005	  2.2528015576363921e-005	  2.0977857339712264e-005	  3.2858482162272012e-005	  4.5132823180195132e-005	  2.5614888386285481e-005	  2.2746519132128573e-005	
  5.8721207708926545e-005	  5.9321382241081923e-005	  5.7414475215094167e-005	  2.7136983191116306e-005	  2.6564445168699611e-005	  2.7652769714334983e-005	  2.3888144999918609e-005	  2.2597637086911320e-005	  2.1026919123140100e-005	  3.2967142897777796e-005	  4.5270459943587514e-005	  2.5684420218606304e-005	  2.2806834973482172e-005	
  5.9074070284904874e-005	  5.9672862980451253e-005	  5.7764320314662399e-005	  2.7293640651657824e-005	  2.6710543761032715e-005	  2.7801943906880948e-005	  2.4043381671616146e-005	  2.2736662992521320e-005	  2.1138923077400063e-005	  3.3182090811615445e-005	  4.5540941104635242e-005	  2.5821489148583341e-005	  2.2925393818943112e-005	
  5.9408098703080348e-005	  6.0005171501136947e-005	  5.8096677375920492e-005	  2.7440712118913806e-005	  2.6848881047905840e-005	  2.7947095678441724e-005	  2.4188496429708274e-005	  2.2868741998651993e-005	  2.1254804977020232e-005	  3.3386225243862341e-005	  4.5796566300081339e-005	  2.5951073591383725e-005	  2.3037425211121392e-005	
  5.9725614696138698e-005	  6.0320817158030395e-005	  5.8413523233547551e-005	  2.7580127758005198e-005	  2.6980284962859671e-005	  2.8087750464969984e-005	  2.4326034221649264e-005	  2.2994421612794634e-005	  2.1371536012585475e-005	  3.3580794669249784e-005	  4.6039310723014820e-005	  2.6074067534569687e-005	  2.3143769248360833e-005	
  6.0343269492158069e-005	  6.0934396719451076e-005	  5.9031425776824338e-005	  2.7851032527772713e-005	  2.7235556580979052e-005	  2.8365680158459790e-005	  2.4593724344581087e-005	  2.3239088734435197e-005	  2.1609343735231572e-005	  3.3960421206853555e-005	  4.6511094348709573e-005	  2.6312792657911454e-005	  2.3350225598525668e-005	
  6.0906419508543242e-005	  6.1493402402837359e-005	  5.9596327179075733e-005	  2.8097709923574709e-005	  2.7467858230542040e-005	  2.8623176020426245e-005	  2.4838180602214792e-005	  2.3462394249657423e-005	  2.1836557799917057e-005	  3.4307811944588361e-005	  4.6940819201639867e-005	  2.6529760864955296e-005	  2.3537891402853541e-005	
  6.1418976978584906e-005	  6.2001859288838873e-005	  6.0111237291510993e-005	  2.8322015020460381e-005	  2.7678829873968937e-005	  2.8859357028664041e-005	  2.5061112756602984e-005	  2.3665801841119288e-005	  2.2048424707304047e-005	  3.4624889633974072e-005	  4.7331643487148032e-005	  2.6726558059924323e-005	  2.3708095978866572e-005	
  6.1884857368207753e-005	  6.2463734070332814e-005	  6.0579645174069446e-005	  2.8525663585495393e-005	  2.7870123749056062e-005	  2.9074656896052510e-005	  2.5264069883834285e-005	  2.3850803589529541e-005	  2.2243237699914355e-005	  3.4913759589687870e-005	  4.7686643417562248e-005	  2.6904766824340166e-005	  2.3862185035807100e-005	
  6.2837051835932094e-005	  6.3406812299421732e-005	  6.1538065809500989e-005	  2.8940837701993453e-005	  2.8259249235834799e-005	  2.9515524049896954e-005	  2.5679621985454737e-005	  2.4229020610018390e-005	  2.2646254293885367e-005	  3.5506116616356764e-005	  4.8411442985970315e-005	  2.7266501225474282e-005	  2.4174755090859484e-005	
  6.3582910865335267e-005	  6.4144606519995172e-005	  6.2289431292101492e-005	  2.9264373402833620e-005	  2.8561482491768615e-005	  2.9859239679294823e-005	  2.6005424977032676e-005	  2.4524897242869481e-005	  2.2962031274164032e-005	  3.5971805338639456e-005	  4.8978482015423565e-005	  2.7546643918791070e-005	  2.4416486899629923e-005	
  6.4162463465475335e-005	  6.4717259567889898e-005	  6.2873686411817433e-005	  2.9513878476471142e-005	  2.8793767086025667e-005	  3.0124648837067883e-005	  2.6258235241918171e-005	  2.4753900130794552e-005	  2.3207580859931883e-005	  3.6334699278036797e-005	  4.9418643167946100e-005	  2.7761393946965653e-005	  2.4601460728463329e-005	
  6.4610229920227842e-005	  6.5159266191833405e-005	  6.3325301172791182e-005	  2.9704596026783567e-005	  2.8970684448670398e-005	  3.0328053829876190e-005	  2.6452762931079410e-005	  2.4929590661794741e-005	  2.3397794220365791e-005	  3.6615691679969554e-005	  4.9758463178290644e-005	  2.7924581544674120e-005	  2.4741693878343905e-005	
  6.4955039743424267e-005	  6.5499386480762016e-005	  6.3673092664903825e-005	  2.9849288428646589e-005	  2.9104393183168462e-005	  3.0482537690042403e-005	  2.6601518654759279e-005	  2.5063472523934488e-005	  2.3543671809157917e-005	  3.6832407948252770e-005	  5.0020069953996391e-005	  2.8047652297348136e-005	  2.4847109168125282e-005	
  6.5377320975276883e-005	  6.5915694969900917e-005	  6.4098989859213973e-005	  3.0021107788866485e-005	  2.9262244263865453e-005	  3.0665883535895730e-005	  2.6780871710180348e-005	  2.5223847374611135e-005	  2.3718919041806056e-005	  3.7098172151785729e-005	  5.0340616447136286e-005	  2.8192508532982495e-005	  2.4970330266411594e-005	
  6.5640348767293042e-005	  6.6174906804698070e-005	  6.4364069900348892e-005	  3.0121458219965727e-005	  2.9353398350302009e-005	  3.0772608291884612e-005	  2.6888922539526926e-005	  2.5319225628105960e-005	  2.3823276586812219e-005	  3.7263878155356428e-005	  5.0540646297413340e-005	  2.8275753374530193e-005	  2.5040079302640478e-005	
  6.5806360102730688e-005	  6.6338491922877067e-005	  6.4531152329549293e-005	  3.0178225666724875e-005	  2.9403966439773078e-005	  3.0832738815469855e-005	  2.6953302435799902e-005	  2.5374824141870723e-005	  2.3884442738726815e-005	  3.7368409881914202e-005	  5.0667323345957588e-005	  2.8321547277401811e-005	  2.5077323681880311e-005	
  6.5911900875181785e-005	  6.6442468871086960e-005	  6.4637144671904757e-005	  3.0207835499911939e-005	  2.9429227381312539e-005	  3.0863802483876400e-005	  2.6990492349707940e-005	  2.5405665126747507e-005	  2.3918721159001213e-005	  3.7434814357442389e-005	  5.0748278460577367e-005	  2.8344033116644340e-005	  2.5094352582012266e-005	
  6.5979125492892146e-005	  6.6508740077661407e-005	  6.4704389724399422e-005	  3.0220222182981762e-005	  2.9438504479090888e-005	  3.0876373479831921e-005	  2.7010444827092913e-005	  2.5420820089791381e-005	  2.3935837203610468e-005	  3.7477034290808014e-005	  5.0800329195316936e-005	  2.8351830234956376e-005	  2.5098610188942406e-005	
  6.6047078471448387e-005	  6.6575916718055882e-005	  6.4771682590973064e-005	  3.0212980150501406e-005	  2.9427134004525600e-005	  3.0867182095798233e-005	  2.7019154583328807e-005	  2.5422404301062770e-005	  2.3938589019954729e-005	  3.7519432897033607e-005	  5.0854453489724991e-005	  2.8339807683381894e-005	  2.5082876486377964e-005	
  6.6081048965902181e-005	  6.6609634848279102e-005	  6.4804579790898450e-005	  3.0190488222052742e-005	  2.9401588051034332e-005	  3.0841577544971982e-005	  2.7012452536914441e-005	  2.5409977805170654e-005	  2.3925837873498639e-005	  3.7540282210354725e-005	  5.0882926690605781e-005	  2.8314729593151275e-005	  2.5055840979745467e-005	
  6.6107006939218320e-005	  6.6635458831286538e-005	  6.4829371812700771e-005	  3.0164371521518666e-005	  2.9372678736631443e-005	  3.0812107372071245e-005	  2.7002113476558570e-005	  2.5394242343996051e-005	  2.3909505388803277e-005	  3.7556049461097203e-005	  5.0905317474696266e-005	  2.8286552467081225e-005	  2.5026121999677668e-005	
  6.6127382179930822e-005	  6.6655775970326478e-005	  6.4848518941917189e-005	  3.0135781374881412e-005	  2.9341467415826614e-005	  3.0779987891363133e-005	  2.6989248987594633e-005	  2.5376212516273536e-005	  2.3890671400903888e-005	  3.7568313387676849e-005	  5.0923521802414259e-005	  2.8256254703567694e-005	  2.4994571959562982e-005	
  6.6143182180863853e-005	  6.6671587353770098e-005	  6.4863031739036386e-005	  3.0105146518756174e-005	  2.9308359427490247e-005	  3.0745669122962880e-005	  2.6974292885319319e-005	  2.5356284829351503e-005	  2.3869720738774494e-005	  3.7577677681789499e-005	  5.0938277569729631e-005	  2.8224210301462289e-005	  2.4961518846316311e-005	
  6.6199012417329596e-005	  6.6727472553992139e-005	  6.4913906436814503e-005	  2.9987481300870116e-005	  2.9181475741313532e-005	  3.0614007270730366e-005	  2.6915685847728171e-005	  2.5279073752777695e-005	  2.3788507648602899e-005	  3.7610534692579059e-005	  5.0991061182427831e-005	  2.8101448489782683e-005	  2.4835211476133001e-005	
  6.6253346702643622e-005	  6.6781784336627123e-005	  6.4963186662369746e-005	  2.9869251548970125e-005	  2.9054059272872987e-005	  3.0481800607724906e-005	  2.6856053519562380e-005	  2.5200963984110156e-005	  2.3706279721245166e-005	  3.7642443050415342e-005	  5.1042736062031404e-005	  2.7978140709724436e-005	  2.4708556773223179e-005	
  6.6310228837011644e-005	  6.6838540777640332e-005	  6.5015009586454745e-005	  2.9752122770014921e-005	  2.8927701222184352e-005	  3.0350908038843541e-005	  2.6797148469113510e-005	  2.5123548849473980e-005	  2.3624883639412275e-005	  3.7675828029898860e-005	  5.1096241229818862e-005	  2.7855766302575045e-005	  2.4582821514405415e-005	
  6.6368601621076673e-005	  6.6896657246591520e-005	  6.5068274147799494e-005	  2.9635790032828118e-005	  2.8802078709839651e-005	  3.0220951753258723e-005	  2.6738576034986729e-005	  2.5046476822378172e-005	  2.3543864518915662e-005	  3.7710124096552163e-005	  5.1150843875038725e-005	  2.7734006432957512e-005	  2.4457753049032345e-005	
  6.6428294180872081e-005	  6.6955990540667595e-005	  6.5122809199313870e-005	  2.9519906032159074e-005	  2.8676860610582030e-005	  3.0091560323773152e-005	  2.6680115768500752e-005	  2.4969506646013813e-005	  2.3462951274104773e-005	  3.7745235974321130e-005	  5.1206476659182371e-005	  2.7612566569869870e-005	  2.4333053748461406e-005	
