2.7445	2.7445	2.7445	2.7445	2.7445	2.7445	2.7445	2.7445	2.7445	2.7445	2.7445	2.7445	2.7445
2.99	2.99	2.99	2.99	2.99	2.99	2.99	2.99	2.99	2.99	2.99	2.99	2.99
3.0882	3.0882	3.0882	3.0882	3.0882	3.0882	3.0882	3.0882	3.0882	3.0882	3.0882	3.0882	3.0882
3.1367	3.1367	3.1367	3.1367	3.1367	3.1367	3.1367	3.1367	3.1367	3.1367	3.1367	3.1367	3.1367
3.2672	3.2672	3.2672	3.2672	3.2672	3.2672	3.2672	3.2672	3.2672	3.2672	3.2672	3.2672	3.2672
3.4332	3.4332	3.4332	3.4332	3.4332	3.4332	3.4332	3.4332	3.4332	3.4332	3.4332	3.4332	3.4332
3.6362	3.6362	3.6362	3.6362	3.6362	3.6362	3.6362	3.6362	3.6362	3.6362	3.6362	3.6362	3.6362
3.8474	3.8474	3.8474	3.8474	3.8474	3.8474	3.8474	3.8474	3.8474	3.8474	3.8474	3.8474	3.8474
4.2223	4.2223	4.2223	4.2223	4.2223	4.2223	4.2223	4.2223	4.2223	4.2223	4.2223	4.2223	4.2223
4.5991	4.5991	4.5991	4.5991	4.5991	4.5991	4.5991	4.5991	4.5991	4.5991	4.5991	4.5991	4.5991
4.7188	4.7188	4.7188	4.7188	4.7188	4.7188	4.7188	4.7188	4.7188	4.7188	4.7188	4.7188	4.7188
4.7203	4.7203	4.7203	4.7203	4.7203	4.7203	4.7203	4.7203	4.7203	4.7203	4.7203	4.7203	4.7203
4.706	4.706	4.706	4.706	4.706	4.706	4.706	4.706	4.706	4.706	4.706	4.706	4.706
4.6719	4.6719	4.6719	4.6719	4.6719	4.6719	4.6719	4.6719	4.6719	4.6719	4.6719	4.6719	4.6719
4.6083	4.6083	4.6083	4.6083	4.6083	4.6083	4.6083	4.6083	4.6083	4.6083	4.6083	4.6083	4.6083
4.5091	4.5091	4.5091	4.5091	4.5091	4.5091	4.5091	4.5091	4.5091	4.5091	4.5091	4.5091	4.5091
4.4705	4.4705	4.4705	4.4705	4.4705	4.4705	4.4705	4.4705	4.4705	4.4705	4.4705	4.4705	4.4705
4.5147	4.5147	4.5147	4.5147	4.5147	4.5147	4.5147	4.5147	4.5147	4.5147	4.5147	4.5147	4.5147
4.6002	4.6002	4.6002	4.6002	4.6002	4.6002	4.6002	4.6002	4.6002	4.6002	4.6002	4.6002	4.6002
4.6647	4.6647	4.6647	4.6647	4.6647	4.6647	4.6647	4.6647	4.6647	4.6647	4.6647	4.6647	4.6647
4.65	4.65	4.65	4.65	4.65	4.65	4.65	4.65	4.65	4.65	4.65	4.65	4.65
4.7908	4.7908	4.7908	4.7908	4.7908	4.7908	4.7908	4.7908	4.7908	4.7908	4.7908	4.7908	4.7908
4.9432	4.9432	4.9432	4.9432	4.9432	4.9432	4.9432	4.9432	4.9432	4.9432	4.9432	4.9432	4.9432
5.1426	5.1426	5.1426	5.1426	5.1426	5.1426	5.1426	5.1426	5.1426	5.1426	5.1426	5.1426	5.1426
4.9935	4.9935	4.9935	4.9935	4.9935	4.9935	4.9935	4.9935	4.9935	4.9935	4.9935	4.9935	4.9935
5.165	5.165	5.165	5.165	5.165	5.165	5.165	5.165	5.165	5.165	5.165	5.165	5.165
5.0775	5.0775	5.0775	5.0775	5.0775	5.0775	5.0775	5.0775	5.0775	5.0775	5.0775	5.0775	5.0775
5.282	5.282	5.282	5.282	5.282	5.282	5.282	5.282	5.282	5.282	5.282	5.282	5.282
5.5135	5.5135	5.5135	5.5135	5.5135	5.5135	5.5135	5.5135	5.5135	5.5135	5.5135	5.5135	5.5135
5.7206	5.7206	5.7206	5.7206	5.7206	5.7206	5.7206	5.7206	5.7206	5.7206	5.7206	5.7206	5.7206
5.9334	5.9334	5.9334	5.9334	5.9334	5.9334	5.9334	5.9334	5.9334	5.9334	5.9334	5.9334	5.9334
5.5049	5.5049	5.5049	5.5049	5.5049	5.5049	5.5049	5.5049	5.5049	5.5049	5.5049	5.5049	5.5049
5.4365	5.4365	5.4365	5.4365	5.4365	5.4365	5.4365	5.4365	5.4365	5.4365	5.4365	5.4365	5.4365
5.3368	5.3368	5.3368	5.3368	5.3368	5.3368	5.3368	5.3368	5.3368	5.3368	5.3368	5.3368	5.3368
5.0096	5.0096	5.0096	5.0096	5.0096	5.0096	5.0096	5.0096	5.0096	5.0096	5.0096	5.0096	5.0096
4.7607	4.7607	4.7607	4.7607	4.7607	4.7607	4.7607	4.7607	4.7607	4.7607	4.7607	4.7607	4.7607
3.9768	3.9768	3.9768	3.9768	3.9768	3.9768	3.9768	3.9768	3.9768	3.9768	3.9768	3.9768	3.9768
3.7712	3.7712	3.7712	3.7712	3.7712	3.7712	3.7712	3.7712	3.7712	3.7712	3.7712	3.7712	3.7712
3.5454	3.5454	3.5454	3.5454	3.5454	3.5454	3.5454	3.5454	3.5454	3.5454	3.5454	3.5454	3.5454
3.29	3.29	3.29	3.29	3.29	3.29	3.29	3.29	3.29	3.29	3.29	3.29	3.29
3.1076	3.1076	3.1076	3.1076	3.1076	3.1076	3.1076	3.1076	3.1076	3.1076	3.1076	3.1076	3.1076
3.2779	3.2779	3.2779	3.2779	3.2779	3.2779	3.2779	3.2779	3.2779	3.2779	3.2779	3.2779	3.2779
3.315	3.315	3.315	3.315	3.315	3.315	3.315	3.315	3.315	3.315	3.315	3.315	3.315
3.3045	3.3045	3.3045	3.3045	3.3045	3.3045	3.3045	3.3045	3.3045	3.3045	3.3045	3.3045	3.3045
3.3303	3.3303	3.3303	3.3303	3.3303	3.3303	3.3303	3.3303	3.3303	3.3303	3.3303	3.3303	3.3303
3.3949	3.3949	3.3949	3.3949	3.3949	3.3949	3.3949	3.3949	3.3949	3.3949	3.3949	3.3949	3.3949
3.7224	3.7224	3.7224	3.7224	3.7224	3.7224	3.7224	3.7224	3.7224	3.7224	3.7224	3.7224	3.7224
3.9016	3.9016	3.9016	3.9016	3.9016	3.9016	3.9016	3.9016	3.9016	3.9016	3.9016	3.9016	3.9016
4.0684	4.0684	4.0684	4.0684	4.0684	4.0684	4.0684	4.0684	4.0684	4.0684	4.0684	4.0684	4.0684
4.1874	4.1874	4.1874	4.1874	4.1874	4.1874	4.1874	4.1874	4.1874	4.1874	4.1874	4.1874	4.1874
4.3876	4.3876	4.3876	4.3876	4.3876	4.3876	4.3876	4.3876	4.3876	4.3876	4.3876	4.3876	4.3876
5.0126	5.0126	5.0126	5.0126	5.0126	5.0126	5.0126	5.0126	5.0126	5.0126	5.0126	5.0126	5.0126
5.4743	5.4743	5.4743	5.4743	5.4743	5.4743	5.4743	5.4743	5.4743	5.4743	5.4743	5.4743	5.4743
5.4303	5.4303	5.4303	5.4303	5.4303	5.4303	5.4303	5.4303	5.4303	5.4303	5.4303	5.4303	5.4303
4.9567	4.9567	4.9567	4.9567	4.9567	4.9567	4.9567	4.9567	4.9567	4.9567	4.9567	4.9567	4.9567
4.2348	4.2348	4.2348	4.2348	4.2348	4.2348	4.2348	4.2348	4.2348	4.2348	4.2348	4.2348	4.2348
2.9189	2.9189	2.9189	2.9189	2.9189	2.9189	2.9189	2.9189	2.9189	2.9189	2.9189	2.9189	2.9189
2.8629	2.8629	2.8629	2.8629	2.8629	2.8629	2.8629	2.8629	2.8629	2.8629	2.8629	2.8629	2.8629
2.899	2.899	2.899	2.899	2.899	2.899	2.899	2.899	2.899	2.899	2.899	2.899	2.899
