3.6075e+14
3.9952e+14
4.0094e+14
3.9925e+14
3.9571e+14
3.8698e+14
3.7736e+14
3.7455e+14
3.7553e+14
3.7667e+14
3.7552e+14
3.7485e+14
3.7215e+14
3.6677e+14
3.6229e+14
3.5926e+14
3.5264e+14
3.4777e+14
3.4766e+14
3.4769e+14
3.472e+14
3.5209e+14
3.5572e+14
3.5938e+14
3.7533e+14
3.8675e+14
3.9261e+14
3.9275e+14
3.9135e+14
3.9271e+14
3.9399e+14
4.069e+14
4.1728e+14
4.2391e+14
4.4068e+14
4.5779e+14
4.7718e+14
4.8969e+14
5.0261e+14
5.1733e+14
5.3344e+14
5.7992e+14
5.9364e+14
6.061e+14
6.2166e+14
6.4128e+14
6.7793e+14
7.0429e+14
7.2556e+14
7.429e+14
7.6533e+14
8.0569e+14
8.7306e+14
8.5901e+14
8.2322e+14
7.5783e+14
6.8495e+14
6.4044e+14
6.211e+14
