 -5.9975624444830178e-001	 -5.9975624444830178e-001	 -5.9975624441965802e-001	 -5.9975624457642152e-001	 -5.9975624443753262e-001	 -5.9975624444763564e-001	 -5.9975624444830178e-001	 -5.9975624444830178e-001	 -5.9975624444830178e-001	 -5.9975624444830178e-001	 -5.9975624444852382e-001	 -5.9975624444830178e-001	 -5.9975624444819076e-001	
 -5.9975624490682389e-001	 -5.9975624490682389e-001	 -5.9975624444263964e-001	 -5.9975624464314592e-001	 -5.9975624487285106e-001	 -5.9975624575703268e-001	 -5.9975624731645194e-001	 -5.9975624975161512e-001	 -5.9975625318287040e-001	 -5.9975625769259633e-001	 -5.9975626319752617e-001	 -5.9975626946684457e-001	 -5.9975628316522034e-001	
 -5.9975624624497570e-001	 -5.9975624624475365e-001	 -5.9975624450991916e-001	 -5.9975624483843415e-001	 -5.9975624614239109e-001	 -5.9975624956432050e-001	 -5.9975625559227641e-001	 -5.9975626488351086e-001	 -5.9975627770936235e-001	 -5.9975629407238440e-001	 -5.9975631340813962e-001	 -5.9975633440023657e-001	 -5.9975637670894866e-001	
 -5.9975624875829858e-001	 -5.9975624875807654e-001	 -5.9975624463615151e-001	 -5.9975624520647308e-001	 -5.9975624852726117e-001	 -5.9975625668451382e-001	 -5.9975627095254502e-001	 -5.9975629263375740e-001	 -5.9975632193376427e-001	 -5.9975635822873130e-001	 -5.9975639954767956e-001	 -5.9975644239729231e-001	 -5.9975652221389009e-001	
 -5.9975633336339929e-001	 -5.9975633336306622e-001	 -5.9975624897601332e-001	 -5.9975625783026398e-001	 -5.9975632892750319e-001	 -5.9975648714361007e-001	 -5.9975673634671267e-001	 -5.9975705851933458e-001	 -5.9975741164386420e-001	 -5.9975775518483765e-001	 -5.9975805646195202e-001	 -5.9975830072400704e-001	 -5.9975863282946129e-001	
 -5.9975655810273754e-001	 -5.9975655810240447e-001	 -5.9975626068020649e-001	 -5.9975629183317558e-001	 -5.9975654289301517e-001	 -5.9975708349668810e-001	 -5.9975788615762582e-001	 -5.9975883438412314e-001	 -5.9975975754422706e-001	 -5.9976053942267793e-001	 -5.9976113144755150e-001	 -5.9976154870045040e-001	 -5.9976203041933740e-001	
 -5.9975696554448454e-001	 -5.9975696554415148e-001	 -5.9975628224884225e-001	 -5.9975635443310082e-001	 -5.9975693215674752e-001	 -5.9975813782842113e-001	 -5.9975982591409238e-001	 -5.9976165218922350e-001	 -5.9976324381016966e-001	 -5.9976444094522741e-001	 -5.9976525526239666e-001	 -5.9976578534759462e-001	 -5.9976636682235185e-001	
 -5.9975759741992540e-001	 -5.9975759741959234e-001	 -5.9975631625774906e-001	 -5.9975645308685266e-001	 -5.9975753911134522e-001	 -5.9975973770065583e-001	 -5.9976264268202240e-001	 -5.9976553048346481e-001	 -5.9976780982518019e-001	 -5.9976937480121784e-001	 -5.9977037620884133e-001	 -5.9977101221231344e-001	 -5.9977171348335467e-001	
 -5.9975910300225088e-001	 -5.9975910300225088e-001	 -5.9975639902154487e-001	 -5.9975669322576142e-001	 -5.9975899997133375e-001	 -5.9976346768364497e-001	 -5.9976888723067834e-001	 -5.9977366938168686e-001	 -5.9977700366431463e-001	 -5.9977909794306505e-001	 -5.9978038835584169e-001	 -5.9978120727943729e-001	 -5.9978211666966708e-001	
 -5.9976139331197054e-001	 -5.9976139332362788e-001	 -5.9975652805144275e-001	 -5.9975706824233477e-001	 -5.9976125886840315e-001	 -5.9976903750591504e-001	 -5.9977771263897139e-001	 -5.9978457518239381e-001	 -5.9978893659906607e-001	 -5.9979156509426534e-001	 -5.9979317682989919e-001	 -5.9979420090461311e-001	 -5.9979533044385303e-001	
 -5.9976463370670086e-001	 -5.9976463380473355e-001	 -5.9975671514855833e-001	 -5.9975761376296344e-001	 -5.9976452067844743e-001	 -5.9977681043110742e-001	 -5.9978941508287420e-001	 -5.9979845964430734e-001	 -5.9980385817703930e-001	 -5.9980705934281620e-001	 -5.9980901583001067e-001	 -5.9981025251309994e-001	 -5.9981161257827154e-001	
 -5.9976899704283770e-001	 -5.9976899749636381e-001	 -5.9975697335512557e-001	 -5.9975837013392930e-001	 -5.9976901847080821e-001	 -5.9978716596420512e-001	 -5.9980428728523272e-001	 -5.9981558332000695e-001	 -5.9982206401654192e-001	 -5.9982587380769115e-001	 -5.9982819128734377e-001	 -5.9982965189231408e-001	 -5.9983126155593869e-001	
 -5.9977466157412618e-001	 -5.9977466306981864e-001	 -5.9975731693762135e-001	 -5.9975938278022944e-001	 -5.9977501471530914e-001	 -5.9980048930730057e-001	 -5.9982261219260202e-001	 -5.9983621433168377e-001	 -5.9984382036326611e-001	 -5.9984825730818869e-001	 -5.9985094817349704e-001	 -5.9985264329331933e-001	 -5.9985451269373158e-001	
 -5.9978375605262979e-001	 -5.9978376091995855e-001	 -5.9975788448429768e-001	 -5.9976106987214006e-001	 -5.9978495995915981e-001	 -5.9982166869154696e-001	 -5.9985047336774677e-001	 -5.9986695235614285e-001	 -5.9987596197164095e-001	 -5.9988117631160076e-001	 -5.9988433267077479e-001	 -5.9988632030372191e-001	 -5.9988851218528705e-001	
 -5.9979544093280435e-001	 -5.9979545369570619e-001	 -5.9975863738681578e-001	 -5.9976333379596625e-001	 -5.9979823591105319e-001	 -5.9984854681316424e-001	 -5.9988427031310021e-001	 -5.9990354847860861e-001	 -5.9991390629587915e-001	 -5.9991986635421490e-001	 -5.9992346702464339e-001	 -5.9992573316525188e-001	 -5.9992823166044040e-001	
 -5.9980999125908152e-001	 -5.9981001987408078e-001	 -5.9975960680458407e-001	 -5.9976628819735645e-001	 -5.9981543106324420e-001	 -5.9988147406353498e-001	 -5.9992398562480620e-001	 -5.9994585106037945e-001	 -5.9995743689045256e-001	 -5.9996407135509688e-001	 -5.9996807605744440e-001	 -5.9997059450844770e-001	 -5.9997337398820516e-001	
 -5.9982761957166897e-001	 -5.9982767653132818e-001	 -5.9976082349044724e-001	 -5.9977005275735351e-001	 -5.9983709194466606e-001	 -5.9992051220925102e-001	 -5.9996931911243667e-001	 -5.9999345132610848e-001	 -6.0000610617905181e-001	 -6.0001332781800532e-001	 -6.0001768450679283e-001	 -6.0002042384954546e-001	 -6.0002344842013944e-001	
 -5.9984846701921501e-001	 -5.9984857034234285e-001	 -5.9976231712410843e-001	 -5.9977475171191230e-001	 -5.9986368375319898e-001	 -5.9996545099783027e-001	 -6.0001976455414940e-001	 -6.0004579008221537e-001	 -6.0005933773210618e-001	 -6.0006704858395210e-001	 -6.0007170070808247e-001	 -6.0007462401234779e-001	 -6.0007785722115958e-001	
 -5.9989410661709375e-001	 -5.9989435776197642e-001	 -5.9976577934972575e-001	 -5.9978592856646529e-001	 -5.9992480719861518e-001	 -6.0005945139718353e-001	 -6.0012130524023100e-001	 -6.0014985325607118e-001	 -6.0016462647227709e-001	 -6.0017299674142155e-001	 -6.0017807585932559e-001	 -6.0018126740657429e-001	 -6.0018480873913482e-001	
 -5.9995035155169241e-001	 -5.9995086884301330e-001	 -5.9976777664350056e-001	 -5.9980135205583984e-001	 -6.0000411630989348e-001	 -6.0016798274487027e-001	 -6.0023441958256818e-001	 -6.0026448387973108e-001	 -6.0027997975742320e-001	 -6.0028877545748038e-001	 -6.0029409178896653e-001	 -6.0029744247103167e-001	 -6.0030115847498067e-001	
 -6.0001678670851266e-001	 -6.0001772510498430e-001	 -5.9976820257967578e-001	 -5.9982192348084773e-001	 -6.0010112691277762e-001	 -6.0028722079741303e-001	 -6.0035569153371604e-001	 -6.0038639832393770e-001	 -6.0040222540602706e-001	 -6.0041125302745524e-001	 -6.0041672231125887e-001	 -6.0042018640427131e-001	 -6.0042404582871800e-001	
 -6.0009266250571347e-001	 -6.0009420229378829e-001	 -5.9976802296723974e-001	 -5.9984860882056346e-001	 -6.0021370802276763e-001	 -6.0041363091611899e-001	 -6.0048236950216438e-001	 -6.0051325867049865e-001	 -6.0052929596265958e-001	 -6.0053849861307906e-001	 -6.0054409370369211e-001	 -6.0054764257211346e-001	 -6.0055159856964302e-001	
 -6.0017707701054412e-001	 -6.0017941146639497e-001	 -5.9976786076187949e-001	 -5.9988245085573766e-001	 -6.0033881271992495e-001	 -6.0054477668058937e-001	 -6.0061288647128563e-001	 -6.0064380563096265e-001	 -6.0065995488245427e-001	 -6.0066926668733700e-001	 -6.0067489393378359e-001	 -6.0067847291533916e-001	 -6.0068246436506545e-001	
 -6.0032031608314718e-001	 -6.0032424371303517e-001	 -5.9976770632708121e-001	 -5.9995047843874882e-001	 -6.0054677566800940e-001	 -6.0075071695220306e-001	 -6.0081733789230096e-001	 -6.0084812288707656e-001	 -6.0086432099504261e-001	 -6.0087361201721645e-001	 -6.0087934603547666e-001	 -6.0088299270388834e-001	 -6.0088711109751447e-001	
 -6.0047823637310316e-001	 -6.0048419708735867e-001	 -5.9976772609493523e-001	 -6.0004169802085894e-001	 -6.0076164628586337e-001	 -6.0095399517323678e-001	 -6.0101933051648349e-001	 -6.0105009476285609e-001	 -6.0106729422737537e-001	 -6.0107582994006759e-001	 -6.0108269856518071e-001	 -6.0108680830683880e-001	 -6.0109194391122500e-001	
 -6.0064750214827711e-001	 -6.0065586166846430e-001	 -5.9976778887760318e-001	 -6.0016006535579258e-001	 -6.0097809871728636e-001	 -6.0115811884786652e-001	 -6.0122310209909102e-001	 -6.0125459577620166e-001	 -6.0127277091182041e-001	 -6.0128183422691883e-001	 -6.0128911982915145e-001	 -6.0129345681314561e-001	 -6.0129856023849459e-001	
 -6.0078653622452904e-001	 -6.0079697285286837e-001	 -5.9976781022608172e-001	 -6.0027470371337710e-001	 -6.0115310993735793e-001	 -6.0132589479255927e-001	 -6.0138943470955386e-001	 -6.0141987416928444e-001	 -6.0143618472663363e-001	 -6.0144522255534127e-001	 -6.0145087431850985e-001	 -6.0145438462977374e-001	 -6.0145825517465834e-001	
 -6.0092876108153170e-001	 -6.0094135226784751e-001	 -5.9976781117276889e-001	 -6.0040873845101927e-001	 -6.0132857639993986e-001	 -6.0149227589567644e-001	 -6.0155122379978998e-001	 -6.0157845956720912e-001	 -6.0159244181834381e-001	 -6.0160060729907983e-001	 -6.0160547910459439e-001	 -6.0160865391434282e-001	 -6.0161228889621388e-001	
 -6.0107276412602051e-001	 -6.0108753544396709e-001	 -5.9976780705939259e-001	 -6.0056143225695191e-001	 -6.0149896238115286e-001	 -6.0165065892170411e-001	 -6.0170426199157578e-001	 -6.0172912652778354e-001	 -6.0174239738952640e-001	 -6.0175027149289573e-001	 -6.0175520700744833e-001	 -6.0175840341814002e-001	 -6.0176202457695727e-001	
 -6.0121721054784416e-001	 -6.0123416034285615e-001	 -5.9976780496329152e-001	 -6.0073103932023475e-001	 -6.0166153329621608e-001	 -6.0180050323099810e-001	 -6.0185017398983742e-001	 -6.0187395489907924e-001	 -6.0188692782481290e-001	 -6.0189451981140785e-001	 -6.0189922457742906e-001	 -6.0190222961409301e-001	 -6.0190561332429393e-001	
 -6.0136077166739188e-001	 -6.0137987517172586e-001	 -5.9976780500425875e-001	 -6.0091480146684528e-001	 -6.0181599698716504e-001	 -6.0194325539764115e-001	 -6.0198989718907026e-001	 -6.0201243903212909e-001	 -6.0202454264768335e-001	 -6.0203158144778168e-001	 -6.0203590917906613e-001	 -6.0203870149977412e-001	 -6.0204188044588047e-001	
 -6.0150234923572743e-001	 -6.0152356168419185e-001	 -5.9976780558113063e-001	 -6.0110911206678885e-001	 -6.0196294564396347e-001	 -6.0207974751780302e-001	 -6.0212331371778394e-001	 -6.0214425270366245e-001	 -6.0215547763875499e-001	 -6.0216209844088375e-001	 -6.0216622033504308e-001	 -6.0216889753017533e-001	 -6.0217195219114394e-001	
 -6.0166296453534329e-001	 -6.0168656066916792e-001	 -5.9976780598369750e-001	 -6.0134187152949270e-001	 -6.0212515688851109e-001	 -6.0223157826166940e-001	 -6.0227205748264456e-001	 -6.0229177118953370e-001	 -6.0230258222127020e-001	 -6.0230903899538557e-001	 -6.0231308721037102e-001	 -6.0231571824376218e-001	 -6.0231872803317987e-001	
 -6.0182049645529645e-001	 -6.0184645374350421e-001	 -5.9976780598536283e-001	 -6.0157821625417274e-001	 -6.0228217138569295e-001	 -6.0238060146389216e-001	 -6.0241926124293688e-001	 -6.0243857635300380e-001	 -6.0244931551267644e-001	 -6.0245577221795799e-001	 -6.0245980008921673e-001	 -6.0246242234629488e-001	 -6.0246541958719479e-001	
 -6.0197582714538456e-001	 -6.0200415971978227e-001	 -5.9976780587001066e-001	 -6.0181335954290205e-001	 -6.0243689924333044e-001	 -6.0252986359632388e-001	 -6.0256777036493681e-001	 -6.0258706204618928e-001	 -6.0259782101879100e-001	 -6.0260425215619140e-001	 -6.0260830905711771e-001	 -6.0261096166047690e-001	 -6.0261402473726911e-001	
 -6.0212999223319130e-001	 -6.0216074670715880e-001	 -5.9976780579062972e-001	 -6.0204383858186716e-001	 -6.0259168804488450e-001	 -6.0268123252749106e-001	 -6.0271887846385930e-001	 -6.0273818846612315e-001	 -6.0274898768852836e-001	 -6.0275547100518967e-001	 -6.0275957518018952e-001	 -6.0276226077848882e-001	 -6.0276535210868065e-001	
 -6.0228382320892671e-001	 -6.0231705914604028e-001	 -5.9976780577297717e-001	 -6.0226737213531223e-001	 -6.0274770101176323e-001	 -6.0283499986568678e-001	 -6.0287242657020013e-001	 -6.0289168147031891e-001	 -6.0290248916194944e-001	 -6.0290901267956443e-001	 -6.0291313002147628e-001	 -6.0291582676486044e-001	 -6.0291893513941819e-001	
 -6.0244843594892128e-001	 -6.0248439139864995e-001	 -5.9976780577064570e-001	 -6.0249833778691642e-001	 -6.0291611622298458e-001	 -6.0300146866343329e-001	 -6.0303858735144544e-001	 -6.0305777651437076e-001	 -6.0306859378600475e-001	 -6.0307514375534943e-001	 -6.0307928683545065e-001	 -6.0308200718350857e-001	 -6.0308515092022397e-001	
 -6.0256689823656728e-001	 -6.0260482815466254e-001	 -5.9976780615367264e-001	 -6.0265780001245162e-001	 -6.0303756880020210e-001	 -6.0312144018492830e-001	 -6.0315806754240864e-001	 -6.0317700094270066e-001	 -6.0318766973344040e-001	 -6.0319411556197799e-001	 -6.0319818990361984e-001	 -6.0320086387899430e-001	 -6.0320395047130937e-001	
 -6.0268540379426749e-001	 -6.0272530224492193e-001	 -5.9976780313708566e-001	 -6.0281215314816894e-001	 -6.0315883959238814e-001	 -6.0324108913745178e-001	 -6.0327703760920670e-001	 -6.0329553851867779e-001	 -6.0330655361695573e-001	 -6.0331276167935322e-001	 -6.0331667447743875e-001	 -6.0331938898305904e-001	 -6.0332243282579245e-001	
 -6.0280397682543896e-001	 -6.0284581665637216e-001	 -5.9976780096848703e-001	 -6.0296134585713368e-001	 -6.0327969415874261e-001	 -6.0336040269193258e-001	 -6.0339594598379787e-001	 -6.0341447047163044e-001	 -6.0342513158839761e-001	 -6.0343150394648326e-001	 -6.0343559078179787e-001	 -6.0343826322639682e-001	 -6.0344137736367820e-001	
 -6.0292273528328444e-001	 -6.0296650644509064e-001	 -5.9976779997450436e-001	 -6.0310614034286836e-001	 -6.0340076114284713e-001	 -6.0348030546764075e-001	 -6.0351576279438213e-001	 -6.0353442246219302e-001	 -6.0354491255742992e-001	 -6.0355142464574296e-001	 -6.0355556940683286e-001	 -6.0355827083302671e-001	 -6.0356142462270057e-001	
 -6.0295392587550456e-001	 -6.0299820312614827e-001	 -5.9976779994053153e-001	 -6.0314339629041758e-001	 -6.0343259979378505e-001	 -6.0351189334184596e-001	 -6.0354732413347989e-001	 -6.0356595510846489e-001	 -6.0357646759479078e-001	 -6.0358293692386322e-001	 -6.0358703551932624e-001	 -6.0358972334195737e-001	 -6.0359283688249388e-001	
 -6.0298509393530431e-001	 -6.0302987132021535e-001	 -5.9976779993842211e-001	 -6.0318036392692509e-001	 -6.0346430233571002e-001	 -6.0354323166100787e-001	 -6.0357847741232540e-001	 -6.0359691892530876e-001	 -6.0360731440922688e-001	 -6.0361362805461116e-001	 -6.0361760709393142e-001	 -6.0362021247206687e-001	 -6.0362321379603401e-001	
 -6.0301619097513637e-001	 -6.0306145660182775e-001	 -5.9976779994452833e-001	 -6.0321694762432987e-001	 -6.0349568768103268e-001	 -6.0357405243327555e-001	 -6.0360890260646727e-001	 -6.0362699049820723e-001	 -6.0363713184818923e-001	 -6.0364323085349003e-001	 -6.0364706237159282e-001	 -6.0364956700154071e-001	 -6.0365244897209180e-001	
 -6.0304716872905395e-001	 -6.0309290509197311e-001	 -5.9976779986037343e-001	 -6.0325306492126085e-001	 -6.0352660790075063e-001	 -6.0360417058702431e-001	 -6.0363843089794589e-001	 -6.0365606086165702e-001	 -6.0366584659021782e-001	 -6.0367173596342916e-001	 -6.0367544282613483e-001	 -6.0367784309911521e-001	 -6.0368061921334260e-001	
 -6.0308691658550462e-001	 -6.0313320213045696e-001	 -5.9976779994064255e-001	 -6.0329856785190650e-001	 -6.0356536334282840e-001	 -6.0364144891433824e-001	 -6.0367466228650191e-001	 -6.0369156842421390e-001	 -6.0370092149009125e-001	 -6.0370652308083805e-001	 -6.0371003992276684e-001	 -6.0371233264489010e-001	 -6.0371497549061015e-001	
 -6.0312624061931164e-001	 -6.0317301542256452e-001	 -5.9976780002157781e-001	 -6.0334289441887901e-001	 -6.0360277987692168e-001	 -6.0367704771391306e-001	 -6.0370907395523865e-001	 -6.0372523986673698e-001	 -6.0373416817172121e-001	 -6.0373950367531570e-001	 -6.0374285173991904e-001	 -6.0374503934856882e-001	 -6.0374755789660561e-001	
 -6.0316506868529629e-001	 -6.0321226368131864e-001	 -5.9976780008841324e-001	 -6.0338594710851456e-001	 -6.0363875466495909e-001	 -6.0371095213263004e-001	 -6.0374172982424756e-001	 -6.0375717251126559e-001	 -6.0376569112274847e-001	 -6.0377077771023302e-001	 -6.0377396847510756e-001	 -6.0377605312800231e-001	 -6.0377845131565078e-001	
 -6.0321726892520466e-001	 -6.0326493321738450e-001	 -5.9976780009607378e-001	 -6.0344280893132041e-001	 -6.0368571294722173e-001	 -6.0375486415709112e-001	 -6.0378395067461899e-001	 -6.0379847319091962e-001	 -6.0380648092772660e-001	 -6.0381126204755997e-001	 -6.0381426050615250e-001	 -6.0381621854166401e-001	 -6.0381846948220907e-001	
 -6.0326840684954419e-001	 -6.0331639523414360e-001	 -5.9976779995263296e-001	 -6.0349718035201949e-001	 -6.0373003713543039e-001	 -6.0379601178939257e-001	 -6.0382347411358506e-001	 -6.0383715471734600e-001	 -6.0384468986851569e-001	 -6.0384918721390068e-001	 -6.0385200909673920e-001	 -6.0385384051442337e-001	 -6.0385594618039828e-001	
 -6.0331831880222619e-001	 -6.0336646905856384e-001	 -5.9976779988080153e-001	 -6.0354884377933349e-001	 -6.0377164641278736e-001	 -6.0383442342437643e-001	 -6.0386034829418289e-001	 -6.0387323586530428e-001	 -6.0388033253955253e-001	 -6.0388454678894643e-001	 -6.0388718193926660e-001	 -6.0388889491302944e-001	 -6.0389085486078908e-001	
 -6.0336688597717458e-001	 -6.0341502719940543e-001	 -5.9976780002457541e-001	 -6.0359770039075666e-001	 -6.0381055862890332e-001	 -6.0387019049079615e-001	 -6.0389466345023290e-001	 -6.0390679577659867e-001	 -6.0391347350319258e-001	 -6.0391741643972541e-001	 -6.0391987708496853e-001	 -6.0392148051202632e-001	 -6.0392331087633089e-001	
 -6.0349112472368738e-001	 -6.0353839773463758e-001	 -5.9976780003634378e-001	 -6.0371604606690443e-001	 -6.0390338212668038e-001	 -6.0395521375511407e-001	 -6.0397630653008516e-001	 -6.0398670785033470e-001	 -6.0399240687791789e-001	 -6.0399576525238530e-001	 -6.0399785855858035e-001	 -6.0399922425169450e-001	 -6.0400078487143904e-001	
 -6.0360422763328092e-001	 -6.0364953677793931e-001	 -5.9976780069026514e-001	 -6.0381598800496317e-001	 -6.0398077964485264e-001	 -6.0402613877397204e-001	 -6.0404453727735952e-001	 -6.0405358552240163e-001	 -6.0405846094402360e-001	 -6.0406139503377254e-001	 -6.0406322201589369e-001	 -6.0406439291760261e-001	 -6.0406573793592155e-001	
 -6.0370621788496948e-001	 -6.0374874747293195e-001	 -5.9976780122517059e-001	 -6.0390060169002169e-001	 -6.0404627929533383e-001	 -6.0408647617238298e-001	 -6.0410275515410117e-001	 -6.0411074274768772e-001	 -6.0411507260338393e-001	 -6.0411765362589076e-001	 -6.0411925061298888e-001	 -6.0412028828937814e-001	 -6.0412147039801134e-001	
 -6.0379774848728918e-001	 -6.0383699380206490e-001	 -5.9986164722147794e-001	 -6.0397286361268954e-001	 -6.0410269721256071e-001	 -6.0413882549792408e-001	 -6.0415345584763358e-001	 -6.0416062401869031e-001	 -6.0416454769585126e-001	 -6.0416683777331226e-001	 -6.0416825333808877e-001	 -6.0416917299210837e-001	 -6.0417021375691604e-001	
 -6.0387975772147051e-001	 -6.0391546527982509e-001	 -6.0004529432400311e-001	 -6.0403516234708299e-001	 -6.0415200104990685e-001	 -6.0418489353708527e-001	 -6.0419822371726717e-001	 -6.0420474762845622e-001	 -6.0420828188567643e-001	 -6.0421035754265606e-001	 -6.0421164457080678e-001	 -6.0421247257835820e-001	 -6.0421341640803927e-001	
 -6.0396659707895317e-001	 -6.0399807796152061e-001	 -6.0030147199352513e-001	 -6.0409934633809392e-001	 -6.0420406757699663e-001	 -6.0423424654487690e-001	 -6.0424662142788410e-001	 -6.0425273610942298e-001	 -6.0425605230618462e-001	 -6.0425803516339638e-001	 -6.0425927168261673e-001	 -6.0426006927716269e-001	 -6.0426098227006619e-001	
 -6.0404382455681027e-001	 -6.0407128186523718e-001	 -6.0057530088264421e-001	 -6.0415579821104792e-001	 -6.0425180679635204e-001	 -6.0428058863792877e-001	 -6.0429268909578671e-001	 -6.0429875983292192e-001	 -6.0430208591666368e-001	 -6.0430407877820613e-001	 -6.0430532020139260e-001	 -6.0430612203443701e-001	 -6.0430703582303735e-001	
 -6.0411352170419708e-001	 -6.0413731457609199e-001	 -6.0085461379255634e-001	 -6.0420710394637478e-001	 -6.0429752062518549e-001	 -6.0432610393168495e-001	 -6.0433844600049635e-001	 -6.0434469492132159e-001	 -6.0434812494059020e-001	 -6.0435017229909516e-001	 -6.0435144388626405e-001	 -6.0435226308308554e-001	 -6.0435319461127346e-001	
 -6.0417759865272203e-001	 -6.0419815782897235e-001	 -6.0113433084418855e-001	 -6.0425520688145440e-001	 -6.0434274176079938e-001	 -6.0437202582219740e-001	 -6.0438488984226879e-001	 -6.0439140278667480e-001	 -6.0439496617958888e-001	 -6.0439708280635163e-001	 -6.0439839349779589e-001	 -6.0439923683963670e-001	 -6.0440019340135542e-001	
 -6.0427273127883208e-001	 -6.0428898722386659e-001	 -6.0157838696772714e-001	 -6.0432895608630854e-001	 -6.0441603130456656e-001	 -6.0444732383624356e-001	 -6.0446111651857315e-001	 -6.0446803041291908e-001	 -6.0447179095080017e-001	 -6.0447400293173192e-001	 -6.0447536619523401e-001	 -6.0447624168313840e-001	 -6.0447722959011685e-001	
 -6.0436158868026890e-001	 -6.0437453075345982e-001	 -6.0199999433374618e-001	 -6.0440055993071784e-001	 -6.0449077766633330e-001	 -6.0452457165161011e-001	 -6.0453930703452397e-001	 -6.0454661425324296e-001	 -6.0455057119779276e-001	 -6.0455288130578655e-001	 -6.0455430099060070e-001	 -6.0455521116764555e-001	 -6.0455623504895861e-001	
 -6.0444695722849939e-001	 -6.0445738417136408e-001	 -6.0238857288130720e-001	 -6.0447143335118358e-001	 -6.0456693706378850e-001	 -6.0460324707201085e-001	 -6.0461882569839975e-001	 -6.0462646603809400e-001	 -6.0463055181003700e-001	 -6.0463293935675289e-001	 -6.0463440030833482e-001	 -6.0463533113197521e-001	 -6.0463637662377945e-001	
 -6.0453037962171496e-001	 -6.0453889130984706e-001	 -6.0273922173648131e-001	 -6.0454208996396641e-001	 -6.0464395240622526e-001	 -6.0468252555778701e-001	 -6.0469875340085633e-001	 -6.0470660886458028e-001	 -6.0471078389001676e-001	 -6.0471320309229970e-001	 -6.0471467714473537e-001	 -6.0471561543884444e-001	 -6.0471666497774468e-001	
 -6.0463800066257178e-001	 -6.0464465236031995e-001	 -6.0313887894591911e-001	 -6.0463441992719691e-001	 -6.0474514925956679e-001	 -6.0478616061276913e-001	 -6.0480296458764737e-001	 -6.0481097676601259e-001	 -6.0481521348632050e-001	 -6.0481764092634727e-001	 -6.0481911458631910e-001	 -6.0482005034756536e-001	 -6.0482109270321160e-001	
 -6.0474385551523291e-001	 -6.0474912091879052e-001	 -6.0347619571743394e-001	 -6.0472566242208980e-001	 -6.0484508994362862e-001	 -6.0488814700732085e-001	 -6.0490542418867310e-001	 -6.0491357253622535e-001	 -6.0491790253747180e-001	 -6.0492032648373772e-001	 -6.0492179305438043e-001	 -6.0492272687184823e-001	 -6.0492375882115201e-001	
 -6.0484789482773138e-001	 -6.0485206433924521e-001	 -6.0376093298319944e-001	 -6.0481517948485219e-001	 -6.0494299915125893e-001	 -6.0498796279717659e-001	 -6.0500577649669207e-001	 -6.0501412598623627e-001	 -6.0501842978655240e-001	 -6.0502091604164310e-001	 -6.0502241559168279e-001	 -6.0502335550616237e-001	 -6.0502440313459083e-001	
 -6.0494996722337824e-001	 -6.0495326016829498e-001	 -6.0400273281624450e-001	 -6.0490286117742542e-001	 -6.0503907193443229e-001	 -6.0508600751130182e-001	 -6.0510436004534984e-001	 -6.0511284068709426e-001	 -6.0511714975086672e-001	 -6.0511964248721739e-001	 -6.0512112792554529e-001	 -6.0512206243523714e-001	 -6.0512309033866618e-001	
 -6.0504996253341048e-001	 -6.0505255372322875e-001	 -6.0420958436924188e-001	 -6.0498859494506618e-001	 -6.0513331329392628e-001	 -6.0518221538941042e-001	 -6.0520092873073139e-001	 -6.0520941112174320e-001	 -6.0521383340805812e-001	 -6.0521623847320516e-001	 -6.0521766772159147e-001	 -6.0521857300022130e-001	 -6.0521955259218441e-001	
 -6.0520348471015950e-001	 -6.0520519373996606e-001	 -6.0447895734883073e-001	 -6.0511909681426612e-001	 -6.0527697613610432e-001	 -6.0532858411399548e-001	 -6.0534769898501484e-001	 -6.0535631166747095e-001	 -6.0536072910066796e-001	 -6.0536315150605535e-001	 -6.0536460917837154e-001	 -6.0536550796941313e-001	 -6.0536651028997301e-001	
 -6.0535112716630923e-001	 -6.0535219117463512e-001	 -6.0469794354534034e-001	 -6.0524322955557430e-001	 -6.0541427290095040e-001	 -6.0546880994494234e-001	 -6.0548870618759576e-001	 -6.0549761601302876e-001	 -6.0550202103704098e-001	 -6.0550447405560703e-001	 -6.0550592907515632e-001	 -6.0550682690951874e-001	 -6.0550780397261583e-001	
 -6.0549286521993650e-001	 -6.0549347687777200e-001	 -6.0488172402650697e-001	 -6.0536085750018120e-001	 -6.0554539337231983e-001	 -6.0560310039559084e-001	 -6.0562415266007807e-001	 -6.0563216398012987e-001	 -6.0563715536732232e-001	 -6.0563972528626664e-001	 -6.0564101325322195e-001	 -6.0564194037382446e-001	 -6.0564303180010715e-001	
 -6.0562881201209340e-001	 -6.0562913670270113e-001	 -6.0504031239361211e-001	 -6.0547311538627913e-001	 -6.0567226459784518e-001	 -6.0573313997047684e-001	 -6.0575458768774570e-001	 -6.0576270843171187e-001	 -6.0576746814067217e-001	 -6.0576987599381127e-001	 -6.0577124834026996e-001	 -6.0577210906453960e-001	 -6.0577302805042699e-001	
 -6.0575890673486565e-001	 -6.0575908725812866e-001	 -6.0517977499741082e-001	 -6.0557997874666203e-001	 -6.0579405137273223e-001	 -6.0585761839138108e-001	 -6.0587848177096060e-001	 -6.0588825736362928e-001	 -6.0589191410542753e-001	 -6.0589404954125570e-001	 -6.0589549408485155e-001	 -6.0589623333062725e-001	 -6.0589694904800151e-001	
 -6.0594505906486074e-001	 -6.0594515094147816e-001	 -6.0536314087089593e-001	 -6.0573069016711667e-001	 -6.0596507589305570e-001	 -6.0603160101180276e-001	 -6.0605266016722226e-001	 -6.0606194962342652e-001	 -6.0606583998423780e-001	 -6.0606802505991375e-001	 -6.0606927050810278e-001	 -6.0607003478463373e-001	 -6.0607086202868476e-001	
 -6.0611427130963236e-001	 -6.0611431918411451e-001	 -6.0551922499996191e-001	 -6.0586623198632950e-001	 -6.0611901603402352e-001	 -6.0618872609674579e-001	 -6.0621038171815300e-001	 -6.0621876183719614e-001	 -6.0622282490241375e-001	 -6.0622493340456440e-001	 -6.0622611838612173e-001	 -6.0622684704225716e-001	 -6.0622762077344738e-001	
 -6.0626681366404700e-001	 -6.0626682464093307e-001	 -6.0565498038167576e-001	 -6.0598821962065674e-001	 -6.0625894555144111e-001	 -6.0633154941946987e-001	 -6.0635292203681246e-001	 -6.0636091909427314e-001	 -6.0636470914710028e-001	 -6.0636666448488086e-001	 -6.0636776897382560e-001	 -6.0636843320860390e-001	 -6.0636913369160883e-001	
 -6.0640438609571579e-001	 -6.0640439719283901e-001	 -6.0577515764803636e-001	 -6.0609850201132076e-001	 -6.0638690597347722e-001	 -6.0646154046306577e-001	 -6.0648199696822225e-001	 -6.0649029494885820e-001	 -6.0649344938157324e-001	 -6.0649515187971570e-001	 -6.0649616062025125e-001	 -6.0649670729151506e-001	 -6.0649723933337008e-001	
 -6.0652833561392061e-001	 -6.0652834954677548e-001	 -6.0588241468761961e-001	 -6.0619764785740937e-001	 -6.0650118399241393e-001	 -6.0657689453791352e-001	 -6.0659694859843682e-001	 -6.0660472991458381e-001	 -6.0660783751242953e-001	 -6.0660948210355947e-001	 -6.0661040894494089e-001	 -6.0661095257685815e-001	 -6.0661151994878537e-001	
 -6.0665752811983609e-001	 -6.0665753616839790e-001	 -6.0599486720136486e-001	 -6.0630140157347245e-001	 -6.0661958986196751e-001	 -6.0669662490286935e-001	 -6.0671650910792962e-001	 -6.0672346471879468e-001	 -6.0672649969684134e-001	 -6.0672807184325439e-001	 -6.0672891288238162e-001	 -6.0672941522610380e-001	 -6.0672994361554711e-001	
 -6.0676990714836343e-001	 -6.0676990744590320e-001	 -6.0609520227239422e-001	 -6.0639312732657658e-001	 -6.0672341355139103e-001	 -6.0680152190106806e-001	 -6.0682048807736422e-001	 -6.0682684933199837e-001	 -6.0682962309444033e-001	 -6.0683100414571367e-001	 -6.0683176291775887e-001	 -6.0683220954427242e-001	 -6.0683266635808142e-001	
 -6.0686718231672820e-001	 -6.0686718046554233e-001	 -6.0618562115621888e-001	 -6.0647460579832391e-001	 -6.0681467049972238e-001	 -6.0689275720449132e-001	 -6.0691042138771856e-001	 -6.0691632160303488e-001	 -6.0691879619145794e-001	 -6.0692004453899440e-001	 -6.0692071448709140e-001	 -6.0692110594473547e-001	 -6.0692151744368150e-001	
 -6.0695095178142644e-001	 -6.0695095129115195e-001	 -6.0626770198601854e-001	 -6.0654719555752745e-001	 -6.0689443210870664e-001	 -6.0697135886944587e-001	 -6.0698768729650077e-001	 -6.0699306547373766e-001	 -6.0699528814955883e-001	 -6.0699632873151277e-001	 -6.0699692027554875e-001	 -6.0699725855239972e-001	 -6.0699758857085673e-001	
 -6.0702224067166188e-001	 -6.0702224115727343e-001	 -6.0634253819913386e-001	 -6.0661197379663356e-001	 -6.0696332371334982e-001	 -6.0703801235517663e-001	 -6.0705291387652682e-001	 -6.0705759532853065e-001	 -6.0705949941708415e-001	 -6.0706041928404453e-001	 -6.0706091410156482e-001	 -6.0706120116427176e-001	 -6.0706149690903377e-001	
 -6.0709548650450529e-001	 -6.0709548692594595e-001	 -6.0642715486514120e-001	 -6.0668336287883484e-001	 -6.0703572714670972e-001	 -6.0710637285521507e-001	 -6.0711927289103240e-001	 -6.0712313691435593e-001	 -6.0712469008883385e-001	 -6.0712544536167812e-001	 -6.0712584274535963e-001	 -6.0712607482649172e-001	 -6.0712630965154002e-001	
 -6.0715261295296585e-001	 -6.0715261306643065e-001	 -6.0650283360175195e-001	 -6.0674556740525354e-001	 -6.0709471815822980e-001	 -6.0715999037441737e-001	 -6.0717069105542532e-001	 -6.0717379135988292e-001	 -6.0717502015827929e-001	 -6.0717560557743688e-001	 -6.0717591538117510e-001	 -6.0717609554772345e-001	 -6.0717627604967017e-001	
 -6.0719572224954277e-001	 -6.0719572223399965e-001	 -6.0657057568402895e-001	 -6.0679989382983468e-001	 -6.0714198296463184e-001	 -6.0720039856310137e-001	 -6.0720890189747134e-001	 -6.0721119720319461e-001	 -6.0721209489822403e-001	 -6.0721260489882134e-001	 -6.0721283160580786e-001	 -6.0721297303745203e-001	 -6.0721313967038171e-001	
 -6.0722630326093263e-001	 -6.0722630323917226e-001	 -6.0663111850045581e-001	 -6.0684731287208304e-001	 -6.0717888694716837e-001	 -6.0722925262102212e-001	 -6.0723534864848272e-001	 -6.0723692513409144e-001	 -6.0723752278835086e-001	 -6.0723778877791457e-001	 -6.0723793245487379e-001	 -6.0723801230500030e-001	 -6.0723808845086769e-001	
 -6.0724800094658082e-001	 -6.0724800094136278e-001	 -6.0669230655507889e-001	 -6.0689399174063130e-001	 -6.0720972330929879e-001	 -6.0724938363410086e-001	 -6.0725272230166549e-001	 -6.0725356195612257e-001	 -6.0725387130500241e-001	 -6.0725401674133206e-001	 -6.0725409334327907e-001	 -6.0725414445839121e-001	 -6.0725420209672976e-001	
 -6.0725790051996409e-001	 -6.0725790052229556e-001	 -6.0674568616370106e-001	 -6.0693355161611784e-001	 -6.0723006978136151e-001	 -6.0725806871297916e-001	 -6.0725919784876403e-001	 -6.0725941815864548e-001	 -6.0725951495244068e-001	 -6.0725961253982330e-001	 -6.0725964009100686e-001	 -6.0725966934094266e-001	 -6.0725970852670841e-001	
 -6.0725830812780046e-001	 -6.0725830812979886e-001	 -6.0679199439273024e-001	 -6.0696680483784959e-001	 -6.0724151075819410e-001	 -6.0725798601213299e-001	 -6.0725729986899069e-001	 -6.0725695345609232e-001	 -6.0725680742734767e-001	 -6.0725674148975894e-001	 -6.0725670069849969e-001	 -6.0725667880401346e-001	 -6.0725665690442021e-001	
 -6.0725081251056245e-001	 -6.0725081251089552e-001	 -6.0683186603005534e-001	 -6.0699441181344405e-001	 -6.0724537673007006e-001	 -6.0725027615415872e-001	 -6.0724772434839203e-001	 -6.0724686668489625e-001	 -6.0724652417942782e-001	 -6.0724633149333851e-001	 -6.0724624615882128e-001	 -6.0724619948038239e-001	 -6.0724614520568654e-001	
 -6.0722671306523424e-001	 -6.0722671306456810e-001	 -6.0688224428584459e-001	 -6.0702724652050843e-001	 -6.0723849949373410e-001	 -6.0722550046976576e-001	 -6.0722052413464400e-001	 -6.0721915416550587e-001	 -6.0721865109081286e-001	 -6.0721844318334384e-001	 -6.0721832652255170e-001	 -6.0721826966103620e-001	 -6.0721821905829199e-001	
 -6.0718995010689003e-001	 -6.0718995010577981e-001	 -6.0692024407160705e-001	 -6.0704946323619779e-001	 -6.0721823006504305e-001	 -6.0718791174840803e-001	 -6.0718147556826363e-001	 -6.0717965525436401e-001	 -6.0717898507289814e-001	 -6.0717877993954339e-001	 -6.0717861830272835e-001	 -6.0717853676350853e-001	 -6.0717848014113507e-001	
 -6.0714266212247292e-001	 -6.0714266212180679e-001	 -6.0694722792575817e-001	 -6.0706230966733887e-001	 -6.0718646462609716e-001	 -6.0714031921305089e-001	 -6.0713270314838308e-001	 -6.0713032469850159e-001	 -6.0712942489027366e-001	 -6.0712908499760410e-001	 -6.0712886337277450e-001	 -6.0712874015933505e-001	 -6.0712863552936369e-001	
 -6.0708774277895561e-001	 -6.0708774277895561e-001	 -6.0696440744778535e-001	 -6.0706689924017176e-001	 -6.0714524317406759e-001	 -6.0708585030466722e-001	 -6.0707658018299693e-001	 -6.0707405787285840e-001	 -6.0707314083585651e-001	 -6.0707258134051756e-001	 -6.0707236305967971e-001	 -6.0707223911993236e-001	 -6.0707207419707920e-001	
 -6.0700004152480780e-001	 -6.0700004152247633e-001	 -6.0697407604504150e-001	 -6.0706063492077522e-001	 -6.0707126633263719e-001	 -6.0699710570222276e-001	 -6.0698703313366575e-001	 -6.0698439441053686e-001	 -6.0698336394593433e-001	 -6.0698310023143964e-001	 -6.0698285058691237e-001	 -6.0698272042047918e-001	 -6.0698266565795134e-001	
 -6.0690420605413742e-001	 -6.0690420605313822e-001	 -6.0696833083329071e-001	 -6.0704142677248107e-001	 -6.0698320660956817e-001	 -6.0690007513797273e-001	 -6.0689053956830552e-001	 -6.0688764099137149e-001	 -6.0688654946949860e-001	 -6.0688616269155560e-001	 -6.0688588703183832e-001	 -6.0688573521128220e-001	 -6.0688559371735451e-001	
 -6.0680331195517301e-001	 -6.0680331195506199e-001	 -6.0694933885041547e-001	 -6.0701108536853621e-001	 -6.0688828937005557e-001	 -6.0680051582084893e-001	 -6.0678965176907962e-001	 -6.0678647685963316e-001	 -6.0678524252122390e-001	 -6.0678466324393110e-001	 -6.0678435818251053e-001	 -6.0678418393966815e-001	 -6.0678401068126053e-001	
 -6.0669829570347833e-001	 -6.0669829622073124e-001	 -6.0691880776775342e-001	 -6.0697098232831426e-001	 -6.0678757382692794e-001	 -6.0669650447653378e-001	 -6.0668499792826402e-001	 -6.0668151381404467e-001	 -6.0668001514863068e-001	 -6.0667930679125792e-001	 -6.0667889155396892e-001	 -6.0667864637353741e-001	 -6.0667842603845390e-001	
 -6.0657744978198647e-001	 -6.0657744995418206e-001	 -6.0687174704421309e-001	 -6.0691471577989375e-001	 -6.0666518076368803e-001	 -6.0657477014647299e-001	 -6.0656361550770477e-001	 -6.0656040481210649e-001	 -6.0655913991236599e-001	 -6.0655856000058073e-001	 -6.0655825451982892e-001	 -6.0655807462295375e-001	 -6.0655790593966419e-001	
 -6.0653442478952879e-001	 -6.0653442482261344e-001	 -6.0685275549954287e-001	 -6.0689295956406486e-001	 -6.0662083991425142e-001	 -6.0653090178652835e-001	 -6.0651947746881429e-001	 -6.0651620781249083e-001	 -6.0651493313934601e-001	 -6.0651431945768497e-001	 -6.0651399519939808e-001	 -6.0651381188681075e-001	 -6.0651362102748241e-001	
 -6.0649069432938685e-001	 -6.0649069432228142e-001	 -6.0683248545656543e-001	 -6.0687010126903029e-001	 -6.0657628144444864e-001	 -6.0648740064395135e-001	 -6.0647602635721665e-001	 -6.0647263831437037e-001	 -6.0647126373736260e-001	 -6.0647062518448536e-001	 -6.0647028493432398e-001	 -6.0647008577885408e-001	 -6.0646990000501333e-001	
 -6.0644747021054712e-001	 -6.0644747001425969e-001	 -6.0681103747395326e-001	 -6.0684623156870288e-001	 -6.0653497306939474e-001	 -6.0644998474246314e-001	 -6.0643886012856640e-001	 -6.0643455761622000e-001	 -6.0643210640387579e-001	 -6.0643081636801988e-001	 -6.0642992493176173e-001	 -6.0642928336818169e-001	 -6.0642871681781951e-001	
 -6.0640466889383404e-001	 -6.0640466880157451e-001	 -6.0678848932904650e-001	 -6.0682141613632723e-001	 -6.0648947166497269e-001	 -6.0640175628678961e-001	 -6.0638915569077856e-001	 -6.0638560901660199e-001	 -6.0638454331962688e-001	 -6.0638417241976050e-001	 -6.0638408365776275e-001	 -6.0638404160295867e-001	 -6.0638403445001376e-001	
 -6.0628880769619808e-001	 -6.0628880768798243e-001	 -6.0671985545279750e-001	 -6.0674750279821055e-001	 -6.0636765707877682e-001	 -6.0628450778121845e-001	 -6.0627394795664813e-001	 -6.0627104129817866e-001	 -6.0626991731616009e-001	 -6.0626937757379817e-001	 -6.0626908949112934e-001	 -6.0626892130100085e-001	 -6.0626875117342216e-001	
 -6.0617557018904922e-001	 -6.0617556748165935e-001	 -6.0664571547475177e-001	 -6.0666889957861070e-001	 -6.0625081442211570e-001	 -6.0617336077029016e-001	 -6.0616227875831541e-001	 -6.0615893939675036e-001	 -6.0615768091687450e-001	 -6.0615696398103047e-001	 -6.0615654863926949e-001	 -6.0615640626660028e-001	 -6.0615608138092636e-001	
 -6.0614085055621381e-001	 -6.0614084939047963e-001	 -6.0662308785219832e-001	 -6.0664504229746008e-001	 -6.0621335527422104e-001	 -6.0613656861829845e-001	 -6.0612579211638540e-001	 -6.0612274285953838e-001	 -6.0612157447259563e-001	 -6.0612100050294604e-001	 -6.0612069843424266e-001	 -6.0612053334774263e-001	 -6.0612035278884147e-001	
 -6.0610619297973845e-001	 -6.0610619259826581e-001	 -6.0659994442924248e-001	 -6.0662072953265866e-001	 -6.0617667369122774e-001	 -6.0610195163501857e-001	 -6.0609168397907087e-001	 -6.0608853783838956e-001	 -6.0608723258737118e-001	 -6.0608661500938243e-001	 -6.0608628149294574e-001	 -6.0608608499912453e-001	 -6.0608589790500655e-001	
 -6.0607188778549759e-001	 -6.0607188753725172e-001	 -6.0657635910499330e-001	 -6.0659602673684976e-001	 -6.0614176395235031e-001	 -6.0606951366448669e-001	 -6.0605916024492057e-001	 -6.0605578180206177e-001	 -6.0605424552484521e-001	 -6.0605343925590471e-001	 -6.0605294906601603e-001	 -6.0605264068158693e-001	 -6.0605230360877282e-001	
 -6.0597997038602802e-001	 -6.0597997034694817e-001	 -6.0650966008657381e-001	 -6.0652656833604102e-001	 -6.0604474361436456e-001	 -6.0597559502739706e-001	 -6.0596560948988909e-001	 -6.0596261666467921e-001	 -6.0596141305868656e-001	 -6.0596084352548818e-001	 -6.0596054139128164e-001	 -6.0596036684645860e-001	 -6.0596019581993232e-001	
 -6.0589064598159936e-001	 -6.0589064597993403e-001	 -6.0644074795257463e-001	 -6.0645513486279334e-001	 -6.0594942213121339e-001	 -6.0588514382453607e-001	 -6.0587625996433303e-001	 -6.0587361729125266e-001	 -6.0587254972910287e-001	 -6.0587205038808989e-001	 -6.0587178471871450e-001	 -6.0587162387903959e-001	 -6.0587147339041802e-001	
 -6.0585836347470945e-001	 -6.0585836347537558e-001	 -6.0641609600975421e-001	 -6.0642961691459440e-001	 -6.0591523706998718e-001	 -6.0585213512276415e-001	 -6.0584315059586391e-001	 -6.0584056286305810e-001	 -6.0583955481474661e-001	 -6.0583905547273442e-001	 -6.0583879048536904e-001	 -6.0583864422081302e-001	 -6.0583848231743342e-001	
 -6.0582604176484534e-001	 -6.0582604176484534e-001	 -6.0639113916549636e-001	 -6.0640381892351769e-001	 -6.0588213730927709e-001	 -6.0582093004069026e-001	 -6.0581183004382311e-001	 -6.0580886817540591e-001	 -6.0580760194717254e-001	 -6.0580699100243329e-001	 -6.0580665752285601e-001	 -6.0580646066532573e-001	 -6.0580627051520786e-001	
 -6.0579398555116182e-001	 -6.0579398544358121e-001	 -6.0636591904772441e-001	 -6.0637777546579397e-001	 -6.0585023100023783e-001	 -6.0579031978746922e-001	 -6.0578093753682616e-001	 -6.0577787870963462e-001	 -6.0577651493221030e-001	 -6.0577578990672620e-001	 -6.0577535406380889e-001	 -6.0577508628589793e-001	 -6.0577477861412099e-001	
 -6.0570577401175552e-001	 -6.0570577397989211e-001	 -6.0629389390609578e-001	 -6.0630355487822918e-001	 -6.0575834830545183e-001	 -6.0570039385532404e-001	 -6.0569140874600080e-001	 -6.0568870159238841e-001	 -6.0568760145240930e-001	 -6.0568707549280010e-001	 -6.0568679540529136e-001	 -6.0568663232085651e-001	 -6.0568647254033436e-001	
 -6.0562027043908895e-001	 -6.0562027043420397e-001	 -6.0622060574233583e-001	 -6.0622809705190850e-001	 -6.0566815934859353e-001	 -6.0561397735947597e-001	 -6.0560603738868402e-001	 -6.0560361364092596e-001	 -6.0560261672537585e-001	 -6.0560215340443868e-001	 -6.0560190601444130e-001	 -6.0560175249257941e-001	 -6.0560161365175169e-001	
 -6.0558847361780188e-001	 -6.0558847361691370e-001	 -6.0619381991555699e-001	 -6.0620049933879372e-001	 -6.0563470597219116e-001	 -6.0558117018294499e-001	 -6.0557316505471803e-001	 -6.0557089937440800e-001	 -6.0557003023087308e-001	 -6.0556959201563121e-001	 -6.0556935968669734e-001	 -6.0556923419352593e-001	 -6.0556908829323408e-001	
 -6.0555666338490965e-001	 -6.0555666338457659e-001	 -6.0616683511560687e-001	 -6.0617270589602423e-001	 -6.0560298372647203e-001	 -6.0555139762663579e-001	 -6.0554303217164041e-001	 -6.0554012473312824e-001	 -6.0553883226599492e-001	 -6.0553820059805474e-001	 -6.0553785100270208e-001	 -6.0553764201320970e-001	 -6.0553744129765441e-001	
 -6.0552513260803131e-001	 -6.0552513250522466e-001	 -6.0613968412459585e-001	 -6.0614474056297496e-001	 -6.0557258268623126e-001	 -6.0552163538341031e-001	 -6.0551282359100345e-001	 -6.0550984945595410e-001	 -6.0550847625939763e-001	 -6.0550771886713761e-001	 -6.0550724985186655e-001	 -6.0550695325234383e-001	 -6.0550660217950636e-001	
 -6.0543732385465177e-001	 -6.0543732382467574e-001	 -6.0606190892753542e-001	 -6.0606464998358422e-001	 -6.0548172097973918e-001	 -6.0543171268589990e-001	 -6.0542328870172302e-001	 -6.0542071940927755e-001	 -6.0541965778304618e-001	 -6.0541914769607352e-001	 -6.0541887505316527e-001	 -6.0541871542219017e-001	 -6.0541856069140643e-001	
 -6.0535237965320121e-001	 -6.0535237964853827e-001	 -6.0598348123608314e-001	 -6.0598377083909138e-001	 -6.0539214401944541e-001	 -6.0534539590650915e-001	 -6.0533829311593124e-001	 -6.0533609988266956e-001	 -6.0533518608163472e-001	 -6.0533476654689444e-001	 -6.0533454230049522e-001	 -6.0533439877996642e-001	 -6.0533427465736533e-001	
 -6.0532256020084940e-001	 -6.0532256020029429e-001	 -6.0595660180062794e-001	 -6.0595598805956996e-001	 -6.0536061799310037e-001	 -6.0531416208486899e-001	 -6.0530709274730921e-001	 -6.0530517596113498e-001	 -6.0530446376616531e-001	 -6.0530409640213723e-001	 -6.0530390236646081e-001	 -6.0530380117274074e-001	 -6.0530367459910028e-001	
 -6.0529269778186734e-001	 -6.0529269778142325e-001	 -6.0592960894101378e-001	 -6.0592808250581331e-001	 -6.0533169216936411e-001	 -6.0528753685307191e-001	 -6.0527977965774138e-001	 -6.0527686414191262e-001	 -6.0527550765754334e-001	 -6.0527483332861731e-001	 -6.0527445448244066e-001	 -6.0527422536893472e-001	 -6.0527400573440193e-001	
 -6.0526312255371195e-001	 -6.0526312255360093e-001	 -6.0590252790782007e-001	 -6.0590006448757450e-001	 -6.0530101696754102e-001	 -6.0525641509712180e-001	 -6.0524871849554351e-001	 -6.0524632608205398e-001	 -6.0524540777529001e-001	 -6.0524498661773674e-001	 -6.0524477037726676e-001	 -6.0524464684397206e-001	 -6.0524452456411915e-001	
 -6.0517876888432909e-001	 -6.0517876888432909e-001	 -6.0582354777327652e-001	 -6.0581830777228785e-001	 -6.0521335878527260e-001	 -6.0517060252762711e-001	 -6.0516402023003124e-001	 -6.0516214753592035e-001	 -6.0516136872967863e-001	 -6.0516097735918706e-001	 -6.0516076273253727e-001	 -6.0516063211502047e-001	 -6.0516050360837070e-001	
 -6.0509733987457182e-001	 -6.0509733987368364e-001	 -6.0574439376448463e-001	 -6.0573614581127533e-001	 -6.0512904089204955e-001	 -6.0508943927695125e-001	 -6.0508347204624169e-001	 -6.0508150134941374e-001	 -6.0508063605702045e-001	 -6.0508023913408149e-001	 -6.0508002597625676e-001	 -6.0507988589908468e-001	 -6.0507977096124765e-001	
 -6.0506723677689056e-001	 -6.0506723677700158e-001	 -6.0571595287983726e-001	 -6.0570652396674252e-001	 -6.0509750410842056e-001	 -6.0505761566231886e-001	 -6.0505157937129628e-001	 -6.0505002304456212e-001	 -6.0504947283368526e-001	 -6.0504917971715422e-001	 -6.0504902631985935e-001	 -6.0504895131019421e-001	 -6.0504884573009399e-001	
 -6.0503714268056452e-001	 -6.0503714268012043e-001	 -6.0568744985678435e-001	 -6.0567682421108771e-001	 -6.0506993231579376e-001	 -6.0503249895538236e-001	 -6.0502514450000433e-001	 -6.0502213661772775e-001	 -6.0502068370793527e-001	 -6.0501995286210697e-001	 -6.0501953756963989e-001	 -6.0501928367751034e-001	 -6.0501904108345439e-001	
 -6.0500735242430270e-001	 -6.0500735242396964e-001	 -6.0565890602704009e-001	 -6.0564704519205925e-001	 -6.0503907722231354e-001	 -6.0500032845656193e-001	 -6.0499311542705492e-001	 -6.0499087169274546e-001	 -6.0499004039804571e-001	 -6.0498967183320040e-001	 -6.0498948823972665e-001	 -6.0498938503739108e-001	 -6.0498928449448375e-001	
 -6.0491076393565102e-001	 -6.0491076393587306e-001	 -6.0556445174719808e-001	 -6.0554842086413263e-001	 -6.0493861598176490e-001	 -6.0490128802703769e-001	 -6.0489588364764924e-001	 -6.0489445929612362e-001	 -6.0489383645945249e-001	 -6.0489350747949810e-001	 -6.0489332092583670e-001	 -6.0489320171130956e-001	 -6.0489308664213315e-001	
 -6.0488327731444969e-001	 -6.0488327731456071e-001	 -6.0553618255321240e-001	 -6.0551877018832911e-001	 -6.0491063077217078e-001	 -6.0487564462352594e-001	 -6.0487007939391546e-001	 -6.0486827089023532e-001	 -6.0486749119736949e-001	 -6.0486710200502447e-001	 -6.0486688741900885e-001	 -6.0486676308069143e-001	 -6.0486663593328771e-001	
 -6.0486315334851160e-001	 -6.0486315334873364e-001	 -6.0551601202896155e-001	 -6.0549758468664283e-001	 -6.0489046866518681e-001	 -6.0485588623659936e-001	 -6.0484975038199718e-001	 -6.0484767686552754e-001	 -6.0484678993466545e-001	 -6.0484634631063905e-001	 -6.0484610857092225e-001	 -6.0484596313359340e-001	 -6.0484582520403674e-001	
 -6.0484240621039298e-001	 -6.0484240626512698e-001	 -6.0549581549695919e-001	 -6.0547634602525768e-001	 -6.0486977859752766e-001	 -6.0483507691189153e-001	 -6.0482834536534913e-001	 -6.0482610144185767e-001	 -6.0482511320092414e-001	 -6.0482463784983231e-001	 -6.0482470033784708e-001	 -6.0482473551259908e-001	 -6.0482441931597464e-001	
 -6.0482170895237441e-001	 -6.0482170900855170e-001	 -6.0547560676893486e-001	 -6.0545509004195086e-001	 -6.0484924666492912e-001	 -6.0481449205618265e-001	 -6.0480781993532684e-001	 -6.0480572317023196e-001	 -6.0480485354719171e-001	 -6.0480440849020045e-001	 -6.0480423027475805e-001	 -6.0480406780794027e-001	 -6.0480396533912906e-001	
 -6.0477489927612815e-001	 -6.0477489929366968e-001	 -6.0542953764775032e-001	 -6.0540660706698279e-001	 -6.0480234925774923e-001	 -6.0476765823391787e-001	 -6.0476120935060163e-001	 -6.0475912910273877e-001	 -6.0475825653660831e-001	 -6.0475782541735690e-001	 -6.0475758952172054e-001	 -6.0475745313381957e-001	 -6.0475731224007845e-001	
 -6.0472908121012026e-001	 -6.0472908092989996e-001	 -6.0538350739314239e-001	 -6.0535807200245983e-001	 -6.0475594540088107e-001	 -6.0472183280346758e-001	 -6.0471556938634929e-001	 -6.0471356332303383e-001	 -6.0471271764139800e-001	 -6.0471220369262557e-001	 -6.0471213346235952e-001	 -6.0471194661704253e-001	 -6.0471187504917978e-001	
 -6.0468299207516729e-001	 -6.0468299197369291e-001	 -6.0533747927848935e-001	 -6.0530943544467863e-001	 -6.0470922154232110e-001	 -6.0467566238076031e-001	 -6.0466945093307078e-001	 -6.0466741879194874e-001	 -6.0466656389457363e-001	 -6.0466614362875148e-001	 -6.0466590958241362e-001	 -6.0466578081386224e-001	 -6.0466563450245481e-001	
 -6.0460997822253670e-001	 -6.0460997821054629e-001	 -6.0526317029618859e-001	 -6.0523078229646199e-001	 -6.0463503722341105e-001	 -6.0460274097728917e-001	 -6.0459675237400923e-001	 -6.0459478971086611e-001	 -6.0459396370560192e-001	 -6.0459355567221706e-001	 -6.0459333380769031e-001	 -6.0459320300620956e-001	 -6.0459306970728210e-001	
 -6.0453747346378428e-001	 -6.0453747183752959e-001	 -6.0518905675699397e-001	 -6.0515208948386245e-001	 -6.0456167106104353e-001	 -6.0453030094920202e-001	 -6.0452453899606517e-001	 -6.0452242689357227e-001	 -6.0452156128343315e-001	 -6.0452116979770043e-001	 -6.0452106772290737e-001	 -6.0452083668893764e-001	 -6.0452069674943321e-001	
 -6.0446608573938576e-001	 -6.0446608316511163e-001	 -6.0511521520179024e-001	 -6.0507340302140555e-001	 -6.0448880086894086e-001	 -6.0445872880798834e-001	 -6.0445299870026670e-001	 -6.0445102284767405e-001	 -6.0445043659806963e-001	 -6.0445009543519390e-001	 -6.0444968085171524e-001	 -6.0444939315840163e-001	 -6.0444946739457439e-001	
 -6.0429240978021603e-001	 -6.0429240949588792e-001	 -6.0492933092126666e-001	 -6.0487510441098458e-001	 -6.0431245683700840e-001	 -6.0428525860056759e-001	 -6.0428000376955282e-001	 -6.0427835833298804e-001	 -6.0427757446557262e-001	 -6.0427719623801224e-001	 -6.0427702009202555e-001	 -6.0427695063469677e-001	 -6.0427679339691842e-001	
 -6.0427038735511029e-001	 -6.0427038723909199e-001	 -6.0490740844543200e-001	 -6.0485141264576825e-001	 -6.0429038512943567e-001	 -6.0426264743662639e-001	 -6.0425692213239568e-001	 -6.0425501244321111e-001	 -6.0425416646014973e-001	 -6.0425373437522634e-001	 -6.0425348186055050e-001	 -6.0425335949043646e-001	 -6.0425321669621557e-001	
 -6.0424810525327999e-001	 -6.0424810521009231e-001	 -6.0488547560155759e-001	 -6.0482772091130510e-001	 -6.0426845726746503e-001	 -6.0424040581974481e-001	 -6.0423468413672854e-001	 -6.0423266725928571e-001	 -6.0423183061275587e-001	 -6.0423142244292460e-001	 -6.0423121724628714e-001	 -6.0423105101858887e-001	 -6.0423092029304737e-001	
 -6.0422627163692066e-001	 -6.0422627162159959e-001	 -6.0486355234712352e-001	 -6.0480408451946133e-001	 -6.0424755683508025e-001	 -6.0421980037794754e-001	 -6.0421410608080262e-001	 -6.0421179563641125e-001	 -6.0421098641272319e-001	 -6.0421058613246981e-001	 -6.0421042127034585e-001	 -6.0420981598829915e-001	 -6.0420982753728314e-001	
 -6.0418048814747660e-001	 -6.0418048814581127e-001	 -6.0481659773925500e-001	 -6.0475339958332430e-001	 -6.0420084967705012e-001	 -6.0417317313066210e-001	 -6.0416760479187204e-001	 -6.0416576267285915e-001	 -6.0416497876081277e-001	 -6.0416458791245908e-001	 -6.0416437623611596e-001	 -6.0416425907183768e-001	 -6.0416412792729801e-001	
 -6.0413560920857812e-001	 -6.0413560805450128e-001	 -6.0476977002421606e-001	 -6.0470278254520782e-001	 -6.0415483576525819e-001	 -6.0412809952548052e-001	 -6.0412289978040157e-001	 -6.0412100802376134e-001	 -6.0412042626045714e-001	 -6.0412009802257582e-001	 -6.0411976848828708e-001	 -6.0411948855598752e-001	 -6.0411953008410180e-001	
 -6.0409094924718243e-001	 -6.0409094834945609e-001	 -6.0472307492076549e-001	 -6.0465232097350885e-001	 -6.0411043223673744e-001	 -6.0408417238289047e-001	 -6.0407894608427437e-001	 -6.0407695039665921e-001	 -6.0407605877499382e-001	 -6.0407563613062987e-001	 -6.0407552848917856e-001	 -6.0407531643891232e-001	 -6.0407511593152385e-001	
 -6.0400479265243501e-001	 -6.0400479250699579e-001	 -6.0463114570508125e-001	 -6.0455299525452588e-001	 -6.0402279298521488e-001	 -6.0399760892548837e-001	 -6.0399257964971476e-001	 -6.0399084526774338e-001	 -6.0399009308265139e-001	 -6.0398972874808887e-001	 -6.0398954741514022e-001	 -6.0398942504813480e-001	 -6.0398929673111112e-001	
 -6.0391925595582041e-001	 -6.0391925595137952e-001	 -6.0453988849917817e-001	 -6.0445416333920754e-001	 -6.0393551825166369e-001	 -6.0391165649464895e-001	 -6.0390682192057454e-001	 -6.0390525473630330e-001	 -6.0390455593528625e-001	 -6.0390420300004966e-001	 -6.0390400713983272e-001	 -6.0390391844877822e-001	 -6.0390379424113405e-001	
 -6.0383615469816743e-001	 -6.0383615470016583e-001	 -6.0444952594673751e-001	 -6.0435620082188724e-001	 -6.0385160384546221e-001	 -6.0382888015919622e-001	 -6.0382425381622085e-001	 -6.0382266701031195e-001	 -6.0382196001540489e-001	 -6.0382161550376345e-001	 -6.0382144512338698e-001	 -6.0382133482639322e-001	 -6.0382120966562258e-001	
 -6.0369676891924851e-001	 -6.0369676891958157e-001	 -6.0429781107484981e-001	 -6.0419208515816170e-001	 -6.0370959637368049e-001	 -6.0368891926498858e-001	 -6.0368460745818808e-001	 -6.0368329996951520e-001	 -6.0368265726484793e-001	 -6.0368233537622107e-001	 -6.0368216855954948e-001	 -6.0368213175410190e-001	 -6.0368200031601926e-001	
 -6.0356135214645334e-001	 -6.0356135214123530e-001	 -6.0414877129322253e-001	 -6.0403079625093170e-001	 -6.0357342340278120e-001	 -6.0355390708055623e-001	 -6.0354977190235637e-001	 -6.0354840020637734e-001	 -6.0354773895621161e-001	 -6.0354741998036587e-001	 -6.0354727170819356e-001	 -6.0354719253397082e-001	 -6.0354706487286691e-001	
 -6.0351536985558951e-001	 -6.0351536985558951e-001	 -6.0410047992998095e-001	 -6.0397812234114223e-001	 -6.0352730392709830e-001	 -6.0350734272018869e-001	 -6.0350297097810923e-001	 -6.0350154431054737e-001	 -6.0350093744154787e-001	 -6.0350061040015390e-001	 -6.0350039185230742e-001	 -6.0350029967615182e-001	 -6.0350020529476023e-001	
 -6.0347072827637849e-001	 -6.0347072827549031e-001	 -6.0405243216732352e-001	 -6.0392586052204766e-001	 -6.0348442880575615e-001	 -6.0346415356693495e-001	 -6.0345967252739552e-001	 -6.0345786807169954e-001	 -6.0345711352116638e-001	 -6.0345675061468373e-001	 -6.0345658696703275e-001	 -6.0345640030634584e-001	 -6.0345627487856657e-001	
 -6.0342563692383777e-001	 -6.0342563692450391e-001	 -6.0400451772479880e-001	 -6.0387376173498541e-001	 -6.0343753178626613e-001	 -6.0341750152514972e-001	 -6.0341329143831501e-001	 -6.0341202925862092e-001	 -6.0341145622044845e-001	 -6.0341115782169830e-001	 -6.0341097256555454e-001	 -6.0341093689897374e-001	 -6.0341083287807074e-001	
 -6.0336394742455113e-001	 -6.0336394742066535e-001	 -6.0393648661238863e-001	 -6.0380012340477407e-001	 -6.0337718818304076e-001	 -6.0335748652451393e-001	 -6.0335322793969581e-001	 -6.0335157001289996e-001	 -6.0335083007911905e-001	 -6.0335048290305338e-001	 -6.0335034036351765e-001	 -6.0335017975465810e-001	 -6.0335004676503878e-001	
 -6.0330076193981785e-001	 -6.0330076194148319e-001	 -6.0386875271667417e-001	 -6.0372678977149707e-001	 -6.0331082007236692e-001	 -6.0329232187450454e-001	 -6.0328842447310294e-001	 -6.0328730963798982e-001	 -6.0328680255650191e-001	 -6.0328652554819673e-001	 -6.0328633622230843e-001	 -6.0328631528849819e-001	 -6.0328622483618588e-001	
 -6.0325555870821557e-001	 -6.0325555870266445e-001	 -6.0381630156791655e-001	 -6.0367017747631202e-001	 -6.0326776780472713e-001	 -6.0324979876524853e-001	 -6.0324585875115577e-001	 -6.0324421708080056e-001	 -6.0324344575579669e-001	 -6.0324310404769044e-001	 -6.0324301003167324e-001	 -6.0324285051527315e-001	 -6.0324269382594498e-001	
 -6.0323954716012818e-001	 -6.0323954715779671e-001	 -6.0379922453768220e-001	 -6.0365166476195053e-001	 -6.0325043290954117e-001	 -6.0323138430951051e-001	 -6.0322710589932882e-001	 -6.0322596650630445e-001	 -6.0322547335123211e-001	 -6.0322520458688800e-001	 -6.0322498190834573e-001	 -6.0322499640719229e-001	 -6.0322492450193277e-001	
 -6.0322312367189213e-001	 -6.0322312367122599e-001	 -6.0378215263923174e-001	 -6.0363318007483624e-001	 -6.0323536854001159e-001	 -6.0321686346176406e-001	 -6.0321250429185014e-001	 -6.0321045539035723e-001	 -6.0320957561588173e-001	 -6.0320913006117749e-001	 -6.0320893578225121e-001	 -6.0320862037233081e-001	 -6.0320847227901542e-001	
 -6.0320708026850856e-001	 -6.0320708026839753e-001	 -6.0376510605741895e-001	 -6.0361473638881336e-001	 -6.0321874256274999e-001	 -6.0319972861866411e-001	 -6.0319545032705424e-001	 -6.0319397964248012e-001	 -6.0319336041680938e-001	 -6.0319306266931605e-001	 -6.0319290631616340e-001	 -6.0319286249310711e-001	 -6.0319275039377729e-001	
 -6.0317554754052427e-001	 -6.0317554753974711e-001	 -6.0373072920238968e-001	 -6.0357763688578814e-001	 -6.0318558186422955e-001	 -6.0316737229548778e-001	 -6.0316367705393059e-001	 -6.0316265899684751e-001	 -6.0316214930256074e-001	 -6.0316189355713590e-001	 -6.0316175465990884e-001	 -6.0316173260477335e-001	 -6.0316163291351810e-001	
 -6.0314462481558806e-001	 -6.0314462481436681e-001	 -6.0369650152725107e-001	 -6.0354075785995498e-001	 -6.0315453188386492e-001	 -6.0313716865145750e-001	 -6.0313348858276328e-001	 -6.0313222995744820e-001	 -6.0313164632774807e-001	 -6.0313135231992998e-001	 -6.0313119611199451e-001	 -6.0313110466769793e-001	 -6.0313099881670329e-001	
 -6.0311383870403912e-001	 -6.0311383870337298e-001	 -6.0366241299381063e-001	 -6.0350407444609289e-001	 -6.0312346131974337e-001	 -6.0310639969185509e-001	 -6.0310267892782488e-001	 -6.0310141645480986e-001	 -6.0310085283166170e-001	 -6.0310056567325354e-001	 -6.0310040293209966e-001	 -6.0310032342536513e-001	 -6.0310022450682510e-001	
 -6.0303139091133495e-001	 -6.0303139090600588e-001	 -6.0357004168254402e-001	 -6.0340549116477682e-001	 -6.0304145589484826e-001	 -6.0302460001537828e-001	 -6.0302082942542690e-001	 -6.0301947632523945e-001	 -6.0301885096403218e-001	 -6.0301854849986736e-001	 -6.0301840739951373e-001	 -6.0301830561793057e-001	 -6.0301818879759939e-001	
 -6.0295180991387642e-001	 -6.0295180990410646e-001	 -6.0347906361801762e-001	 -6.0330865902924469e-001	 -6.0295975045110417e-001	 -6.0294438677721551e-001	 -6.0294112041425763e-001	 -6.0294009452943609e-001	 -6.0293954428136676e-001	 -6.0293928996824064e-001	 -6.0293919335274726e-001	 -6.0293916985809659e-001	 -6.0293904749819660e-001	
 -6.0289053106110657e-001	 -6.0289053106776791e-001	 -6.0341308650957437e-001	 -6.0323831285047369e-001	 -6.0289676326086283e-001	 -6.0288212985537548e-001	 -6.0287881708798174e-001	 -6.0287778735634845e-001	 -6.0287739166553500e-001	 -6.0287714115381252e-001	 -6.0287691854277181e-001	 -6.0287684366377992e-001	 -6.0287679915094206e-001	
 -6.0287275907378035e-001	 -6.0287275907444648e-001	 -6.0339173011880742e-001	 -6.0321557328069098e-001	 -6.0288184596024585e-001	 -6.0286808147924642e-001	 -6.0286463234648924e-001	 -6.0286283649557681e-001	 -6.0286200706005655e-001	 -6.0286162257594533e-001	 -6.0286152534883009e-001	 -6.0286128871722688e-001	 -6.0286111245244633e-001	
 -6.0285429837181326e-001	 -6.0285429837281246e-001	 -6.0337043277292057e-001	 -6.0319288261134751e-001	 -6.0285921205638360e-001	 -6.0284414013522802e-001	 -6.0284132467469664e-001	 -6.0284134392873945e-001	 -6.0284132453902739e-001	 -6.0284129863064084e-001	 -6.0284117872788645e-001	 -6.0284143790834133e-001	 -6.0284144387801053e-001	
 -6.0283500700142323e-001	 -6.0283500700242243e-001	 -6.0334917630933127e-001	 -6.0317028645229254e-001	 -6.0284305274393990e-001	 -6.0282886659390744e-001	 -6.0282539237677124e-001	 -6.0282373490672114e-001	 -6.0282299322467203e-001	 -6.0282258827515367e-001	 -6.0282236853836935e-001	 -6.0282207153328216e-001	 -6.0282194919381027e-001	
 -6.0278855929174480e-001	 -6.0278855929341013e-001	 -6.0329812235737634e-001	 -6.0311628039089182e-001	 -6.0279791233242008e-001	 -6.0278229406673933e-001	 -6.0277848811896018e-001	 -6.0277687153598158e-001	 -6.0277623135229774e-001	 -6.0277592307111938e-001	 -6.0277576944034461e-001	 -6.0277566188293719e-001	 -6.0277554977172798e-001	
 -6.0274383077296712e-001	 -6.0274383076919236e-001	 -6.0324748980689069e-001	 -6.0306287155120764e-001	 -6.0275229097672689e-001	 -6.0273690963663640e-001	 -6.0273356659368282e-001	 -6.0273242408193095e-001	 -6.0273187455162081e-001	 -6.0273161825985522e-001	 -6.0273151472423070e-001	 -6.0273146149758539e-001	 -6.0273134786470450e-001	
 -6.0269839056337204e-001	 -6.0269839056470431e-001	 -6.0319714159140503e-001	 -6.0300982381389368e-001	 -6.0270404572293490e-001	 -6.0269004917445912e-001	 -6.0268715656219829e-001	 -6.0268635822435801e-001	 -6.0268597915269506e-001	 -6.0268576865685208e-001	 -6.0268561989351710e-001	 -6.0268560150977812e-001	 -6.0268553554110316e-001	
 -6.0263597907739275e-001	 -6.0263597906418109e-001	 -6.0312508052129399e-001	 -6.0293463570726402e-001	 -6.0264656978048503e-001	 -6.0263107902980284e-001	 -6.0262730653481977e-001	 -6.0262569410707290e-001	 -6.0262492217078023e-001	 -6.0262457407866954e-001	 -6.0262446290004767e-001	 -6.0262429541946272e-001	 -6.0262414018763533e-001	
 -6.0258489463704823e-001	 -6.0258489464481979e-001	 -6.0306975566959409e-001	 -6.0287663939151415e-001	 -6.0258924149358961e-001	 -6.0257579803468797e-001	 -6.0257304673372314e-001	 -6.0257241662708960e-001	 -6.0257218767700849e-001	 -6.0257202223235051e-001	 -6.0257183724632402e-001	 -6.0257184787004814e-001	 -6.0257182919354335e-001	
 -6.0256916130563276e-001	 -6.0256916130640992e-001	 -6.0305084006362364e-001	 -6.0285687621342010e-001	 -6.0257694643262028e-001	 -6.0256492902988068e-001	 -6.0256177549433687e-001	 -6.0255996648983512e-001	 -6.0255909611472980e-001	 -6.0255868002223600e-001	 -6.0255856665381025e-001	 -6.0255829912347902e-001	 -6.0255810735654336e-001	
 -6.0255311064472128e-001	 -6.0255311064516537e-001	 -6.0303198550581971e-001	 -6.0283716754649941e-001	 -6.0255620413618427e-001	 -6.0254269819037809e-001	 -6.0254036680840173e-001	 -6.0254062574394140e-001	 -6.0254074386856260e-001	 -6.0254080488841844e-001	 -6.0254074253096590e-001	 -6.0254104530377273e-001	 -6.0254108344648394e-001	
 -6.0253633595586109e-001	 -6.0253633595686029e-001	 -6.0301317351474371e-001	 -6.0281755007074445e-001	 -6.0254248336188976e-001	 -6.0253018659184310e-001	 -6.0252720815534566e-001	 -6.0252579416475438e-001	 -6.0252512946779024e-001	 -6.0252475191258092e-001	 -6.0252453476716816e-001	 -6.0252425944107291e-001	 -6.0252414283701317e-001	
 -6.0249469953033152e-001	 -6.0249469953299606e-001	 -6.0296694963180020e-001	 -6.0276960497063214e-001	 -6.0250405909578753e-001	 -6.0248977400689796e-001	 -6.0248585632660667e-001	 -6.0248400310058958e-001	 -6.0248329658130206e-001	 -6.0248295070364222e-001	 -6.0248277221042201e-001	 -6.0248260453654723e-001	 -6.0248249012551103e-001	
 -6.0245457385077472e-001	 -6.0245457384711099e-001	 -6.0292111749160604e-001	 -6.0272219025048202e-001	 -6.0246277791886627e-001	 -6.0244831550126943e-001	 -6.0244501542805473e-001	 -6.0244385519792054e-001	 -6.0244332022318936e-001	 -6.0244307482903992e-001	 -6.0244298037570587e-001	 -6.0244292609823447e-001	 -6.0244281696564261e-001	
 -6.0241385955384086e-001	 -6.0241385955539517e-001	 -6.0287555909832591e-001	 -6.0267509316747070e-001	 -6.0241810783112637e-001	 -6.0240549999079906e-001	 -6.0240302930913980e-001	 -6.0240241317333076e-001	 -6.0240211029982671e-001	 -6.0240193851135437e-001	 -6.0240181049242558e-001	 -6.0240180869097770e-001	 -6.0240175549231001e-001	
 -6.0235430670207979e-001	 -6.0235430668742485e-001	 -6.0280649310295864e-001	 -6.0260450595295278e-001	 -6.0236418426684590e-001	 -6.0234989106178194e-001	 -6.0234627871291746e-001	 -6.0234469242226307e-001	 -6.0234392397062742e-001	 -6.0234357326793830e-001	 -6.0234345645260312e-001	 -6.0234328219332944e-001	 -6.0234312683982161e-001	
 -6.0229176209070090e-001	 -6.0229176210557789e-001	 -6.0273784486397641e-001	 -6.0253398671827885e-001	 -6.0229344710149846e-001	 -6.0228267128381585e-001	 -6.0228045660071228e-001	 -6.0227998868922494e-001	 -6.0227984874483553e-001	 -6.0227972249693451e-001	 -6.0227955213931761e-001	 -6.0227957069769467e-001	 -6.0227957045599911e-001	
 -6.0227610394669728e-001	 -6.0227610394614217e-001	 -6.0271770336717267e-001	 -6.0251344524009376e-001	 -6.0228366616377205e-001	 -6.0227391654799067e-001	 -6.0227073704122169e-001	 -6.0226868860269178e-001	 -6.0226766111792784e-001	 -6.0226718892519848e-001	 -6.0226709970956360e-001	 -6.0226680291364243e-001	 -6.0226656212025720e-001	
 -6.0226297237464532e-001	 -6.0226297237497839e-001	 -6.0270192105082998e-001	 -6.0249730728811901e-001	 -6.0226440650601454e-001	 -6.0225185918971746e-001	 -6.0224980603373890e-001	 -6.0225054326845662e-001	 -6.0225095444166321e-001	 -6.0225117097045811e-001	 -6.0225114841194749e-001	 -6.0225156153115300e-001	 -6.0225168100724868e-001	
 -6.0224885667792272e-001	 -6.0224885667969907e-001	 -6.0268616384118179e-001	 -6.0248123064121639e-001	 -6.0225491064047620e-001	 -6.0224431802935463e-001	 -6.0224138021203188e-001	 -6.0223960004246457e-001	 -6.0223873705411712e-001	 -6.0223823140637123e-001	 -6.0223795329816809e-001	 -6.0223752411070475e-001	 -6.0223736027908981e-001	
 -6.0223453211605271e-001	 -6.0223453211794009e-001	 -6.0267043036399404e-001	 -6.0246518038242769e-001	 -6.0224122427376958e-001	 -6.0222923812069951e-001	 -6.0222572119317253e-001	 -6.0222410493226963e-001	 -6.0222344673299677e-001	 -6.0222312875735096e-001	 -6.0222297209078235e-001	 -6.0222286430489103e-001	 -6.0222275537968883e-001	
 -6.0220588477477577e-001	 -6.0220588477566395e-001	 -6.0263862923592981e-001	 -6.0243281669691839e-001	 -6.0221103454349834e-001	 -6.0219850977161204e-001	 -6.0219575837472394e-001	 -6.0219497790547916e-001	 -6.0219461241339811e-001	 -6.0219443904863112e-001	 -6.0219435724206960e-001	 -6.0219435235631114e-001	 -6.0219427695373806e-001	
 -6.0217794180150719e-001	 -6.0217794179984185e-001	 -6.0260701481562595e-001	 -6.0240073296324859e-001	 -6.0218299088066196e-001	 -6.0217102275939016e-001	 -6.0216845665628238e-001	 -6.0216759045350621e-001	 -6.0216714943073235e-001	 -6.0216693094583551e-001	 -6.0216682746061512e-001	 -6.0216677076796454e-001	 -6.0216668033430398e-001	
 -6.0215016410369859e-001	 -6.0215016410247735e-001	 -6.0257557323917244e-001	 -6.0236887834796971e-001	 -6.0215433789212458e-001	 -6.0214294271521140e-001	 -6.0214047915541080e-001	 -6.0213969319089511e-001	 -6.0213931666042164e-001	 -6.0213912327078400e-001	 -6.0213901113692625e-001	 -6.0213897663885518e-001	 -6.0213890680738125e-001	
 -6.0206960952824407e-001	 -6.0206960950925925e-001	 -6.0248287113939814e-001	 -6.0227611835839134e-001	 -6.0207564607350772e-001	 -6.0206385694017150e-001	 -6.0206099595672136e-001	 -6.0205996411399898e-001	 -6.0205939117463636e-001	 -6.0205913762767516e-001	 -6.0205906497945438e-001	 -6.0205900576615345e-001	 -6.0205887565401017e-001	
 -6.0199200867872005e-001	 -6.0199200867538938e-001	 -6.0239217319624228e-001	 -6.0218599706374221e-001	 -6.0199932484072960e-001	 -6.0198682192558195e-001	 -6.0198382287834917e-001	 -6.0198268336408844e-001	 -6.0198223406782159e-001	 -6.0198199513472606e-001	 -6.0198184858462067e-001	 -6.0198174450964981e-001	 -6.0198167447989004e-001	
 -6.0196400466627775e-001	 -6.0196400467449340e-001	 -6.0236161157778412e-001	 -6.0215529776230792e-001	 -6.0196711746307585e-001	 -6.0195591092748746e-001	 -6.0195369346094374e-001	 -6.0195316445887936e-001	 -6.0195299318932527e-001	 -6.0195285818676059e-001	 -6.0195269482798963e-001	 -6.0195267096074812e-001	 -6.0195266433171746e-001	
 -6.0193711263389904e-001	 -6.0193711263389904e-001	 -6.0233128742182007e-001	 -6.0212509514923074e-001	 -6.0194768369292717e-001	 -6.0193517315698664e-001	 -6.0193107204953300e-001	 -6.0192885553855824e-001	 -6.0192787477064691e-001	 -6.0192739162701070e-001	 -6.0192719279295037e-001	 -6.0192688063320787e-001	 -6.0192669465497506e-001	
 -6.0191009048327082e-001	 -6.0191009048504718e-001	 -6.0230108749270705e-001	 -6.0209487060736144e-001	 -6.0191308946189181e-001	 -6.0190155626849151e-001	 -6.0189944350541591e-001	 -6.0189920186670687e-001	 -6.0189910998764695e-001	 -6.0189907490337813e-001	 -6.0189903408125467e-001	 -6.0189915886144085e-001	 -6.0189914752772911e-001	
 -6.0185946915680688e-001	 -6.0185946914681487e-001	 -6.0224316322143867e-001	 -6.0203776271494647e-001	 -6.0186942090656448e-001	 -6.0185598666584461e-001	 -6.0185259812939318e-001	 -6.0185105240107006e-001	 -6.0185028314363453e-001	 -6.0184990232425850e-001	 -6.0184973852339674e-001	 -6.0184950553132666e-001	 -6.0184935084539593e-001	
 -6.0180923242525441e-001	 -6.0180923242292295e-001	 -6.0218587660332279e-001	 -6.0198096468444540e-001	 -6.0181198885767007e-001	 -6.0180167713042021e-001	 -6.0179970809004502e-001	 -6.0179925384018507e-001	 -6.0179901446633099e-001	 -6.0179890422118465e-001	 -6.0179884854738575e-001	 -6.0179890180056539e-001	 -6.0179885275202238e-001	
 -6.0176065014594382e-001	 -6.0176065013495261e-001	 -6.0212946111393162e-001	 -6.0192555698357353e-001	 -6.0176435586067889e-001	 -6.0175488526570398e-001	 -6.0175261916817213e-001	 -6.0175175763244049e-001	 -6.0175127686790120e-001	 -6.0175105103554838e-001	 -6.0175096967796105e-001	 -6.0175090104097606e-001	 -6.0175079235369466e-001	
 -6.0167169262537179e-001	 -6.0167169260560982e-001	 -6.0202649703455791e-001	 -6.0182434133648766e-001	 -6.0166511945380918e-001	 -6.0166239289360934e-001	 -6.0166176198395149e-001	 -6.0166188947541333e-001	 -6.0166176936826687e-001	 -6.0166173340803208e-001	 -6.0166175368669972e-001	 -6.0166189430232997e-001	 -6.0166183931698036e-001	
 -6.0158393142983879e-001	 -6.0158393142717426e-001	 -6.0192608129838732e-001	 -6.0172723461993094e-001	 -6.0158349539451983e-001	 -6.0157810452787785e-001	 -6.0157603963306716e-001	 -6.0157521594683683e-001	 -6.0157484235068281e-001	 -6.0157464325361065e-001	 -6.0157452459697058e-001	 -6.0157444498176726e-001	 -6.0157437925789647e-001	
 -6.0149954018262619e-001	 -6.0149954015875640e-001	 -6.0182843343836723e-001	 -6.0163303427718251e-001	 -6.0150286104554418e-001	 -6.0149417411659023e-001	 -6.0149189162772565e-001	 -6.0149116036023464e-001	 -6.0149071217974193e-001	 -6.0149052859492791e-001	 -6.0149049661528675e-001	 -6.0149048694901897e-001	 -6.0149037748113976e-001	
 -6.0149358054595314e-001	 -6.0149358053140922e-001	 -6.0181981412132934e-001	 -6.0162479671665992e-001	 -6.0149662766828538e-001	 -6.0148897515555078e-001	 -6.0148742125298860e-001	 -6.0148698742534812e-001	 -6.0148680103710994e-001	 -6.0148671659343567e-001	 -6.0148666836468134e-001	 -6.0148664526016304e-001	 -6.0148661729475528e-001	
 -6.0148736596821184e-001	 -6.0148736698761862e-001	 -6.0181125515590406e-001	 -6.0161669966873887e-001	 -6.0149069092285679e-001	 -6.0148271725135594e-001	 -6.0148022637207532e-001	 -6.0148136212212489e-001	 -6.0148148565375426e-001	 -6.0148137533111434e-001	 -6.0147985987957231e-001	 -6.0148047648489467e-001	 -6.0148037326734904e-001	
 -6.0148031941131830e-001	 -6.0148031951678949e-001	 -6.0180269585841106e-001	 -6.0160853905610878e-001	 -6.0148368192158852e-001	 -6.0147532677423676e-001	 -6.0147347201688905e-001	 -6.0147281278244424e-001	 -6.0147230843243804e-001	 -6.0147201790750060e-001	 -6.0147213675754152e-001	 -6.0147211626349062e-001	 -6.0147169044955096e-001	
 -6.0146877061506565e-001	 -6.0146877056121983e-001	 -6.0178996217130631e-001	 -6.0159633593059869e-001	 -6.0147211011452040e-001	 -6.0146320580733992e-001	 -6.0146095009849798e-001	 -6.0145999471583611e-001	 -6.0145956919688270e-001	 -6.0145935742261791e-001	 -6.0145926268129202e-001	 -6.0145918714826774e-001	 -6.0145910454889595e-001	
 -6.0145661656330063e-001	 -6.0145661407229323e-001	 -6.0177721738596812e-001	 -6.0158406018218091e-001	 -6.0145992076743315e-001	 -6.0145072045703074e-001	 -6.0144836757802800e-001	 -6.0144726736666154e-001	 -6.0144685672103293e-001	 -6.0144666248640455e-001	 -6.0144660701932917e-001	 -6.0144650650495457e-001	 -6.0144644508375311e-001	
 -6.0144441776310842e-001	 -6.0144441519938141e-001	 -6.0176447904947139e-001	 -6.0157175893249537e-001	 -6.0144771292502952e-001	 -6.0143841943305354e-001	 -6.0143602778528482e-001	 -6.0143506614751541e-001	 -6.0143467750040092e-001	 -6.0143448675886724e-001	 -6.0143441451987467e-001	 -6.0143430842385381e-001	 -6.0143428340475591e-001	
 -6.0141568183746941e-001	 -6.0141568108795784e-001	 -6.0173384153328069e-001	 -6.0154216536700833e-001	 -6.0141905986399458e-001	 -6.0140984170276024e-001	 -6.0140756663285000e-001	 -6.0140673649156096e-001	 -6.0140636436067929e-001	 -6.0140617202741886e-001	 -6.0140606364933458e-001	 -6.0140599775593273e-001	 -6.0140593251256647e-001	
 -6.0138857084646169e-001	 -6.0138857320202188e-001	 -6.0170343497212286e-001	 -6.0151282835496644e-001	 -6.0139161757177817e-001	 -6.0138295974510037e-001	 -6.0138065929726814e-001	 -6.0137990165209931e-001	 -6.0137955102845808e-001	 -6.0137937651549844e-001	 -6.0137930724990518e-001	 -6.0137913271707255e-001	 -6.0137926922965157e-001	
 -6.0136114296882592e-001	 -6.0136114370856752e-001	 -6.0167322227178133e-001	 -6.0148376012270077e-001	 -6.0136456704640295e-001	 -6.0135567764108000e-001	 -6.0135339200606541e-001	 -6.0135276341821697e-001	 -6.0135241356473745e-001	 -6.0135221061741184e-001	 -6.0135198304434034e-001	 -6.0135196643784639e-001	 -6.0135188269228035e-001	
 -6.0130240791067546e-001	 -6.0130240794220580e-001	 -6.0160575065970612e-001	 -6.0141931986468222e-001	 -6.0130542831715594e-001	 -6.0129719164769835e-001	 -6.0129517909646157e-001	 -6.0129444667034182e-001	 -6.0129411341613981e-001	 -6.0129394089603050e-001	 -6.0129384438023514e-001	 -6.0129378435558323e-001	 -6.0129372832218309e-001	
 -6.0124341327227881e-001	 -6.0124340884670779e-001	 -6.0153945871155301e-001	 -6.0135633133961974e-001	 -6.0124713494413839e-001	 -6.0123847932358476e-001	 -6.0123633988939940e-001	 -6.0123579332727051e-001	 -6.0123545256685063e-001	 -6.0123524059496614e-001	 -6.0123494728581139e-001	 -6.0123499870268216e-001	 -6.0123481175466953e-001	
 -6.0118969827271940e-001	 -6.0118969752631646e-001	 -6.0147493899920246e-001	 -6.0129536296493757e-001	 -6.0119243039546966e-001	 -6.0118492069727303e-001	 -6.0118310992285373e-001	 -6.0118245562990058e-001	 -6.0118215545523768e-001	 -6.0118199959557916e-001	 -6.0118191056157677e-001	 -6.0118185773028188e-001	 -6.0118180697532608e-001	
 -6.0118190556024409e-001	 -6.0118190515945358e-001	 -6.0146694622820185e-001	 -6.0128766870259920e-001	 -6.0118469458625423e-001	 -6.0117644035795337e-001	 -6.0117412881499632e-001	 -6.0117320737185231e-001	 -6.0117276656979080e-001	 -6.0117253015146144e-001	 -6.0117238496881775e-001	 -6.0117230774847652e-001	 -6.0117221897215689e-001	
 -6.0117375539270324e-001	 -6.0117375389179273e-001	 -6.0145882204709622e-001	 -6.0127932142783891e-001	 -6.0117417513105842e-001	 -6.0116541247579036e-001	 -6.0116389144393434e-001	 -6.0116219685291128e-001	 -6.0116182439162724e-001	 -6.0116183544312030e-001	 -6.0116287952183267e-001	 -6.0116257488718183e-001	 -6.0116267449139560e-001	
 -6.0116588683734040e-001	 -6.0116588547132199e-001	 -6.0145082058304933e-001	 -6.0127158891420951e-001	 -6.0116713217328588e-001	 -6.0115937736016090e-001	 -6.0115768391377777e-001	 -6.0115686302764093e-001	 -6.0115664259485779e-001	 -6.0115654168557686e-001	 -6.0115638595981125e-001	 -6.0115627061851917e-001	 -6.0115637292701418e-001	
 -6.0115193605270179e-001	 -6.0115193547682910e-001	 -6.0143592197137163e-001	 -6.0125725760395987e-001	 -6.0115407085303829e-001	 -6.0114639620778565e-001	 -6.0114445804493322e-001	 -6.0114372321007359e-001	 -6.0114338920269628e-001	 -6.0114321175519514e-001	 -6.0114310483749822e-001	 -6.0114304660063844e-001	 -6.0114298562963242e-001	
 -6.0113876496470375e-001	 -6.0113876637313268e-001	 -6.0142110966387996e-001	 -6.0124307508269137e-001	 -6.0114129767030455e-001	 -6.0113364720504325e-001	 -6.0113164252406648e-001	 -6.0113102440484401e-001	 -6.0113069925094020e-001	 -6.0113052271826284e-001	 -6.0113040812737051e-001	 -6.0113032531483590e-001	 -6.0113031808561868e-001	
 -6.0112575911230870e-001	 -6.0112576070592283e-001	 -6.0140637244443518e-001	 -6.0122902275028256e-001	 -6.0112856795302427e-001	 -6.0112084416441558e-001	 -6.0111885145075483e-001	 -6.0111820879593658e-001	 -6.0111787683236884e-001	 -6.0111769141657501e-001	 -6.0111753604341622e-001	 -6.0111748932500930e-001	 -6.0111742320856365e-001	
 -6.0108663600100254e-001	 -6.0108663634306225e-001	 -6.0136178035419263e-001	 -6.0118661053565337e-001	 -6.0108920568491264e-001	 -6.0108165275607472e-001	 -6.0107977041712335e-001	 -6.0107907612527711e-001	 -6.0107876067760913e-001	 -6.0107859702485111e-001	 -6.0107850461943446e-001	 -6.0107844976453606e-001	 -6.0107839249645689e-001	
 -6.0104998720900138e-001	 -6.0104999420773630e-001	 -6.0131800957963222e-001	 -6.0114516544096386e-001	 -6.0105185290060259e-001	 -6.0104504446856222e-001	 -6.0104307203345808e-001	 -6.0104243094016852e-001	 -6.0104215178147236e-001	 -6.0104202658495254e-001	 -6.0104201705080129e-001	 -6.0104178710995715e-001	 -6.0104204906863412e-001	
 -6.0100961355158411e-001	 -6.0100961514286677e-001	 -6.0127451246760888e-001	 -6.0110369534505104e-001	 -6.0101185595284878e-001	 -6.0100435918319928e-001	 -6.0100239859506299e-001	 -6.0100165946164186e-001	 -6.0100132716767174e-001	 -6.0100115484951200e-001	 -6.0100105956650829e-001	 -6.0100100102011833e-001	 -6.0100093637516228e-001	
 -6.0099864430318561e-001	 -6.0099864488183385e-001	 -6.0126038578089958e-001	 -6.0109043929079675e-001	 -6.0100079348768265e-001	 -6.0099426458493088e-001	 -6.0099279883751855e-001	 -6.0099232729016183e-001	 -6.0099211206587899e-001	 -6.0099200037355693e-001	 -6.0099192749030195e-001	 -6.0099189677387255e-001	 -6.0099185825357448e-001	
 -6.0098670212571648e-001	 -6.0098670230712692e-001	 -6.0124631591096378e-001	 -6.0107718562762980e-001	 -6.0098874748681919e-001	 -6.0098204511094266e-001	 -6.0098033943256635e-001	 -6.0097962792549087e-001	 -6.0097931120572934e-001	 -6.0097914699530630e-001	 -6.0097906536771273e-001	 -6.0097900624067613e-001	 -6.0097893956323478e-001	
 -6.0097401206615775e-001	 -6.0097401032210840e-001	 -6.0123207919926536e-001	 -6.0106292380945892e-001	 -6.0097300062034176e-001	 -6.0096624706607038e-001	 -6.0096537940979022e-001	 -6.0096442825319230e-001	 -6.0096429665179585e-001	 -6.0096437198930985e-001	 -6.0096500598516567e-001	 -6.0096493564121278e-001	 -6.0096497135642135e-001	
 -6.0095053749886773e-001	 -6.0095053682085453e-001	 -6.0120603785818183e-001	 -6.0103828333091247e-001	 -6.0095135484039552e-001	 -6.0094508675090363e-001	 -6.0094363514529014e-001	 -6.0094302985236325e-001	 -6.0094277145317232e-001	 -6.0094263748555754e-001	 -6.0094256684750658e-001	 -6.0094251752884631e-001	 -6.0094246475483892e-001	
 -6.0093725718957103e-001	 -6.0093725694787548e-001	 -6.0119110959067079e-001	 -6.0102427083130738e-001	 -6.0093885867407160e-001	 -6.0093234005664797e-001	 -6.0093065120592204e-001	 -6.0093000647709616e-001	 -6.0092971110436988e-001	 -6.0092955688761940e-001	 -6.0092946927747803e-001	 -6.0092941773393083e-001	 -6.0092936301925359e-001	
