   2.1354731088638625e+00	   2.1560220235016327e+00	   2.0574282778079955e+00	   2.1218412585412563e+00	   2.1432862456493345e+00	   2.0637550583527857e+00	   2.1201380087491812e+00	   2.1276942133565035e+00	   2.1270056224403016e+00	   2.1221026609617963e+00	   2.1870961591493372e+00	   2.1638099016164500e+00	   2.1799537539896368e+00	
   2.1354872827671691e+00	   2.1560356705705348e+00	   2.0574406683907238e+00	   2.1218421186507395e+00	   2.1432868888955836e+00	   2.0637553804804236e+00	   2.1201378263759758e+00	   2.1276940366020183e+00	   2.1270054971063383e+00	   2.1221027937122319e+00	   2.1871049228875870e+00	   2.1638105266380117e+00	   2.1799528036270446e+00	
   2.1355139903833424e+00	   2.1560605888531206e+00	   2.0574650845673585e+00	   2.1218447072707254e+00	   2.1432887595608170e+00	   2.0637563774698031e+00	   2.1201374365018095e+00	   2.1276936569851874e+00	   2.1270052257018430e+00	   2.1221033010691221e+00	   2.1871206472956195e+00	   2.1638123424498734e+00	   2.1799512589198269e+00	
   2.1355497299097821e+00	   2.1560929245526665e+00	   2.0574989642622294e+00	   2.1218496604265389e+00	   2.1432922139470154e+00	   2.0637583303832101e+00	   2.1201368537449654e+00	   2.1276930867511425e+00	   2.1270048122696452e+00	   2.1221044432260530e+00	   2.1871409544820222e+00	   2.1638157088885950e+00	   2.1799495652171985e+00	
   2.1360649457112704e+00	   2.1564898536874160e+00	   2.0579733699957150e+00	   2.1220680010499291e+00	   2.1434163546387710e+00	   2.0638555452395360e+00	   2.1201309278266400e+00	   2.1276866790010933e+00	   2.1269963286450944e+00	   2.1221801733793071e+00	   2.1874224187266411e+00	   2.1639489568908608e+00	   2.1799816064948221e+00	
   2.1367630583017432e+00	   2.1569777613899914e+00	   2.0585631726378213e+00	   2.1224753000516525e+00	   2.1436355991194929e+00	   2.0640475375900640e+00	   2.1201335998284301e+00	   2.1276878053887498e+00	   2.1269850831950463e+00	   2.1223337647942273e+00	   2.1878077822896818e+00	   2.1641945957520337e+00	   2.1800898172990220e+00	
   2.1376150545698906e+00	   2.1575398259850429e+00	   2.0592358726914672e+00	   2.1230477522427913e+00	   2.1439371794680655e+00	   2.0643315144986141e+00	   2.1201541418394845e+00	   2.1277056123904248e+00	   2.1269739826042029e+00	   2.1225609737678477e+00	   2.1882855214534063e+00	   2.1645399131789116e+00	   2.1802858452436134e+00	
   2.1393847371110737e+00	   2.1586743216303326e+00	   2.0605873576853213e+00	   2.1243333475347947e+00	   2.1446214609605931e+00	   2.0650176614281057e+00	   2.1202464741345635e+00	   2.1277910153810682e+00	   2.1269611368726395e+00	   2.1231010712503258e+00	   2.1893009099988796e+00	   2.1653281466584500e+00	   2.1808204040887729e+00	
   2.1414133668317237e+00	   2.1599677599173663e+00	   2.0621337075648292e+00	   2.1258929900673276e+00	   2.1454823559222125e+00	   2.0659338080906333e+00	   2.1204315548098314e+00	   2.1279673735687479e+00	   2.1269651166991590e+00	   2.1238034758695372e+00	   2.1905056996053047e+00	   2.1663136745309721e+00	   2.1815909621084950e+00	
   2.1435913394228718e+00	   2.1613945149327547e+00	   2.0638566924113402e+00	   2.1276112197554573e+00	   2.1464928191997372e+00	   2.0670576024385356e+00	   2.1207254859277693e+00	   2.1282524620559697e+00	   2.1269950172289791e+00	   2.1246382492765479e+00	   2.1918588182110210e+00	   2.1674521148316002e+00	   2.1825641119556995e+00	
   2.1458339631309618e+00	   2.1629300842076398e+00	   2.0657306932151394e+00	   2.1294067724759618e+00	   2.1476287802714866e+00	   2.0683611922928971e+00	   2.1211335273362666e+00	   2.1286532177522823e+00	   2.1270579591794267e+00	   2.1255792230812136e+00	   2.1933238902244017e+00	   2.1687066048243855e+00	   2.1836971392058797e+00	
   2.1507329674022246e+00	   2.1665348000925433e+00	   2.0701647227476117e+00	   2.1333911281183848e+00	   2.1504230478500386e+00	   2.0716475817222095e+00	   2.1223857820462859e+00	   2.1299001971794178e+00	   2.1273344132642493e+00	   2.1278955379231865e+00	   2.1967614417587971e+00	   2.1717052288339200e+00	   2.1865176540447395e+00	
   2.1556205855976485e+00	   2.1704350426153574e+00	   2.0749651214747220e+00	   2.1374460054039330e+00	   2.1535949710937783e+00	   2.0754255012881950e+00	   2.1240973149824258e+00	   2.1316221029068156e+00	   2.1278204610469680e+00	   2.1305324519230537e+00	   2.2004819860248421e+00	   2.1750178941864511e+00	   2.1897314291591097e+00	
   2.1604704404552089e+00	   2.1745533858212296e+00	   2.0799803392413749e+00	   2.1415394582263283e+00	   2.1570571040828468e+00	   2.0795237659079704e+00	   2.1262017049564732e+00	   2.1337524395426586e+00	   2.1285346564092626e+00	   2.1334235947520681e+00	   2.2044189006949044e+00	   2.1785798259715876e+00	   2.1932299497052128e+00	
   2.1652972606811463e+00	   2.1788451784911027e+00	   2.0851117482435910e+00	   2.1456747713744750e+00	   2.1607534857921853e+00	   2.0838223372640399e+00	   2.1286348884251445e+00	   2.1362253822076869e+00	   2.1294853202816655e+00	   2.1365245416183742e+00	   2.2085436128871314e+00	   2.1823614905776605e+00	   2.1969620629291255e+00	
   2.1735775535370108e+00	   2.1864753833303596e+00	   2.0939478745741495e+00	   2.1529053595906733e+00	   2.1674837971655241e+00	   2.0913972853712428e+00	   2.1333795164869866e+00	   2.1410628363871163e+00	   2.1316499897232086e+00	   2.1422162774181421e+00	   2.2159514011251846e+00	   2.1892513099677351e+00	   2.2037858429411581e+00	
   2.1818801799614080e+00	   2.1944059838072296e+00	   2.1027847714451360e+00	   2.1603016939360615e+00	   2.1746464416995277e+00	   2.0991555451945976e+00	   2.1387485949750507e+00	   2.1465511206300474e+00	   2.1344783804394547e+00	   2.1483291965432882e+00	   2.2237486625440730e+00	   2.1966066301018801e+00	   2.2111061763411097e+00	
   2.1902026443001739e+00	   2.2025611906213802e+00	   2.1115744018185469e+00	   2.1678255530380568e+00	   2.1821310063872135e+00	   2.1070025946701061e+00	   2.1446002556135753e+00	   2.1525417164260001e+00	   2.1379285899963762e+00	   2.1547751364971846e+00	   2.2318385096149194e+00	   2.2043104702479783e+00	   2.2188041698719871e+00	
   2.1985478442176749e+00	   2.2108896982124016e+00	   2.1203283536137829e+00	   2.1754511600254789e+00	   2.1898597860779465e+00	   2.1149155639327932e+00	   2.1508297874010198e+00	   2.1589230566232560e+00	   2.1419474012360369e+00	   2.1614945354128099e+00	   2.2401489867637880e+00	   2.2122756666716286e+00	   2.2267816876097823e+00	
   2.2161342073907910e+00	   2.2287513326391801e+00	   2.1387720818443237e+00	   2.1916885800507577e+00	   2.2066065110599040e+00	   2.1318085508497293e+00	   2.1647643545627742e+00	   2.1731848008197878e+00	   2.1518960711826813e+00	   2.1762746693657178e+00	   2.2580307005279048e+00	   2.2295138914442725e+00	   2.2440736336541014e+00	
   2.2335187615509029e+00	   2.2468375185590235e+00	   2.1571894261933005e+00	   2.2079713758803541e+00	   2.2237990483722645e+00	   2.1490195637174994e+00	   2.1796552153857163e+00	   2.1883984962428578e+00	   2.1636306845427806e+00	   2.1917543150165577e+00	   2.2762389133648564e+00	   2.2471920609908924e+00	   2.2618716246795341e+00	
   2.2506206229865855e+00	   2.2650391363074074e+00	   2.1756971691960865e+00	   2.2240989615788633e+00	   2.2412247766049451e+00	   2.1665137285571037e+00	   2.1951688162509533e+00	   2.2042166170260193e+00	   2.1767346045666254e+00	   2.2076841849241311e+00	   2.2946037643041768e+00	   2.2650889629470279e+00	   2.2799067221822926e+00	
   2.2672892423753814e+00	   2.2832620348946167e+00	   2.1943426874202925e+00	   2.2398691003865925e+00	   2.2587492932916464e+00	   2.1842772429161932e+00	   2.2110516835265011e+00	   2.2203866083947812e+00	   2.1908382649786295e+00	   2.2238642702359850e+00	   2.3130173746059164e+00	   2.2830761615625157e+00	   2.2980419551511027e+00	
   2.2758919011998828e+00	   2.2929670888096645e+00	   2.2043172075294919e+00	   2.2480629380456403e+00	   2.2681520567296451e+00	   2.1938977838326044e+00	   2.2197173721247663e+00	   2.2292038639203082e+00	   2.1987821926863682e+00	   2.2326044281540631e+00	   2.3228772129904698e+00	   2.2927409377423116e+00	   2.3078193130013047e+00	
   2.2842964420907101e+00	   2.3026894299218386e+00	   2.2143719816379743e+00	   2.2559984237809263e+00	   2.2775247254316411e+00	   2.2035331298058338e+00	   2.2283703272947322e+00	   2.2380091980501180e+00	   2.2068787580487599e+00	   2.2413046900421185e+00	   2.3327162334243079e+00	   2.3023637007458220e+00	   2.3175341090320960e+00	
   2.2924116522642990e+00	   2.3123918579003462e+00	   2.2245081546596954e+00	   2.2636364986515143e+00	   2.2868819610656441e+00	   2.2132534434811975e+00	   2.2369766661937098e+00	   2.2467708650674352e+00	   2.2150714712780188e+00	   2.2499558401310065e+00	   2.3425350830953877e+00	   2.3119711430950991e+00	   2.3272235652854341e+00	
   2.2947085195457135e+00	   2.3152328944476523e+00	   2.2274916540310312e+00	   2.2658319453281632e+00	   2.2896581838113836e+00	   2.2161714819598739e+00	   2.2395466073891397e+00	   2.2493886174219511e+00	   2.2175417756011289e+00	   2.2525251703250389e+00	   2.3454417608444085e+00	   2.3148324947505894e+00	   2.3301261398812234e+00	
   2.2969940993217013e+00	   2.3180808957732650e+00	   2.2304930273397980e+00	   2.2679870387425858e+00	   2.2924116849821203e+00	   2.2190739787381331e+00	   2.2421078139484134e+00	   2.2519986571416557e+00	   2.2200159823144427e+00	   2.2550756319937353e+00	   2.3483407530828044e+00	   2.3176715936411880e+00	   2.3330080985956823e+00	
   2.2992188965819080e+00	   2.3209397864517016e+00	   2.2335237284221789e+00	   2.2700467506188287e+00	   2.2951633100816160e+00	   2.2219759746377319e+00	   2.2446549659301152e+00	   2.2545958057815705e+00	   2.2224912694237462e+00	   2.2576020056852037e+00	   2.3512367334931232e+00	   2.3205024516722230e+00	   2.3358708561764931e+00	
   2.3013845525354517e+00	   2.3237947448303080e+00	   2.2365585900231042e+00	   2.2720673324410887e+00	   2.2979161849467955e+00	   2.2248879645772415e+00	   2.2471858673481084e+00	   2.2571778957013056e+00	   2.2249657134225989e+00	   2.2601153608461395e+00	   2.3541289418113291e+00	   2.3233325054494056e+00	   2.3387259683126573e+00	
   2.3036038440020770e+00	   2.3266410653386060e+00	   2.2395943774285372e+00	   2.2741650199479069e+00	   2.3006622263304566e+00	   2.2278091895819236e+00	   2.2497050534969079e+00	   2.2597487502789839e+00	   2.2274393489335735e+00	   2.2626422788535083e+00	   2.3570163399283515e+00	   2.3261587528893806e+00	   2.3415792133654127e+00	
   2.3073003430817915e+00	   2.3310423160340523e+00	   2.2443209697206954e+00	   2.2776782271406528e+00	   2.3049022398513759e+00	   2.2323505120200093e+00	   2.2536049827823024e+00	   2.2637259782908083e+00	   2.2312723873280427e+00	   2.2666168665260722e+00	   2.3614790805685417e+00	   2.3305240463919641e+00	   2.3459902053674804e+00	
   2.3112836506731447e+00	   2.3354166599979460e+00	   2.2490473201497707e+00	   2.2814789254636785e+00	   2.3091253286602580e+00	   2.2368995833266849e+00	   2.2575355541971529e+00	   2.2677252158621357e+00	   2.2351164977429985e+00	   2.2706668922993161e+00	   2.3659150785165659e+00	   2.3348667004853993e+00	   2.3503824379022884e+00	
   2.3153776533568529e+00	   2.3397793008224270e+00	   2.2537584028411537e+00	   2.2853987635863162e+00	   2.3133435046091129e+00	   2.2414454823514522e+00	   2.2615135905456603e+00	   2.2717606334150098e+00	   2.2389789281430708e+00	   2.2747568804838934e+00	   2.3703327422196017e+00	   2.3391933367930093e+00	   2.3547536846445603e+00	
   2.3195059311225328e+00	   2.3441394740830437e+00	   2.2584501073309728e+00	   2.2893700655120135e+00	   2.3175662460332811e+00	   2.2459823193496784e+00	   2.2655336868182721e+00	   2.2758284943376719e+00	   2.2428622258568649e+00	   2.2788701207287367e+00	   2.3747439587855088e+00	   2.3435168607921075e+00	   2.3591169414525881e+00	
   2.3237216269801806e+00	   2.3485126231919211e+00	   2.2631404571312741e+00	   2.2934261507536093e+00	   2.3217992860664998e+00	   2.2505128668237213e+00	   2.2695860830228440e+00	   2.2799219369411912e+00	   2.2467663617262912e+00	   2.2830144054176418e+00	   2.3791640085208110e+00	   2.3478478061737404e+00	   2.3634848617651407e+00	
   2.3280202581814944e+00	   2.3528859974910672e+00	   2.2678169281301774e+00	   2.2975728319860442e+00	   2.3260414271832519e+00	   2.2550396891108258e+00	   2.2736695071161668e+00	   2.2840411540144214e+00	   2.2506922830427873e+00	   2.2871920378985684e+00	   2.3835876072242881e+00	   2.3521866028497556e+00	   2.3678621951977248e+00	
   2.3380696980504463e+00	   2.3630016698939085e+00	   2.2785975954466018e+00	   2.3072509094455493e+00	   2.3358345710425676e+00	   2.2654446319873949e+00	   2.2831376273868691e+00	   2.2935744359500889e+00	   2.2597656331419160e+00	   2.2968619751911334e+00	   2.3937894902750894e+00	   2.3621850985196446e+00	   2.3779319798834737e+00	
   2.3481847362418411e+00	   2.3731236080411784e+00	   2.2893163719729963e+00	   2.3170516034558184e+00	   2.3456836879033114e+00	   2.2758591023315140e+00	   2.2927504318446870e+00	   2.3032390837775507e+00	   2.2689634638960170e+00	   2.3066290038773860e+00	   2.4040238397370430e+00	   2.3722393203990939e+00	   2.3880703636695864e+00	
   2.3583450626576332e+00	   2.3832653657592036e+00	   2.2999697763079592e+00	   2.3269216329835269e+00	   2.3555702532867437e+00	   2.2862350199509121e+00	   2.3024681017500788e+00	   2.3130030541963107e+00	   2.2782811970993397e+00	   2.3164578606543085e+00	   2.4142836634739577e+00	   2.3823267534264150e+00	   2.3982481845560653e+00	
   2.3685918254986098e+00	   2.3934550406669186e+00	   2.3105764246678460e+00	   2.3368891864880115e+00	   2.3655140130321057e+00	   2.2965723902597568e+00	   2.3122607039171852e+00	   2.3228390135747179e+00	   2.2877073523306728e+00	   2.3263495498452436e+00	   2.4245850054808580e+00	   2.3924600997099521e+00	   2.4084647344705208e+00	
   2.3789156221274861e+00	   2.4037076419469998e+00	   2.3211538305368138e+00	   2.3469467879231085e+00	   2.3755335012288961e+00	   2.3068965718556114e+00	   2.3221196259606600e+00	   2.3327391839382314e+00	   2.2972313477954076e+00	   2.3363065788615760e+00	   2.4349468727427905e+00	   2.4026599925791587e+00	   2.4187436413000620e+00	
   2.3950923863644378e+00	   2.4198367781647754e+00	   2.3376815110461342e+00	   2.3627032274448538e+00	   2.3912971271459154e+00	   2.3230184572531209e+00	   2.3375673032896267e+00	   2.3482517090098449e+00	   2.3121909537915868e+00	   2.3519152387799385e+00	   2.4512276350774762e+00	   2.4186896497590022e+00	   2.4348859101683824e+00	
   2.4113168527813014e+00	   2.4360816238196805e+00	   2.3541204312139032e+00	   2.3785770020340631e+00	   2.4072377595371743e+00	   2.3391376764002429e+00	   2.3531814108309357e+00	   2.3639360734113710e+00	   2.3273577133966485e+00	   2.3676604159323813e+00	   2.4676523507714903e+00	   2.4348909404365489e+00	   2.4512148570912196e+00	
   2.4276434659821646e+00	   2.4524756709844251e+00	   2.3704874271267289e+00	   2.3945816546424865e+00	   2.4233527754477713e+00	   2.3552173545450796e+00	   2.3689405286799232e+00	   2.3797724647954110e+00	   2.3427141397393050e+00	   2.3835290989706368e+00	   2.4842286332152743e+00	   2.4512554171336371e+00	   2.4677069161773537e+00	
   2.4440830002123315e+00	   2.4690251574394124e+00	   2.3868185606063221e+00	   2.4107190625715091e+00	   2.4396416044467499e+00	   2.3712831436248467e+00	   2.3848301405568044e+00	   2.3957461005484162e+00	   2.3582421554204576e+00	   2.3995194806507443e+00	   2.5009616602236102e+00	   2.4677859674066518e+00	   2.4843624834854325e+00	
   2.4698367260142882e+00	   2.4950315712670288e+00	   2.4123170864139576e+00	   2.4359971002120058e+00	   2.4652395050123102e+00	   2.3963541823707848e+00	   2.4097105836873491e+00	   2.4207671153310990e+00	   2.3826083068598907e+00	   2.4245711194142845e+00	   2.5272355306049876e+00	   2.4937490882182303e+00	   2.5105075471471094e+00	
   2.4956918656848837e+00	   2.5211763618564378e+00	   2.4377167176506620e+00	   2.4614890084859145e+00	   2.4910720672125599e+00	   2.4214685806239271e+00	   2.4348790351880276e+00	   2.4460843736956681e+00	   2.4073223674544248e+00	   2.4498554560232839e+00	   2.5537020515522388e+00	   2.5199487773122931e+00	   2.5369197380354089e+00	
   2.5217169251964431e+00	   2.5474688239679226e+00	   2.4630177018227015e+00	   2.4871858798728943e+00	   2.5170813373702097e+00	   2.4465263957333345e+00	   2.4602613839552308e+00	   2.4716166541103948e+00	   2.4323341523583997e+00	   2.4753129892576640e+00	   2.5803109769053107e+00	   2.5463046390190351e+00	   2.5634829149885472e+00	
   2.5478916440618060e+00	   2.5739124959557662e+00	   2.4883036674636374e+00	   2.5130584411506365e+00	   2.5432652379419816e+00	   2.4715998978245244e+00	   2.4858078591942654e+00	   2.4973116439650704e+00	   2.4575883220363584e+00	   2.5009274666516630e+00	   2.6070688733832137e+00	   2.5728220252512757e+00	   2.5901999810073684e+00	
   2.5741463638551560e+00	   2.6004447688360988e+00	   2.5136025848436767e+00	   2.5390503373453677e+00	   2.5695709669422193e+00	   2.4967358927704195e+00	   2.5114987188357496e+00	   2.5231505146108826e+00	   2.4830421570038843e+00	   2.5266727144289756e+00	   2.6339295756981334e+00	   2.5994588026692278e+00	   2.6170443252153865e+00	
   2.6165737872979213e+00	   2.6433251719530060e+00	   2.5546310985095508e+00	   2.5810224677242806e+00	   2.6120591695012365e+00	   2.5374509244331587e+00	   2.5529813761378133e+00	   2.5648639079250861e+00	   2.5241763629641314e+00	   2.5682725370168060e+00	   2.6772845488625756e+00	   2.6424508551325863e+00	   2.6603390139363889e+00	
   2.6240806875707894e+00	   2.6508983568869859e+00	   2.5616707776747618e+00	   2.5886932240472831e+00	   2.6197729664850287e+00	   2.5447619891352939e+00	   2.5607338504243002e+00	   2.5726602063546000e+00	   2.5318946333538657e+00	   2.5759271253880800e+00	   2.6851027593283341e+00	   2.6502889115033876e+00	   2.6683223704563943e+00	
   2.6318846569271330e+00	   2.6587022361321013e+00	   2.5688998201367306e+00	   2.5964405860427187e+00	   2.6275208903587326e+00	   2.5519737017970288e+00	   2.5684446149242990e+00	   2.5804127431799575e+00	   2.5396101220577600e+00	   2.5835700115198459e+00	   2.6929947184885559e+00	   2.6581153755359672e+00	   2.6762174894139585e+00	
   2.6398074123412685e+00	   2.6666220314631062e+00	   2.5762621211646484e+00	   2.6042770695207276e+00	   2.6353663621185675e+00	   2.5592682139508298e+00	   2.5761335462581805e+00	   2.5881402162985427e+00	   2.5473178340905260e+00	   2.5912583402195959e+00	   2.7009790110184744e+00	   2.6660305505773461e+00	   2.6841617757374432e+00	
   2.6477223929521934e+00	   2.6745761997574689e+00	   2.5837098561921890e+00	   2.6121178546314243e+00	   2.6432579610589859e+00	   2.5666727337788959e+00	   2.5838280365561310e+00	   2.5958728066901235e+00	   2.5550227523661775e+00	   2.5989768015968395e+00	   2.7090183958307090e+00	   2.6740072011887199e+00	   2.6921816555505473e+00	
   2.6619646122457263e+00	   2.6889614312928405e+00	   2.5973535157591687e+00	   2.6262086000725380e+00	   2.6575139110468466e+00	   2.5802149793632712e+00	   2.5977186768454326e+00	   2.6098356293768461e+00	   2.5688914146999160e+00	   2.6129204475929266e+00	   2.7235548301380197e+00	   2.6884248344669359e+00	   2.7066942623296053e+00	
   2.6761386137187708e+00	   2.7033021669219020e+00	   2.6110406474171213e+00	   2.6402774102357038e+00	   2.6717640275195276e+00	   2.5938582530473182e+00	   2.6116653440834710e+00	   2.6238568650256320e+00	   2.5827851623317994e+00	   2.6268948260492824e+00	   2.7380734500877337e+00	   2.7028416383568912e+00	   2.7212256897382838e+00	
   2.6903227802906144e+00	   2.7176225810472703e+00	   2.6247088600959501e+00	   2.6543666965792201e+00	   2.6860011416172282e+00	   2.6074941135434373e+00	   2.6256473935749263e+00	   2.6379119721736370e+00	   2.5967086264548156e+00	   2.6408839335361218e+00	   2.7525684727676065e+00	   2.7172379520271233e+00	   2.7357332843357192e+00	
   2.7045361285176601e+00	   2.7319372566273343e+00	   2.6383493722038174e+00	   2.6684884414397483e+00	   2.7002350787030736e+00	   2.6211051633557125e+00	   2.6396484156889328e+00	   2.6519826774351936e+00	   2.6106592610702699e+00	   2.6548847646111078e+00	   2.7670540999280990e+00	   2.7316265514210474e+00	   2.7502279275753536e+00	
   2.7321277400055517e+00	   2.7597149573319064e+00	   2.6649089413750353e+00	   2.6958541281888242e+00	   2.7278158044866556e+00	   2.6475402907758099e+00	   2.6667275945265119e+00	   2.6791898130175542e+00	   2.6376372860515254e+00	   2.6820014954780307e+00	   2.7951241579014039e+00	   2.7594956637133059e+00	   2.7782786194730202e+00	
   2.7595876514989719e+00	   2.7873170219327914e+00	   2.6912367357900244e+00	   2.7231843792508572e+00	   2.7553021581616535e+00	   2.6738700977787468e+00	   2.6938516745762673e+00	   2.7064365451138017e+00	   2.6646982670327324e+00	   2.7091024750114112e+00	   2.8230709493982720e+00	   2.7872762161378652e+00	   2.8062738407168926e+00	
   2.7870055740445134e+00	   2.8148136294269182e+00	   2.7173980917412761e+00	   2.7504835804712893e+00	   2.7826905915237559e+00	   2.7000464617222040e+00	   2.7209508468935564e+00	   2.7336517370149114e+00	   2.6917989336146597e+00	   2.7361525372974005e+00	   2.8509036433718418e+00	   2.8149460426669330e+00	   2.8341532557820925e+00	
   2.8142557221822200e+00	   2.8422067554584034e+00	   2.7434604894477217e+00	   2.7776150302803431e+00	   2.8099797026781164e+00	   2.7261302720710692e+00	   2.7479703941367202e+00	   2.7607838820257222e+00	   2.7188859771594744e+00	   2.7631088493443485e+00	   2.8786298884981019e+00	   2.8425126602856152e+00	   2.8619249259178887e+00	
   2.8413956448068425e+00	   2.8694788088745971e+00	   2.7694531269089899e+00	   2.8046455818330851e+00	   2.8371529184641497e+00	   2.7521529822978987e+00	   2.7748999867023465e+00	   2.7878224798027316e+00	   2.7459234906140053e+00	   2.7899797542525544e+00	   2.9062340193659604e+00	   2.8699605672036621e+00	   2.8895785261430915e+00	
   2.8764562314913000e+00	   2.9046524704284060e+00	   2.8031146829439590e+00	   2.8395392146491911e+00	   2.8721760741504916e+00	   2.7858153366602516e+00	   2.8096080993799148e+00	   2.8226630597927449e+00	   2.7807646495391287e+00	   2.8246439835453012e+00	   2.9418090350448405e+00	   2.9053271534260192e+00	   2.9251950324943699e+00	
   2.9112373795764537e+00	   2.9395257718338779e+00	   2.8365047124615845e+00	   2.8742112491046878e+00	   2.9069490078682301e+00	   2.8192850103317837e+00	   2.8441816027892206e+00	   2.8573611976534963e+00	   2.8154969366317819e+00	   2.8591283492464998e+00	   2.9771072479480289e+00	   2.9404384848816001e+00	   2.9605742932732775e+00	
   2.9457577953979857e+00	   2.9741419673335230e+00	   2.8696658281779279e+00	   2.9086261109225999e+00	   2.9414679097781291e+00	   2.8525318950462752e+00	   2.8785535573028933e+00	   2.8918512773189100e+00	   2.8500771618564378e+00	   2.8933934135034693e+00	   3.0121382199580844e+00	   2.9752848273850336e+00	   2.9956830698822405e+00	
   2.9800083683056320e+00	   3.0085108850490974e+00	   2.9026450038421769e+00	   2.9427726079073446e+00	   2.9757415373711864e+00	   2.8855999430769690e+00	   2.9126980805144065e+00	   2.9261092030553009e+00	   2.8844665713829141e+00	   2.9274329367641263e+00	   3.0469140239156447e+00	   3.0098782343566097e+00	   3.0305348839805952e+00	
   3.0179057570546886e+00	   3.0465802237793493e+00	   2.9392761897563160e+00	   2.9805437926462592e+00	   3.0136969405073981e+00	   2.9223169806022815e+00	   2.9505024535853348e+00	   2.9640363474205405e+00	   2.9225510394176624e+00	   2.9651335097829512e+00	   3.0854207717834852e+00	   3.0481803864484665e+00	   3.0691178174690585e+00	
   3.0554054204752399e+00	   3.0843140969169975e+00	   2.9756343506081655e+00	   3.0179382624657469e+00	   3.0513366507063737e+00	   2.9587917322578186e+00	   2.9880220757249787e+00	   3.0016766548095020e+00	   2.9603648883586584e+00	   3.0025328234987518e+00	   3.1235925990730999e+00	   3.0861565648509859e+00	   3.1073803217175415e+00	
   3.0925337425229853e+00	   3.1217366354661817e+00	   3.0117340049263421e+00	   3.0549616531760013e+00	   3.0886665196795007e+00	   2.9950099611753256e+00	   3.0252344570239895e+00	   3.0390082800016716e+00	   2.9978895879981233e+00	   3.0396214331301157e+00	   3.1614410981038228e+00	   3.1238109058786478e+00	   3.1453169267375460e+00	
   3.1293055008994153e+00	   3.1588604765333201e+00	   3.0475935630801732e+00	   3.0916280836506669e+00	   3.1256987754871761e+00	   3.0309887380432472e+00	   3.0621382336423384e+00	   3.0760304796344302e+00	   3.0351141979875060e+00	   3.0764055498096585e+00	   3.1989799586708956e+00	   3.1611570900747497e+00	   3.1829421116164998e+00	
   3.1947023414186453e+00	   3.2249315784722423e+00	   3.1117197405677643e+00	   3.1567277628729835e+00	   3.1915131106715711e+00	   3.0951671351305223e+00	   3.1275190080385875e+00	   3.1416217628081240e+00	   3.1009182320654487e+00	   3.1416898663666406e+00	   3.2657113994546934e+00	   3.2275150669732171e+00	   3.2497456627372210e+00	
   3.2465295146061570e+00	   3.2774832997747243e+00	   3.1624861008046619e+00	   3.2085361129204752e+00	   3.2440532618379363e+00	   3.1462947199612494e+00	   3.1799921382031839e+00	   3.1942643396705850e+00	   3.1538652349592442e+00	   3.1938976169165301e+00	   3.3188705519837303e+00	   3.2804425082366855e+00	   3.3031227013830149e+00	
   3.2978906615794972e+00	   3.3295443248123093e+00	   3.2128670890120463e+00	   3.2597713060384610e+00	   3.2960075806358868e+00	   3.1968851031487429e+00	   3.2317577819445149e+00	   3.2461915808405433e+00	   3.2061546756568182e+00	   3.2454843368371828e+00	   3.3714563175044807e+00	   3.3327610958839573e+00	   3.3558292528805675e+00	
   3.3488025831966053e+00	   3.3811354886463754e+00	   3.2629086676309917e+00	   3.3105600166777389e+00	   3.3474952740291610e+00	   3.2471342200013562e+00	   3.2830019806586113e+00	   3.2975925669383868e+00	   3.2578468439132542e+00	   3.2965937309745312e+00	   3.4235518248655454e+00	   3.3845926510589619e+00	   3.4080472276828044e+00	
   3.3993160686104060e+00	   3.4323018375112824e+00	   3.3125744966656914e+00	   3.3609616818091679e+00	   3.3985671685096914e+00	   3.2970171754469670e+00	   3.3338296631535971e+00	   3.3485723497411901e+00	   3.3090504291060716e+00	   3.3472886252851404e+00	   3.4751936869090332e+00	   3.4359743638555202e+00	   3.4598140726382214e+00	
   3.4578905856141775e+00	   3.4915783455624889e+00	   3.3701689307727327e+00	   3.4193892772874954e+00	   3.4577178732502118e+00	   3.3548312760420642e+00	   3.3926546652463583e+00	   3.4075680295564261e+00	   3.3682337333247609e+00	   3.4059886897225446e+00	   3.5349804302757692e+00	   3.4954544047840681e+00	   3.5197240574184208e+00	
   3.5159710378512137e+00	   3.5503153892117854e+00	   3.4271871752916918e+00	   3.4773937490095395e+00	   3.5163895215198799e+00	   3.4121612464831745e+00	   3.4510722179507063e+00	   3.4661467199587279e+00	   3.4270025775351649e+00	   3.4642502653738712e+00	   3.5942111156531782e+00	   3.5544012663927189e+00	   3.5791177736305428e+00	
   3.5736736232971182e+00	   3.6086059910137500e+00	   3.4837569853250034e+00	   3.5350347360522263e+00	   3.5746250320189450e+00	   3.4690560739719869e+00	   3.5090795046067491e+00	   3.5243031918309189e+00	   3.4853827045263266e+00	   3.5221054321111924e+00	   3.6529582792115196e+00	   3.6128694357145865e+00	   3.6380207232117345e+00	
   3.6310914849640228e+00	   3.6665486663951832e+00	   3.5400073352490407e+00	   3.5924074196840317e+00	   3.6325256315307701e+00	   3.5256458769363466e+00	   3.5667477437057604e+00	   3.5821119384029600e+00	   3.5434027063041511e+00	   3.5796395091152573e+00	   3.7113380577683075e+00	   3.6709787457188710e+00	   3.6965559421890513e+00	
   3.6882862616356680e+00	   3.7242222793072490e+00	   3.5959804762019316e+00	   3.6495800277619277e+00	   3.6901758875560926e+00	   3.5819815883906823e+00	   3.6241651039063627e+00	   3.6396656581352569e+00	   3.6011312408449654e+00	   3.6369260728452204e+00	   3.7694406445941278e+00	   3.7288230599216292e+00	   3.7548192943922802e+00	
   3.7966809164107200e+00	   3.8334342452092458e+00	   3.7021215689044844e+00	   3.7578339555663134e+00	   3.7992568469211627e+00	   3.6886349077509597e+00	   3.7325695251043349e+00	   3.7483347093833244e+00	   3.7098820483378443e+00	   3.7452025974766481e+00	   3.8794465873482884e+00	   3.8383366835299833e+00	   3.8650401081053865e+00	
   3.8851762951551252e+00	   3.9225960517441107e+00	   3.7878998192008924e+00	   3.8466848388112012e+00	   3.8887155140981173e+00	   3.7754855057050816e+00	   3.8219091195324584e+00	   3.8378881008565293e+00	   3.7998020732750115e+00	   3.8341519896384719e+00	   3.9694251860996195e+00	   3.9280758149932642e+00	   3.9554745018114077e+00	
   3.9562006289359948e+00	   3.9941105878308942e+00	   3.8565876906176051e+00	   3.9179129637566414e+00	   3.9603961173619329e+00	   3.8449157735520658e+00	   3.8934112662986911e+00	   3.9095609323666758e+00	   3.8719402725615151e+00	   3.9053979479884244e+00	   4.0416083570173909e+00	   4.0000544494984940e+00	   4.0279423183391856e+00	
   4.0271330879027225e+00	   4.0655449950305433e+00	   3.9254903774856982e+00	   3.9889370322614814e+00	   4.0319014826148143e+00	   3.9143888867007939e+00	   3.9645578943747255e+00	   3.9808872931934633e+00	   3.9435496297799495e+00	   3.9763930490816257e+00	   4.1136967504494093e+00	   4.0719145354233328e+00	   4.1002545961689076e+00	
   4.0977327168858144e+00	   4.1366609817091797e+00	   3.9940779604751877e+00	   4.0596738067749412e+00	   4.1031279164929675e+00	   3.9835980324717464e+00	   4.0354566379631480e+00	   4.0519689441043072e+00	   4.0148226991435285e+00	   4.0471082558542335e+00	   4.1854745173451082e+00	   4.1434875820577819e+00	   4.1722873626443420e+00	
   4.1678754740229840e+00	   4.2073113925324472e+00	   4.0621352587699944e+00	   4.1299900947549064e+00	   4.1739195569171104e+00	   4.0523197071490751e+00	   4.1059816170020706e+00	   4.1226719664345239e+00	   4.0857691550090314e+00	   4.1174167291012802e+00	   4.2567825241247057e+00	   4.2146075535492349e+00	   4.2438656200889886e+00	
   4.2986931096794914e+00	   4.3390366660488198e+00	   4.1891031921655726e+00	   4.2611295742426956e+00	   4.3059055195895173e+00	   4.1805161075655111e+00	   4.2375086526689323e+00	   4.2545165352316152e+00	   4.2181590773778002e+00	   4.2485512233055260e+00	   4.3896975218257124e+00	   4.3471760969615403e+00	   4.3772748332387206e+00	
   4.4261119206798556e+00	   4.4673306471480299e+00	   4.3123369652700676e+00	   4.3891083398683515e+00	   4.4346635479150978e+00	   4.3052979946832028e+00	   4.3661403660944744e+00	   4.3834397973670836e+00	   4.3479687262534101e+00	   4.3766369104510812e+00	   4.5192050782991968e+00	   4.4764246406574761e+00	   4.5074098580538582e+00	
   4.5510213302363347e+00	   4.5930824106739276e+00	   4.4332580691174401e+00	   4.5145026620967341e+00	   4.5608145133477578e+00	   4.4276430562159383e+00	   4.4921135763794835e+00	   4.5096947221769970e+00	   4.4750861491404015e+00	   4.5021204750010924e+00	   4.6461149334920187e+00	   4.6030626810025694e+00	   4.6348921467375028e+00	
   4.5606288699284736e+00	   4.6028324798478293e+00	   4.4419617894746155e+00	   4.5247066530163220e+00	   4.5710779748541057e+00	   4.4372389296957975e+00	   4.5028598490858629e+00	   4.5204629696728187e+00	   4.4861094588585262e+00	   4.5125182093591532e+00	   4.6561673190064763e+00	   4.6132826005926546e+00	   4.6453710582660852e+00	
   4.5711192245223051e+00	   4.6133485409919563e+00	   4.4518286146042323e+00	   4.5351775924225581e+00	   4.5815703977823281e+00	   4.4471523467335343e+00	   4.5134428574425884e+00	   4.5310597684901515e+00	   4.4969997008397895e+00	   4.5229978472209531e+00	   4.6666971783043039e+00	   4.6237560761748089e+00	   4.6558842296119298e+00	
   4.5817640806790827e+00	   4.6240261356275596e+00	   4.4620939016649555e+00	   4.5457783684024236e+00	   4.5922083971418832e+00	   4.4574231239189306e+00	   4.5240169477811678e+00	   4.5416485704895457e+00	   4.5078053812429113e+00	   4.5335787629539812e+00	   4.6774315981724159e+00	   4.6344351481306720e+00	   4.6665924365719578e+00	
   4.5977052955599165e+00	   4.6400563110862096e+00	   4.4776789094645570e+00	   4.5616862596396679e+00	   4.6082082295729387e+00	   4.4730612283575013e+00	   4.5398913566123582e+00	   4.5575532200880158e+00	   4.5238725479606456e+00	   4.5494793494779060e+00	   4.6935868136115220e+00	   4.6505239027454284e+00	   4.6827585125716826e+00	
   4.6136712441424272e+00	   4.6561271607848882e+00	   4.4933249654566971e+00	   4.5776386659544475e+00	   4.6242656138499472e+00	   4.4887850503916731e+00	   4.5558337114794849e+00	   4.5735312055846444e+00	   4.5399161193923181e+00	   4.5654282810684963e+00	   4.7097907745735261e+00	   4.6666689394686491e+00	   4.6989915706996772e+00	
   4.6296548302973166e+00	   4.6722201132465209e+00	   4.5089649220784347e+00	   4.5936191676404272e+00	   4.6403540454503771e+00	   4.5045151450302638e+00	   4.5718152402743026e+00	   4.5895511482643858e+00	   4.5559579321122241e+00	   4.5813998316292821e+00	   4.7260184080728278e+00	   4.6828416431185884e+00	   4.7152550698833249e+00	
   4.6408090012571863e+00	   4.6834544696447376e+00	   4.5198410270473870e+00	   4.6047957809931646e+00	   4.6516064579081071e+00	   4.5154877144810559e+00	   4.5830145057867178e+00	   4.6007780888054786e+00	   4.5671973537898634e+00	   4.5925745399933851e+00	   4.7373551814352650e+00	   4.6941486014651552e+00	   4.7266334570946285e+00	
   4.6422086198765395e+00	   4.6848656854116131e+00	   4.5212011281316435e+00	   4.6062092767430238e+00	   4.6530297938557279e+00	   4.5168744177701363e+00	   4.5844355307542042e+00	   4.6022026706835133e+00	   4.5686235995046216e+00	   4.5939898709665048e+00	   4.7387849447617878e+00	   4.6955789101970220e+00	   4.7280758024011273e+00	
   4.6429159267228384e+00	   4.6855786594496927e+00	   4.5218883537387127e+00	   4.6069194184250533e+00	   4.6537449307234562e+00	   4.5175705530602563e+00	   4.5851496334667345e+00	   4.6029185701079314e+00	   4.5693404475622952e+00	   4.5947008731171266e+00	   4.7395049667056242e+00	   4.6962973245493798e+00	   4.7287998700100919e+00	
   4.6434000202175092e+00	   4.6860664233043847e+00	   4.5223590094917245e+00	   4.6074042014651715e+00	   4.6542331112921422e+00	   4.5180454999186876e+00	   4.5856368720542191e+00	   4.6034070359099424e+00	   4.5698296223433950e+00	   4.5951860633664809e+00	   4.7399968113190933e+00	   4.6967876049720418e+00	   4.7292936972055921e+00	
   4.6437860377023314e+00	   4.6864558966196155e+00	   4.5227346185809951e+00	   4.6077987105786855e+00	   4.6546303723314955e+00	   4.5184322093529943e+00	   4.5860343115227185e+00	   4.6038054740738463e+00	   4.5702286444652449e+00	   4.5955814552256919e+00	   4.7403925080293678e+00	   4.6971865442028236e+00	   4.7296963629782010e+00	
   4.6441652020583968e+00	   4.6868393438888400e+00	   4.5231027962878185e+00	   4.6081916773078690e+00	   4.6550261296369522e+00	   4.5188177583359392e+00	   4.5864318581897434e+00	   4.6042040168571390e+00	   4.5706277879704507e+00	   4.5959762059082596e+00	   4.7407841724837319e+00	   4.6975839412014624e+00	   4.7300984362220806e+00	
   4.6445401465799359e+00	   4.6872192763888680e+00	   4.5234658649526578e+00	   4.6085828515899268e+00	   4.6554201909753443e+00	   4.5192018131671707e+00	   4.5868294758510189e+00	   4.6046026277450967e+00	   4.5710270487788351e+00	   4.5963700948301112e+00	   4.7411731641663923e+00	   4.6979795293277604e+00	   4.7304995039378470e+00	
   4.6459064284822302e+00	   4.6886072057289949e+00	   4.5247818656422680e+00	   4.6100157939048785e+00	   4.6568647029362884e+00	   4.5206067629103819e+00	   4.5883042375801892e+00	   4.6060809556174247e+00	   4.5725097937832144e+00	   4.5978208692728915e+00	   4.7425936168514955e+00	   4.6994258488892919e+00	   4.7319704793033432e+00	
   4.6472490772920807e+00	   4.6899726218797637e+00	   4.5260673436270524e+00	   4.6114308764811014e+00	   4.6582912291856653e+00	   4.5219887163678498e+00	   4.5897764350834613e+00	   4.6075564604243935e+00	   4.5739931707676851e+00	   4.5992598050964499e+00	   4.7439892883572243e+00	   4.7008490896147288e+00	   4.7334203491625750e+00	
   4.6485724755299147e+00	   4.6913182943852378e+00	   4.5273252944637514e+00	   4.6128305999946360e+00	   4.6597011745168890e+00	   4.5233478060761074e+00	   4.5912446172359420e+00	   4.6090275460664936e+00	   4.5754767195838015e+00	   4.6006872958610963e+00	   4.7453620445689868e+00	   4.7022506123982053e+00	   4.7348484968295139e+00	
   4.6511697216573129e+00	   4.6939550834038348e+00	   4.5297684412687076e+00	   4.6155854668043279e+00	   4.6624706571637127e+00	   4.5259988624243412e+00	   4.5941544026859633e+00	   4.6119416484023201e+00	   4.5784302013494935e+00	   4.6035023773266390e+00	   4.7480441934200810e+00	   4.7049918640303519e+00	   4.7376394439741132e+00	
   4.6537144752482735e+00	   4.6965307527655824e+00	   4.5321237498701459e+00	   4.6182968324144857e+00	   4.6651868692946872e+00	   4.5285731028115865e+00	   4.5970398904013292e+00	   4.6148289900024446e+00	   4.5813800109197205e+00	   4.6062779172413819e+00	   4.7506563209597052e+00	   4.7076663558035792e+00	   4.7403588002273374e+00	
   4.6562140069994253e+00	   4.6990510515655073e+00	   4.5344000359183116e+00	   4.6209679636249570e+00	   4.6678521181310684e+00	   4.5310749703499500e+00	   4.5998960039425878e+00	   4.6176841315005612e+00	   4.5843231822844004e+00	   4.6090140508786268e+00	   4.7532056923499750e+00	   4.7102798820441665e+00	   4.7430123688205938e+00	
   4.6586738666775949e+00	   4.7015218306036068e+00	   4.5366085572280328e+00	   4.6236013727438499e+00	   4.6704696608866358e+00	   4.5335118472009697e+00	   4.6027194665757394e+00	   4.6205037508210198e+00	   4.5872568096616178e+00	   4.6117118778504738e+00	   4.7556998474001988e+00	   4.7128388386667508e+00	   4.7456073134682555e+00	
   4.6634702748106411e+00	   4.7063159535432755e+00	   4.5408480767624342e+00	   4.6287418373690317e+00	   4.6755549530759142e+00	   4.5382047125233926e+00	   4.6082420273242679e+00	   4.6260109591607428e+00	   4.5930628011551811e+00	   4.6169786753698530e+00	   4.7605277610163750e+00	   4.7177949828733352e+00	   4.7506256401432116e+00	
   4.6681347362284731e+00	   4.7109561078730016e+00	   4.5449196760833157e+00	   4.6337472728758611e+00	   4.6804838790011969e+00	   4.5427268431922645e+00	   4.6136254014922411e+00	   4.6313705110047660e+00	   4.5988038507718958e+00	   4.6221109631149959e+00	   4.7651943061149176e+00	   4.7225883370729163e+00	   4.7554744415705947e+00	
   4.6726737536998444e+00	   4.7154586534320853e+00	   4.5488652745087661e+00	   4.6386218289448458e+00	   4.6852704598751176e+00	   4.5471175674335997e+00	   4.6188739819339526e+00	   4.6365892556310992e+00	   4.6044671270776218e+00	   4.6271180152161371e+00	   4.7697191120845535e+00	   4.7272375259621446e+00	   4.7601759968830644e+00	
   4.6770969232950801e+00	   4.7198377240549920e+00	   4.5527132981578191e+00	   4.6433729493252880e+00	   4.6899269414486620e+00	   4.5514018507759344e+00	   4.6239955192823246e+00	   4.6416767504284815e+00	   4.6100439458319151e+00	   4.6320085099501753e+00	   4.7741160765877124e+00	   4.7317555717132374e+00	   4.7647431023955864e+00	
   4.6814103885031537e+00	   4.7241014102647183e+00	   4.5564753532664035e+00	   4.6480087703924395e+00	   4.6944631675605928e+00	   4.5555934635306929e+00	   4.6289977749388935e+00	   4.6466417765769092e+00	   4.6155288833909687e+00	   4.6367895241477877e+00	   4.7783946362751140e+00	   4.7361529139942169e+00	   4.7691865503272926e+00	
   4.6927490527786659e+00	   4.7352860557201142e+00	   4.5664159994554927e+00	   4.6602007513834565e+00	   4.7063684436592137e+00	   4.5666740768392584e+00	   4.6421692330990076e+00	   4.6597012825475668e+00	   4.6300801338150581e+00	   4.6493935852237636e+00	   4.7896094816750647e+00	   4.7476811929569385e+00	   4.7808312619765942e+00	
   4.7033980695344164e+00	   4.7457664485779461e+00	   4.5758078308522130e+00	   4.6716667410478365e+00	   4.7175379415127265e+00	   4.5771600878951988e+00	   4.6545815034147431e+00	   4.6719926717993276e+00	   4.6439048870590502e+00	   4.6612830965364624e+00	   4.8001109091397129e+00	   4.7584816218610921e+00	   4.7917384872085531e+00	
   4.7134199084485040e+00	   4.7556160446010374e+00	   4.5846744608967915e+00	   4.6824707186518646e+00	   4.7280465399697382e+00	   4.5870752738284839e+00	   4.6662969374333532e+00	   4.6835850346807337e+00	   4.6570090246047835e+00	   4.6725070219186939e+00	   4.8099757384901256e+00	   4.7686320563378741e+00	   4.8019888859171322e+00	
   4.7228546338319539e+00	   4.7648811916773868e+00	   4.5930246977062632e+00	   4.6926566770042299e+00	   4.7379442330416559e+00	   4.5964319104044273e+00	   4.6773598340255615e+00	   4.6945267039245913e+00	   4.6694126156673414e+00	   4.6831012490650936e+00	   4.8192535109081680e+00	   4.7781839906788761e+00	   4.8116363743424966e+00	
   4.7488820660100899e+00	   4.7904181686372160e+00	   4.6159212117930002e+00	   4.7208771097266071e+00	   4.7653260989304131e+00	   4.6222604549436683e+00	   4.7081387583339760e+00	   4.7249517290652010e+00	   4.7040736381677979e+00	   4.7125127697857625e+00	   4.8448278137809089e+00	   4.8045582013181116e+00	   4.8382960382084264e+00	
   4.7702981275962477e+00	   4.8113972185832719e+00	   4.6347018678874772e+00	   4.7441601822439106e+00	   4.7878727680064168e+00	   4.6435268175809075e+00	   4.7336127078273611e+00	   4.7501127831344592e+00	   4.7329221646575164e+00	   4.7368255561478527e+00	   4.8658169476118607e+00	   4.8262300802089859e+00	   4.8602016624306010e+00	
   4.7876974878360308e+00	   4.8284215731566711e+00	   4.6498710079914778e+00	   4.7631737699759498e+00	   4.8062512560697952e+00	   4.6608371596586213e+00	   4.7545156621056837e+00	   4.7707446548900689e+00	   4.7567194661713792e+00	   4.7567304918760467e+00	   4.8828473844749913e+00	   4.8438531344635232e+00	   4.8780279850634463e+00	
   4.8016779349629415e+00	   4.8420785802097255e+00	   4.6619642642758823e+00	   4.7785372444644905e+00	   4.8210673157568742e+00	   4.6747569037712804e+00	   4.7715003318640914e+00	   4.7874953344501625e+00	   4.7761788819965343e+00	   4.7728596417353915e+00	   4.8965024698347799e+00	   4.8580175610711720e+00	   4.8923646512302419e+00	
   4.8195002101647955e+00	   4.8594283499156417e+00	   4.6770649392006716e+00	   4.7983862120022414e+00	   4.8401144062964550e+00	   4.6925219311007496e+00	   4.7937225270156221e+00	   4.8093745577940803e+00	   4.8019957357384033e+00	   4.7938294374059778e+00	   4.9138441272388702e+00	   4.8761081169785037e+00	   4.9107095183323661e+00	
   4.8307668602591018e+00	   4.8703286322484756e+00	   4.6865530362757220e+00	   4.8110288936307981e+00	   4.8521643842841939e+00	   4.7037982496251365e+00	   4.8079946715426276e+00	   4.8233913959178203e+00	   4.8188337160776999e+00	   4.8072602133026772e+00	   4.9246933668463706e+00	   4.8874744680894118e+00	   4.9222170477430938e+00	
   4.8372666835574316e+00	   4.8765638050560280e+00	   4.6918226455113983e+00	   4.8185497560728781e+00	   4.8592531558534109e+00	   4.7103860698277487e+00	   4.8167069398813656e+00	   4.8319175962183438e+00	   4.8293426714383596e+00	   4.8153552929311454e+00	   4.9308878673633405e+00	   4.8940611763012196e+00	   4.9289071395661264e+00	
   4.8403045879454831e+00	   4.8793936348515965e+00	   4.6939793467352597e+00	   4.8223423001583408e+00	   4.8627135210569605e+00	   4.7134976687560268e+00	   4.8213866519965043e+00	   4.8364557823924450e+00	   4.8353457722566819e+00	   4.8195728597458078e+00	   4.9336699590908699e+00	   4.8971375638697046e+00	   4.9320480893315883e+00	
   4.8407845792405952e+00	   4.8797047089667700e+00	   4.6938518529144488e+00	   4.8233760863096418e+00	   4.8634871940476074e+00	   4.7140649854101513e+00	   4.8230708009556702e+00	   4.8380291775847484e+00	   4.8380208617028737e+00	   4.8209239214708770e+00	   4.9339286918245646e+00	   4.8976186733892382e+00	   4.9325655227008305e+00	
   4.8377692852306291e+00	   4.8764759524254870e+00	   4.6902090423078091e+00	   4.8210105278157229e+00	   4.8608016620701120e+00	   4.7112184019726975e+00	   4.8214662288413885e+00	   4.8362893505416205e+00	   4.8375480393983423e+00	   4.8189325393908069e+00	   4.9306181288528332e+00	   4.8945781715280949e+00	   4.9295552610482058e+00	
   4.8319865737345511e+00	   4.8705376708486678e+00	   4.6842987940670948e+00	   4.8155246387334545e+00	   4.8551111349189267e+00	   4.7056343256771287e+00	   4.8163341498335024e+00	   4.8310714408485405e+00	   4.8329728496116884e+00	   4.8136352888222129e+00	   4.9245775684899975e+00	   4.8886829799605529e+00	   4.9236267528310194e+00	
   4.8244298184525123e+00	   4.8628645002496089e+00	   4.6767767480749844e+00	   4.8081503761665791e+00	   4.8475911004240393e+00	   4.6982875838825189e+00	   4.8091701768748196e+00	   4.8238479607026070e+00	   4.8260935103047338e+00	   4.8063747138240949e+00	   4.9168114518335182e+00	   4.8810211263575232e+00	   4.9159229214414815e+00	
   4.8157787112024515e+00	   4.8541108969904583e+00	   4.6682405558231164e+00	   4.7996145816503955e+00	   4.8389345231049958e+00	   4.6898377817674195e+00	   4.8007682076026681e+00	   4.8153977412768629e+00	   4.8178655679712969e+00	   4.7979157390754335e+00	   4.9079638891439856e+00	   4.8722527211050295e+00	   4.9071047157640777e+00	
   4.7977104410538525e+00	   4.8358750683837046e+00	   4.6505699627714572e+00	   4.7816326187207530e+00	   4.8207723209508417e+00	   4.6721588826960136e+00	   4.7828858171497020e+00	   4.7974446930484476e+00	   4.8000940304729083e+00	   4.7800092417453195e+00	   4.8895499479150031e+00	   4.8539398728340224e+00	   4.8886799344301881e+00	
   4.7799224459791976e+00	   4.8179351845504907e+00	   4.6333764360686764e+00	   4.7638052363649672e+00	   4.8028004291021853e+00	   4.6547868477567880e+00	   4.7650121585242768e+00	   4.7795152502644491e+00	   4.7821254809981140e+00	   4.7621922507939392e+00	   4.8714172608751065e+00	   4.8358668878479980e+00	   4.8704643876304274e+00	
   4.7613135635238946e+00	   4.7991746212841493e+00	   4.6152282586293971e+00	   4.7452337040807855e+00	   4.7840729880964963e+00	   4.6365666986773775e+00	   4.7464796456231495e+00	   4.7609230498969533e+00	   4.7635926269591442e+00	   4.7436642786204519e+00	   4.8524819807261395e+00	   4.8170149840731815e+00	   4.8514960169119625e+00	
   4.7255170447514558e+00	   4.7630951723313473e+00	   4.5804625705844444e+00	   4.7094103614199501e+00	   4.7479740763522571e+00	   4.6015306481219582e+00	   4.7106215660461856e+00	   4.7249598707575098e+00	   4.7276067784875728e+00	   4.7078793988165755e+00	   4.8160550077498749e+00	   4.7807137458905045e+00	   4.8149490885292794e+00	
   4.6915606322222416e+00	   4.7288596485839260e+00	   4.5476754692132557e+00	   4.6753514683157578e+00	   4.7136549255380595e+00	   4.5683671510460204e+00	   4.6764391994543919e+00	   4.6906781935906734e+00	   4.6931706380451423e+00	   4.6738204394502860e+00	   4.7814541224016516e+00	   4.7462172583398816e+00	   4.7801784598234285e+00	
   4.6538305210119839e+00	   4.6908454901268133e+00	   4.5107012504021409e+00	   4.6377454051796008e+00	   4.6757490097650916e+00	   4.5313346211440937e+00	   4.6389705612369525e+00	   4.6530954771921040e+00	   4.6557926261790703e+00	   4.6363235641227112e+00	   4.7431299061883214e+00	   4.7080625519077000e+00	   4.7418335610439515e+00	
   4.6199025455848028e+00	   4.6566484694321115e+00	   4.4780506753516960e+00	   4.6036353555746148e+00	   4.6414014279207390e+00	   4.4982038299192038e+00	   4.6046475496825225e+00	   4.6186822816754223e+00	   4.6211088166185910e+00	   4.6021753660066151e+00	   4.7085617535962658e+00	   4.6735699672420239e+00	   4.7070506664437755e+00	
   4.5819200663731969e+00	   4.6183838236555461e+00	   4.4408404849250358e+00	   4.5657684127161691e+00	   4.6032379718174399e+00	   4.4609229953310781e+00	   4.5669071974308606e+00	   4.5808295297507327e+00	   4.5834368001726791e+00	   4.5644119511303813e+00	   4.6699859955473988e+00	   4.6351613952319095e+00	   4.6684510150717466e+00	
   4.5478704781841133e+00	   4.5840639197043718e+00	   4.4080768397397661e+00	   4.5315349746622786e+00	   4.5687660104694263e+00	   4.4276752641116337e+00	   4.5324586680699088e+00	   4.5462904718602655e+00	   4.5486234175485132e+00	   4.5301396306403170e+00	   4.6352927423008730e+00	   4.6005439266122155e+00	   4.6335415278481173e+00	
   4.5101548656874160e+00	   4.5460691641942361e+00	   4.3711122880430517e+00	   4.4939401959590963e+00	   4.5308768588805552e+00	   4.3906502571066577e+00	   4.4949966848586964e+00	   4.5087169456050242e+00	   4.5112392646484878e+00	   4.4926503825053601e+00	   4.5969917607036610e+00	   4.5624102042165138e+00	   4.5952217809020741e+00	
   4.4740348641598402e+00	   4.5096594766997624e+00	   4.3363805868907770e+00	   4.4576185700349233e+00	   4.4943002369224043e+00	   4.3553929485547060e+00	   4.4584390089242287e+00	   4.4720624187425511e+00	   4.4742819788766743e+00	   4.4562846819556841e+00	   4.5601801854899096e+00	   4.5256788483259598e+00	   4.5581750032482846e+00	
