1.3331	1.3865	1.2936	0.013266	-0.14482	-0.29238	0.465	-0.06352	-0.30768	0.97863	NaN	NaN	NaN
1.1973	1.2498	1.1495	-0.37906	-0.53	-0.65106	0.27828	-0.25257	-0.45783	0.82271	NaN	NaN	NaN
1.3488	1.3979	1.2915	-0.31854	-0.48846	-0.61569	0.3173	-0.24278	-0.42105	0.92075	NaN	NaN	NaN
1.5746	1.6201	1.5058	-0.2029	-0.39748	-0.53282	0.37592	-0.22597	-0.37249	1.0641	NaN	NaN	NaN
1.7871	1.8285	1.706	-0.076171	-0.28909	-0.42224	0.43187	-0.19866	-0.29821	1.2053	NaN	NaN	NaN
2.0148	2.0404	1.9051	0.11937	-0.11001	-0.22998	0.52156	-0.11888	-0.15625	1.3746	NaN	NaN	NaN
2.2244	2.2453	2.1006	0.31043	0.079848	-0.0066678	0.60744	-0.026803	0.013281	1.5453	NaN	NaN	NaN
2.3567	2.3741	2.2171	0.36719	0.14381	0.11208	0.59973	-0.010184	0.12236	1.6384	NaN	NaN	NaN
2.3194	2.3358	2.1653	0.28223	0.081646	0.12253	0.50186	-0.037482	0.19104	1.6143	NaN	NaN	NaN
2.2342	2.2537	2.0662	0.1501	-0.019593	0.11041	0.36049	-0.07617	0.24564	1.5569	NaN	NaN	NaN
2.1997	2.2152	2	0.037813	-0.098916	0.13956	0.21317	-0.079905	0.32691	1.5342	NaN	NaN	NaN
2.2335	2.2495	2.0345	0.046904	-0.088295	0.1454	0.23896	-0.052753	0.34166	1.5707	NaN	NaN	NaN
2.2852	2.3015	2.0872	0.091041	-0.04236	0.1877	0.28787	-0.0024755	0.37963	1.6278	NaN	NaN	NaN
2.4275	2.4442	2.2293	0.20149	0.068322	0.30696	0.37089	0.07567	0.45544	1.7498	NaN	NaN	NaN
2.6688	2.6857	2.4678	0.33249	0.19661	0.45851	0.4561	0.14682	0.53713	1.926	NaN	NaN	NaN
2.9078	2.8903	2.6889	0.45797	0.29569	0.58886	0.54387	0.22102	0.61726	2.0926	NaN	NaN	NaN
2.9994	2.9827	2.7835	0.59902	0.44	0.726	0.67589	0.35715	0.73483	2.2092	NaN	NaN	NaN
2.9544	2.939	2.744	0.66878	0.51607	0.77606	0.77402	0.46993	0.81424	2.2348	NaN	NaN	NaN
2.8681	2.8537	2.6618	0.64667	0.49882	0.73173	0.80568	0.51513	0.82751	2.206	NaN	NaN	NaN
2.8359	2.8224	2.6324	0.64016	0.49532	0.70949	0.84074	0.55857	0.84649	2.2086	NaN	NaN	NaN
2.9122	2.8835	2.6894	0.67627	0.5213	0.72736	0.88736	0.60435	0.87865	2.2692	NaN	NaN	NaN
2.9536	2.9253	2.7303	0.66719	0.51356	0.70886	0.91522	0.63489	0.89172	2.3013	NaN	NaN	NaN
2.9875	2.9597	2.7645	0.67579	0.52413	0.70678	0.95713	0.68098	0.91883	2.3366	NaN	NaN	NaN
2.941	2.9142	2.7208	0.66382	0.51575	0.67436	0.99678	0.7315	0.94331	2.3291	NaN	NaN	NaN
2.9611	2.9819	2.7168	0.48156	0.58599	0.45176	0.95483	0.69122	0.88243	2.323	1.9671	1.2061	1.3829
2.8751	2.8956	2.6326	0.34403	0.45884	0.28225	0.923	0.66997	0.83319	2.2625	1.9028	1.1093	1.3495
2.8618	2.8765	2.6046	0.38329	0.51217	0.28584	1.0036	0.76085	0.89888	2.2978	2.377	1.2277	1.3642
2.8344	2.8478	2.5833	0.45406	0.58019	0.33492	1.1108	0.88264	0.99471	2.3363	2.3983	1.282	1.4768
2.9044	2.9171	2.6553	0.5515	0.67774	0.4233	1.2163	0.99484	1.0881	2.4225	2.4808	1.3766	1.6012
3.0129	3.0253	2.7628	0.60821	0.73936	0.4733	1.2884	1.0685	1.1452	2.511	2.5762	1.4526	1.7049
3.1019	3.1137	2.8516	0.66356	0.7988	0.52005	1.3616	1.1451	1.2039	2.5904	2.6595	1.5228	1.8041
3.141	3.1556	2.868	0.62088	0.75136	0.43792	1.3873	1.1687	1.2112	2.6274	2.9653	1.4798	1.7135
3.0741	3.0873	2.8058	0.5342	0.66678	0.32534	1.3845	1.1735	1.1951	2.6039	2.9268	1.4092	1.7171
2.9947	3.0067	2.7337	0.50375	0.63471	0.27286	1.4141	1.2127	1.2151	2.5925	2.8869	1.3756	1.7411
3.017	3.028	2.7537	0.3103	0.45255	0.051181	1.3343	1.1283	1.1105	2.5761	2.8961	1.249	1.6901
2.9339	2.944	2.6743	0.13209	0.27749	-0.16357	1.2804	1.0786	1.0394	2.5203	2.833	1.1039	1.6414
2.892	2.8882	2.6164	0.057879	0.10678	-0.27544	1.2562	1.0331	0.99945	2.4882	3.1059	0.73417	1.2103
2.85	2.8449	2.5792	-0.022902	0.021945	-0.38597	1.2594	1.0403	0.98843	2.478	3.0796	0.65186	1.2253
2.8264	2.8199	2.5593	-0.10552	-0.063771	-0.49809	1.2606	1.0438	0.9739	2.4755	3.0671	0.5714	1.2358
2.7924	2.7845	2.5294	-0.20826	-0.16974	-0.63541	1.2535	1.0388	0.95073	2.464	3.0439	0.47084	1.2364
2.7173	2.7083	2.4607	-0.32662	-0.29253	-0.79577	1.2431	1.0325	0.92715	2.4338	2.9859	0.34819	1.231
2.5347	2.5131	2.2713	-0.496	-0.53649	-1.065	1.2777	1.0644	0.96297	2.372	2.9113	-0.080229	1.0611
2.5876	2.5645	2.3214	-0.54286	-0.58445	-1.1368	1.275	1.0599	0.94047	2.3895	2.9588	-0.12193	1.07
2.623	2.5988	2.3553	-0.57447	-0.61756	-1.1912	1.2796	1.0642	0.92748	2.4036	2.9928	-0.15215	1.0865
2.6145	2.5895	2.3479	-0.63233	-0.67928	-1.2817	1.2801	1.0671	0.91393	2.3972	2.989	-0.21673	1.1019
2.5843	2.5584	2.3197	-0.73302	-0.78564	-1.427	1.2639	1.0532	0.88344	2.373	2.9644	-0.3274	1.1003
2.5979	2.5319	2.3091	-0.87885	-1.0332	-1.6522	1.2186	0.98593	0.81906	2.3315	3.0154	-0.77242	0.86552
2.5751	2.5068	2.2865	-1.0613	-1.2301	-1.9044	1.1662	0.93137	0.74529	2.292	2.9939	-0.98243	0.82223
2.599	2.528	2.3079	-1.2007	-1.3817	-2.1029	1.1262	0.8869	0.67969	2.2774	3.0147	-1.1413	0.78614
2.6378	2.5641	2.3437	-1.297	-1.488	-2.2473	1.103	0.85949	0.63102	2.2774	3.0504	-1.2529	0.76609
2.6053	2.5306	2.3132	-1.432	-1.638	-2.4462	1.0733	0.82951	0.58334	2.2469	3.0235	-1.4199	0.74455
2.4334	2.3444	2.127	-1.5928	-2.0441	-2.7063	1.0113	0.72537	0.52873	2.123	2.9487	-2.382	0.28399
2.3544	2.2757	2.0822	-1.5682	-2.0634	-2.7786	1.2734	0.99755	0.81138	2.287	2.9115	-2.492	0.52072
2.3444	2.2677	2.0754	-1.4504	-1.9348	-2.6375	1.3104	1.0395	0.84418	2.3011	2.9064	-2.3532	0.58515
2.5128	2.4345	2.2345	-1.1713	-1.6213	-2.2784	1.3897	1.1121	0.89872	2.4031	3.0656	-1.9821	0.65502
3.0419	2.9531	2.7289	-0.66007	-1.0439	-1.6133	1.5329	1.2272	0.97313	2.6721	3.5542	-1.2707	0.74393
3.5453	3.4689	3.1979	-0.096719	-0.32306	-0.88413	1.7304	1.443	1.116	2.9731	3.9754	-0.22267	1.1873
3.8955	3.817	3.5344	0.31981	0.12438	-0.38441	1.908	1.612	1.2533	3.2165	4.3084	0.29272	1.3783
3.9386	3.8625	3.5808	0.47446	0.28766	-0.21005	1.9775	1.6839	1.3093	3.2775	4.3566	0.47046	1.4682
