5e+12
5.3591e+12
5.2841e+12
5.124e+12
4.9959e+12
4.885e+12
4.7957e+12
4.752e+12
4.8207e+12
4.8808e+12
4.8955e+12
4.8605e+12
4.8166e+12
4.7119e+12
4.5496e+12
4.4341e+12
4.4144e+12
4.4738e+12
4.5488e+12
4.5893e+12
4.5663e+12
4.5859e+12
4.6119e+12
4.6943e+12
4.7144e+12
4.8266e+12
4.8913e+12
5.0081e+12
5.0431e+12
5.0376e+12
5.0466e+12
5.1081e+12
5.2075e+12
5.3128e+12
5.3181e+12
5.4179e+12
5.442e+12
5.5312e+12
5.6051e+12
5.6879e+12
5.8041e+12
6.1336e+12
6.1962e+12
6.2719e+12
6.3965e+12
6.5431e+12
6.659e+12
6.8009e+12
6.8955e+12
6.9744e+12
7.1227e+12
7.2476e+12
7.8e+12
7.7435e+12
7.4836e+12
6.8613e+12
6.3273e+12
5.9707e+12
5.8651e+12
