 -6.0037083432940008e-001	 -6.0037083432940008e-001	 -6.0037083432240568e-001	 -6.0037083432740168e-001	 -6.0037083432451510e-001	 -6.0037083409858472e-001	 -6.0037083422148640e-001	 -6.0037083427466609e-001	 -6.0037083429198557e-001	 -6.0037083430142246e-001	 -6.0037083430775073e-001	 -6.0037083431241367e-001	 -6.0037083431774274e-001	
 -6.0037083454211881e-001	 -6.0037083454211881e-001	 -6.0037083436126348e-001	 -6.0037083436459415e-001	 -6.0037083436292882e-001	 -6.0037083417274761e-001	 -6.0037083495323440e-001	 -6.0037083615938069e-001	 -6.0037083801867119e-001	 -6.0037084067576796e-001	 -6.0037084414388264e-001	 -6.0037084831043863e-001	 -6.0037085799802270e-001	
 -6.0037083517772150e-001	 -6.0037083517772150e-001	 -6.0037083447672668e-001	 -6.0037083447583850e-001	 -6.0037083447805895e-001	 -6.0037083439423711e-001	 -6.0037083713015971e-001	 -6.0037084172770427e-001	 -6.0037084889918990e-001	 -6.0037085897668430e-001	 -6.0037087175157655e-001	 -6.0037088647213466e-001	 -6.0037091824793887e-001	
 -6.0037083639552513e-001	 -6.0037083639574718e-001	 -6.0037083469888231e-001	 -6.0037083468955643e-001	 -6.0037083469866026e-001	 -6.0037083481878639e-001	 -6.0037084128383711e-001	 -6.0037085227060416e-001	 -6.0037086924136229e-001	 -6.0037089256903542e-001	 -6.0037092122133817e-001	 -6.0037095291909370e-001	 -6.0037101639442980e-001	
 -6.0037087903752617e-001	 -6.0037087903774822e-001	 -6.0037084256236994e-001	 -6.0037084225794679e-001	 -6.0037084251862716e-001	 -6.0037084981312550e-001	 -6.0037098180576454e-001	 -6.0037118446631954e-001	 -6.0037144881863735e-001	 -6.0037173806359867e-001	 -6.0037201133178453e-001	 -6.0037224256126454e-001	 -6.0037256477440959e-001	
 -6.0037099504939295e-001	 -6.0037099504983704e-001	 -6.0037086413811114e-001	 -6.0037086302455744e-001	 -6.0037086397501938e-001	 -6.0037089088071927e-001	 -6.0037135512858164e-001	 -6.0037202473672835e-001	 -6.0037281889546712e-001	 -6.0037358486042525e-001	 -6.0037421017322679e-001	 -6.0037466559825781e-001	 -6.0037519094524594e-001	
 -6.0037121147749062e-001	 -6.0037121147882289e-001	 -6.0037090475029142e-001	 -6.0037090211451094e-001	 -6.0037090436182439e-001	 -6.0037096805209966e-001	 -6.0037203509977211e-001	 -6.0037348186436912e-001	 -6.0037504817789245e-001	 -6.0037639589594072e-001	 -6.0037737251783518e-001	 -6.0037801475731900e-001	 -6.0037869612417083e-001	
 -6.0037155962744393e-001	 -6.0037155963110767e-001	 -6.0037097064913336e-001	 -6.0037096554255154e-001	 -6.0037096989240535e-001	 -6.0037109308674896e-001	 -6.0037310541316558e-001	 -6.0037567633974831e-001	 -6.0037823508540811e-001	 -6.0038023510644578e-001	 -6.0038156885977578e-001	 -6.0038240403470500e-001	 -6.0038328044886846e-001	
 -6.0037244735833273e-001	 -6.0037244737387585e-001	 -6.0037114048860918e-001	 -6.0037112899524736e-001	 -6.0037113876665327e-001	 -6.0037141484481360e-001	 -6.0037577037630463e-001	 -6.0038088179736882e-001	 -6.0038542732854250e-001	 -6.0038860567734886e-001	 -6.0039057611860347e-001	 -6.0039177978643554e-001	 -6.0039304409731376e-001	
 -6.0037389014089282e-001	 -6.0037389019862442e-001	 -6.0037141983471098e-001	 -6.0037139777180393e-001	 -6.0037141648505710e-001	 -6.0037194344297884e-001	 -6.0038000540174608e-001	 -6.0038875180190576e-001	 -6.0039580837567552e-001	 -6.0040036156328025e-001	 -6.0040307922126779e-001	 -6.0040471928757277e-001	 -6.0040641852820986e-001	
 -6.0037605049012566e-001	 -6.0037605066876054e-001	 -6.0037184312744518e-001	 -6.0037180489580511e-001	 -6.0037183723160581e-001	 -6.0037274400392970e-001	 -6.0038623025782112e-001	 -6.0039979452330972e-001	 -6.0040981446629615e-001	 -6.0041588002512913e-001	 -6.0041939229626973e-001	 -6.0042147458172490e-001	 -6.0042359725742678e-001	
 -6.0037908821142238e-001	 -6.0037908868615375e-001	 -6.0037244564692394e-001	 -6.0037238410404203e-001	 -6.0037243599386780e-001	 -6.0037388367772948e-001	 -6.0039484440599367e-001	 -6.0041438861635488e-001	 -6.0042767096180061e-001	 -6.0043527838515853e-001	 -6.0043956281752298e-001	 -6.0044206436282721e-001	 -6.0044459637675907e-001	
 -6.0038315194932412e-001	 -6.0038315306087942e-001	 -6.0037326192829976e-001	 -6.0037316829075760e-001	 -6.0037324698425376e-001	 -6.0037542896251850e-001	 -6.0040620501100594e-001	 -6.0043276095522735e-001	 -6.0044941762493753e-001	 -6.0045850793610800e-001	 -6.0046351676013021e-001	 -6.0046641605682183e-001	 -6.0046934313839895e-001	
 -6.0039206813355950e-001	 -6.0039207164397368e-001	 -6.0037508510801807e-001	 -6.0037491782471974e-001	 -6.0037505770416111e-001	 -6.0037888828023966e-001	 -6.0043068597714910e-001	 -6.0047001336527295e-001	 -6.0049190834310373e-001	 -6.0050315306314772e-001	 -6.0050921785925748e-001	 -6.0051270017535963e-001	 -6.0051621048695658e-001	
 -6.0040439254116507e-001	 -6.0040440161046593e-001	 -6.0037766045162311e-001	 -6.0037738505536176e-001	 -6.0037761436881887e-001	 -6.0038379774374206e-001	 -6.0046391505963470e-001	 -6.0051703798835732e-001	 -6.0054357527250524e-001	 -6.0055663977909290e-001	 -6.0056358907190077e-001	 -6.0056758133175681e-001	 -6.0057157333648359e-001	
 -6.0042048631547829e-001	 -6.0042050645114919e-001	 -6.0038110032201164e-001	 -6.0038067389467376e-001	 -6.0038102796722281e-001	 -6.0039040069126415e-001	 -6.0050648998777323e-001	 -6.0057314929284900e-001	 -6.0060341648005000e-001	 -6.0061788883203349e-001	 -6.0062555136108919e-001	 -6.0062991708931257e-001	 -6.0063432943591177e-001	
 -6.0044058561714575e-001	 -6.0044062535069553e-001	 -6.0038549924701368e-001	 -6.0038486978419847e-001	 -6.0038539192530660e-001	 -6.0039892221330771e-001	 -6.0055845539008779e-001	 -6.0063716638825149e-001	 -6.0067015085485398e-001	 -6.0068564070492325e-001	 -6.0069383350069838e-001	 -6.0069849501065420e-001	 -6.0070321172989161e-001	
 -6.0046480595354890e-001	 -6.0046487733977916e-001	 -6.0039093287633793e-001	 -6.0039003880252295e-001	 -6.0039078127394063e-001	 -6.0040956958740122e-001	 -6.0061932026755915e-001	 -6.0070770862219458e-001	 -6.0074246347541216e-001	 -6.0075863718378475e-001	 -6.0076717019053039e-001	 -6.0077205276642953e-001	 -6.0077696715221673e-001	
 -6.0050162740954427e-001	 -6.0050176262882449e-001	 -6.0039944174949955e-001	 -6.0039810564849194e-001	 -6.0039922042109950e-001	 -6.0042651423619642e-001	 -6.0070830128533537e-001	 -6.0080494605296852e-001	 -6.0084079119460121e-001	 -6.0085740538606824e-001	 -6.0086616829768680e-001	 -6.0087120251650639e-001	 -6.0087628747973465e-001	
 -6.0054497536121687e-001	 -6.0054520827201863e-001	 -6.0040980693742974e-001	 -6.0040789151283303e-001	 -6.0040950291029294e-001	 -6.0043597626491252e-001	 -6.0080769081749530e-001	 -6.0090799984457988e-001	 -6.0094389543718929e-001	 -6.0096055857739028e-001	 -6.0096932106068479e-001	 -6.0097442605844265e-001	 -6.0097953476634380e-001	
 -6.0059447193594462e-001	 -6.0059484364205495e-001	 -6.0042207170607487e-001	 -6.0041941883770544e-001	 -6.0042167663021395e-001	 -6.0043793743969065e-001	 -6.0091433707265551e-001	 -6.0101427242653660e-001	 -6.0104936529692399e-001	 -6.0106568197015875e-001	 -6.0107433169709346e-001	 -6.0107933814002035e-001	 -6.0108442900053127e-001	
 -6.0064956701721961e-001	 -6.0065012441123944e-001	 -6.0043624068029100e-001	 -6.0043267252518628e-001	 -6.0043575375090530e-001	 -6.0043702485990114e-001	 -6.0102500514869206e-001	 -6.0112146560931112e-001	 -6.0115514651604141e-001	 -6.0117088494959781e-001	 -6.0117929553005212e-001	 -6.0118415859877761e-001	 -6.0118914313522787e-001	
 -6.0070961881597551e-001	 -6.0071041292431016e-001	 -6.0045229198857353e-001	 -6.0044761214561593e-001	 -6.0045172294020954e-001	 -6.0043621450334150e-001	 -6.0113695021424274e-001	 -6.0122796083772467e-001	 -6.0125992172022080e-001	 -6.0127498392992251e-001	 -6.0128307102269574e-001	 -6.0128777389656385e-001	 -6.0129260462438161e-001	
 -6.0078400706042867e-001	 -6.0078514017281037e-001	 -6.0047304263133316e-001	 -6.0046681765379972e-001	 -6.0047240877181274e-001	 -6.0043595286141116e-001	 -6.0126500528545623e-001	 -6.0134874560613394e-001	 -6.0137872898424760e-001	 -6.0139304432405005e-001	 -6.0140079939996482e-001	 -6.0140533260766293e-001	 -6.0141003005209637e-001	
 -6.0086330163000579e-001	 -6.0086484807220231e-001	 -6.0049620949609306e-001	 -6.0048812676705143e-001	 -6.0049556671659676e-001	 -6.0043612037641303e-001	 -6.0139116007051907e-001	 -6.0146787043069416e-001	 -6.0149614939808416e-001	 -6.0150986162854636e-001	 -6.0151736565516867e-001	 -6.0152178849615101e-001	 -6.0152637562571609e-001	
 -6.0094685303391238e-001	 -6.0094888832273874e-001	 -6.0052177690328445e-001	 -6.0051149394624304e-001	 -6.0052121138109982e-001	 -6.0043628973693863e-001	 -6.0151530368690587e-001	 -6.0158592267622879e-001	 -6.0161285753512761e-001	 -6.0162612301839502e-001	 -6.0163343108809997e-001	 -6.0163775828314670e-001	 -6.0164229576964434e-001	
 -6.0103416828594103e-001	 -6.0103676754241775e-001	 -6.0054974839662822e-001	 -6.0053689154693224e-001	 -6.0054938218634391e-001	 -6.0043634272100022e-001	 -6.0163800264678713e-001	 -6.0170372347745360e-001	 -6.0172957327619958e-001	 -6.0174250425060194e-001	 -6.0174971204474126e-001	 -6.0175397643014161e-001	 -6.0175842758680709e-001	
 -6.0112486787988750e-001	 -6.0112810402535022e-001	 -6.0058014120978331e-001	 -6.0056430499810798e-001	 -6.0058013860164738e-001	 -6.0043633076434233e-001	 -6.0175985836996571e-001	 -6.0182165489386374e-001	 -6.0184672231677894e-001	 -6.0185939495183138e-001	 -6.0186643041248988e-001	 -6.0187061466654423e-001	 -6.0187511780485092e-001	
 -6.0126540908755910e-001	 -6.0126972294405334e-001	 -6.0062987995890271e-001	 -6.0060879135026557e-001	 -6.0063082916383959e-001	 -6.0043629051031999e-001	 -6.0194066947982794e-001	 -6.0199818362383084e-001	 -6.0202248512808421e-001	 -6.0203490279320260e-001	 -6.0204183511503029e-001	 -6.0204600555591181e-001	 -6.0205053098005834e-001	
 -6.0141200001440076e-001	 -6.0141754228137945e-001	 -6.0068516122169235e-001	 -6.0065773332285133e-001	 -6.0068773213994842e-001	 -6.0043627385564236e-001	 -6.0212296899242457e-001	 -6.0217727913147723e-001	 -6.0220049288550737e-001	 -6.0221249736658322e-001	 -6.0221943493088403e-001	 -6.0222365914774922e-001	 -6.0222785857000360e-001	
 -6.0156374539566126e-001	 -6.0157064491361822e-001	 -6.0074605858662089e-001	 -6.0071110126791449e-001	 -6.0075116223345937e-001	 -6.0043627965766788e-001	 -6.0230488282619898e-001	 -6.0235575818678999e-001	 -6.0237784173922115e-001	 -6.0238939814261094e-001	 -6.0239606269563151e-001	 -6.0240010431056312e-001	 -6.0240433687896999e-001	
 -6.0171960063348795e-001	 -6.0172795395929679e-001	 -6.0081257942012911e-001	 -6.0076881658466252e-001	 -6.0082141710215975e-001	 -6.0043629043748936e-001	 -6.0248427607523247e-001	 -6.0253181747849105e-001	 -6.0255307176482198e-001	 -6.0256427716431915e-001	 -6.0257070020774961e-001	 -6.0257462295287834e-001	 -6.0257882851089128e-001	
 -6.0187848886383843e-001	 -6.0188836142549551e-001	 -6.0088469093289021e-001	 -6.0083077223793691e-001	 -6.0089881191172090e-001	 -6.0043628940553706e-001	 -6.0266071423253909e-001	 -6.0270547701901656e-001	 -6.0272588848053754e-001	 -6.0273665958798794e-001	 -6.0274286748818184e-001	 -6.0274665490045454e-001	 -6.0275073092153075e-001	
 -6.0200662096721036e-001	 -6.0201773295165406e-001	 -6.0094614768224641e-001	 -6.0088312166417523e-001	 -6.0096586947566699e-001	 -6.0085644114438175e-001	 -6.0279909487948036e-001	 -6.0284167372537389e-001	 -6.0286115216867664e-001	 -6.0287146568416272e-001	 -6.0287743913289837e-001	 -6.0288109648942712e-001	 -6.0288504957195510e-001	
 -6.0213549035315062e-001	 -6.0214785372592061e-001	 -6.0101107446108859e-001	 -6.0093801557214999e-001	 -6.0103789000620633e-001	 -6.0146286322204645e-001	 -6.0293453471949032e-001	 -6.0297453424784653e-001	 -6.0299369406391357e-001	 -6.0300290786119426e-001	 -6.0300986749828311e-001	 -6.0301311636890009e-001	 -6.0301672262363937e-001	
 -6.0226475276792257e-001	 -6.0227837097159842e-001	 -6.0107945330067913e-001	 -6.0099541419855740e-001	 -6.0107517784180331e-001	 -6.0213405421549737e-001	 -6.0306823829059386e-001	 -6.0310643125616181e-001	 -6.0312478520418988e-001	 -6.0313421205848705e-001	 -6.0314024032237512e-001	 -6.0314364436353518e-001	 -6.0314740730949001e-001	
 -6.0239433074371629e-001	 -6.0240920975318524e-001	 -6.0115133316440694e-001	 -6.0105532713305987e-001	 -6.0108195534536168e-001	 -6.0268016281139758e-001	 -6.0320175799943865e-001	 -6.0323876692991441e-001	 -6.0325637634539575e-001	 -6.0326603155491654e-001	 -6.0327150120687012e-001	 -6.0327503835189145e-001	 -6.0327888916134054e-001	
 -6.0252437240260193e-001	 -6.0254052583719186e-001	 -6.0122682322349963e-001	 -6.0111780792648783e-001	 -6.0107802393838394e-001	 -6.0303204831446688e-001	 -6.0333622640462714e-001	 -6.0337238615915112e-001	 -6.0338971343587566e-001	 -6.0339933453956718e-001	 -6.0340492518551336e-001	 -6.0340846637896295e-001	 -6.0341233209315615e-001	
 -6.0276088574751086e-001	 -6.0277939825925664e-001	 -6.0137253613368191e-001	 -6.0123722475213803e-001	 -6.0106484294530915e-001	 -6.0341642766925663e-001	 -6.0358377423186393e-001	 -6.0361923292207020e-001	 -6.0363657618367483e-001	 -6.0364627794828873e-001	 -6.0365206735757404e-001	 -6.0365568024667304e-001	 -6.0365964258746185e-001	
 -6.0300083125897075e-001	 -6.0302179476834361e-001	 -6.0153133651408286e-001	 -6.0136573588454034e-001	 -6.0106107733237657e-001	 -6.0370390279307351e-001	 -6.0383821944087757e-001	 -6.0387274922291123e-001	 -6.0388999991101144e-001	 -6.0389943494210119e-001	 -6.0390507062213494e-001	 -6.0390854745095979e-001	 -6.0391244477076000e-001	
 -6.0307971342565825e-001	 -6.0310148182840528e-001	 -6.0158594999959458e-001	 -6.0140957918419780e-001	 -6.0106251405733779e-001	 -6.0381296186806654e-001	 -6.0392107552853513e-001	 -6.0395488356301819e-001	 -6.0397169833958930e-001	 -6.0398093500768635e-001	 -6.0398643861903079e-001	 -6.0398988156673550e-001	 -6.0399371499941790e-001	
 -6.0314356132917801e-001	 -6.0316596538456668e-001	 -6.0163109631916623e-001	 -6.0144570999309810e-001	 -6.0106287212813303e-001	 -6.0389142487460301e-001	 -6.0398615599677186e-001	 -6.0401905813145529e-001	 -6.0403524682783871e-001	 -6.0404421112292273e-001	 -6.0404953395609695e-001	 -6.0405288455012141e-001	 -6.0405654392881036e-001	
 -6.0320160461790895e-001	 -6.0322456568440153e-001	 -6.0167295408741772e-001	 -6.0147913024233279e-001	 -6.0106292979733578e-001	 -6.0395627221654369e-001	 -6.0404333205965610e-001	 -6.0407513786897571e-001	 -6.0409068554834189e-001	 -6.0409927953708475e-001	 -6.0410435811397711e-001	 -6.0410752535611234e-001	 -6.0411099370105692e-001	
 -6.0325934396066039e-001	 -6.0328283225630219e-001	 -6.0171543108267223e-001	 -6.0151297874144749e-001	 -6.0106292852213361e-001	 -6.0401681835919874e-001	 -6.0409819895412831e-001	 -6.0412870616965986e-001	 -6.0414355601623448e-001	 -6.0415170675376384e-001	 -6.0415651196832343e-001	 -6.0415950013004149e-001	 -6.0416279420816288e-001	
 -6.0331663217916276e-001	 -6.0334060950850699e-001	 -6.0175846720522674e-001	 -6.0154721697835978e-001	 -6.0106292193462529e-001	 -6.0407397128248164e-001	 -6.0415049510664787e-001	 -6.0417955372715770e-001	 -6.0419362843089353e-001	 -6.0420131914562525e-001	 -6.0420585449394437e-001	 -6.0420868348332046e-001	 -6.0421179943159764e-001	
 -6.0337331370796665e-001	 -6.0339773292894527e-001	 -6.0180199224058040e-001	 -6.0158180067115818e-001	 -6.0106291872064066e-001	 -6.0412792062547460e-001	 -6.0419992233429198e-001	 -6.0422741571497518e-001	 -6.0424065698350127e-001	 -6.0424788228474746e-001	 -6.0425214149573137e-001	 -6.0425479870684917e-001	 -6.0425771487504498e-001	
 -6.0346236204611436e-001	 -6.0348736990989416e-001	 -6.0187248392529202e-001	 -6.0163775527555252e-001	 -6.0106291683947877e-001	 -6.0420756936951925e-001	 -6.0427263691320565e-001	 -6.0429751787982600e-001	 -6.0430940195377314e-001	 -6.0431588300813299e-001	 -6.0431969400331909e-001	 -6.0432206822425005e-001	 -6.0432466649773531e-001	
 -6.0354889315761273e-001	 -6.0357432330859773e-001	 -6.0194371540711611e-001	 -6.0169427206069326e-001	 -6.0106291657546773e-001	 -6.0427884719849168e-001	 -6.0433740896093102e-001	 -6.0435972857786346e-001	 -6.0437034208760121e-001	 -6.0437611820551851e-001	 -6.0437950606595514e-001	 -6.0438161144327207e-001	 -6.0438391448836004e-001	
 -6.0363245151862088e-001	 -6.0365812297102917e-001	 -6.0201538298032542e-001	 -6.0175116112659577e-001	 -6.0106291663064582e-001	 -6.0434210424609169e-001	 -6.0439468155648601e-001	 -6.0441465277460971e-001	 -6.0442412882233398e-001	 -6.0442927444948058e-001	 -6.0443228873152677e-001	 -6.0443416079558610e-001	 -6.0443620704730971e-001	
 -6.0371270314885095e-001	 -6.0373843169192476e-001	 -6.0208720468102328e-001	 -6.0180824629518792e-001	 -6.0106291667982870e-001	 -6.0439807379197852e-001	 -6.0444531721459693e-001	 -6.0446324767116089e-001	 -6.0447175469258152e-001	 -6.0447637022031930e-001	 -6.0447907365135389e-001	 -6.0448075172125915e-001	 -6.0448258500911400e-001	
 -6.0383841597089205e-001	 -6.0386386416944049e-001	 -6.0220634439800413e-001	 -6.0190321434705485e-001	 -6.0124559910335051e-001	 -6.0447819090536647e-001	 -6.0451821239171366e-001	 -6.0453351648281917e-001	 -6.0454081013971983e-001	 -6.0454477445059940e-001	 -6.0454709859336653e-001	 -6.0454854014135861e-001	 -6.0455011430582406e-001	
 -6.0395438931559742e-001	 -6.0397914457188673e-001	 -6.0232438034746316e-001	 -6.0199777656655407e-001	 -6.0152404926716585e-001	 -6.0454537191168001e-001	 -6.0458022371412401e-001	 -6.0459376524857333e-001	 -6.0460026416808699e-001	 -6.0460380277149728e-001	 -6.0460587761013151e-001	 -6.0460716446508744e-001	 -6.0460856713495659e-001	
 -6.0406097284670945e-001	 -6.0408471424666654e-001	 -6.0244064599224156e-001	 -6.0209152250678688e-001	 -6.0182702704691948e-001	 -6.0460348696456112e-001	 -6.0463491794149338e-001	 -6.0464737023269155e-001	 -6.0465338938653357e-001	 -6.0465666995224154e-001	 -6.0465859436142910e-001	 -6.0465978572077361e-001	 -6.0466108592138745e-001	
 -6.0415886514075812e-001	 -6.0418136845152848e-001	 -6.0255466027847593e-001	 -6.0218415363832989e-001	 -6.0212419741878520e-001	 -6.0465557405220416e-001	 -6.0468495224808017e-001	 -6.0469681080765891e-001	 -6.0470257293454566e-001	 -6.0470571550841345e-001	 -6.0470755854247216e-001	 -6.0470869899020840e-001	 -6.0470994224037788e-001	
 -6.0433749322263974e-001	 -6.0435714798334761e-001	 -6.0278082721010318e-001	 -6.0237029391851937e-001	 -6.0268682160746767e-001	 -6.0475275485416535e-001	 -6.0478045749434717e-001	 -6.0479191192730486e-001	 -6.0479746842390103e-001	 -6.0480049956856963e-001	 -6.0480226992576380e-001	 -6.0480336773449661e-001	 -6.0480455277100997e-001	
 -6.0449069882606565e-001	 -6.0450741961548538e-001	 -6.0299480421555085e-001	 -6.0254999012332444e-001	 -6.0317173776935906e-001	 -6.0484218520362454e-001	 -6.0487044472157248e-001	 -6.0488212160192401e-001	 -6.0488783175272065e-001	 -6.0489088373716360e-001	 -6.0489266713892320e-001	 -6.0489374903993642e-001	 -6.0489493986615184e-001	
 -6.0462489210788561e-001	 -6.0463889666240167e-001	 -6.0319611416537189e-001	 -6.0272282312556769e-001	 -6.0357568356661506e-001	 -6.0492837404813038e-001	 -6.0495814987948648e-001	 -6.0497035802786758e-001	 -6.0497616132026977e-001	 -6.0497929975988907e-001	 -6.0498111228390883e-001	 -6.0498223933169726e-001	 -6.0498343414117084e-001	
 -6.0474512094921273e-001	 -6.0475676550475477e-001	 -6.0338491637257352e-001	 -6.0288870752744916e-001	 -6.0390644825347728e-001	 -6.0501280695501869e-001	 -6.0504422802498681e-001	 -6.0505685491740735e-001	 -6.0506272119653648e-001	 -6.0506588779163373e-001	 -6.0506770277213295e-001	 -6.0506881987587580e-001	 -6.0507000549558931e-001	
 -6.0492688441249332e-001	 -6.0493534180894315e-001	 -6.0368009446565285e-001	 -6.0315663733012670e-001	 -6.0433296048223450e-001	 -6.0515240267244863e-001	 -6.0518578356216768e-001	 -6.0519847195894538e-001	 -6.0520427987975633e-001	 -6.0520729469870638e-001	 -6.0520900418881141e-001	 -6.0521003149438535e-001	 -6.0521112282740930e-001	
 -6.0508829206362691e-001	 -6.0509451013601723e-001	 -6.0394296554266980e-001	 -6.0340526782998172e-001	 -6.0463825417123029e-001	 -6.0528386196567752e-001	 -6.0531836927602001e-001	 -6.0533131134565821e-001	 -6.0533698754938747e-001	 -6.0533990032241025e-001	 -6.0534166555681335e-001	 -6.0534270835854720e-001	 -6.0534376111331945e-001	
 -6.0523515448118737e-001	 -6.0523980724369597e-001	 -6.0417761522113533e-001	 -6.0363607777358386e-001	 -6.0486883969834704e-001	 -6.0540687845889174e-001	 -6.0544275440754802e-001	 -6.0545552146740178e-001	 -6.0546132708261258e-001	 -6.0546437272224196e-001	 -6.0546590029775249e-001	 -6.0546683692230818e-001	 -6.0546791333471184e-001	
 -6.0536964491741951e-001	 -6.0537317265008106e-001	 -6.0438781764338145e-001	 -6.0385054820299988e-001	 -6.0505135475075189e-001	 -6.0552113169864974e-001	 -6.0555787716254361e-001	 -6.0557039291708747e-001	 -6.0557589998644357e-001	 -6.0557862564225573e-001	 -6.0558018014489345e-001	 -6.0558110716124602e-001	 -6.0558202814364748e-001	
 -6.0549257783393262e-001	 -6.0549527072140119e-001	 -6.0457671709890359e-001	 -6.0404998600727122e-001	 -6.0520050547285820e-001	 -6.0562607108782807e-001	 -6.0566286662866453e-001	 -6.0567525673416167e-001	 -6.0568032457253285e-001	 -6.0568284095574576e-001	 -6.0568434943852889e-001	 -6.0568521335835346e-001	 -6.0568607582756062e-001	
 -6.0565361162390197e-001	 -6.0565545059210191e-001	 -6.0482059753641515e-001	 -6.0431766439272838e-001	 -6.0537681514194475e-001	 -6.0576324578465179e-001	 -6.0580045467284460e-001	 -6.0581242372603761e-001	 -6.0581723652586295e-001	 -6.0581968544992648e-001	 -6.0582096378536399e-001	 -6.0582172109513444e-001	 -6.0582252960383887e-001	
 -6.0579498657609143e-001	 -6.0579625552892313e-001	 -6.0503211911289156e-001	 -6.0455927467661930e-001	 -6.0552074462782990e-001	 -6.0588282148932304e-001	 -6.0592257935632166e-001	 -6.0593443554335380e-001	 -6.0593899628036407e-001	 -6.0594117660628388e-001	 -6.0594249113599119e-001	 -6.0594324357032825e-001	 -6.0594393449830974e-001	
 -6.0591989615754738e-001	 -6.0592077857901661e-001	 -6.0521753286657543e-001	 -6.0477810096504214e-001	 -6.0564333740376064e-001	 -6.0598760705288246e-001	 -6.0603156086236343e-001	 -6.0604197958602501e-001	 -6.0604682804121790e-001	 -6.0604932770769171e-001	 -6.0605015815706764e-001	 -6.0605071555941414e-001	 -6.0605155979442937e-001	
 -6.0603023209249152e-001	 -6.0603086081700841e-001	 -6.0538149724742585e-001	 -6.0497676740578488e-001	 -6.0575062322409945e-001	 -6.0608081260149493e-001	 -6.0612779956714657e-001	 -6.0613751963523033e-001	 -6.0614183637286434e-001	 -6.0614372452516552e-001	 -6.0614475976839000e-001	 -6.0614538015635322e-001	 -6.0614589820084941e-001	
 -6.0612717082708656e-001	 -6.0612762387102226e-001	 -6.0552729583218667e-001	 -6.0515729512888861e-001	 -6.0584591695911350e-001	 -6.0616270916269421e-001	 -6.0621128924098766e-001	 -6.0622117708275525e-001	 -6.0622457207537561e-001	 -6.0622613739758080e-001	 -6.0622712737823381e-001	 -6.0622765228701692e-001	 -6.0622814477706566e-001	
 -6.0623141810411951e-001	 -6.0623171994467207e-001	 -6.0568788929415973e-001	 -6.0536010099776494e-001	 -6.0595156144183093e-001	 -6.0624986846757878e-001	 -6.0630089138857812e-001	 -6.0631001064026524e-001	 -6.0631319484816260e-001	 -6.0631471563654671e-001	 -6.0631548577183558e-001	 -6.0631592863391592e-001	 -6.0631637894748014e-001	
 -6.0631905792474239e-001	 -6.0631925829912614e-001	 -6.0582786743967887e-001	 -6.0553981978128668e-001	 -6.0604488567916892e-001	 -6.0632341648536592e-001	 -6.0637659399465083e-001	 -6.0638461321493864e-001	 -6.0638751023944781e-001	 -6.0638883347008399e-001	 -6.0638949751612437e-001	 -6.0638987822736468e-001	 -6.0639025809527958e-001	
 -6.0639192261946473e-001	 -6.0639205677615049e-001	 -6.0595009052033522e-001	 -6.0569864188553257e-001	 -6.0612778768276421e-001	 -6.0638546554570016e-001	 -6.0643901054280303e-001	 -6.0644581570157285e-001	 -6.0644815977961564e-001	 -6.0644928232644890e-001	 -6.0644981657087538e-001	 -6.0645012882842853e-001	 -6.0645040613327428e-001	
 -6.0645118108804130e-001	 -6.0645127208380778e-001	 -6.0605656078305259e-001	 -6.0583830267979533e-001	 -6.0620133206368276e-001	 -6.0643704933216469e-001	 -6.0648841264210329e-001	 -6.0649413245417172e-001	 -6.0649610588370262e-001	 -6.0649689444380872e-001	 -6.0649735228957002e-001	 -6.0649759007291859e-001	 -6.0649786857891463e-001	
 -6.0649800471024307e-001	 -6.0649806639145876e-001	 -6.0614879412523859e-001	 -6.0596028932535795e-001	 -6.0626615887549029e-001	 -6.0647904595600988e-001	 -6.0652651637538302e-001	 -6.0653126967646909e-001	 -6.0653284960121567e-001	 -6.0653349127592904e-001	 -6.0653383970732389e-001	 -6.0653402960408886e-001	 -6.0653421662459905e-001	
 -6.0654825710571014e-001	 -6.0654829170447844e-001	 -6.0626425706789000e-001	 -6.0611454614045712e-001	 -6.0634894231303971e-001	 -6.0652680989115026e-001	 -6.0656618973331522e-001	 -6.0656921793367236e-001	 -6.0657013194875820e-001	 -6.0657054499313467e-001	 -6.0657073666336991e-001	 -6.0657084579918141e-001	 -6.0657094890315122e-001	
 -6.0657769113381388e-001	 -6.0657770945515832e-001	 -6.0635379038553872e-001	 -6.0623588831154596e-001	 -6.0641427345364818e-001	 -6.0655833434131168e-001	 -6.0658753149500644e-001	 -6.0658891362708189e-001	 -6.0658930881474227e-001	 -6.0658949039626986e-001	 -6.0658957282899717e-001	 -6.0658961931092659e-001	 -6.0658966400906067e-001	
 -6.0658883336206504e-001	 -6.0658884011910441e-001	 -6.0642029093027627e-001	 -6.0632817016048612e-001	 -6.0646307253220400e-001	 -6.0657521731422026e-001	 -6.0659152427666729e-001	 -6.0659093138371034e-001	 -6.0659050490374788e-001	 -6.0659064076906688e-001	 -6.0659049610323201e-001	 -6.0659047070954486e-001	 -6.0659031428511589e-001	
 -6.0658384256595532e-001	 -6.0658384071243798e-001	 -6.0646612583470372e-001	 -6.0639479601376500e-001	 -6.0649619616104378e-001	 -6.0657930516971881e-001	 -6.0657990472634538e-001	 -6.0657796960938981e-001	 -6.0657735625524456e-001	 -6.0657699747290739e-001	 -6.0657687350407219e-001	 -6.0657679147047006e-001	 -6.0657673480069008e-001	
 -6.0656622443644448e-001	 -6.0656621563370816e-001	 -6.0649379999322406e-001	 -6.0643920397096540e-001	 -6.0651494656993599e-001	 -6.0657234862615539e-001	 -6.0655742245674382e-001	 -6.0655487846550393e-001	 -6.0655397574616021e-001	 -6.0655371708651096e-001	 -6.0655349579918916e-001	 -6.0655341213311509e-001	 -6.0655321956937236e-001	
 -6.0651609993633837e-001	 -6.0651608168704740e-001	 -6.0650626623115489e-001	 -6.0647261727220236e-001	 -6.0651855975479840e-001	 -6.0653978360025729e-001	 -6.0650324962963076e-001	 -6.0649880657281940e-001	 -6.0649703482695827e-001	 -6.0649675549551141e-001	 -6.0649632591291969e-001	 -6.0649613619589982e-001	 -6.0649589903516432e-001	
 -6.0644605028004062e-001	 -6.0644601997461578e-001	 -6.0648430496923478e-001	 -6.0646542791686908e-001	 -6.0649255900391275e-001	 -6.0648522125139603e-001	 -6.0643004469729256e-001	 -6.0642328191118366e-001	 -6.0642107311847937e-001	 -6.0642035748181833e-001	 -6.0641987948728548e-001	 -6.0641963111973674e-001	 -6.0641937062200224e-001	
 -6.0635964786270868e-001	 -6.0635960296817615e-001	 -6.0643525780745833e-001	 -6.0642722575154906e-001	 -6.0644230369266694e-001	 -6.0641341108658153e-001	 -6.0633862082859480e-001	 -6.0633169314716628e-001	 -6.0632958016371141e-001	 -6.0632867626442266e-001	 -6.0632823199924246e-001	 -6.0632798705506641e-001	 -6.0632775036517650e-001	
 -6.0626429599508480e-001	 -6.0626423702869747e-001	 -6.0636627265420184e-001	 -6.0636648867817833e-001	 -6.0637377706129758e-001	 -6.0632896080792253e-001	 -6.0624166390954581e-001	 -6.0623528021630513e-001	 -6.0623326571207503e-001	 -6.0623241767121527e-001	 -6.0623199356901747e-001	 -6.0623176278684632e-001	 -6.0623153422023623e-001	
 -6.0616290841319920e-001	 -6.0616283155257022e-001	 -6.0628275883467531e-001	 -6.0628951309926737e-001	 -6.0629171264681148e-001	 -6.0623453733810173e-001	 -6.0613883018034720e-001	 -6.0613191612701733e-001	 -6.0612980750252010e-001	 -6.0612879931931651e-001	 -6.0612830414075169e-001	 -6.0612802307868918e-001	 -6.0612777365387505e-001	
 -6.0605530878610203e-001	 -6.0605521384549110e-001	 -6.0618720392391356e-001	 -6.0619941803063959e-001	 -6.0619818640428313e-001	 -6.0613091136763053e-001	 -6.0603038918838337e-001	 -6.0602335177439848e-001	 -6.0602094413952923e-001	 -6.0602003620213729e-001	 -6.0601957540185047e-001	 -6.0601932978410211e-001	 -6.0601905516677324e-001	
 -6.0594686366899353e-001	 -6.0594675402836362e-001	 -6.0608497434622155e-001	 -6.0610170675834407e-001	 -6.0609816386780757e-001	 -6.0602327137160295e-001	 -6.0592325562736082e-001	 -6.0591683800326201e-001	 -6.0591304200907636e-001	 -6.0591264618636842e-001	 -6.0591229755480036e-001	 -6.0591245056496046e-001	 -6.0591181201996580e-001	
 -6.0583651131107530e-001	 -6.0583637737288143e-001	 -6.0597797128247866e-001	 -6.0599874513289631e-001	 -6.0599351584433858e-001	 -6.0591230655826500e-001	 -6.0581092014111437e-001	 -6.0580390526676631e-001	 -6.0580151069455912e-001	 -6.0580053438263892e-001	 -6.0580004469457105e-001	 -6.0579976866703689e-001	 -6.0579949293915192e-001	
 -6.0572583141782488e-001	 -6.0572567899741525e-001	 -6.0586811625995551e-001	 -6.0589253795362286e-001	 -6.0588602812672310e-001	 -6.0579976039110139e-001	 -6.0570044905838838e-001	 -6.0569387028142074e-001	 -6.0569154202616549e-001	 -6.0569068570803797e-001	 -6.0569023334222649e-001	 -6.0568999951338132e-001	 -6.0568972114005692e-001	
 -6.0561650909751741e-001	 -6.0561632919919894e-001	 -6.0575709560217739e-001	 -6.0578482849626969e-001	 -6.0577730085675796e-001	 -6.0568713819719733e-001	 -6.0559057921527604e-001	 -6.0558445186953413e-001	 -6.0558285900746966e-001	 -6.0558189494752668e-001	 -6.0558143742939219e-001	 -6.0558116494691117e-001	 -6.0558098222429635e-001	
 -6.0544998710465592e-001	 -6.0544978846521769e-001	 -6.0558486477191309e-001	 -6.0561696984307023e-001	 -6.0560823873678782e-001	 -6.0551424738430892e-001	 -6.0542519344131129e-001	 -6.0541954309578649e-001	 -6.0541748965914355e-001	 -6.0541669522296004e-001	 -6.0541628591448404e-001	 -6.0541606994435337e-001	 -6.0541580887940594e-001	
 -6.0528171631890615e-001	 -6.0528148011218530e-001	 -6.0541244521616910e-001	 -6.0544862023315105e-001	 -6.0543892778897046e-001	 -6.0534145781232507e-001	 -6.0525591653282085e-001	 -6.0524999041378091e-001	 -6.0524820737406504e-001	 -6.0524722419275090e-001	 -6.0524676385897980e-001	 -6.0524647038018298e-001	 -6.0524623867663774e-001	
 -6.0512432714032727e-001	 -6.0512408681290264e-001	 -6.0524589154509201e-001	 -6.0528505942658573e-001	 -6.0527475820426613e-001	 -6.0517735038323472e-001	 -6.0510298721561107e-001	 -6.0509728660329554e-001	 -6.0509454203838686e-001	 -6.0509402589514760e-001	 -6.0509364129124332e-001	 -6.0509351778448295e-001	 -6.0509321211588141e-001	
 -6.0507139837495671e-001	 -6.0507111188923268e-001	 -6.0519438351902544e-001	 -6.0523477994733899e-001	 -6.0522423303865924e-001	 -6.0512525498512826e-001	 -6.0504316124432300e-001	 -6.0503614237394920e-001	 -6.0503448932747173e-001	 -6.0503316424054265e-001	 -6.0503257375021935e-001	 -6.0503216503682289e-001	 -6.0503193368022234e-001	
 -6.0502786277749632e-001	 -6.0502758174207916e-001	 -6.0515236754843382e-001	 -6.0519379709844667e-001	 -6.0518305456069843e-001	 -6.0508260070291087e-001	 -6.0500170937960451e-001	 -6.0499566315019848e-001	 -6.0499233745481273e-001	 -6.0499179592088392e-001	 -6.0499140605707602e-001	 -6.0499131574243137e-001	 -6.0499091684695916e-001	
 -6.0498675672260305e-001	 -6.0498645022422082e-001	 -6.0511058850776234e-001	 -6.0515299883689977e-001	 -6.0514208452355778e-001	 -6.0504075529477230e-001	 -6.0496060310077926e-001	 -6.0495524718773286e-001	 -6.0495457715514789e-001	 -6.0495366019552854e-001	 -6.0495325157716717e-001	 -6.0495293482332180e-001	 -6.0495291243845006e-001	
 -6.0494703349611711e-001	 -6.0494673185806924e-001	 -6.0506916675751032e-001	 -6.0511245301797523e-001	 -6.0510138293867755e-001	 -6.0499949991277280e-001	 -6.0492110617760275e-001	 -6.0491632186299160e-001	 -6.0491504408943797e-001	 -6.0491423137654099e-001	 -6.0491387745709169e-001	 -6.0491368840920323e-001	 -6.0491346993452044e-001	
 -6.0490759024556251e-001	 -6.0490729473394733e-001	 -6.0502799648820549e-001	 -6.0507208822124792e-001	 -6.0506087868805736e-001	 -6.0495868908649886e-001	 -6.0488296038130329e-001	 -6.0487779463580527e-001	 -6.0487562203792589e-001	 -6.0487483559334976e-001	 -6.0487440233802925e-001	 -6.0487416329024768e-001	 -6.0487388979946211e-001	
 -6.0480554495501160e-001	 -6.0480523236294825e-001	 -6.0492163904379836e-001	 -6.0496741002946663e-001	 -6.0495591626286149e-001	 -6.0485376122254575e-001	 -6.0478108373762662e-001	 -6.0477584072626822e-001	 -6.0477400203029497e-001	 -6.0477328321761892e-001	 -6.0477289626481578e-001	 -6.0477270026026986e-001	 -6.0477250784096714e-001	
 -6.0471032651343570e-001	 -6.0471000607265069e-001	 -6.0481967838776907e-001	 -6.0486658956482309e-001	 -6.0485490705008971e-001	 -6.0475415319838355e-001	 -6.0468653115386406e-001	 -6.0468220869858147e-001	 -6.0468073696051672e-001	 -6.0468025012438975e-001	 -6.0467996269819579e-001	 -6.0467986008883035e-001	 -6.0467972806854675e-001	
 -6.0467886617499023e-001	 -6.0467852964862789e-001	 -6.0478792177220964e-001	 -6.0483538949773763e-001	 -6.0482361242608640e-001	 -6.0472252236620783e-001	 -6.0465327604897201e-001	 -6.0464830326467656e-001	 -6.0464699570905722e-001	 -6.0464607843013773e-001	 -6.0464564992934733e-001	 -6.0464536873483521e-001	 -6.0464517624092551e-001	
 -6.0464686715344662e-001	 -6.0464653362468646e-001	 -6.0475597554643379e-001	 -6.0480401433571362e-001	 -6.0479214246700330e-001	 -6.0469061159029724e-001	 -6.0462221250756620e-001	 -6.0461691345004009e-001	 -6.0461470592620969e-001	 -6.0461392151112126e-001	 -6.0461349575502421e-001	 -6.0461328147698445e-001	 -6.0461299279823688e-001	
 -6.0461533537581325e-001	 -6.0461499559461007e-001	 -6.0472407081491042e-001	 -6.0477267567804471e-001	 -6.0476071487869376e-001	 -6.0465885693117283e-001	 -6.0459093120890373e-001	 -6.0458564728183006e-001	 -6.0458375038752177e-001	 -6.0458298032484148e-001	 -6.0458257224516032e-001	 -6.0458234788329790e-001	 -6.0458212298375447e-001	
 -6.0453391399140077e-001	 -6.0453355773126827e-001	 -6.0464033690388330e-001	 -6.0469024041820418e-001	 -6.0467807599595691e-001	 -6.0457586404794039e-001	 -6.0450891334518086e-001	 -6.0450428389391409e-001	 -6.0450293203861971e-001	 -6.0450225302444149e-001	 -6.0450191232463979e-001	 -6.0450173477677449e-001	 -6.0450158181579727e-001	
 -6.0445771761796774e-001	 -6.0445736597414257e-001	 -6.0455945877246897e-001	 -6.0461016141910573e-001	 -6.0459788535016656e-001	 -6.0449679068785844e-001	 -6.0443430625056749e-001	 -6.0443020984490836e-001	 -6.0442873501165284e-001	 -6.0442823483319863e-001	 -6.0442794502613140e-001	 -6.0442783029190927e-001	 -6.0442768058355245e-001	
 -6.0437717082928444e-001	 -6.0437679077141038e-001	 -6.0447757176351757e-001	 -6.0452954518652735e-001	 -6.0451706681252659e-001	 -6.0441503288533038e-001	 -6.0435059094576804e-001	 -6.0434688779220647e-001	 -6.0434623641858476e-001	 -6.0434543819642972e-001	 -6.0434510665419161e-001	 -6.0434486885718730e-001	 -6.0434476081461241e-001	
 -6.0430259384403051e-001	 -6.0430224391283538e-001	 -6.0439885762375578e-001	 -6.0445131754782722e-001	 -6.0443880038885123e-001	 -6.0433860796893502e-001	 -6.0428184275818086e-001	 -6.0427710644150867e-001	 -6.0427473535229481e-001	 -6.0427420589082015e-001	 -6.0427384325589806e-001	 -6.0427371788995821e-001	 -6.0427344240987502e-001	
 -6.0424245042622893e-001	 -6.0424205878972792e-001	 -6.0433846918916956e-001	 -6.0439191192684927e-001	 -6.0437924582179559e-001	 -6.0427804814755515e-001	 -6.0421663749332666e-001	 -6.0421239533181570e-001	 -6.0421164914636893e-001	 -6.0421081604522531e-001	 -6.0421046796910183e-001	 -6.0421020953904669e-001	 -6.0421009955058391e-001	
 -6.0418528528649595e-001	 -6.0418492325409190e-001	 -6.0427941387053430e-001	 -6.0433337695009470e-001	 -6.0432065554349990e-001	 -6.0422014878247499e-001	 -6.0416437618127095e-001	 -6.0415940071112395e-001	 -6.0415692579596225e-001	 -6.0415628305121594e-001	 -6.0415587713724683e-001	 -6.0415570826788390e-001	 -6.0415538956315462e-001	
 -6.0412715950186602e-001	 -6.0412676349064220e-001	 -6.0422006913385395e-001	 -6.0427483758307421e-001	 -6.0426200361274329e-001	 -6.0416110717220750e-001	 -6.0410282224432343e-001	 -6.0409852882914450e-001	 -6.0409752777079717e-001	 -6.0409682462492231e-001	 -6.0409650426407335e-001	 -6.0409629656532626e-001	 -6.0409618794687869e-001	
 -6.0404584479589740e-001	 -6.0404546481729327e-001	 -6.0413586214014270e-001	 -6.0419124095445476e-001	 -6.0417834438786233e-001	 -6.0407843817911200e-001	 -6.0402399467862633e-001	 -6.0401963542189296e-001	 -6.0401777708241067e-001	 -6.0401718622082878e-001	 -6.0401683860833444e-001	 -6.0401668749254789e-001	 -6.0401645094099177e-001	
 -6.0396428241260569e-001	 -6.0396387604810808e-001	 -6.0405206008684598e-001	 -6.0410829231793972e-001	 -6.0409528076987851e-001	 -6.0399522208165468e-001	 -6.0394020381915325e-001	 -6.0393655475299290e-001	 -6.0393559951565923e-001	 -6.0393499952604568e-001	 -6.0393471739872417e-001	 -6.0393455038409982e-001	 -6.0393444635653548e-001	
 -6.0388448300596753e-001	 -6.0388408214917533e-001	 -6.0396976102838895e-001	 -6.0402653218438740e-001	 -6.0401346472160888e-001	 -6.0391417839589234e-001	 -6.0386196225503674e-001	 -6.0385817163088884e-001	 -6.0385674112051202e-001	 -6.0385616149627452e-001	 -6.0385584644484513e-001	 -6.0385569273702089e-001	 -6.0385551272723603e-001	
 -6.0370134941800657e-001	 -6.0370100875906108e-001	 -6.0378011709016910e-001	 -6.0383597247071208e-001	 -6.0382310457307575e-001	 -6.0373051149364976e-001	 -6.0368666104937407e-001	 -6.0368000247590370e-001	 -6.0367737300237589e-001	 -6.0367628296520426e-001	 -6.0367572194097718e-001	 -6.0367535422567453e-001	 -6.0367494122570697e-001	
 -6.0365764298064839e-001	 -6.0365724229971551e-001	 -6.0373718363471163e-001	 -6.0379389098175196e-001	 -6.0378090826873621e-001	 -6.0368595415771775e-001	 -6.0363468433310974e-001	 -6.0362997129392859e-001	 -6.0362898583321556e-001	 -6.0362808479730301e-001	 -6.0362770052357906e-001	 -6.0362741304254008e-001	 -6.0362724499840592e-001	
 -6.0361211505599588e-001	 -6.0361170551992416e-001	 -6.0369323253950391e-001	 -6.0375092687059428e-001	 -6.0373781061406895e-001	 -6.0364068011764527e-001	 -6.0358987507769246e-001	 -6.0358497614831919e-001	 -6.0358276470939831e-001	 -6.0358190931253386e-001	 -6.0358144141225978e-001	 -6.0358118418690765e-001	 -6.0358084916867227e-001	
 -6.0356810747430600e-001	 -6.0356768706248953e-001	 -6.0364938078827368e-001	 -6.0370792571806664e-001	 -6.0369469747556526e-001	 -6.0359642664187252e-001	 -6.0354705144660681e-001	 -6.0354186341260441e-001	 -6.0353964573389707e-001	 -6.0353897206455454e-001	 -6.0353857986839010e-001	 -6.0353839316884539e-001	 -6.0353814977731624e-001	
 -6.0350249801477407e-001	 -6.0350205120951461e-001	 -6.0358221750667074e-001	 -6.0364174229166068e-001	 -6.0362837407246239e-001	 -6.0352940639063490e-001	 -6.0347907248647914e-001	 -6.0347528313609011e-001	 -6.0347436925289877e-001	 -6.0347392747073236e-001	 -6.0347370634239450e-001	 -6.0347360405421657e-001	 -6.0347354395140496e-001	
 -6.0343919455341233e-001	 -6.0343875689605753e-001	 -6.0351662734070555e-001	 -6.0357659362120231e-001	 -6.0356315989729126e-001	 -6.0346464040506032e-001	 -6.0341582215983625e-001	 -6.0341294875532192e-001	 -6.0341210827352665e-001	 -6.0341168693722746e-001	 -6.0341146884235197e-001	 -6.0341136944019880e-001	 -6.0341127806917694e-001	
 -6.0337568804713637e-001	 -6.0337525192522001e-001	 -6.0345159788732783e-001	 -6.0351190459517756e-001	 -6.0349842047202618e-001	 -6.0340014084925286e-001	 -6.0335218112561595e-001	 -6.0334944861317741e-001	 -6.0334865150823980e-001	 -6.0334810277018480e-001	 -6.0334784163340593e-001	 -6.0334768272607420e-001	 -6.0334756723823268e-001	
 -6.0324645998011128e-001	 -6.0324600982719634e-001	 -6.0331728210771818e-001	 -6.0337743163207946e-001	 -6.0336401227267800e-001	 -6.0326823064127399e-001	 -6.0322360016007437e-001	 -6.0322099931819917e-001	 -6.0321996503753805e-001	 -6.0321988095890511e-001	 -6.0321978997412984e-001	 -6.0321985997835448e-001	 -6.0321987982758785e-001	
 -6.0313929190358717e-001	 -6.0313883908647004e-001	 -6.0320882106834617e-001	 -6.0326923026232659e-001	 -6.0325576190145558e-001	 -6.0315885004058600e-001	 -6.0311427160764097e-001	 -6.0311282208569406e-001	 -6.0311279433977738e-001	 -6.0311234999677055e-001	 -6.0311217482433843e-001	 -6.0311203449570083e-001	 -6.0311200538687437e-001	
 -6.0303528157679143e-001	 -6.0303485929169565e-001	 -6.0310312353950568e-001	 -6.0316304792229491e-001	 -6.0314968360886123e-001	 -6.0305513726977011e-001	 -6.0301514790439548e-001	 -6.0301192255707292e-001	 -6.0301037610832608e-001	 -6.0300982447425433e-001	 -6.0300950540037590e-001	 -6.0300936786950032e-001	 -6.0300916951938621e-001	
 -6.0292850755905292e-001	 -6.0292807493689260e-001	 -6.0299628335191979e-001	 -6.0305651394132465e-001	 -6.0304310197945021e-001	 -6.0294787214809631e-001	 -6.0290699620801913e-001	 -6.0290374841953653e-001	 -6.0290286577036056e-001	 -6.0290218199754442e-001	 -6.0290187042788546e-001	 -6.0290164501930477e-001	 -6.0290149295028073e-001	
 -6.0291354294383925e-001	 -6.0291315338967255e-001	 -6.0297958597343992e-001	 -6.0303947220596843e-001	 -6.0302610062257234e-001	 -6.0293224687613112e-001	 -6.0289687601711162e-001	 -6.0289391799095426e-001	 -6.0289199867868959e-001	 -6.0289176488026452e-001	 -6.0289157385995384e-001	 -6.0289158310233848e-001	 -6.0289141716307615e-001	
 -6.0289807556390684e-001	 -6.0289766177179516e-001	 -6.0296290324635127e-001	 -6.0302251970612009e-001	 -6.0300919938272024e-001	 -6.0291654363109348e-001	 -6.0287829309579877e-001	 -6.0287549678106345e-001	 -6.0287577097994927e-001	 -6.0287516335466584e-001	 -6.0287492073962667e-001	 -6.0287464789876566e-001	 -6.0287462943786618e-001	
 -6.0288092256843839e-001	 -6.0288051566881329e-001	 -6.0294579195752096e-001	 -6.0300530725032608e-001	 -6.0299199405500215e-001	 -6.0289956071168938e-001	 -6.0285954952199461e-001	 -6.0285651115188355e-001	 -6.0285563311957002e-001	 -6.0285499800982745e-001	 -6.0285471599463847e-001	 -6.0285455389275100e-001	 -6.0285437787432894e-001	
 -6.0285251829683695e-001	 -6.0285211759880664e-001	 -6.0291838503945261e-001	 -6.0297794232655466e-001	 -6.0296462194076028e-001	 -6.0287208614329124e-001	 -6.0283370711389228e-001	 -6.0282922343213308e-001	 -6.0282674940070891e-001	 -6.0282595291094587e-001	 -6.0282548554546622e-001	 -6.0282523939481081e-001	 -6.0282489694107877e-001	
 -6.0282421684809684e-001	 -6.0282380189191631e-001	 -6.0289074807784448e-001	 -6.0295045327407593e-001	 -6.0293711482128920e-001	 -6.0284434496282735e-001	 -6.0280548736912909e-001	 -6.0280049233429889e-001	 -6.0279837237109390e-001	 -6.0279766955473324e-001	 -6.0279727612611023e-001	 -6.0279707199806243e-001	 -6.0279683904873593e-001	
 -6.0279652017147800e-001	 -6.0279609601487927e-001	 -6.0286317643387655e-001	 -6.0292301213238364e-001	 -6.0290965672105123e-001	 -6.0281672432149769e-001	 -6.0277663201258047e-001	 -6.0277234016758996e-001	 -6.0277093597860265e-001	 -6.0277036297740061e-001	 -6.0277006291276081e-001	 -6.0276990271523889e-001	 -6.0276974247497339e-001	
 -6.0272173603759249e-001	 -6.0272129302962885e-001	 -6.0278717617867628e-001	 -6.0284715853264892e-001	 -6.0283377211545197e-001	 -6.0274095915968662e-001	 -6.0269857156680651e-001	 -6.0269651651345679e-001	 -6.0269614924834958e-001	 -6.0269587261341240e-001	 -6.0269574339988363e-001	 -6.0269569776449927e-001	 -6.0269568665194395e-001	
 -6.0265273544291009e-001	 -6.0265230357148258e-001	 -6.0271489694652125e-001	 -6.0277411773790313e-001	 -6.0276083903909594e-001	 -6.0267043063833015e-001	 -6.0263067907695422e-001	 -6.0262919442022334e-001	 -6.0262864641169589e-001	 -6.0262862763749148e-001	 -6.0262858772786032e-001	 -6.0262865494620232e-001	 -6.0262869701610544e-001	
 -6.0259572077570045e-001	 -6.0259527823725012e-001	 -6.0265851619745181e-001	 -6.0271777832265894e-001	 -6.0270447941845884e-001	 -6.0261271266304206e-001	 -6.0257079585246398e-001	 -6.0257009266828643e-001	 -6.0257044301537110e-001	 -6.0256989070439637e-001	 -6.0256968281202639e-001	 -6.0256946420944590e-001	 -6.0256939528413600e-001	
 -6.0254299320405824e-001	 -6.0254262179915141e-001	 -6.0260453534322078e-001	 -6.0266289599375522e-001	 -6.0264974461632370e-001	 -6.0256086151966315e-001	 -6.0252844698793773e-001	 -6.0252371577551589e-001	 -6.0252088130074988e-001	 -6.0252024712204033e-001	 -6.0251982511205782e-001	 -6.0251968709357229e-001	 -6.0251935807964507e-001	
 -6.0248768677673148e-001	 -6.0248725669298508e-001	 -6.0254925085012623e-001	 -6.0260766883613037e-001	 -6.0259450332000863e-001	 -6.0250458071131607e-001	 -6.0246600984270593e-001	 -6.0246309111333662e-001	 -6.0246296692822998e-001	 -6.0246249124329410e-001	 -6.0246231804417238e-001	 -6.0246214939785325e-001	 -6.0246213959158634e-001	
 -6.0243430509099305e-001	 -6.0243393003578394e-001	 -6.0249446891169622e-001	 -6.0255204502857040e-001	 -6.0253901222473427e-001	 -6.0245145448356574e-001	 -6.0241818320716511e-001	 -6.0241416360118372e-001	 -6.0241214225287276e-001	 -6.0241165056118540e-001	 -6.0241132852179025e-001	 -6.0241122746096387e-001	 -6.0241098665614334e-001	
 -6.0237863327639030e-001	 -6.0237821440889405e-001	 -6.0243870492715512e-001	 -6.0249621622765481e-001	 -6.0248318417066571e-001	 -6.0239469091571962e-001	 -6.0235677785169806e-001	 -6.0235468396474534e-001	 -6.0235459904567357e-001	 -6.0235414012299593e-001	 -6.0235396259988860e-001	 -6.0235379836603986e-001	 -6.0235376628958726e-001	
 -6.0232629290335460e-001	 -6.0232592260067719e-001	 -6.0238506117715751e-001	 -6.0244172893875181e-001	 -6.0242882805872089e-001	 -6.0234255712743323e-001	 -6.0231003369959346e-001	 -6.0230640617076059e-001	 -6.0230449700982014e-001	 -6.0230400730643119e-001	 -6.0230369594516109e-001	 -6.0230359186552729e-001	 -6.0230336884192770e-001	
 -6.0226508400240686e-001	 -6.0226467247814774e-001	 -6.0232357529776959e-001	 -6.0238006358692697e-001	 -6.0236717478967527e-001	 -6.0228002050544127e-001	 -6.0224363916250301e-001	 -6.0224169620159973e-001	 -6.0224163835620459e-001	 -6.0224122460839080e-001	 -6.0224106795669918e-001	 -6.0224092218319480e-001	 -6.0224090296756572e-001	
 -6.0220754609896510e-001	 -6.0220718001480211e-001	 -6.0226457341416850e-001	 -6.0232004528548710e-001	 -6.0230731640686930e-001	 -6.0222276161980837e-001	 -6.0219122660898350e-001	 -6.0218786764854038e-001	 -6.0218617287088883e-001	 -6.0218574408532621e-001	 -6.0218546944823537e-001	 -6.0218538601974902e-001	 -6.0218519891741540e-001	
 -6.0214683695547500e-001	 -6.0214643798206513e-001	 -6.0220425184109860e-001	 -6.0225957114756756e-001	 -6.0224684593557232e-001	 -6.0216097407561620e-001	 -6.0212561129369124e-001	 -6.0212386046964994e-001	 -6.0212381618007793e-001	 -6.0212331469788882e-001	 -6.0212311626262061e-001	 -6.0212292467298756e-001	 -6.0212286010630223e-001	
 -6.0209140285627516e-001	 -6.0209105668385110e-001	 -6.0214704262373520e-001	 -6.0220116963127790e-001	 -6.0218863892813612e-001	 -6.0210628386925258e-001	 -6.0207733354733506e-001	 -6.0207315128801842e-001	 -6.0207091293329462e-001	 -6.0207048924243445e-001	 -6.0207019158908803e-001	 -6.0207013383206665e-001	 -6.0206992259748127e-001	
 -6.0204258446627801e-001	 -6.0204218849568836e-001	 -6.0209897350016472e-001	 -6.0215308102173903e-001	 -6.0214053584695115e-001	 -6.0205648327871231e-001	 -6.0202103928308492e-001	 -6.0201932222769816e-001	 -6.0201958088446084e-001	 -6.0201909969592737e-001	 -6.0201892650557642e-001	 -6.0201872508103271e-001	 -6.0201868626141852e-001	
 -6.0199761975321398e-001	 -6.0199729359045051e-001	 -6.0205304565597029e-001	 -6.0210624237766464e-001	 -6.0209383798159877e-001	 -6.0201229092815556e-001	 -6.0198457583893195e-001	 -6.0198016066592697e-001	 -6.0197757732205481e-001	 -6.0197699791209036e-001	 -6.0197661404581826e-001	 -6.0197649976745371e-001	 -6.0197620207835811e-001	
 -6.0195074312019425e-001	 -6.0195035654153628e-001	 -6.0200615494576670e-001	 -6.0205922253553368e-001	 -6.0204682391484798e-001	 -6.0196427602476898e-001	 -6.0193056939816802e-001	 -6.0192838509176561e-001	 -6.0192843338380264e-001	 -6.0192806335324089e-001	 -6.0192793324798100e-001	 -6.0192779150947118e-001	 -6.0192779645840133e-001	
 -6.0190084059552618e-001	 -6.0190051141384426e-001	 -6.0195521869976787e-001	 -6.0200731809445518e-001	 -6.0199506617453213e-001	 -6.0191475690363205e-001	 -6.0188601481125925e-001	 -6.0188256631743542e-001	 -6.0188075953782061e-001	 -6.0188028688001882e-001	 -6.0187998733796100e-001	 -6.0187988969517825e-001	 -6.0187966928459957e-001	
 -6.0184947514108078e-001	 -6.0184910806360126e-001	 -6.0190371055557357e-001	 -6.0195546455055204e-001	 -6.0194324725559856e-001	 -6.0186226377056951e-001	 -6.0183007068115302e-001	 -6.0182819077692074e-001	 -6.0182801735786384e-001	 -6.0182762970284465e-001	 -6.0182747179782226e-001	 -6.0182733174574121e-001	 -6.0182729348623454e-001	
 -6.0180089056227626e-001	 -6.0180056423009276e-001	 -6.0185406462764934e-001	 -6.0190485953359740e-001	 -6.0189278872935237e-001	 -6.0181390089886211e-001	 -6.0178588996362414e-001	 -6.0178271952149309e-001	 -6.0178114457887233e-001	 -6.0178071591465709e-001	 -6.0178045297398786e-001	 -6.0178036436198123e-001	 -6.0178018883083606e-001	
 -6.0173799955254292e-001	 -6.0173763935489344e-001	 -6.0179078845545853e-001	 -6.0184103717242365e-001	 -6.0182902135852423e-001	 -6.0174937435120146e-001	 -6.0171843410039560e-001	 -6.0171703394640286e-001	 -6.0171707492973070e-001	 -6.0171676351894465e-001	 -6.0171664856034646e-001	 -6.0171653660934243e-001	 -6.0171653153473503e-001	
 -6.0167891458995371e-001	 -6.0167859376603072e-001	 -6.0173026347165592e-001	 -6.0177920249637751e-001	 -6.0176739981088190e-001	 -6.0169069066495773e-001	 -6.0166354584800796e-001	 -6.0166093248259500e-001	 -6.0165963474312356e-001	 -6.0165932250000331e-001	 -6.0165912124476861e-001	 -6.0165907734677226e-001	 -6.0165895751473908e-001	
 -6.0161575423856029e-001	 -6.0161541550751707e-001	 -6.0166812589679264e-001	 -6.0171664370944900e-001	 -6.0170486641930587e-001	 -6.0162623047799180e-001	 -6.0159629650302637e-001	 -6.0159529619141505e-001	 -6.0159538392590139e-001	 -6.0159484741129088e-001	 -6.0159462684084009e-001	 -6.0159439744567056e-001	 -6.0159428890604882e-001	
 -6.0159689914496273e-001	 -6.0159661437608758e-001	 -6.0164763548931077e-001	 -6.0169546216570780e-001	 -6.0168378096414621e-001	 -6.0160736645076263e-001	 -6.0158493348594355e-001	 -6.0158191330517141e-001	 -6.0157981037245456e-001	 -6.0157951626349515e-001	 -6.0157929887105777e-001	 -6.0157930741333576e-001	 -6.0157915458047828e-001	
 -6.0157631001145351e-001	 -6.0157596379295519e-001	 -6.0162666743035498e-001	 -6.0167414895262450e-001	 -6.0166253680249415e-001	 -6.0158678702815216e-001	 -6.0155692891317170e-001	 -6.0155586797183691e-001	 -6.0155698032648974e-001	 -6.0155667467576279e-001	 -6.0155659556615504e-001	 -6.0155640307257841e-001	 -6.0155644943327147e-001	
 -6.0155449101584324e-001	 -6.0155418634555424e-001	 -6.0160544497256385e-001	 -6.0165261124422997e-001	 -6.0164102993287560e-001	 -6.0156538446176633e-001	 -6.0153733018664113e-001	 -6.0153549366359638e-001	 -6.0153445169697228e-001	 -6.0153392881712175e-001	 -6.0153366194282132e-001	 -6.0153353266523268e-001	 -6.0153333045154245e-001	
 -6.0150689000337820e-001	 -6.0150659128033190e-001	 -6.0155834271125030e-001	 -6.0160490295357860e-001	 -6.0159346318089391e-001	 -6.0151961513577046e-001	 -6.0149779048801477e-001	 -6.0149169689860393e-001	 -6.0148866868647843e-001	 -6.0148784646374409e-001	 -6.0148733828213619e-001	 -6.0148708347484980e-001	 -6.0148673612681058e-001	
 -6.0146228369095667e-001	 -6.0146197381805155e-001	 -6.0151256374540996e-001	 -6.0155839532394229e-001	 -6.0154706906345723e-001	 -6.0147457638493051e-001	 -6.0145057218885523e-001	 -6.0144504330283954e-001	 -6.0144350703628113e-001	 -6.0144322798649785e-001	 -6.0144307131737573e-001	 -6.0144304177212060e-001	 -6.0144299988840189e-001	
 -6.0141668374102952e-001	 -6.0141636451072067e-001	 -6.0146680300798838e-001	 -6.0151208568592907e-001	 -6.0150081331167282e-001	 -6.0142740675295236e-001	 -6.0139824993576951e-001	 -6.0139697336125675e-001	 -6.0139728990571406e-001	 -6.0139705054174097e-001	 -6.0139696351968475e-001	 -6.0139686772897605e-001	 -6.0139685420923517e-001	
 -6.0135572609276711e-001	 -6.0135545419848224e-001	 -6.0140448820922288e-001	 -6.0144828861941058e-001	 -6.0143726830308442e-001	 -6.0136666605681288e-001	 -6.0134117605170623e-001	 -6.0133942663564977e-001	 -6.0133807132456418e-001	 -6.0133773391946033e-001	 -6.0133751346480580e-001	 -6.0133746335444549e-001	 -6.0133732096501191e-001	
 -6.0129240060169398e-001	 -6.0129210743742334e-001	 -6.0134149645429957e-001	 -6.0138455776670430e-001	 -6.0137360693646169e-001	 -6.0130133151381493e-001	 -6.0127458294600977e-001	 -6.0127397343001654e-001	 -6.0127396038611725e-001	 -6.0127355585659625e-001	 -6.0127338874382819e-001	 -6.0127322094105651e-001	 -6.0127315021185623e-001	
 -6.0127067350546071e-001	 -6.0127041121027514e-001	 -6.0131796121798420e-001	 -6.0136019258405504e-001	 -6.0134937459521698e-001	 -6.0127940086307508e-001	 -6.0125727402826623e-001	 -6.0125583954206974e-001	 -6.0125528345023049e-001	 -6.0125500219454509e-001	 -6.0125485883544272e-001	 -6.0125477807626559e-001	 -6.0125469799643394e-001	
 -6.0124553568607908e-001	 -6.0124576140818675e-001	 -6.0129345033177461e-001	 -6.0133530881578690e-001	 -6.0132460109396657e-001	 -6.0125548344713842e-001	 -6.0123102805853534e-001	 -6.0122944008955681e-001	 -6.0122682322238941e-001	 -6.0122552659702677e-001	 -6.0122537683837685e-001	 -6.0122657713268524e-001	 -6.0122677755702902e-001	
 -6.0122058326428363e-001	 -6.0122040501875418e-001	 -6.0126887587086397e-001	 -6.0131042246591715e-001	 -6.0129973893874311e-001	 -6.0123048928795164e-001	 -6.0120566236754325e-001	 -6.0120242163164139e-001	 -6.0120262005980418e-001	 -6.0120246637695995e-001	 -6.0120244522754440e-001	 -6.0120140084285456e-001	 -6.0120130540086691e-001	
 -6.0118393122610136e-001	 -6.0118366475248042e-001	 -6.0123219797802996e-001	 -6.0127319509761801e-001	 -6.0126258390658105e-001	 -6.0119380321022042e-001	 -6.0116953483813074e-001	 -6.0116715992997172e-001	 -6.0116641263951998e-001	 -6.0116604016235975e-001	 -6.0116583928948586e-001	 -6.0116571661417151e-001	 -6.0116560603928892e-001	
 -6.0114853269066515e-001	 -6.0114819574419442e-001	 -6.0119627297428035e-001	 -6.0123658276156622e-001	 -6.0122606335855089e-001	 -6.0115811820682374e-001	 -6.0113459069011110e-001	 -6.0113250996329803e-001	 -6.0113158058172633e-001	 -6.0113133855077550e-001	 -6.0113106873505018e-001	 -6.0113099125425062e-001	 -6.0113079144652470e-001	
 -6.0111332065726497e-001	 -6.0111305447541064e-001	 -6.0116072839055956e-001	 -6.0120037913979907e-001	 -6.0118996442215522e-001	 -6.0112287201752324e-001	 -6.0109952170628311e-001	 -6.0109742513347886e-001	 -6.0109639688077365e-001	 -6.0109599994118135e-001	 -6.0109577840150585e-001	 -6.0109579236433675e-001	 -6.0109566979449358e-001	
 -6.0100849171484949e-001	 -6.0100825854048079e-001	 -6.0105343169081227e-001	 -6.0109049523981994e-001	 -6.0108053894769586e-001	 -6.0101719968630452e-001	 -6.0099578056294067e-001	 -6.0099374279354301e-001	 -6.0099299614513324e-001	 -6.0099266752711156e-001	 -6.0099248830547403e-001	 -6.0099239401378846e-001	 -6.0099229080745609e-001	
 -6.0090639818710656e-001	 -6.0090618104247095e-001	 -6.0095030784046433e-001	 -6.0098512181316899e-001	 -6.0097555360505428e-001	 -6.0091459142674886e-001	 -6.0089388519546372e-001	 -6.0089186067879830e-001	 -6.0089112798833444e-001	 -6.0089079591019168e-001	 -6.0089062210089139e-001	 -6.0089052490852612e-001	 -6.0089042644750901e-001	
 -6.0080414859398079e-001	 -6.0080394472039611e-001	 -6.0084842770524727e-001	 -6.0088165639382574e-001	 -6.0087234536809753e-001	 -6.0081227246577829e-001	 -6.0079151628122940e-001	 -6.0078945814068252e-001	 -6.0078873153679435e-001	 -6.0078839084776181e-001	 -6.0078822218612160e-001	 -6.0078812031894024e-001	 -6.0078802788587904e-001	
 -6.0076911638595742e-001	 -6.0076894715244133e-001	 -6.0080908931803290e-001	 -6.0084055168951878e-001	 -6.0083157547319299e-001	 -6.0077582029216536e-001	 -6.0076029601163761e-001	 -6.0075920723945408e-001	 -6.0075883098731353e-001	 -6.0075867189912646e-001	 -6.0075858779040647e-001	 -6.0075855779195830e-001	 -6.0075851391172552e-001	
 -6.0075517635471698e-001	 -6.0075498286982221e-001	 -6.0079666965429102e-001	 -6.0082794720262012e-001	 -6.0081899525288307e-001	 -6.0076256645091863e-001	 -6.0074127867604243e-001	 -6.0073774490632115e-001	 -6.0073597818677271e-001	 -6.0073513941838463e-001	 -6.0073467207122366e-001	 -6.0073448546837938e-001	 -6.0073420364847863e-001	
 -6.0073803522631142e-001	 -6.0073779937797056e-001	 -6.0078294272480903e-001	 -6.0081445844917258e-001	 -6.0080544705176653e-001	 -6.0074673549026514e-001	 -6.0072042938330572e-001	 -6.0071660601623833e-001	 -6.0071588062249326e-001	 -6.0071543410078476e-001	 -6.0071530692618058e-001	 -6.0071503031688955e-001	 -6.0071499531688666e-001	
 -6.0072229097496432e-001	 -6.0072205013794733e-001	 -6.0076916861995233e-001	 -6.0080087238412183e-001	 -6.0079181273742233e-001	 -6.0073162598817120e-001	 -6.0070694601310759e-001	 -6.0070523928368313e-001	 -6.0070490034092039e-001	 -6.0070475945639412e-001	 -6.0070467134620831e-001	 -6.0070464848571703e-001	 -6.0070459152894440e-001	
 -6.0070924646071777e-001	 -6.0070902776310220e-001	 -6.0075595624409228e-001	 -6.0078763718729444e-001	 -6.0077857300466775e-001	 -6.0071826277074969e-001	 -6.0069725000155838e-001	 -6.0069605835477713e-001	 -6.0069555305053424e-001	 -6.0069531521644848e-001	 -6.0069518401628663e-001	 -6.0069510988869368e-001	 -6.0069503092108345e-001	
 -6.0069491298730959e-001	 -6.0069472216850439e-001	 -6.0074036304191836e-001	 -6.0077182328344136e-001	 -6.0076279339604799e-001	 -6.0070321969374341e-001	 -6.0068423909509505e-001	 -6.0068249487399417e-001	 -6.0068181564953971e-001	 -6.0068148588499071e-001	 -6.0068132671275976e-001	 -6.0068122427914261e-001	 -6.0068113781319710e-001	
 -6.0068082391351307e-001	 -6.0068061993567845e-001	 -6.0072508283393056e-001	 -6.0075627522215846e-001	 -6.0074726113834576e-001	 -6.0068832635851166e-001	 -6.0066874772946033e-001	 -6.0066627125565653e-001	 -6.0066644312861683e-001	 -6.0066628716493042e-001	 -6.0066626035915061e-001	 -6.0066594690089126e-001	 -6.0066596702834651e-001	
 -6.0066645313661127e-001	 -6.0066623411103581e-001	 -6.0071003254502653e-001	 -6.0074088743244936e-001	 -6.0073190518605823e-001	 -6.0067359413051857e-001	 -6.0065412984200428e-001	 -6.0065224968597342e-001	 -6.0065199786407675e-001	 -6.0065185319424508e-001	 -6.0065169525991280e-001	 -6.0065161866096339e-001	 -6.0065153045107955e-001	
 -6.0065193784297755e-001	 -6.0065172864298688e-001	 -6.0069514994931517e-001	 -6.0072563740620755e-001	 -6.0071671666028781e-001	 -6.0065915051910057e-001	 -6.0064028978756845e-001	 -6.0063864962889291e-001	 -6.0063789726128025e-001	 -6.0063761186446296e-001	 -6.0063741948590543e-001	 -6.0063736733395601e-001	 -6.0063725131365153e-001	
 -6.0058548890873364e-001	 -6.0058531004592020e-001	 -6.0062731817311921e-001	 -6.0065617883930944e-001	 -6.0064760059574951e-001	 -6.0059272472845482e-001	 -6.0057445289574130e-001	 -6.0057267670321490e-001	 -6.0057201441710006e-001	 -6.0057172545557869e-001	 -6.0057156960269253e-001	 -6.0057148649783620e-001	 -6.0057139742952792e-001	
 -6.0056653320950115e-001	 -6.0056638105909776e-001	 -6.0060515573046036e-001	 -6.0063281359545861e-001	 -6.0062449530795536e-001	 -6.0057276550395944e-001	 -6.0055797857883064e-001	 -6.0055684050597247e-001	 -6.0055646013579267e-001	 -6.0055629518085407e-001	 -6.0055620531662690e-001	 -6.0055616228993358e-001	 -6.0055611405862575e-001	
 -6.0055902036282305e-001	 -6.0055886347010201e-001	 -6.0059808986767660e-001	 -6.0062555442774723e-001	 -6.0061727504812090e-001	 -6.0056552069764901e-001	 -6.0054829635003415e-001	 -6.0054598579095675e-001	 -6.0054494007277803e-001	 -6.0054443640245037e-001	 -6.0054415936372507e-001	 -6.0054401917042366e-001	 -6.0054385182350956e-001	
 -6.0055061299968404e-001	 -6.0055035181350025e-001	 -6.0059050450556040e-001	 -6.0061807214639718e-001	 -6.0060976861642246e-001	 -6.0055701036687559e-001	 -6.0053673240278993e-001	 -6.0053323691455773e-001	 -6.0053403125159832e-001	 -6.0053393307968328e-001	 -6.0053435658602439e-001	 -6.0053283439298610e-001	 -6.0053313467545166e-001	
 -6.0054229751294042e-001	 -6.0054200066184116e-001	 -6.0058302676868625e-001	 -6.0061053967763733e-001	 -6.0060222213143000e-001	 -6.0054872286063876e-001	 -6.0052822642087111e-001	 -6.0052599474247348e-001	 -6.0052613460059856e-001	 -6.0052614856376252e-001	 -6.0052596659565527e-001	 -6.0052590653592031e-001	 -6.0052578788605260e-001	
 -6.0052604937210763e-001	 -6.0052580699487823e-001	 -6.0056751986248269e-001	 -6.0059482871366310e-001	 -6.0058654614925100e-001	 -6.0053291742945270e-001	 -6.0051398093441399e-001	 -6.0051236045399747e-001	 -6.0051180088227518e-001	 -6.0051154372997573e-001	 -6.0051138907923907e-001	 -6.0051132034433241e-001	 -6.0051123063442624e-001	
 -6.0051096545954419e-001	 -6.0051072901678992e-001	 -6.0055237055356425e-001	 -6.0057936947299773e-001	 -6.0057115581868548e-001	 -6.0051784655135165e-001	 -6.0050016699597641e-001	 -6.0049866770817140e-001	 -6.0049789337246473e-001	 -6.0049769462044988e-001	 -6.0049747651302887e-001	 -6.0049741949697033e-001	 -6.0049725288835454e-001	
 -6.0049634049952338e-001	 -6.0049615089141639e-001	 -6.0053744580890189e-001	 -6.0056410470388233e-001	 -6.0055597285169071e-001	 -6.0050334868833044e-001	 -6.0048612121421652e-001	 -6.0048454120831263e-001	 -6.0048365742626508e-001	 -6.0048333752193983e-001	 -6.0048312619576105e-001	 -6.0048314671135028e-001	 -6.0048301119208780e-001	
 -6.0044288604166329e-001	 -6.0044273418191629e-001	 -6.0048270417023542e-001	 -6.0050812400658238e-001	 -6.0050026643199139e-001	 -6.0044964527916633e-001	 -6.0043276368493270e-001	 -6.0043111107543901e-001	 -6.0043050308433710e-001	 -6.0043023633382653e-001	 -6.0043009412014126e-001	 -6.0043001766119097e-001	 -6.0042993639963793e-001	
 -6.0039557303326330e-001	 -6.0039542864986917e-001	 -6.0043258816211420e-001	 -6.0045625646798495e-001	 -6.0044879044574007e-001	 -6.0040159383811798e-001	 -6.0038665497752497e-001	 -6.0038527375427808e-001	 -6.0038476339396851e-001	 -6.0038454941713226e-001	 -6.0038442009280324e-001	 -6.0038435924880673e-001	 -6.0038428308828440e-001	
 -6.0037913805388587e-001	 -6.0037898942244539e-001	 -6.0041812051658816e-001	 -6.0044172243012284e-001	 -6.0043425988431931e-001	 -6.0038592877020847e-001	 -6.0036747412028912e-001	 -6.0036515957739844e-001	 -6.0036418439168848e-001	 -6.0036374335015186e-001	 -6.0036351492842588e-001	 -6.0036340372549013e-001	 -6.0036326942303209e-001	
 -6.0036432466858969e-001	 -6.0036417316122748e-001	 -6.0040388597693006e-001	 -6.0042737366761134e-001	 -6.0041993015957917e-001	 -6.0037115161737376e-001	 -6.0035329949881255e-001	 -6.0035161986715657e-001	 -6.0035121097035127e-001	 -6.0035100156896615e-001	 -6.0035091074439606e-001	 -6.0035083045484328e-001	 -6.0035079249376455e-001	
 -6.0035079662612567e-001	 -6.0035067900188199e-001	 -6.0039028799263594e-001	 -6.0041332505622602e-001	 -6.0040596817301228e-001	 -6.0035771323063702e-001	 -6.0034181633883410e-001	 -6.0034084839644120e-001	 -6.0033942124282369e-001	 -6.0033912928503241e-001	 -6.0033863558250911e-001	 -6.0033920032909194e-001	 -6.0033885040633450e-001	
 -6.0032424386091687e-001	 -6.0032412465771401e-001	 -6.0036278980035718e-001	 -6.0038525197669834e-001	 -6.0037802081736036e-001	 -6.0033076553811515e-001	 -6.0031503686475141e-001	 -6.0031349683331570e-001	 -6.0031285795958400e-001	 -6.0031260331960823e-001	 -6.0031246291458729e-001	 -6.0031239736590969e-001	 -6.0031231630952586e-001	
 -6.0029857762378125e-001	 -6.0029839069408730e-001	 -6.0033607511877918e-001	 -6.0035795313251317e-001	 -6.0035085124288123e-001	 -6.0030461953353154e-001	 -6.0028941560330562e-001	 -6.0028804513434508e-001	 -6.0028748672702470e-001	 -6.0028735832906577e-001	 -6.0028718747673349e-001	 -6.0028712697290931e-001	 -6.0028699065872715e-001	
 -6.0027273144469540e-001	 -6.0027258706274456e-001	 -6.0030976409730652e-001	 -6.0033107343449021e-001	 -6.0032410023491689e-001	 -6.0027874819401639e-001	 -6.0026354971132179e-001	 -6.0026205694108103e-001	 -6.0026150792613642e-001	 -6.0026126271195412e-001	 -6.0026113358069288e-001	 -6.0026106262078827e-001	 -6.0026098963095187e-001	
 -6.0022209388299608e-001	 -6.0022197038267500e-001	 -6.0025737160263049e-001	 -6.0027730524403466e-001	 -6.0027065990453377e-001	 -6.0022771464174340e-001	 -6.0021360990014649e-001	 -6.0021227433537661e-001	 -6.0021180297264998e-001	 -6.0021159708056881e-001	 -6.0021147904931738e-001	 -6.0021141667221389e-001	 -6.0021134959165057e-001	
 -6.0017085302599416e-001	 -6.0017075178142587e-001	 -6.0020587268128089e-001	 -6.0022475453580526e-001	 -6.0021835664614276e-001	 -6.0017657667676971e-001	 -6.0016223482273201e-001	 -6.0016081394353993e-001	 -6.0016028232856566e-001	 -6.0016004390950339e-001	 -6.0015992554462994e-001	 -6.0015985930350624e-001	 -6.0015979300420685e-001	
 -6.0013535871572543e-001	 -6.0013524815394348e-001	 -6.0016751617286701e-001	 -6.0018497277070093e-001	 -6.0017893039787662e-001	 -6.0014025089571987e-001	 -6.0012823664401527e-001	 -6.0012718052915304e-001	 -6.0012681476606655e-001	 -6.0012666550557370e-001	 -6.0012656335728387e-001	 -6.0012651699881125e-001	 -6.0012645756035710e-001	
 -6.0012930696518030e-001	 -6.0012919636587281e-001	 -6.0016249592342863e-001	 -6.0017991025185236e-001	 -6.0017387279942547e-001	 -6.0013470054698370e-001	 -6.0011994135233948e-001	 -6.0011770464540870e-001	 -6.0011658315128891e-001	 -6.0011606009480190e-001	 -6.0011576012275469e-001	 -6.0011563244233290e-001	 -6.0011544599991584e-001	
 -6.0012268466114183e-001	 -6.0012243803153620e-001	 -6.0015691174386543e-001	 -6.0017464878281412e-001	 -6.0016853249988955e-001	 -6.0012763014916093e-001	 -6.0010897501294735e-001	 -6.0010553560974067e-001	 -6.0010684183797736e-001	 -6.0010706226376609e-001	 -6.0010772412733004e-001	 -6.0010604457028105e-001	 -6.0010654025877130e-001	
 -6.0011645500435140e-001	 -6.0011617321387156e-001	 -6.0015160908777343e-001	 -6.0016938012852350e-001	 -6.0016321387712512e-001	 -6.0012117268337661e-001	 -6.0010286500344900e-001	 -6.0010123243148250e-001	 -6.0010200128213231e-001	 -6.0010233848684091e-001	 -6.0010227867079990e-001	 -6.0010233908480703e-001	 -6.0010231474927345e-001	
 -6.0010634317642086e-001	 -6.0010613191230355e-001	 -6.0014201749059026e-001	 -6.0015969888160825e-001	 -6.0015353907938440e-001	 -6.0011151618855063e-001	 -6.0009640134350839e-001	 -6.0009554439299784e-001	 -6.0009525361681693e-001	 -6.0009511737624255e-001	 -6.0009500257796056e-001	 -6.0009497302149217e-001	 -6.0009489835310958e-001	
 -6.0009745347533450e-001	 -6.0009727790943934e-001	 -6.0013281157100806e-001	 -6.0015028961479810e-001	 -6.0014419438647604e-001	 -6.0010277524635836e-001	 -6.0008983572978902e-001	 -6.0008894094010223e-001	 -6.0008816534506959e-001	 -6.0008796614852145e-001	 -6.0008775713427109e-001	 -6.0008773503106294e-001	 -6.0008755993390395e-001	
 -6.0008904500141735e-001	 -6.0008892254681534e-001	 -6.0012383523155854e-001	 -6.0014107601147337e-001	 -6.0013505660228006e-001	 -6.0009457320220339e-001	 -6.0008222183416393e-001	 -6.0008106520526017e-001	 -6.0008019765556142e-001	 -6.0007988791133116e-001	 -6.0007968124697886e-001	 -6.0007972454523273e-001	 -6.0007957877694640e-001	
 -6.0006262917444708e-001	 -6.0006254180944296e-001	 -6.0009601478727692e-001	 -6.0011257587355704e-001	 -6.0010673561683436e-001	 -6.0006801692713552e-001	 -6.0005524290673851e-001	 -6.0005394918860588e-001	 -6.0005345947955480e-001	 -6.0005325072287619e-001	 -6.0005314309596880e-001	 -6.0005308591115636e-001	 -6.0005302435972574e-001	
 -6.0003788570384131e-001	 -6.0003780293249598e-001	 -6.0006970176851304e-001	 -6.0008547215217867e-001	 -6.0007983665033571e-001	 -6.0004288943038553e-001	 -6.0003083331272578e-001	 -6.0002971153327866e-001	 -6.0002932382796637e-001	 -6.0002915171741833e-001	 -6.0002905700951015e-001	 -6.0002900472444498e-001	 -6.0002895149546820e-001	
 -6.0001134631082476e-001	 -6.0001127345221672e-001	 -6.0004323341888988e-001	 -6.0005844390098595e-001	 -6.0005295054799124e-001	 -6.0001661454067712e-001	 -6.0000380277402954e-001	 -6.0000250343439365e-001	 -6.0000199373866359e-001	 -6.0000176859942300e-001	 -6.0000165708551378e-001	 -6.0000159940765130e-001	 -6.0000153505845866e-001	
 -5.9998583945808370e-001	 -5.9998575615149985e-001	 -6.0001586533553475e-001	 -6.0003020568566434e-001	 -6.0002494692967812e-001	 -5.9999039967395529e-001	 -5.9997926002353097e-001	 -5.9997829016245063e-001	 -5.9997801890632196e-001	 -5.9997788983168210e-001	 -5.9997781431930797e-001	 -5.9997776523712520e-001	 -5.9997772714392994e-001	
 -5.9996220364666453e-001	 -5.9996213907631546e-001	 -5.9999343559646867e-001	 -6.0000746259769588e-001	 -6.0000228115886234e-001	 -5.9996755310065542e-001	 -5.9995456938666258e-001	 -5.9995315889638245e-001	 -5.9995253715050545e-001	 -5.9995227004205898e-001	 -5.9995213973951245e-001	 -5.9995208292895619e-001	 -5.9995200427265249e-001	
 -5.9995549301083972e-001	 -5.9995542672108826e-001	 -5.9998562801055755e-001	 -5.9999941105648436e-001	 -5.9999429858570430e-001	 -5.9996029331066403e-001	 -5.9994929779139117e-001	 -5.9994858301692933e-001	 -5.9994849984068566e-001	 -5.9994845332866920e-001	 -5.9994844046606932e-001	 -5.9994841523236531e-001	 -5.9994842039667873e-001	
 -5.9994835700283300e-001	 -5.9994829945508865e-001	 -5.9997791625621133e-001	 -5.9999142708289099e-001	 -5.9998638674463312e-001	 -5.9995311172844623e-001	 -5.9994244445904510e-001	 -5.9994144362507384e-001	 -5.9994090513937337e-001	 -5.9994068665558675e-001	 -5.9994054858591994e-001	 -5.9994050478584526e-001	 -5.9994040970268170e-001	
 -5.9994058160039998e-001	 -5.9994051294975925e-001	 -5.9996991199817717e-001	 -5.9998338688582731e-001	 -5.9997838267233927e-001	 -5.9994539207797182e-001	 -5.9993360523535877e-001	 -5.9993211256115231e-001	 -5.9993203643182724e-001	 -5.9993181909034909e-001	 -5.9993193239826770e-001	 -5.9993151742043782e-001	 -5.9993162615856743e-001	
 -5.9992228900163092e-001	 -5.9992222127125405e-001	 -5.9995158213754785e-001	 -5.9996469299661292e-001	 -5.9995978988036658e-001	 -5.9992705170641702e-001	 -5.9991528908898140e-001	 -5.9991417352134313e-001	 -5.9991389243674309e-001	 -5.9991372727064007e-001	 -5.9991365795142304e-001	 -5.9991359842448411e-001	 -5.9991356667132845e-001	
 -5.9990527903241997e-001	 -5.9990521388841866e-001	 -5.9993396646751407e-001	 -5.9994659297801789e-001	 -5.9994181700573357e-001	 -5.9990987744329427e-001	 -5.9989894608691863e-001	 -5.9989796842319087e-001	 -5.9989762955992010e-001	 -5.9989747936239901e-001	 -5.9989739389043617e-001	 -5.9989734865062427e-001	 -5.9989729991161145e-001	
 -5.9988815460620959e-001	 -5.9988809604327731e-001	 -5.9991656459690290e-001	 -5.9992875913750243e-001	 -5.9992409892550835e-001	 -5.9989282393191345e-001	 -5.9988187166759577e-001	 -5.9988080727413351e-001	 -5.9988038792591070e-001	 -5.9988020865964220e-001	 -5.9988011238965022e-001	 -5.9988006561517704e-001	 -5.9988000882482684e-001	
 -5.9985361967951345e-001	 -5.9985355039249288e-001	 -5.9988038575242708e-001	 -5.9989159736306696e-001	 -5.9988722226544944e-001	 -5.9985775396498298e-001	 -5.9984781400113096e-001	 -5.9984691764380926e-001	 -5.9984663644307989e-001	 -5.9984651201827610e-001	 -5.9984643670285553e-001	 -5.9984639085863822e-001	 -5.9984635056564706e-001	
 -5.9981889384042031e-001	 -5.9981884534232588e-001	 -5.9984515703426222e-001	 -5.9985561054098913e-001	 -5.9985146357355301e-001	 -5.9982334407360227e-001	 -5.9981317276358581e-001	 -5.9981219698079791e-001	 -5.9981179770829396e-001	 -5.9981163032896134e-001	 -5.9981154529886727e-001	 -5.9981150455723498e-001	 -5.9981145572629568e-001	
 -5.9979072157922975e-001	 -5.9979064780724123e-001	 -5.9981427043731550e-001	 -5.9982360234245302e-001	 -5.9981979755496795e-001	 -5.9979416585131951e-001	 -5.9978604339938624e-001	 -5.9978537780702723e-001	 -5.9978515763015050e-001	 -5.9978508321445467e-001	 -5.9978500478852226e-001	 -5.9978497161683464e-001	 -5.9978492252454885e-001	
 -5.9978518558090332e-001	 -5.9978512246328108e-001	 -5.9980998215558579e-001	 -5.9981928367225379e-001	 -5.9981548137788554e-001	 -5.9978936612214984e-001	 -5.9977853733539366e-001	 -5.9977681453515785e-001	 -5.9977582307013666e-001	 -5.9977539660183155e-001	 -5.9977514249154318e-001	 -5.9977506375796796e-001	 -5.9977489989082589e-001	
 -5.9977940262045948e-001	 -5.9977933258936744e-001	 -5.9980543242543760e-001	 -5.9981480516824170e-001	 -5.9981098207917416e-001	 -5.9978398831528335e-001	 -5.9977126217614085e-001	 -5.9976955072615912e-001	 -5.9976928573068911e-001	 -5.9976911300352320e-001	 -5.9976909389469757e-001	 -5.9976898681246560e-001	 -5.9976901278391281e-001	
 -5.9977443405045960e-001	 -5.9977437057212590e-001	 -5.9980103776968718e-001	 -5.9981040452306011e-001	 -5.9980657873637266e-001	 -5.9977922860399158e-001	 -5.9976729700461640e-001	 -5.9976637058634097e-001	 -5.9976617436519053e-001	 -5.9976608545486698e-001	 -5.9976602476830010e-001	 -5.9976600409417102e-001	 -5.9976596442845587e-001	
 -5.9976714492426808e-001	 -5.9976709355924473e-001	 -5.9979355128780831e-001	 -5.9980281064075935e-001	 -5.9979901078732745e-001	 -5.9977184649562254e-001	 -5.9976169641684507e-001	 -5.9976100761183204e-001	 -5.9976064600009149e-001	 -5.9976052322507911e-001	 -5.9976042815146346e-001	 -5.9976040599263314e-001	 -5.9976034025921443e-001	
 -5.9976066451661314e-001	 -5.9976061361410871e-001	 -5.9978639045021875e-001	 -5.9979549270972043e-001	 -5.9979177089586333e-001	 -5.9976523723059838e-001	 -5.9975666003875272e-001	 -5.9975595471795096e-001	 -5.9975531479672384e-001	 -5.9975510078569272e-001	 -5.9975493638264599e-001	 -5.9975491517627599e-001	 -5.9975477147744538e-001	
 -5.9975435645565067e-001	 -5.9975432575232190e-001	 -5.9977941355970898e-001	 -5.9978834983376306e-001	 -5.9978469712262950e-001	 -5.9975891889785249e-001	 -5.9975045667903792e-001	 -5.9974955862607260e-001	 -5.9974891189895629e-001	 -5.9974865513534592e-001	 -5.9974850951882708e-001	 -5.9974852326649675e-001	 -5.9974841891563546e-001	
 -5.9973251048184295e-001	 -5.9973247633227089e-001	 -5.9975600216521929e-001	 -5.9976442109077599e-001	 -5.9976093737990066e-001	 -5.9973658785572592e-001	 -5.9972784469830565e-001	 -5.9972700412325164e-001	 -5.9972670714203424e-001	 -5.9972657913154315e-001	 -5.9972651691408974e-001	 -5.9972647985540029e-001	 -5.9972644669248343e-001	
 -5.9971296680128017e-001	 -5.9971292396554521e-001	 -5.9973464317553127e-001	 -5.9974239969284859e-001	 -5.9973912495525639e-001	 -5.9971646486012276e-001	 -5.9970873544534786e-001	 -5.9970808124243380e-001	 -5.9970785817087258e-001	 -5.9970776807050097e-001	 -5.9970770610906499e-001	 -5.9970767487216303e-001	 -5.9970763839378716e-001	
 -5.9968989222325408e-001	 -5.9968987811320762e-001	 -5.9971231599587060e-001	 -5.9971978063422249e-001	 -5.9971660309554586e-001	 -5.9969430578188376e-001	 -5.9968501958274079e-001	 -5.9968406555732656e-001	 -5.9968363165519012e-001	 -5.9968344313510169e-001	 -5.9968337057292320e-001	 -5.9968333894711012e-001	 -5.9968329994097846e-001	
 -5.9968648658037527e-001	 -5.9968645852148672e-001	 -5.9970663599562268e-001	 -5.9971381971957172e-001	 -5.9971074178666317e-001	 -5.9968960591949561e-001	 -5.9968354443473704e-001	 -5.9968349105832264e-001	 -5.9968376364005760e-001	 -5.9968385111819345e-001	 -5.9968390869602484e-001	 -5.9968390110376468e-001	 -5.9968395174181399e-001	
 -5.9968077370642359e-001	 -5.9968076474359311e-001	 -5.9970071082160459e-001	 -5.9970761005323503e-001	 -5.9970461659841767e-001	 -5.9968439428026432e-001	 -5.9967770419244726e-001	 -5.9967688529638519e-001	 -5.9967608105171433e-001	 -5.9967581075826004e-001	 -5.9967561370588562e-001	 -5.9967560738227732e-001	 -5.9967545622052754e-001	
 -5.9967419338879946e-001	 -5.9967416813910823e-001	 -5.9969441513452182e-001	 -5.9970123576280621e-001	 -5.9969827624428707e-001	 -5.9967777038250070e-001	 -5.9966934055866172e-001	 -5.9966831892999117e-001	 -5.9966818835743840e-001	 -5.9966807608569095e-001	 -5.9966807688927037e-001	 -5.9966800719701840e-001	 -5.9966803672484303e-001	
 -5.9966252358611971e-001	 -5.9966249544185501e-001	 -5.9968289819067877e-001	 -5.9968946237554110e-001	 -5.9968657944586834e-001	 -5.9966611620898558e-001	 -5.9965803306427645e-001	 -5.9965738181122497e-001	 -5.9965720178922766e-001	 -5.9965711173270986e-001	 -5.9965705140085923e-001	 -5.9965702572584156e-001	 -5.9965698902242348e-001	
 -5.9965191361321946e-001	 -5.9965182268961748e-001	 -5.9967187716991610e-001	 -5.9967811388073056e-001	 -5.9967532663895984e-001	 -5.9965497877179086e-001	 -5.9964790160471626e-001	 -5.9964746069063324e-001	 -5.9964715680638214e-001	 -5.9964718860594513e-001	 -5.9964705719806055e-001	 -5.9964706759296771e-001	 -5.9964695008896118e-001	
 -5.9964143473978382e-001	 -5.9964139400503491e-001	 -5.9966104156827793e-001	 -5.9966701592428784e-001	 -5.9966434088321030e-001	 -5.9964504973808452e-001	 -5.9963817620556359e-001	 -5.9963755986891520e-001	 -5.9963701327792052e-001	 -5.9963682757424586e-001	 -5.9963668283824489e-001	 -5.9963673192764411e-001	 -5.9963662573969678e-001	
 -5.9963462883128038e-001	 -5.9963459964018639e-001	 -5.9965384001259281e-001	 -5.9965966961683659e-001	 -5.9965704868703007e-001	 -5.9963811811525325e-001	 -5.9963098448623242e-001	 -5.9963029955678593e-001	 -5.9963005527108315e-001	 -5.9962995318618706e-001	 -5.9962990212680811e-001	 -5.9962987261719114e-001	 -5.9962984576700240e-001	
