  1.0000000000000013e+003	
  1.0000005817821728e+003	
  1.0000011633401232e+003	
  1.0000017446728136e+003	
  1.0000075410541386e+003	
  1.0000133205977860e+003	
  1.0000190854065398e+003	
  1.0000762061559108e+003	
  1.0001330619392796e+003	
  1.0001898035406283e+003	
  1.0007545317724209e+003	
  1.0013168676231099e+003	
  1.0018770069032901e+003	
  1.0049482761878161e+003	
  1.0079952537804734e+003	
  1.0110319246632044e+003	
  1.0168613410491427e+003	
  1.0227231337185831e+003	
  1.0286375108996822e+003	
  1.0346094967290051e+003	
  1.0446896226162160e+003	
  1.0548709301067290e+003	
  1.0650995722873784e+003	
  1.0753290764433873e+003	
  1.0855267316378929e+003	
  1.1004711730323704e+003	
  1.1152676793358016e+003	
  1.1299077558924450e+003	
  1.1444086140260383e+003	
  1.1587693132806637e+003	
  1.1840851233174453e+003	
  1.2047363206134437e+003	
  1.2254276237669301e+003	
  1.2420134420817849e+003	
  1.2585759602223982e+003	
  1.2750740721162299e+003	
  1.2914748592297206e+003	
  1.3145490430330885e+003	
  1.3373684044632696e+003	
  1.3599642558906023e+003	
  1.3823539769265324e+003	
  1.4045281807339431e+003	
  1.4320690154174695e+003	
  1.4594095032994844e+003	
  1.4866282763024990e+003	
  1.5137170625613496e+003	
  1.5406339483574345e+003	
  1.5680051787334994e+003	
  1.5951976313875548e+003	
  1.6222671128762092e+003	
  1.6492723629249244e+003	
  1.6762459554724098e+003	
  1.7031836942591399e+003	
  1.7137603941536095e+003	
  1.7179968461992748e+003	
  1.7176385126470025e+003	
  1.7155340095785261e+003	
  1.7127041630140707e+003	
  1.7094805346089311e+003	
  1.7033820011140576e+003	
  1.6968548689327986e+003	
  1.6901722147529119e+003	
  1.6835066075294023e+003	
  1.6726567008010404e+003	
  1.6623097387931566e+003	
  1.6525023483426803e+003	
  1.6431863660723689e+003	
  1.6343087188096622e+003	
  1.6157640451477121e+003	
  1.5986966266325567e+003	
  1.5827876223242502e+003	
  1.5679280008723811e+003	
  1.5540149189111578e+003	
  1.5355326401564787e+003	
  1.5227337388274191e+003	
  1.5106229108613893e+003	
  1.4991552396432567e+003	
  1.4881661497863631e+003	
  1.4720147779322895e+003	
  1.4565002840637098e+003	
  1.4417533358922562e+003	
  1.4278111084643942e+003	
  1.4223068088067184e+003	
  1.4199417194360137e+003	
  1.4194401769033020e+003	
  1.4196807775400130e+003	
  1.4201571143937751e+003	
  1.4205819095760269e+003	
  1.4208730729216381e+003	
  1.4210453176442247e+003	
  1.4211626257854871e+003	
  1.4211130029102255e+003	
  1.4209648358724712e+003	
  1.4207572535231236e+003	
  1.4184091242728243e+003	
  1.4148171486721365e+003	
  1.4108348732289696e+003	
  1.4068809890393266e+003	
  1.4019382633206635e+003	
  1.3972112038000480e+003	
  1.3926759836314307e+003	
  1.3883104818665049e+003	
  1.3784097287038605e+003	
  1.3686315725645629e+003	
  1.3597078874521385e+003	
  1.3514817272416676e+003	
  1.3360079517323925e+003	
  1.3212713521813594e+003	
  1.3114471417692737e+003	
  1.3017865381990478e+003	
  1.2928348957487508e+003	
  1.2844820246709312e+003	
  1.2702380986221481e+003	
  1.2579375630046522e+003	
  1.2473310554858972e+003	
  1.2372618421482732e+003	
  1.2329706470235990e+003	
  1.2293831906783018e+003	
  1.2242610615551600e+003	
  1.2187283132829659e+003	
  1.2133472099918786e+003	
  1.2073781669333412e+003	
  1.2016998138217725e+003	
  1.1962799228484646e+003	
  1.1910970475308939e+003	
  1.1804161797731642e+003	
  1.1757402690399379e+003	
  1.1720226781263418e+003	
  1.1685949430468356e+003	
  1.1628802252618736e+003	
  1.1618106845025375e+003	
  1.1608397571245976e+003	
  1.1599231852041812e+003	
  1.1591240148141246e+003	
  1.1583472424249396e+003	
  1.1575845312944864e+003	
  1.1574566937174068e+003	
  1.1573316582483990e+003	
  1.1572061352281912e+003	
  1.1569800487038665e+003	
  1.1567464210790965e+003	
  1.1565037299232279e+003	
  1.1560308999485205e+003	
  1.1555308571200255e+003	
  1.1550078226770140e+003	
  1.1540147663238149e+003	
  1.1529791944320893e+003	
  1.1519170710765893e+003	
  1.1508424100986488e+003	
  1.1507686524888536e+003	
  1.1506970097096157e+003	
  1.1506255543069283e+003	
  1.1505541654174112e+003	
  1.1504006095658758e+003	
  1.1502478543605005e+003	
  1.1500960341950333e+003	
  1.1494904600623736e+003	
  1.1488946860637843e+003	
  1.1483070420438819e+003	
  1.1472421898115631e+003	
  1.1461912686024448e+003	
  1.1451525801176292e+003	
  1.1441264299890317e+003	
  1.1428942362533830e+003	
  1.1416782016285085e+003	
  1.1404770746794418e+003	
  1.1392908613813465e+003	
  1.1367389548078227e+003	
  1.1342198274569291e+003	
  1.1317430829244372e+003	
  1.1293311269974602e+003	
  1.1237291741839833e+003	
  1.1182914312871753e+003	
  1.1131232696806692e+003	
  1.1084006343584558e+003	
  1.1040494505834420e+003	
  1.0969520611901710e+003	
  1.0901889145976659e+003	
  1.0842304038113550e+003	
  1.0790030063776433e+003	
  1.0740931929899589e+003	
  1.0682302401913096e+003	
  1.0628557651490241e+003	
  1.0580908928751976e+003	
  1.0536973802384027e+003	
  1.0459526233943720e+003	
  1.0395190901231510e+003	
  1.0343623373208613e+003	
  1.0291796460623559e+003	
  1.0254361217892920e+003	
  1.0212410340009228e+003	
  1.0214718734153536e+003	
  1.0205287874411172e+003	
  1.0196452013787909e+003	
  1.0188598334224919e+003	
  1.0168373389244151e+003	
  1.0147240791112139e+003	
  1.0134465912904152e+003	
  1.0111097686593790e+003	
  1.0108213008365617e+003	
  1.0094411606574860e+003	
  1.0092521076833780e+003	
  1.0090501092865355e+003	
  1.0082570515267219e+003	
  1.0072887787083173e+003	
  1.0066343684500329e+003	
  1.0051546982689129e+003	
  1.0044153681778405e+003	
  1.0025937936572889e+003	
  1.0035299422066045e+003	
  1.0038482659214079e+003	
  1.0038828468693973e+003	
  1.0038035098575224e+003	
  1.0036045321937199e+003	
  1.0033960258619683e+003	
  1.0029604492009191e+003	
  1.0024542393043272e+003	
  1.0022225231656967e+003	
  1.0017769258221741e+003	
  1.0014105982147285e+003	
  1.0010875819812768e+003	
  1.0002591249435139e+003	
  9.9990280353984929e+002	
  9.9889909100771797e+002	
  1.0009346569965663e+003	
  1.0003653472240031e+003	
  9.9986580977585390e+002	
  9.9965762464791180e+002	
  9.9957977496449485e+002	
  9.9948972788606909e+002	
  9.9945820369323496e+002	
  9.9942439980928009e+002	
  9.9938679359769344e+002	
  9.9929213357130186e+002	
  9.9921430753981099e+002	
  9.9919658522459008e+002	
  9.9910423145252093e+002	
  9.9942041432063900e+002	
  9.9812171311586485e+002	
  9.9861316048458036e+002	
  9.9883799824556127e+002	
  9.9893709343350031e+002	
  9.9903922458336331e+002	
  9.9908769301644429e+002	
  9.9911783473346213e+002	
  9.9919138298356643e+002	
  9.9924282803198548e+002	
  9.9926847651507398e+002	
  9.9948146164757213e+002	
  9.9921816687102103e+002	
  1.0010805016423753e+003	
  1.0020239974787021e+003	
  1.0024319216936742e+003	
  1.0027102838814968e+003	
  1.0026369157996943e+003	
  1.0024215359938424e+003	
  1.0021173047427127e+003	
  1.0017344809546888e+003	
  1.0013568947274849e+003	
  1.0010406990215783e+003	
  1.0006196690066025e+003	
  1.0003105340865491e+003	
  1.0001070678351640e+003	
  9.9998699134178344e+002	
  9.9980180546045631e+002	
  9.9971558281622765e+002	
  9.9968789497694831e+002	
  9.9968163239424473e+002	
  9.9960463336646603e+002	
  9.9985724284911612e+002	
  9.9922722135972708e+002	
  1.0007058376496860e+003	
  9.9981264994226729e+002	
  9.9947144497707211e+002	
  9.9955512822856520e+002	
  9.9966125347824789e+002	
  9.9971917426723326e+002	
  9.9973961073143676e+002	
  9.9975094540968610e+002	
  9.9979833345432939e+002	
  9.9983124032148294e+002	
  9.9984907298808412e+002	
  9.9996173531672105e+002	
