0.22626	0.22655	0.22623	0.093564	0.08961	0.10494	0.27472	0.22608	0.24752	0.32736	NaN	NaN	NaN
0.224	0.22413	0.22399	0.20012	0.19612	0.20318	0.28471	0.24519	0.26184	0.32596	NaN	NaN	NaN
0.22142	0.22157	0.22141	0.18561	0.18043	0.18755	0.27556	0.23422	0.25213	0.3203	NaN	NaN	NaN
0.21721	0.21739	0.21718	0.15756	0.15092	0.15867	0.26127	0.21727	0.23706	0.31104	NaN	NaN	NaN
0.2146	0.21479	0.21455	0.13788	0.13039	0.13872	0.25231	0.20727	0.22835	0.30532	NaN	NaN	NaN
0.21462	0.21478	0.21452	0.13819	0.13031	0.13848	0.25126	0.20678	0.22832	0.30531	NaN	NaN	NaN
0.21499	0.21514	0.21489	0.14168	0.13351	0.14148	0.25133	0.20767	0.2296	0.30613	NaN	NaN	NaN
0.21427	0.21442	0.21415	0.13635	0.12774	0.13586	0.24798	0.20466	0.22737	0.30455	NaN	NaN	NaN
0.21561	0.21574	0.21548	0.14751	0.13887	0.14669	0.2509	0.20902	0.23194	0.3075	NaN	NaN	NaN
0.21625	0.21637	0.21611	0.1527	0.14395	0.15176	0.25159	0.21089	0.23429	0.30889	NaN	NaN	NaN
0.21576	0.21586	0.21558	0.14911	0.14004	0.14815	0.24858	0.20856	0.23286	0.30778	NaN	NaN	NaN
0.21436	0.21445	0.21414	0.13822	0.12874	0.13744	0.24265	0.20306	0.22856	0.30469	NaN	NaN	NaN
0.21338	0.21347	0.21314	0.13049	0.12075	0.13007	0.23801	0.19928	0.22588	0.30255	NaN	NaN	NaN
0.21133	0.21142	0.21105	0.11292	0.10284	0.11309	0.23007	0.19213	0.22006	0.29804	NaN	NaN	NaN
0.207	0.20709	0.20665	0.073622	0.063126	0.074491	0.21639	0.17934	0.20864	0.28861	NaN	NaN	NaN
0.20391	0.20391	0.20345	0.044485	0.034123	0.045671	0.2069	0.17166	0.20175	0.28186	NaN	NaN	NaN
0.20508	0.20507	0.20461	0.055215	0.044755	0.057728	0.20721	0.17415	0.20516	0.28436	NaN	NaN	NaN
0.20835	0.20834	0.20791	0.085106	0.074939	0.089799	0.21279	0.18239	0.21442	0.29145	NaN	NaN	NaN
0.2105	0.21048	0.21007	0.10397	0.094182	0.11076	0.21601	0.18862	0.22156	0.29613	NaN	NaN	NaN
0.21139	0.21137	0.21096	0.11123	0.10163	0.12023	0.21576	0.19158	0.22545	0.2981	NaN	NaN	NaN
0.21035	0.21029	0.20982	0.10089	0.09102	0.11251	0.20946	0.18872	0.22354	0.29572	NaN	NaN	NaN
0.20922	0.20916	0.20865	0.089059	0.078616	0.1037	0.20251	0.18573	0.2214	0.29322	NaN	NaN	NaN
0.20876	0.2087	0.20818	0.084512	0.074028	0.09853	0.20101	0.18447	0.21874	0.2922	NaN	NaN	NaN
0.21019	0.21014	0.20964	0.097037	0.086945	0.11058	0.20472	0.18849	0.22154	0.29532	NaN	NaN	NaN
0.20792	0.20797	0.20734	0.093104	0.1039	0.10399	0.20479	0.1888	0.21883	0.29102	0.23521	0.16917	0.21334
0.20713	0.2072	0.20654	0.0869	0.098292	0.096882	0.20279	0.18703	0.21553	0.28935	0.23402	0.16577	0.21202
0.20923	0.20922	0.20864	0.10492	0.11235	0.11457	0.20826	0.1925	0.22018	0.2938	0.23936	0.16609	0.19641
0.21275	0.21275	0.21224	0.13232	0.13804	0.14133	0.21788	0.2023	0.22919	0.30145	0.24439	0.18405	0.20327
0.21402	0.21401	0.21353	0.14164	0.14677	0.14981	0.22153	0.20608	0.23183	0.30421	0.24619	0.19023	0.20596
0.21292	0.21292	0.21242	0.13366	0.1394	0.14146	0.21805	0.20265	0.22709	0.30183	0.24464	0.18517	0.20349
0.21237	0.21237	0.21186	0.12942	0.1355	0.13666	0.21622	0.20088	0.22398	0.30062	0.24385	0.18255	0.20223
0.21264	0.21262	0.21208	0.13125	0.13499	0.13777	0.21674	0.20089	0.2233	0.3011	0.24481	0.17515	0.18289
0.21244	0.21243	0.21188	0.12886	0.13277	0.13487	0.2155	0.19958	0.22082	0.30064	0.24454	0.17361	0.18172
0.21378	0.21377	0.21325	0.13778	0.14133	0.1432	0.21879	0.20284	0.22313	0.30352	0.2464	0.18033	0.1844
0.2081	0.20809	0.20744	0.092218	0.097756	0.095795	0.20243	0.18624	0.20394	0.29111	0.23848	0.14713	0.17094
0.2055	0.20549	0.20478	0.069648	0.075961	0.070583	0.19576	0.17949	0.19495	0.28546	0.23486	0.13048	0.16596
0.20576	0.20569	0.20499	0.072933	0.071571	0.07294	0.19648	0.17801	0.19421	0.28589	0.2359	0.10455	0.1227
0.20461	0.20454	0.20381	0.062405	0.060793	0.060428	0.19335	0.17457	0.18912	0.28337	0.23434	0.094689	0.11985
0.20285	0.20277	0.20201	0.04678	0.044733	0.041956	0.18921	0.17016	0.18274	0.27955	0.23195	0.079682	0.11672
0.20076	0.20068	0.19987	0.029744	0.027195	0.022323	0.1849	0.16567	0.17607	0.27507	0.22914	0.062576	0.11422
0.19925	0.19917	0.19833	0.018907	0.016243	0.011655	0.18191	0.16249	0.17091	0.27186	0.22711	0.050658	0.11278
0.19874	0.19866	0.19771	0.014605	0.0095923	0.008282	0.18019	0.15887	0.16721	0.27054	0.2266	0.026833	0.088618
0.19749	0.19742	0.19641	0.0085043	0.0055028	0.0048052	0.17732	0.15562	0.16209	0.26783	0.22494	0.01769	0.086573
0.19704	0.19699	0.19594	0.0065498	0.0043061	0.0037696	0.17557	0.15335	0.1582	0.26678	0.22435	0.0138	0.084347
0.19704	0.197	0.19593	0.0058113	0.0038514	0.0033527	0.17431	0.15143	0.15477	0.26666	0.22436	0.012192	0.081697
0.19644	0.19641	0.19529	0.0045664	0.0031039	0.0027028	0.17243	0.14904	0.15058	0.26531	0.2236	0.0090703	0.0798
0.19398	0.19384	0.1926	0.0028638	0.0020056	0.0017837	0.16926	0.14407	0.14524	0.26	0.22081	0.0024838	0.05965
0.19152	0.1914	0.19003	0.0020465	0.0015079	0.0013107	0.16627	0.14138	0.14032	0.25499	0.21778	0.0017635	0.063145
0.18929	0.18919	0.18771	0.0016131	0.0012235	0.0010436	0.16385	0.13937	0.13626	0.25049	0.21506	0.0013779	0.067462
0.18779	0.18771	0.18616	0.0013952	0.0010733	0.00090294	0.16201	0.13765	0.13272	0.24747	0.21327	0.0011841	0.070103
0.18673	0.18667	0.18506	0.0012593	0.00097652	0.00081219	0.1605	0.1361	0.12942	0.24533	0.21204	0.0010631	0.071711
0.18573	0.18599	0.18384	0.0012448	0.00093334	0.00078445	0.16029	0.13198	0.12817	0.24321	0.2114	0.00063224	0.038544
0.1868	0.18708	0.18479	0.0011065	0.00083494	0.00070847	0.1576	0.12684	0.12138	0.24454	0.21283	0.00058679	0.025292
0.188	0.18829	0.18604	0.0011461	0.00085585	0.00072467	0.15716	0.12464	0.1175	0.24677	0.21439	0.00060722	0.019136
0.18946	0.18971	0.18765	0.0013412	0.0009757	0.00081734	0.15852	0.12461	0.11594	0.24993	0.21622	0.00068579	0.01695
0.18971	0.18995	0.18801	0.0014741	0.0010517	0.00086585	0.15945	0.12494	0.11479	0.25074	0.21657	0.00072815	0.018756
0.19195	0.19215	0.19038	0.0018552	0.0012893	0.0010268	0.16105	0.12697	0.11259	0.25538	0.21899	0.00111	0.032461
0.19401	0.19416	0.19261	0.0025456	0.0016476	0.0012753	0.1633	0.12763	0.1115	0.25979	0.22156	0.0014177	0.030497
0.19563	0.19574	0.19437	0.0036567	0.0021421	0.0015871	0.16558	0.12872	0.1108	0.26334	0.22359	0.0018283	0.030958
