1.2051e+13
8.0343e+12
8.5089e+12
9.3542e+12
9.9448e+12
9.9901e+12
9.9514e+12
1.0152e+13
9.8991e+12
9.8067e+12
9.9571e+12
1.0338e+13
1.0628e+13
1.1192e+13
1.2338e+13
1.3213e+13
1.3004e+13
1.2265e+13
1.1813e+13
1.1678e+13
1.2046e+13
1.2822e+13
1.3447e+13
1.3549e+13
1.5754e+13
1.6571e+13
1.642e+13
1.5879e+13
1.6039e+13
1.6947e+13
1.7718e+13
1.7212e+13
1.6957e+13
1.6212e+13
1.7738e+13
1.8225e+13
1.7553e+13
1.7518e+13
1.7655e+13
1.7838e+13
1.7816e+13
1.8677e+13
1.9221e+13
1.9519e+13
1.9663e+13
2.0001e+13
2.0845e+13
2.1707e+13
2.2474e+13
2.3012e+13
2.3431e+13
2.3861e+13
2.5105e+13
2.5382e+13
2.4925e+13
2.4791e+13
2.4113e+13
2.3296e+13
2.2568e+13
