6.3e+10
4.2497e+10
4.4429e+10
4.8128e+10
5.0614e+10
5.0454e+10
4.9891e+10
5.0465e+10
4.8894e+10
4.8093e+10
4.8415e+10
4.9674e+10
5.0498e+10
5.256e+10
5.7324e+10
6.0853e+10
5.9211e+10
5.5168e+10
5.2546e+10
5.1374e+10
5.2396e+10
5.3663e+10
5.4188e+10
5.258e+10
5.9181e+10
6.0132e+10
5.7392e+10
5.3476e+10
5.2177e+10
5.3345e+10
5.3988e+10
5.366e+10
5.4151e+10
5.3e+10
5.9892e+10
6.3489e+10
6.2711e+10
6.4513e+10
6.7209e+10
7.0352e+10
7.2785e+10
7.4117e+10
7.6958e+10
7.8729e+10
7.9807e+10
8.1807e+10
8.6282e+10
9.1008e+10
9.5402e+10
9.8709e+10
1.0145e+11
1.0182e+11
1.0657e+11
1.0601e+11
1.0163e+11
9.9097e+10
9.41e+10
8.8807e+10
8.424e+10
