1.575e+10
1.5308e+10
1.5329e+10
1.5599e+10
1.5844e+10
1.6161e+10
1.6477e+10
1.6562e+10
1.632e+10
1.6124e+10
1.6113e+10
1.6165e+10
1.6277e+10
1.6581e+10
1.7007e+10
1.7277e+10
1.741e+10
1.731e+10
1.7063e+10
1.6897e+10
1.6907e+10
1.6795e+10
1.6699e+10
1.6476e+10
1.649e+10
1.6102e+10
1.5908e+10
1.5691e+10
1.5653e+10
1.5654e+10
1.563e+10
1.5338e+10
1.507e+10
1.4851e+10
1.4691e+10
1.4383e+10
1.4164e+10
1.3931e+10
1.373e+10
1.351e+10
1.324e+10
1.2702e+10
1.2663e+10
1.2613e+10
1.2482e+10
1.2312e+10
1.2085e+10
1.1915e+10
1.1823e+10
1.1763e+10
1.1615e+10
1.1322e+10
1.1022e+10
1.1087e+10
1.1394e+10
1.2217e+10
1.3165e+10
1.3892e+10
1.4148e+10
