2.775e+12
2.9337e+12
2.9112e+12
2.7903e+12
2.6842e+12
2.5565e+12
2.4386e+12
2.4036e+12
2.4832e+12
2.5512e+12
2.5629e+12
2.5399e+12
2.4955e+12
2.3849e+12
2.2395e+12
2.1468e+12
2.1011e+12
2.1256e+12
2.1969e+12
2.2443e+12
2.2383e+12
2.2799e+12
2.3166e+12
2.3976e+12
2.5925e+12
2.7497e+12
2.8331e+12
2.9285e+12
2.9458e+12
2.9456e+12
2.9566e+12
3.1103e+12
3.2596e+12
3.3903e+12
3.4933e+12
3.6824e+12
3.831e+12
3.9904e+12
4.1366e+12
4.3012e+12
4.5096e+12
4.9803e+12
5.064e+12
5.1555e+12
5.3178e+12
5.5218e+12
5.7714e+12
5.9904e+12
6.1322e+12
6.2401e+12
6.4481e+12
6.757e+12
7.1212e+12
6.9966e+12
6.5652e+12
5.6439e+12
4.8157e+12
4.2913e+12
4.1084e+12
