2.9045	2.9045	2.9045	2.9045	2.9045	2.9045	2.9045	2.9045	2.9045	2.9045	2.9045	2.9045	2.9045
3.1992	3.1992	3.1992	3.1992	3.1992	3.1992	3.1992	3.1992	3.1992	3.1992	3.1992	3.1992	3.1992
3.171	3.171	3.171	3.171	3.171	3.171	3.171	3.171	3.171	3.171	3.171	3.171	3.171
3.0483	3.0483	3.0483	3.0483	3.0483	3.0483	3.0483	3.0483	3.0483	3.0483	3.0483	3.0483	3.0483
2.9409	2.9409	2.9409	2.9409	2.9409	2.9409	2.9409	2.9409	2.9409	2.9409	2.9409	2.9409	2.9409
2.8937	2.8937	2.8937	2.8937	2.8937	2.8937	2.8937	2.8937	2.8937	2.8937	2.8937	2.8937	2.8937
2.8779	2.8779	2.8779	2.8779	2.8779	2.8779	2.8779	2.8779	2.8779	2.8779	2.8779	2.8779	2.8779
2.9012	2.9012	2.9012	2.9012	2.9012	2.9012	2.9012	2.9012	2.9012	2.9012	2.9012	2.9012	2.9012
3.0121	3.0121	3.0121	3.0121	3.0121	3.0121	3.0121	3.0121	3.0121	3.0121	3.0121	3.0121	3.0121
3.1689	3.1689	3.1689	3.1689	3.1689	3.1689	3.1689	3.1689	3.1689	3.1689	3.1689	3.1689	3.1689
3.3803	3.3803	3.3803	3.3803	3.3803	3.3803	3.3803	3.3803	3.3803	3.3803	3.3803	3.3803	3.3803
3.3972	3.3972	3.3972	3.3972	3.3972	3.3972	3.3972	3.3972	3.3972	3.3972	3.3972	3.3972	3.3972
3.4007	3.4007	3.4007	3.4007	3.4007	3.4007	3.4007	3.4007	3.4007	3.4007	3.4007	3.4007	3.4007
3.3577	3.3577	3.3577	3.3577	3.3577	3.3577	3.3577	3.3577	3.3577	3.3577	3.3577	3.3577	3.3577
3.263	3.263	3.263	3.263	3.263	3.263	3.263	3.263	3.263	3.263	3.263	3.263	3.263
3.2107	3.2107	3.2107	3.2107	3.2107	3.2107	3.2107	3.2107	3.2107	3.2107	3.2107	3.2107	3.2107
3.2218	3.2218	3.2218	3.2218	3.2218	3.2218	3.2218	3.2218	3.2218	3.2218	3.2218	3.2218	3.2218
3.3146	3.3146	3.3146	3.3146	3.3146	3.3146	3.3146	3.3146	3.3146	3.3146	3.3146	3.3146	3.3146
3.4391	3.4391	3.4391	3.4391	3.4391	3.4391	3.4391	3.4391	3.4391	3.4391	3.4391	3.4391	3.4391
3.5343	3.5343	3.5343	3.5343	3.5343	3.5343	3.5343	3.5343	3.5343	3.5343	3.5343	3.5343	3.5343
3.6027	3.6027	3.6027	3.6027	3.6027	3.6027	3.6027	3.6027	3.6027	3.6027	3.6027	3.6027	3.6027
3.7381	3.7381	3.7381	3.7381	3.7381	3.7381	3.7381	3.7381	3.7381	3.7381	3.7381	3.7381	3.7381
3.8804	3.8804	3.8804	3.8804	3.8804	3.8804	3.8804	3.8804	3.8804	3.8804	3.8804	3.8804	3.8804
4.0663	4.0663	4.0663	4.0663	4.0663	4.0663	4.0663	4.0663	4.0663	4.0663	4.0663	4.0663	4.0663
3.0882	3.0882	3.0882	3.0882	3.0882	3.0882	3.0882	3.0882	3.0882	3.0882	3.0882	3.0882	3.0882
3.2988	3.2988	3.2988	3.2988	3.2988	3.2988	3.2988	3.2988	3.2988	3.2988	3.2988	3.2988	3.2988
3.6003	3.6003	3.6003	3.6003	3.6003	3.6003	3.6003	3.6003	3.6003	3.6003	3.6003	3.6003	3.6003
3.8135	3.8135	3.8135	3.8135	3.8135	3.8135	3.8135	3.8135	3.8135	3.8135	3.8135	3.8135	3.8135
3.983	3.983	3.983	3.983	3.983	3.983	3.983	3.983	3.983	3.983	3.983	3.983	3.983
4.1292	4.1292	4.1292	4.1292	4.1292	4.1292	4.1292	4.1292	4.1292	4.1292	4.1292	4.1292	4.1292
4.2684	4.2684	4.2684	4.2684	4.2684	4.2684	4.2684	4.2684	4.2684	4.2684	4.2684	4.2684	4.2684
4.3754	4.3754	4.3754	4.3754	4.3754	4.3754	4.3754	4.3754	4.3754	4.3754	4.3754	4.3754	4.3754
4.4581	4.4581	4.4581	4.4581	4.4581	4.4581	4.4581	4.4581	4.4581	4.4581	4.4581	4.4581	4.4581
4.4931	4.4931	4.4931	4.4931	4.4931	4.4931	4.4931	4.4931	4.4931	4.4931	4.4931	4.4931	4.4931
4.4955	4.4955	4.4955	4.4955	4.4955	4.4955	4.4955	4.4955	4.4955	4.4955	4.4955	4.4955	4.4955
4.4989	4.4989	4.4989	4.4989	4.4989	4.4989	4.4989	4.4989	4.4989	4.4989	4.4989	4.4989	4.4989
4.7102	4.7102	4.7102	4.7102	4.7102	4.7102	4.7102	4.7102	4.7102	4.7102	4.7102	4.7102	4.7102
4.7777	4.7777	4.7777	4.7777	4.7777	4.7777	4.7777	4.7777	4.7777	4.7777	4.7777	4.7777	4.7777
4.8224	4.8224	4.8224	4.8224	4.8224	4.8224	4.8224	4.8224	4.8224	4.8224	4.8224	4.8224	4.8224
4.8663	4.8663	4.8663	4.8663	4.8663	4.8663	4.8663	4.8663	4.8663	4.8663	4.8663	4.8663	4.8663
4.9139	4.9139	4.9139	4.9139	4.9139	4.9139	4.9139	4.9139	4.9139	4.9139	4.9139	4.9139	4.9139
5.4857	5.4857	5.4857	5.4857	5.4857	5.4857	5.4857	5.4857	5.4857	5.4857	5.4857	5.4857	5.4857
5.6835	5.6835	5.6835	5.6835	5.6835	5.6835	5.6835	5.6835	5.6835	5.6835	5.6835	5.6835	5.6835
5.7618	5.7618	5.7618	5.7618	5.7618	5.7618	5.7618	5.7618	5.7618	5.7618	5.7618	5.7618	5.7618
5.8769	5.8769	5.8769	5.8769	5.8769	5.8769	5.8769	5.8769	5.8769	5.8769	5.8769	5.8769	5.8769
6.0347	6.0347	6.0347	6.0347	6.0347	6.0347	6.0347	6.0347	6.0347	6.0347	6.0347	6.0347	6.0347
6.2299	6.2299	6.2299	6.2299	6.2299	6.2299	6.2299	6.2299	6.2299	6.2299	6.2299	6.2299	6.2299
6.3821	6.3821	6.3821	6.3821	6.3821	6.3821	6.3821	6.3821	6.3821	6.3821	6.3821	6.3821	6.3821
6.4899	6.4899	6.4899	6.4899	6.4899	6.4899	6.4899	6.4899	6.4899	6.4899	6.4899	6.4899	6.4899
6.5666	6.5666	6.5666	6.5666	6.5666	6.5666	6.5666	6.5666	6.5666	6.5666	6.5666	6.5666	6.5666
6.6815	6.6815	6.6815	6.6815	6.6815	6.6815	6.6815	6.6815	6.6815	6.6815	6.6815	6.6815	6.6815
7.0702	7.0702	7.0702	7.0702	7.0702	7.0702	7.0702	7.0702	7.0702	7.0702	7.0702	7.0702	7.0702
7.4166	7.4166	7.4166	7.4166	7.4166	7.4166	7.4166	7.4166	7.4166	7.4166	7.4166	7.4166	7.4166
7.5055	7.5055	7.5055	7.5055	7.5055	7.5055	7.5055	7.5055	7.5055	7.5055	7.5055	7.5055	7.5055
7.4177	7.4177	7.4177	7.4177	7.4177	7.4177	7.4177	7.4177	7.4177	7.4177	7.4177	7.4177	7.4177
7.0748	7.0748	7.0748	7.0748	7.0748	7.0748	7.0748	7.0748	7.0748	7.0748	7.0748	7.0748	7.0748
6.7691	6.7691	6.7691	6.7691	6.7691	6.7691	6.7691	6.7691	6.7691	6.7691	6.7691	6.7691	6.7691
6.4773	6.4773	6.4773	6.4773	6.4773	6.4773	6.4773	6.4773	6.4773	6.4773	6.4773	6.4773	6.4773
6.4392	6.4392	6.4392	6.4392	6.4392	6.4392	6.4392	6.4392	6.4392	6.4392	6.4392	6.4392	6.4392
