0.86269	0.86269	0.86269	0.86269	0.86269	0.86269	0.86269	0.64754	0.081225	0.027486	0.012361	0.0065035	0.0023512
0.86295	0.86295	0.86295	0.86295	0.86295	0.86295	0.86295	0.66232	0.084245	0.028519	0.012832	0.0067552	0.0024452
0.86255	0.86255	0.86255	0.86255	0.86255	0.86255	0.86255	0.73161	0.093613	0.0304	0.013398	0.006967	0.0024873
0.86148	0.86148	0.86148	0.86148	0.86148	0.86148	0.86148	0.79871	0.11198	0.033515	0.0142	0.0072154	0.0025102
0.85995	0.85995	0.85995	0.85995	0.85995	0.85995	0.85995	0.83789	0.14573	0.038651	0.015494	0.0076299	0.0025652
0.85507	0.85507	0.85507	0.85507	0.85507	0.85507	0.85507	0.84917	0.18733	0.043294	0.016356	0.0077971	0.0025324
0.85193	0.85193	0.85193	0.85193	0.85193	0.85193	0.85193	0.85193	0.42498	0.055257	0.018837	0.0085119	0.0026175
0.84798	0.84798	0.84798	0.84798	0.84798	0.84798	0.84798	0.84798	0.64682	0.066566	0.020876	0.0090546	0.002675
0.84305	0.84305	0.84305	0.84305	0.84305	0.84305	0.84305	0.84305	0.74796	0.07929	0.023068	0.0096606	0.0027619
0.83625	0.83625	0.83625	0.83625	0.83625	0.83625	0.83625	0.83625	0.79048	0.093716	0.025122	0.010142	0.0028045
0.82397	0.82397	0.82397	0.82397	0.82397	0.82397	0.82397	0.82397	0.79891	0.10308	0.025618	0.010011	0.002689
0.82532	0.82532	0.82532	0.82532	0.82532	0.82532	0.82532	0.82532	0.78411	0.091843	0.024015	0.0095917	0.0026268
0.82657	0.82657	0.82657	0.82657	0.82657	0.82657	0.82657	0.82657	0.76605	0.083355	0.022673	0.0092134	0.0025627
0.82754	0.82754	0.82754	0.82754	0.82754	0.82754	0.82754	0.82754	0.74866	0.076981	0.021448	0.0088081	0.0024728
0.82833	0.82833	0.82833	0.82833	0.82833	0.82833	0.82833	0.82833	0.73165	0.07177	0.020308	0.0083964	0.0023706
0.82926	0.82926	0.82926	0.82926	0.82926	0.82926	0.82926	0.82926	0.69754	0.065884	0.019166	0.0080241	0.0022911
0.83041	0.83041	0.83041	0.83041	0.83041	0.83041	0.83041	0.83041	0.65223	0.061086	0.018279	0.0077524	0.0022403
0.83186	0.83186	0.83186	0.83186	0.83186	0.83186	0.83186	0.83186	0.56785	0.055966	0.017436	0.0075377	0.0022185
0.83342	0.83342	0.83342	0.83342	0.83342	0.83342	0.83342	0.83342	0.416	0.049771	0.016387	0.0072775	0.0021994
0.83484	0.83484	0.83484	0.83484	0.83484	0.83484	0.83484	0.83447	0.22748	0.041811	0.014773	0.0067986	0.0021292
0.83312	0.83312	0.83312	0.83312	0.83312	0.83312	0.83312	0.82237	0.14101	0.033144	0.012622	0.0060416	0.0019699
0.83855	0.83855	0.83856	0.83856	0.83856	0.83856	0.83856	0.77406	0.0944	0.026799	0.01108	0.00555	0.0018992
0.84334	0.84334	0.84334	0.84334	0.84334	0.84334	0.84334	0.6676	0.074432	0.023549	0.010245	0.0052846	0.0018677
0.84762	0.84762	0.84762	0.84762	0.84762	0.84762	0.8476	0.4435	0.060556	0.021026	0.0095811	0.0050802	0.0018524
0.87196	0.86243	0.54981	0.87196	0.8718	0.7063	0.10735	0.038212	0.01759	0.0093702	0.0054827	0.0034249	0.0015272
0.87439	0.84493	0.21032	0.87439	0.87426	0.72747	0.11349	0.040349	0.018567	0.0098911	0.0057891	0.0036177	0.0016148
0.87658	0.85542	0.28445	0.87658	0.87658	0.84863	0.18926	0.056639	0.0239	0.012099	0.0068487	0.0041809	0.0018105
0.87849	0.83896	0.16962	0.87849	0.87849	0.85264	0.19708	0.058849	0.024807	0.012552	0.0071044	0.0043371	0.0018787
0.88029	0.82131	0.13489	0.88029	0.88029	0.85057	0.1901	0.057926	0.02466	0.012549	0.0071291	0.0043636	0.0018967
0.88197	0.8006	0.11269	0.88197	0.88197	0.84619	0.18022	0.05629	0.024256	0.012432	0.0070947	0.0043565	0.0019015
0.88349	0.77408	0.096232	0.88349	0.88349	0.8413	0.17201	0.054936	0.023937	0.012348	0.0070769	0.0043585	0.0019098
0.88152	0.80221	0.10998	0.88152	0.88152	0.87192	0.34555	0.07257	0.029136	0.014345	0.0079804	0.0048151	0.0020556
0.88157	0.79019	0.10093	0.88157	0.88157	0.87311	0.37366	0.075253	0.030076	0.014773	0.0082077	0.0049486	0.0021112
0.88159	0.78016	0.094359	0.88159	0.88159	0.87348	0.38684	0.076731	0.030645	0.015049	0.0083608	0.0050414	0.0021517
0.88159	0.77373	0.090004	0.88159	0.88159	0.87287	0.37903	0.076503	0.030689	0.015109	0.0084089	0.0050768	0.0021707
0.88138	0.75956	0.083722	0.88138	0.88138	0.87404	0.4175	0.080119	0.031931	0.015668	0.008703	0.0052484	0.0022417
0.8812	0.79226	0.095471	0.8812	0.8812	0.88003	0.65089	0.10074	0.037541	0.01776	0.0096441	0.0057279	0.0024004
0.88089	0.78574	0.090883	0.88089	0.88089	0.87974	0.65773	0.1024	0.038178	0.01807	0.0098167	0.005833	0.0024465
0.88051	0.78184	0.087812	0.88051	0.88051	0.87924	0.65458	0.10271	0.038439	0.018232	0.0099197	0.0059007	0.002479
0.88002	0.77783	0.084943	0.88002	0.88002	0.87865	0.65389	0.10343	0.038828	0.01845	0.010051	0.005985	0.0025183
0.87936	0.77157	0.081542	0.87936	0.87936	0.87807	0.66498	0.10596	0.039755	0.018888	0.010291	0.0061295	0.002581
0.87742	0.74472	0.073481	0.87742	0.87742	0.87742	0.78967	0.13947	0.048528	0.022165	0.011794	0.0069166	0.002859
0.87912	0.73427	0.069419	0.87912	0.87912	0.87912	0.78658	0.13779	0.048329	0.022165	0.011824	0.0069457	0.0028769
0.88073	0.72288	0.065707	0.88073	0.88073	0.88071	0.78381	0.1365	0.048232	0.022206	0.011873	0.0069856	0.002899
0.88214	0.70266	0.061181	0.88214	0.88214	0.88213	0.79074	0.14016	0.049459	0.022757	0.012164	0.0071556	0.0029695
0.8834	0.67583	0.056649	0.8834	0.8834	0.8834	0.80145	0.14653	0.051418	0.023591	0.012589	0.0073984	0.0030672
0.8846	0.67032	0.055337	0.8846	0.8846	0.8846	0.83651	0.17608	0.058745	0.02626	0.013799	0.0080279	0.0032879
0.88572	0.64168	0.051615	0.88572	0.88572	0.88572	0.84291	0.18512	0.061295	0.027294	0.014311	0.008315	0.0034008
0.88694	0.62377	0.04922	0.88694	0.88694	0.88694	0.84313	0.18496	0.061624	0.027529	0.014462	0.0084138	0.0034471
0.88818	0.61143	0.047426	0.88818	0.88818	0.88818	0.84058	0.18073	0.060956	0.027401	0.014449	0.0084272	0.0034632
0.88917	0.58449	0.044816	0.88917	0.88917	0.88917	0.8442	0.18609	0.062671	0.028152	0.01484	0.0086541	0.0035565
0.88638	0.53793	0.041673	0.88638	0.88638	0.88638	0.86328	0.27411	0.073939	0.03199	0.0165	0.0094879	0.0038354
0.88528	0.46004	0.03701	0.88528	0.88528	0.88528	0.86974	0.36283	0.083443	0.035427	0.01808	0.010329	0.0041454
0.88534	0.47185	0.03697	0.88534	0.88534	0.88534	0.86395	0.29922	0.077413	0.033453	0.017248	0.0099181	0.0040119
0.88613	0.537	0.039617	0.88613	0.88613	0.88613	0.84188	0.18926	0.063706	0.028613	0.015086	0.008801	0.0036207
0.88796	0.66579	0.047269	0.88796	0.88796	0.88655	0.70675	0.11703	0.044375	0.021215	0.011609	0.006938	0.0029367
0.88936	0.73577	0.05395	0.88936	0.88936	0.86975	0.28035	0.072366	0.030721	0.015632	0.0088918	0.0054533	0.0023822
0.89007	0.76276	0.057358	0.89007	0.89006	0.81141	0.14805	0.051805	0.023669	0.01257	0.0073499	0.0045938	0.0020549
0.89015	0.7686	0.057586	0.89015	0.88957	0.75091	0.1243	0.045732	0.021452	0.011575	0.0068393	0.004306	0.0019443
