1.7510e+003 3.0000e-003
1.7520e+003 3.0000e-003
1.7530e+003 3.0000e-003
1.7540e+003 3.0000e-003
1.7550e+003 3.0000e-003
1.7560e+003 3.0000e-003
1.7570e+003 3.0000e-003
1.7580e+003 3.0000e-003
1.7590e+003 3.0000e-003
1.7600e+003 3.0000e-003
1.7610e+003 3.0000e-003
1.7620e+003 3.0000e-003
1.7630e+003 3.0000e-003
1.7640e+003 3.0000e-003
1.7650e+003 3.0000e-003
1.7660e+003 3.0000e-003
1.7670e+003 3.0000e-003
1.7680e+003 3.0000e-003
1.7690e+003 3.0000e-003
1.7700e+003 3.0000e-003
1.7710e+003 4.0000e-003
1.7720e+003 4.0000e-003
1.7730e+003 4.0000e-003
1.7740e+003 4.0000e-003
1.7750e+003 4.0000e-003
1.7760e+003 4.0000e-003
1.7770e+003 4.0000e-003
1.7780e+003 4.0000e-003
1.7790e+003 4.0000e-003
1.7800e+003 4.0000e-003
1.7810e+003 5.0000e-003
1.7820e+003 5.0000e-003
1.7830e+003 5.0000e-003
1.7840e+003 5.0000e-003
1.7850e+003 5.0000e-003
1.7860e+003 5.0000e-003
1.7870e+003 5.0000e-003
1.7880e+003 5.0000e-003
1.7890e+003 5.0000e-003
1.7900e+003 5.0000e-003
1.7910e+003 6.0000e-003
1.7920e+003 6.0000e-003
1.7930e+003 6.0000e-003
1.7940e+003 6.0000e-003
1.7950e+003 6.0000e-003
1.7960e+003 6.0000e-003
1.7970e+003 7.0000e-003
1.7980e+003 7.0000e-003
1.7990e+003 7.0000e-003
1.8000e+003 8.0000e-003
1.8010e+003 8.0000e-003
1.8020e+003 1.0000e-002
1.8030e+003 9.0000e-003
1.8040e+003 9.0000e-003
1.8050e+003 9.0000e-003
1.8060e+003 1.0000e-002
1.8070e+003 1.0000e-002
1.8080e+003 1.0000e-002
1.8090e+003 1.0000e-002
1.8100e+003 1.0000e-002
1.8110e+003 1.1000e-002
1.8120e+003 1.1000e-002
1.8130e+003 1.1000e-002
1.8140e+003 1.1000e-002
1.8150e+003 1.2000e-002
1.8160e+003 1.3000e-002
1.8170e+003 1.4000e-002
1.8180e+003 1.4000e-002
1.8190e+003 1.4000e-002
1.8200e+003 1.4000e-002
1.8210e+003 1.4000e-002
1.8220e+003 1.5000e-002
1.8230e+003 1.6000e-002
1.8240e+003 1.6000e-002
1.8250e+003 1.7000e-002
1.8260e+003 1.7000e-002
1.8270e+003 1.8000e-002
1.8280e+003 1.8000e-002
1.8290e+003 1.8000e-002
1.8300e+003 2.4000e-002
1.8310e+003 2.3000e-002
1.8320e+003 2.3000e-002
1.8330e+003 2.4000e-002
1.8340e+003 2.4000e-002
1.8350e+003 2.5000e-002
1.8360e+003 2.9000e-002
1.8370e+003 2.9000e-002
1.8380e+003 3.0000e-002
1.8390e+003 3.1000e-002
1.8400e+003 3.3000e-002
1.8410e+003 3.4000e-002
1.8420e+003 3.6000e-002
1.8430e+003 3.7000e-002
1.8440e+003 3.9000e-002
1.8450e+003 4.3000e-002
1.8460e+003 4.3000e-002
1.8470e+003 4.6000e-002
1.8480e+003 4.7000e-002
1.8490e+003 5.0000e-002
1.8500e+003 5.4000e-002
1.8510e+003 5.4000e-002
1.8520e+003 5.7000e-002
1.8530e+003 5.9000e-002
1.8540e+003 6.9000e-002
1.8550e+003 7.1000e-002
1.8560e+003 7.6000e-002
1.8570e+003 7.7000e-002
1.8580e+003 7.8000e-002
1.8590e+003 8.3000e-002
1.8600e+003 9.1000e-002
1.8610e+003 9.5000e-002
1.8620e+003 9.7000e-002
1.8630e+003 1.0400e-001
1.8640e+003 1.1200e-001
1.8650e+003 1.1900e-001
1.8660e+003 1.2200e-001
1.8670e+003 1.3000e-001
1.8680e+003 1.3500e-001
1.8690e+003 1.4200e-001
1.8700e+003 1.4700e-001
1.8710e+003 1.5600e-001
1.8720e+003 1.7300e-001
1.8730e+003 1.8400e-001
1.8740e+003 1.7400e-001
1.8750e+003 1.8800e-001
1.8760e+003 1.9100e-001
1.8770e+003 1.9400e-001
1.8780e+003 1.9600e-001
1.8790e+003 2.1000e-001
1.8800e+003 2.3600e-001
1.8810e+003 2.4300e-001
1.8820e+003 2.5600e-001
1.8830e+003 2.7200e-001
1.8840e+003 2.7500e-001
1.8850e+003 2.7700e-001
1.8860e+003 2.8100e-001
1.8870e+003 2.9500e-001
1.8880e+003 3.2700e-001
1.8890e+003 3.2700e-001
1.8900e+003 3.5600e-001
1.8910e+003 3.7200e-001
1.8920e+003 3.7400e-001
1.8930e+003 3.7000e-001
1.8940e+003 3.8300e-001
1.8950e+003 4.0600e-001
1.8960e+003 4.1900e-001
1.8970e+003 4.4000e-001
1.8980e+003 4.6500e-001
1.8990e+003 5.0700e-001
1.9000e+003 5.3400e-001
1.9010e+003 5.5200e-001
1.9020e+003 5.6600e-001
1.9030e+003 6.1700e-001
1.9040e+003 6.2400e-001
1.9050e+003 6.6300e-001
1.9060e+003 7.0700e-001
1.9070e+003 7.8400e-001
1.9080e+003 7.5000e-001
1.9090e+003 7.8500e-001
1.9100e+003 8.1900e-001
1.9110e+003 8.3600e-001
1.9120e+003 8.7900e-001
1.9130e+003 9.4300e-001
1.9140e+003 8.5000e-001
1.9150e+003 8.3800e-001
1.9160e+003 9.0100e-001
1.9170e+003 9.5500e-001
1.9180e+003 9.3600e-001
1.9190e+003 8.0600e-001
1.9200e+003 9.3200e-001
1.9210e+003 8.0300e-001
1.9220e+003 8.4500e-001
1.9230e+003 9.7000e-001
1.9240e+003 9.6300e-001
1.9250e+003 9.7500e-001
1.9260e+003 9.8300e-001
1.9270e+003 1.0620e+000
1.9280e+003 1.0650e+000
1.9290e+003 1.1450e+000
1.9300e+003 1.0530e+000
1.9310e+003 9.4000e-001
1.9320e+003 8.4700e-001
1.9330e+003 8.9300e-001
1.9340e+003 9.7300e-001
1.9350e+003 1.0270e+000
1.9360e+003 1.1300e+000
1.9370e+003 1.2090e+000
1.9380e+003 1.1420e+000
1.9390e+003 1.1920e+000
1.9400e+003 1.2990e+000
1.9410e+003 1.3340e+000
1.9420e+003 1.3420e+000
1.9430e+003 1.3910e+000
1.9440e+003 1.3830e+000
1.9450e+003 1.1600e+000
1.9460e+003 1.2380e+000
1.9470e+003 1.3920e+000
1.9480e+003 1.4690e+000
1.9490e+003 1.4190e+000
1.9500e+003 1.6300e+000
1.9510e+003 1.7670e+000
1.9520e+003 1.7950e+000
1.9530e+003 1.8410e+000
1.9540e+003 1.8650e+000
1.9550e+003 2.0430e+000
1.9560e+003 2.1770e+000
1.9570e+003 2.2700e+000
1.9580e+003 2.3300e+000
1.9590e+003 2.4620e+000
1.9600e+003 2.5770e+000
1.9610e+003 2.5940e+000
1.9620e+003 2.7000e+000
1.9630e+003 2.8470e+000
1.9640e+003 3.0080e+000
1.9650e+003 3.1450e+000
1.9660e+003 3.3050e+000
1.9670e+003 3.4110e+000
1.9680e+003 3.5880e+000
1.9690e+003 3.8000e+000
1.9700e+003 4.0770e+000
1.9710e+003 4.2310e+000
1.9720e+003 4.3990e+000
1.9730e+003 4.6350e+000
1.9740e+003 4.6440e+000
1.9750e+003 4.6150e+000
1.9760e+003 4.8840e+000
1.9770e+003 5.0350e+000
1.9780e+003 5.1070e+000
1.9790e+003 5.4030e+000
1.9800e+003 5.3480e+000
1.9810e+003 5.1860e+000
1.9820e+003 5.1440e+000
1.9830e+003 5.1260e+000
1.9840e+003 5.3080e+000
1.9850e+003 5.4640e+000
1.9860e+003 5.6290e+000
1.9870e+003 5.7620e+000
1.9880e+003 5.9920e+000
1.9890e+003 6.1060e+000
1.9900e+003 6.1960e+000
1.9910e+003 6.3120e+000
1.9920e+003 6.1870e+000
1.9930e+003 6.2030e+000
1.9940e+003 6.3440e+000
1.9950e+003 6.4870e+000
1.9960e+003 6.6490e+000
1.9970e+003 6.8400e+000
1.9980e+003 6.7880e+000
1.9990e+003 6.8040e+000
2.0000e+003 6.9810e+000
2.0010e+003 7.1160e+000
2.0020e+003 7.1670e+000
2.0030e+003 7.5040e+000
2.0040e+003 7.9100e+000
2.0050e+003 7.8799e+000
2.0060e+003 7.7902e+000
2.0070e+003 7.6431e+000
2.0080e+003 7.4418e+000
2.0090e+003 7.1911e+000
2.0100e+003 6.8963e+000
2.0110e+003 6.5639e+000
2.0120e+003 6.2007e+000
2.0130e+003 5.8141e+000
2.0140e+003 5.4112e+000
2.0150e+003 4.9995e+000
2.0160e+003 4.5856e+000
2.0170e+003 4.1759e+000
2.0180e+003 3.7762e+000
2.0190e+003 3.3913e+000
2.0200e+003 3.0254e+000
2.0210e+003 2.6816e+000
2.0220e+003 2.3623e+000
2.0230e+003 2.0689e+000
2.0240e+003 1.8024e+000
2.0250e+003 1.5627e+000
2.0260e+003 1.3493e+000
2.0270e+003 1.1612e+000
2.0280e+003 9.9710e-001
2.0290e+003 8.5521e-001
2.0300e+003 7.3372e-001
2.0310e+003 6.3065e-001
2.0320e+003 5.4403e-001
2.0330e+003 4.7188e-001
2.0340e+003 4.1233e-001
2.0350e+003 3.6361e-001
2.0360e+003 3.2411e-001
2.0370e+003 2.9237e-001
2.0380e+003 2.6707e-001
2.0390e+003 2.4710e-001
2.0400e+003 2.3145e-001
2.0410e+003 2.1931e-001
2.0420e+003 2.0996e-001
2.0430e+003 2.0282e-001
2.0440e+003 1.9741e-001
2.0450e+003 1.9335e-001
2.0460e+003 1.9033e-001
2.0470e+003 1.8810e-001
2.0480e+003 1.8646e-001
2.0490e+003 1.8527e-001
2.0500e+003 1.8441e-001
2.0510e+003 1.8379e-001
2.0520e+003 1.8334e-001
2.0530e+003 1.8303e-001
2.0540e+003 1.8280e-001
2.0550e+003 1.8264e-001
2.0560e+003 1.8253e-001
2.0570e+003 1.8245e-001
2.0580e+003 1.8239e-001
2.0590e+003 1.8234e-001
2.0600e+003 1.8230e-001
2.0610e+003 1.8227e-001
2.0620e+003 1.8225e-001
2.0630e+003 1.8222e-001
2.0640e+003 1.8220e-001
2.0650e+003 1.8218e-001
2.0660e+003 1.8216e-001
2.0670e+003 1.8214e-001
2.0680e+003 1.8212e-001
2.0690e+003 1.8210e-001
2.0700e+003 1.8208e-001
2.0710e+003 1.8206e-001
2.0720e+003 1.8204e-001
2.0730e+003 1.8202e-001
2.0740e+003 1.8200e-001
2.0750e+003 1.8198e-001
2.0760e+003 1.8196e-001
2.0770e+003 1.8194e-001
2.0780e+003 1.8192e-001
2.0790e+003 1.8189e-001
2.0800e+003 1.8187e-001
2.0810e+003 1.8185e-001
2.0820e+003 1.8183e-001
2.0830e+003 1.8180e-001
2.0840e+003 1.8178e-001
2.0850e+003 1.8176e-001
2.0860e+003 1.8173e-001
2.0870e+003 1.8171e-001
2.0880e+003 1.8168e-001
2.0890e+003 1.8166e-001
2.0900e+003 1.8163e-001
2.0910e+003 1.8161e-001
2.0920e+003 1.8158e-001
2.0930e+003 1.8155e-001
2.0940e+003 1.8153e-001
2.0950e+003 1.8150e-001
2.0960e+003 1.8147e-001
2.0970e+003 1.8145e-001
2.0980e+003 1.8142e-001
2.0990e+003 1.8139e-001
2.1000e+003 1.8136e-001
2.1010e+003 1.8133e-001
2.1020e+003 1.8130e-001
2.1030e+003 1.8127e-001
2.1040e+003 1.8124e-001
2.1050e+003 1.8121e-001
2.1060e+003 1.8118e-001
2.1070e+003 1.8115e-001
2.1080e+003 1.8112e-001
2.1090e+003 1.8109e-001
2.1100e+003 1.8106e-001
2.1110e+003 1.8103e-001
2.1120e+003 1.8100e-001
2.1130e+003 1.8097e-001
2.1140e+003 1.8093e-001
2.1150e+003 1.8090e-001
2.1160e+003 1.8087e-001
2.1170e+003 1.8083e-001
2.1180e+003 1.8080e-001
2.1190e+003 1.8077e-001
2.1200e+003 1.8073e-001
2.1210e+003 1.8070e-001
2.1220e+003 1.8066e-001
2.1230e+003 1.8063e-001
2.1240e+003 1.8059e-001
2.1250e+003 1.8056e-001
2.1260e+003 1.8052e-001
2.1270e+003 1.8048e-001
2.1280e+003 1.8045e-001
2.1290e+003 1.8041e-001
2.1300e+003 1.8037e-001
2.1310e+003 1.8034e-001
2.1320e+003 1.8030e-001
2.1330e+003 1.8026e-001
2.1340e+003 1.8022e-001
2.1350e+003 1.8018e-001
2.1360e+003 1.8015e-001
2.1370e+003 1.8011e-001
2.1380e+003 1.8007e-001
2.1390e+003 1.8003e-001
2.1400e+003 1.7999e-001
2.1410e+003 1.7995e-001
2.1420e+003 1.7991e-001
2.1430e+003 1.7987e-001
2.1440e+003 1.7983e-001
2.1450e+003 1.7978e-001
2.1460e+003 1.7974e-001
2.1470e+003 1.7970e-001
2.1480e+003 1.7966e-001
2.1490e+003 1.7962e-001
2.1500e+003 1.7957e-001
2.1510e+003 1.7953e-001
2.1520e+003 1.7949e-001
2.1530e+003 1.7944e-001
2.1540e+003 1.7940e-001
2.1550e+003 1.7935e-001
2.1560e+003 1.7931e-001
2.1570e+003 1.7927e-001
2.1580e+003 1.7922e-001
2.1590e+003 1.7917e-001
2.1600e+003 1.7913e-001
2.1610e+003 1.7908e-001
2.1620e+003 1.7904e-001
2.1630e+003 1.7899e-001
2.1640e+003 1.7894e-001
2.1650e+003 1.7890e-001
2.1660e+003 1.7885e-001
2.1670e+003 1.7880e-001
2.1680e+003 1.7875e-001
2.1690e+003 1.7871e-001
2.1700e+003 1.7866e-001
2.1710e+003 1.7861e-001
2.1720e+003 1.7856e-001
2.1730e+003 1.7851e-001
2.1740e+003 1.7846e-001
2.1750e+003 1.7841e-001
2.1760e+003 1.7836e-001
2.1770e+003 1.7831e-001
2.1780e+003 1.7826e-001
2.1790e+003 1.7821e-001
2.1800e+003 1.7816e-001
2.1810e+003 1.7811e-001
2.1820e+003 1.7805e-001
2.1830e+003 1.7800e-001
2.1840e+003 1.7795e-001
2.1850e+003 1.7790e-001
2.1860e+003 1.7784e-001
2.1870e+003 1.7779e-001
2.1880e+003 1.7774e-001
2.1890e+003 1.7768e-001
2.1900e+003 1.7763e-001
2.1910e+003 1.7758e-001
2.1920e+003 1.7752e-001
2.1930e+003 1.7747e-001
2.1940e+003 1.7741e-001
2.1950e+003 1.7736e-001
2.1960e+003 1.7730e-001
2.1970e+003 1.7724e-001
2.1980e+003 1.7719e-001
2.1990e+003 1.7713e-001
2.2000e+003 1.7708e-001
2.2010e+003 1.7702e-001
2.2020e+003 1.7696e-001
2.2030e+003 1.7690e-001
2.2040e+003 1.7685e-001
2.2050e+003 1.7679e-001
2.2060e+003 1.7673e-001
2.2070e+003 1.7667e-001
2.2080e+003 1.7661e-001
2.2090e+003 1.7655e-001
2.2100e+003 1.7649e-001
2.2110e+003 1.7643e-001
2.2120e+003 1.7637e-001
2.2130e+003 1.7631e-001
2.2140e+003 1.7625e-001
2.2150e+003 1.7619e-001
2.2160e+003 1.7613e-001
2.2170e+003 1.7607e-001
2.2180e+003 1.7601e-001
2.2190e+003 1.7595e-001
2.2200e+003 1.7588e-001
2.2210e+003 1.7582e-001
2.2220e+003 1.7576e-001
2.2230e+003 1.7570e-001
2.2240e+003 1.7563e-001
2.2250e+003 1.7557e-001
2.2260e+003 1.7551e-001
2.2270e+003 1.7544e-001
2.2280e+003 1.7538e-001
2.2290e+003 1.7531e-001
2.2300e+003 1.7525e-001
2.2310e+003 1.7518e-001
2.2320e+003 1.7512e-001
2.2330e+003 1.7505e-001
2.2340e+003 1.7499e-001
2.2350e+003 1.7492e-001
2.2360e+003 1.7486e-001
2.2370e+003 1.7479e-001
2.2380e+003 1.7472e-001
2.2390e+003 1.7465e-001
2.2400e+003 1.7459e-001
2.2410e+003 1.7452e-001
2.2420e+003 1.7445e-001
2.2430e+003 1.7438e-001
2.2440e+003 1.7432e-001
2.2450e+003 1.7425e-001
2.2460e+003 1.7418e-001
2.2470e+003 1.7411e-001
2.2480e+003 1.7404e-001
2.2490e+003 1.7397e-001
2.2500e+003 1.7390e-001
2.2510e+003 1.7383e-001
2.2520e+003 1.7376e-001
2.2530e+003 1.7369e-001
2.2540e+003 1.7362e-001
2.2550e+003 1.7355e-001
2.2560e+003 1.7347e-001
2.2570e+003 1.7340e-001
2.2580e+003 1.7333e-001
2.2590e+003 1.7326e-001
2.2600e+003 1.7319e-001
2.2610e+003 1.7311e-001
2.2620e+003 1.7304e-001
2.2630e+003 1.7297e-001
2.2640e+003 1.7289e-001
2.2650e+003 1.7282e-001
2.2660e+003 1.7275e-001
2.2670e+003 1.7267e-001
2.2680e+003 1.7260e-001
2.2690e+003 1.7252e-001
2.2700e+003 1.7245e-001
2.2710e+003 1.7237e-001
2.2720e+003 1.7230e-001
2.2730e+003 1.7222e-001
2.2740e+003 1.7214e-001
2.2750e+003 1.7207e-001
2.2760e+003 1.7199e-001
2.2770e+003 1.7192e-001
2.2780e+003 1.7184e-001
2.2790e+003 1.7176e-001
2.2800e+003 1.7168e-001
2.2810e+003 1.7161e-001
2.2820e+003 1.7153e-001
2.2830e+003 1.7145e-001
2.2840e+003 1.7137e-001
2.2850e+003 1.7129e-001
2.2860e+003 1.7121e-001
2.2870e+003 1.7113e-001
2.2880e+003 1.7105e-001
2.2890e+003 1.7098e-001
2.2900e+003 1.7090e-001
2.2910e+003 1.7082e-001
2.2920e+003 1.7073e-001
2.2930e+003 1.7065e-001
2.2940e+003 1.7057e-001
2.2950e+003 1.7049e-001
2.2960e+003 1.7041e-001
2.2970e+003 1.7033e-001
2.2980e+003 1.7025e-001
2.2990e+003 1.7017e-001
2.3000e+003 1.7008e-001
2.3010e+003 1.7000e-001
2.3020e+003 1.6992e-001
2.3030e+003 1.6983e-001
2.3040e+003 1.6975e-001
2.3050e+003 1.6967e-001
2.3060e+003 1.6958e-001
2.3070e+003 1.6950e-001
2.3080e+003 1.6942e-001
2.3090e+003 1.6933e-001
2.3100e+003 1.6925e-001
2.3110e+003 1.6916e-001
2.3120e+003 1.6908e-001
2.3130e+003 1.6899e-001
2.3140e+003 1.6891e-001
2.3150e+003 1.6882e-001
2.3160e+003 1.6873e-001
2.3170e+003 1.6865e-001
2.3180e+003 1.6856e-001
2.3190e+003 1.6847e-001
2.3200e+003 1.6839e-001
2.3210e+003 1.6830e-001
2.3220e+003 1.6821e-001
2.3230e+003 1.6812e-001
2.3240e+003 1.6804e-001
2.3250e+003 1.6795e-001
2.3260e+003 1.6786e-001
2.3270e+003 1.6777e-001
2.3280e+003 1.6768e-001
2.3290e+003 1.6759e-001
2.3300e+003 1.6750e-001
2.3310e+003 1.6741e-001
2.3320e+003 1.6732e-001
2.3330e+003 1.6723e-001
2.3340e+003 1.6714e-001
2.3350e+003 1.6705e-001
2.3360e+003 1.6696e-001
2.3370e+003 1.6687e-001
2.3380e+003 1.6678e-001
2.3390e+003 1.6669e-001
2.3400e+003 1.6660e-001
2.3410e+003 1.6651e-001
2.3420e+003 1.6641e-001
2.3430e+003 1.6632e-001
2.3440e+003 1.6623e-001
2.3450e+003 1.6614e-001
2.3460e+003 1.6604e-001
2.3470e+003 1.6595e-001
2.3480e+003 1.6586e-001
2.3490e+003 1.6576e-001
2.3500e+003 1.6567e-001
2.3510e+003 1.6558e-001
2.3520e+003 1.6548e-001
2.3530e+003 1.6539e-001
2.3540e+003 1.6529e-001
2.3550e+003 1.6520e-001
2.3560e+003 1.6510e-001
2.3570e+003 1.6501e-001
2.3580e+003 1.6491e-001
2.3590e+003 1.6482e-001
2.3600e+003 1.6472e-001
2.3610e+003 1.6462e-001
2.3620e+003 1.6453e-001
2.3630e+003 1.6443e-001
2.3640e+003 1.6433e-001
2.3650e+003 1.6424e-001
2.3660e+003 1.6414e-001
2.3670e+003 1.6404e-001
2.3680e+003 1.6395e-001
2.3690e+003 1.6385e-001
2.3700e+003 1.6375e-001
2.3710e+003 1.6365e-001
2.3720e+003 1.6355e-001
2.3730e+003 1.6345e-001
2.3740e+003 1.6335e-001
2.3750e+003 1.6326e-001
2.3760e+003 1.6316e-001
2.3770e+003 1.6306e-001
2.3780e+003 1.6296e-001
2.3790e+003 1.6286e-001
2.3800e+003 1.6276e-001
2.3810e+003 1.6266e-001
2.3820e+003 1.6256e-001
2.3830e+003 1.6246e-001
2.3840e+003 1.6235e-001
2.3850e+003 1.6225e-001
2.3860e+003 1.6215e-001
2.3870e+003 1.6205e-001
2.3880e+003 1.6195e-001
2.3890e+003 1.6185e-001
2.3900e+003 1.6174e-001
2.3910e+003 1.6164e-001
2.3920e+003 1.6154e-001
2.3930e+003 1.6144e-001
2.3940e+003 1.6133e-001
2.3950e+003 1.6123e-001
2.3960e+003 1.6113e-001
2.3970e+003 1.6102e-001
2.3980e+003 1.6092e-001
2.3990e+003 1.6082e-001
2.4000e+003 1.6071e-001
2.4010e+003 1.6061e-001
2.4020e+003 1.6050e-001
2.4030e+003 1.6040e-001
2.4040e+003 1.6029e-001
2.4050e+003 1.6019e-001
2.4060e+003 1.6008e-001
2.4070e+003 1.5998e-001
2.4080e+003 1.5987e-001
2.4090e+003 1.5977e-001
2.4100e+003 1.5966e-001
2.4110e+003 1.5955e-001
2.4120e+003 1.5945e-001
2.4130e+003 1.5934e-001
2.4140e+003 1.5923e-001
2.4150e+003 1.5913e-001
2.4160e+003 1.5902e-001
2.4170e+003 1.5891e-001
2.4180e+003 1.5880e-001
2.4190e+003 1.5870e-001
2.4200e+003 1.5859e-001
2.4210e+003 1.5848e-001
2.4220e+003 1.5837e-001
2.4230e+003 1.5826e-001
2.4240e+003 1.5816e-001
2.4250e+003 1.5805e-001
2.4260e+003 1.5794e-001
2.4270e+003 1.5783e-001
2.4280e+003 1.5772e-001
2.4290e+003 1.5761e-001
2.4300e+003 1.5750e-001
2.4310e+003 1.5739e-001
2.4320e+003 1.5728e-001
2.4330e+003 1.5717e-001
2.4340e+003 1.5706e-001
2.4350e+003 1.5695e-001
2.4360e+003 1.5684e-001
2.4370e+003 1.5673e-001
2.4380e+003 1.5661e-001
2.4390e+003 1.5650e-001
2.4400e+003 1.5639e-001
2.4410e+003 1.5628e-001
2.4420e+003 1.5617e-001
2.4430e+003 1.5606e-001
2.4440e+003 1.5594e-001
2.4450e+003 1.5583e-001
2.4460e+003 1.5572e-001
2.4470e+003 1.5561e-001
2.4480e+003 1.5549e-001
2.4490e+003 1.5538e-001
2.4500e+003 1.5527e-001
2.4510e+003 1.5515e-001
2.4520e+003 1.5504e-001
2.4530e+003 1.5492e-001
2.4540e+003 1.5481e-001
2.4550e+003 1.5470e-001
2.4560e+003 1.5458e-001
2.4570e+003 1.5447e-001
2.4580e+003 1.5435e-001
2.4590e+003 1.5424e-001
2.4600e+003 1.5412e-001
2.4610e+003 1.5401e-001
2.4620e+003 1.5389e-001
2.4630e+003 1.5378e-001
2.4640e+003 1.5366e-001
2.4650e+003 1.5355e-001
2.4660e+003 1.5343e-001
2.4670e+003 1.5331e-001
2.4680e+003 1.5320e-001
2.4690e+003 1.5308e-001
2.4700e+003 1.5296e-001
2.4710e+003 1.5285e-001
2.4720e+003 1.5273e-001
2.4730e+003 1.5261e-001
2.4740e+003 1.5250e-001
2.4750e+003 1.5238e-001
2.4760e+003 1.5226e-001
2.4770e+003 1.5214e-001
2.4780e+003 1.5202e-001
2.4790e+003 1.5191e-001
2.4800e+003 1.5179e-001
2.4810e+003 1.5167e-001
2.4820e+003 1.5155e-001
2.4830e+003 1.5143e-001
2.4840e+003 1.5131e-001
2.4850e+003 1.5119e-001
2.4860e+003 1.5108e-001
2.4870e+003 1.5096e-001
2.4880e+003 1.5084e-001
2.4890e+003 1.5072e-001
2.4900e+003 1.5060e-001
2.4910e+003 1.5048e-001
2.4920e+003 1.5036e-001
2.4930e+003 1.5024e-001
2.4940e+003 1.5012e-001
2.4950e+003 1.5000e-001
2.4960e+003 1.4988e-001
2.4970e+003 1.4975e-001
2.4980e+003 1.4963e-001
2.4990e+003 1.4951e-001
2.5000e+003 1.4939e-001
2.5010e+003 1.4927e-001
2.5020e+003 1.4915e-001
2.5030e+003 1.4903e-001
2.5040e+003 1.4890e-001
2.5050e+003 1.4878e-001
2.5060e+003 1.4866e-001
2.5070e+003 1.4854e-001
2.5080e+003 1.4842e-001
2.5090e+003 1.4829e-001
2.5100e+003 1.4817e-001
2.5110e+003 1.4805e-001
2.5120e+003 1.4792e-001
2.5130e+003 1.4780e-001
2.5140e+003 1.4768e-001
2.5150e+003 1.4755e-001
2.5160e+003 1.4743e-001
2.5170e+003 1.4731e-001
2.5180e+003 1.4718e-001
2.5190e+003 1.4706e-001
2.5200e+003 1.4694e-001
2.5210e+003 1.4681e-001
2.5220e+003 1.4669e-001
2.5230e+003 1.4656e-001
2.5240e+003 1.4644e-001
2.5250e+003 1.4631e-001
2.5260e+003 1.4619e-001
2.5270e+003 1.4606e-001
2.5280e+003 1.4594e-001
2.5290e+003 1.4581e-001
2.5300e+003 1.4569e-001
2.5310e+003 1.4556e-001
2.5320e+003 1.4544e-001
2.5330e+003 1.4531e-001
2.5340e+003 1.4518e-001
2.5350e+003 1.4506e-001
2.5360e+003 1.4493e-001
2.5370e+003 1.4480e-001
2.5380e+003 1.4468e-001
2.5390e+003 1.4455e-001
2.5400e+003 1.4443e-001
2.5410e+003 1.4430e-001
2.5420e+003 1.4417e-001
2.5430e+003 1.4404e-001
2.5440e+003 1.4392e-001
2.5450e+003 1.4379e-001
2.5460e+003 1.4366e-001
2.5470e+003 1.4353e-001
2.5480e+003 1.4341e-001
2.5490e+003 1.4328e-001
2.5500e+003 1.4315e-001
2.5510e+003 1.4302e-001
2.5520e+003 1.4289e-001
2.5530e+003 1.4277e-001
2.5540e+003 1.4264e-001
2.5550e+003 1.4251e-001
2.5560e+003 1.4238e-001
2.5570e+003 1.4225e-001
2.5580e+003 1.4212e-001
2.5590e+003 1.4199e-001
2.5600e+003 1.4186e-001
2.5610e+003 1.4174e-001
2.5620e+003 1.4161e-001
2.5630e+003 1.4148e-001
2.5640e+003 1.4135e-001
2.5650e+003 1.4122e-001
2.5660e+003 1.4109e-001
2.5670e+003 1.4096e-001
2.5680e+003 1.4083e-001
2.5690e+003 1.4070e-001
2.5700e+003 1.4057e-001
2.5710e+003 1.4044e-001
2.5720e+003 1.4031e-001
2.5730e+003 1.4018e-001
2.5740e+003 1.4005e-001
2.5750e+003 1.3991e-001
2.5760e+003 1.3978e-001
2.5770e+003 1.3965e-001
2.5780e+003 1.3952e-001
2.5790e+003 1.3939e-001
2.5800e+003 1.3926e-001
2.5810e+003 1.3913e-001
2.5820e+003 1.3900e-001
2.5830e+003 1.3886e-001
2.5840e+003 1.3873e-001
2.5850e+003 1.3860e-001
2.5860e+003 1.3847e-001
2.5870e+003 1.3834e-001
2.5880e+003 1.3820e-001
2.5890e+003 1.3807e-001
2.5900e+003 1.3794e-001
2.5910e+003 1.3781e-001
2.5920e+003 1.3768e-001
2.5930e+003 1.3754e-001
2.5940e+003 1.3741e-001
2.5950e+003 1.3728e-001
2.5960e+003 1.3714e-001
2.5970e+003 1.3701e-001
2.5980e+003 1.3688e-001
2.5990e+003 1.3674e-001
2.6000e+003 1.3661e-001
2.6010e+003 1.3648e-001
2.6020e+003 1.3634e-001
2.6030e+003 1.3621e-001
2.6040e+003 1.3608e-001
2.6050e+003 1.3594e-001
2.6060e+003 1.3581e-001
2.6070e+003 1.3568e-001
2.6080e+003 1.3554e-001
2.6090e+003 1.3541e-001
2.6100e+003 1.3527e-001
2.6110e+003 1.3514e-001
2.6120e+003 1.3500e-001
2.6130e+003 1.3487e-001
2.6140e+003 1.3474e-001
2.6150e+003 1.3460e-001
2.6160e+003 1.3447e-001
2.6170e+003 1.3433e-001
2.6180e+003 1.3420e-001
2.6190e+003 1.3406e-001
2.6200e+003 1.3393e-001
2.6210e+003 1.3379e-001
2.6220e+003 1.3366e-001
2.6230e+003 1.3352e-001
2.6240e+003 1.3339e-001
2.6250e+003 1.3325e-001
2.6260e+003 1.3311e-001
2.6270e+003 1.3298e-001
2.6280e+003 1.3284e-001
2.6290e+003 1.3271e-001
2.6300e+003 1.3257e-001
2.6310e+003 1.3243e-001
2.6320e+003 1.3230e-001
2.6330e+003 1.3216e-001
2.6340e+003 1.3203e-001
2.6350e+003 1.3189e-001
2.6360e+003 1.3175e-001
2.6370e+003 1.3162e-001
2.6380e+003 1.3148e-001
2.6390e+003 1.3134e-001
2.6400e+003 1.3121e-001
2.6410e+003 1.3107e-001
2.6420e+003 1.3093e-001
2.6430e+003 1.3080e-001
2.6440e+003 1.3066e-001
2.6450e+003 1.3052e-001
2.6460e+003 1.3039e-001
2.6470e+003 1.3025e-001
2.6480e+003 1.3011e-001
2.6490e+003 1.2997e-001
2.6500e+003 1.2984e-001
2.6510e+003 1.2970e-001
2.6520e+003 1.2956e-001
2.6530e+003 1.2943e-001
2.6540e+003 1.2929e-001
2.6550e+003 1.2915e-001
2.6560e+003 1.2901e-001
2.6570e+003 1.2887e-001
2.6580e+003 1.2874e-001
2.6590e+003 1.2860e-001
2.6600e+003 1.2846e-001
2.6610e+003 1.2832e-001
2.6620e+003 1.2818e-001
2.6630e+003 1.2805e-001
2.6640e+003 1.2791e-001
2.6650e+003 1.2777e-001
2.6660e+003 1.2763e-001
2.6670e+003 1.2749e-001
2.6680e+003 1.2735e-001
2.6690e+003 1.2722e-001
2.6700e+003 1.2708e-001
2.6710e+003 1.2694e-001
2.6720e+003 1.2680e-001
2.6730e+003 1.2666e-001
2.6740e+003 1.2652e-001
2.6750e+003 1.2638e-001
2.6760e+003 1.2624e-001
2.6770e+003 1.2611e-001
2.6780e+003 1.2597e-001
2.6790e+003 1.2583e-001
2.6800e+003 1.2569e-001
2.6810e+003 1.2555e-001
2.6820e+003 1.2541e-001
2.6830e+003 1.2527e-001
2.6840e+003 1.2513e-001
2.6850e+003 1.2499e-001
2.6860e+003 1.2485e-001
2.6870e+003 1.2471e-001
2.6880e+003 1.2457e-001
2.6890e+003 1.2443e-001
2.6900e+003 1.2429e-001
2.6910e+003 1.2415e-001
2.6920e+003 1.2401e-001
2.6930e+003 1.2388e-001
2.6940e+003 1.2374e-001
2.6950e+003 1.2360e-001
2.6960e+003 1.2346e-001
2.6970e+003 1.2332e-001
2.6980e+003 1.2318e-001
2.6990e+003 1.2304e-001
2.7000e+003 1.2290e-001
2.7010e+003 1.2276e-001
2.7020e+003 1.2262e-001
2.7030e+003 1.2247e-001
2.7040e+003 1.2233e-001
2.7050e+003 1.2219e-001
2.7060e+003 1.2205e-001
2.7070e+003 1.2191e-001
2.7080e+003 1.2177e-001
2.7090e+003 1.2163e-001
2.7100e+003 1.2149e-001
2.7110e+003 1.2135e-001
2.7120e+003 1.2121e-001
2.7130e+003 1.2107e-001
2.7140e+003 1.2093e-001
2.7150e+003 1.2079e-001
2.7160e+003 1.2065e-001
2.7170e+003 1.2051e-001
2.7180e+003 1.2037e-001
2.7190e+003 1.2023e-001
2.7200e+003 1.2009e-001
2.7210e+003 1.1995e-001
2.7220e+003 1.1980e-001
2.7230e+003 1.1966e-001
2.7240e+003 1.1952e-001
2.7250e+003 1.1938e-001
2.7260e+003 1.1924e-001
2.7270e+003 1.1910e-001
2.7280e+003 1.1896e-001
2.7290e+003 1.1882e-001
2.7300e+003 1.1868e-001
2.7310e+003 1.1854e-001
2.7320e+003 1.1839e-001
2.7330e+003 1.1825e-001
2.7340e+003 1.1811e-001
2.7350e+003 1.1797e-001
2.7360e+003 1.1783e-001
2.7370e+003 1.1769e-001
2.7380e+003 1.1755e-001
2.7390e+003 1.1741e-001
2.7400e+003 1.1726e-001
2.7410e+003 1.1712e-001
2.7420e+003 1.1698e-001
2.7430e+003 1.1684e-001
2.7440e+003 1.1670e-001
2.7450e+003 1.1656e-001
2.7460e+003 1.1642e-001
2.7470e+003 1.1627e-001
2.7480e+003 1.1613e-001
2.7490e+003 1.1599e-001
2.7500e+003 1.1585e-001
2.7510e+003 1.1571e-001
2.7520e+003 1.1557e-001
2.7530e+003 1.1542e-001
2.7540e+003 1.1528e-001
2.7550e+003 1.1514e-001
2.7560e+003 1.1500e-001
2.7570e+003 1.1486e-001
2.7580e+003 1.1472e-001
2.7590e+003 1.1457e-001
2.7600e+003 1.1443e-001
2.7610e+003 1.1429e-001
2.7620e+003 1.1415e-001
2.7630e+003 1.1401e-001
2.7640e+003 1.1387e-001
2.7650e+003 1.1372e-001
2.7660e+003 1.1358e-001
2.7670e+003 1.1344e-001
2.7680e+003 1.1330e-001
2.7690e+003 1.1316e-001
2.7700e+003 1.1302e-001
2.7710e+003 1.1287e-001
2.7720e+003 1.1273e-001
2.7730e+003 1.1259e-001
2.7740e+003 1.1245e-001
2.7750e+003 1.1231e-001
2.7760e+003 1.1216e-001
2.7770e+003 1.1202e-001
2.7780e+003 1.1188e-001
2.7790e+003 1.1174e-001
2.7800e+003 1.1160e-001
2.7810e+003 1.1146e-001
2.7820e+003 1.1131e-001
2.7830e+003 1.1117e-001
2.7840e+003 1.1103e-001
2.7850e+003 1.1089e-001
2.7860e+003 1.1075e-001
2.7870e+003 1.1060e-001
2.7880e+003 1.1046e-001
2.7890e+003 1.1032e-001
2.7900e+003 1.1018e-001
2.7910e+003 1.1004e-001
2.7920e+003 1.0990e-001
2.7930e+003 1.0975e-001
2.7940e+003 1.0961e-001
2.7950e+003 1.0947e-001
2.7960e+003 1.0933e-001
2.7970e+003 1.0919e-001
2.7980e+003 1.0904e-001
2.7990e+003 1.0890e-001
2.8000e+003 1.0876e-001
2.8010e+003 1.0862e-001
2.8020e+003 1.0848e-001
2.8030e+003 1.0834e-001
2.8040e+003 1.0819e-001
2.8050e+003 1.0805e-001
2.8060e+003 1.0791e-001
2.8070e+003 1.0777e-001
2.8080e+003 1.0763e-001
2.8090e+003 1.0748e-001
2.8100e+003 1.0734e-001
2.8110e+003 1.0720e-001
2.8120e+003 1.0706e-001
2.8130e+003 1.0692e-001
2.8140e+003 1.0678e-001
2.8150e+003 1.0663e-001
2.8160e+003 1.0649e-001
2.8170e+003 1.0635e-001
2.8180e+003 1.0621e-001
2.8190e+003 1.0607e-001
2.8200e+003 1.0593e-001
2.8210e+003 1.0579e-001
2.8220e+003 1.0564e-001
2.8230e+003 1.0550e-001
2.8240e+003 1.0536e-001
2.8250e+003 1.0522e-001
2.8260e+003 1.0508e-001
2.8270e+003 1.0494e-001
2.8280e+003 1.0479e-001
2.8290e+003 1.0465e-001
2.8300e+003 1.0451e-001
2.8310e+003 1.0437e-001
2.8320e+003 1.0423e-001
2.8330e+003 1.0409e-001
2.8340e+003 1.0395e-001
2.8350e+003 1.0381e-001
2.8360e+003 1.0366e-001
2.8370e+003 1.0352e-001
2.8380e+003 1.0338e-001
2.8390e+003 1.0324e-001
2.8400e+003 1.0310e-001
2.8410e+003 1.0296e-001
2.8420e+003 1.0282e-001
2.8430e+003 1.0268e-001
2.8440e+003 1.0253e-001
2.8450e+003 1.0239e-001
2.8460e+003 1.0225e-001
2.8470e+003 1.0211e-001
2.8480e+003 1.0197e-001
2.8490e+003 1.0183e-001
2.8500e+003 1.0169e-001
2.8510e+003 1.0155e-001
2.8520e+003 1.0141e-001
2.8530e+003 1.0127e-001
2.8540e+003 1.0113e-001
2.8550e+003 1.0098e-001
2.8560e+003 1.0084e-001
2.8570e+003 1.0070e-001
2.8580e+003 1.0056e-001
2.8590e+003 1.0042e-001
2.8600e+003 1.0028e-001
2.8610e+003 1.0014e-001
2.8620e+003 1.0000e-001
2.8630e+003 9.9859e-002
2.8640e+003 9.9719e-002
2.8650e+003 9.9579e-002
2.8660e+003 9.9438e-002
2.8670e+003 9.9298e-002
2.8680e+003 9.9157e-002
2.8690e+003 9.9017e-002
2.8700e+003 9.8877e-002
2.8710e+003 9.8737e-002
2.8720e+003 9.8596e-002
2.8730e+003 9.8456e-002
2.8740e+003 9.8316e-002
2.8750e+003 9.8176e-002
2.8760e+003 9.8036e-002
2.8770e+003 9.7896e-002
2.8780e+003 9.7756e-002
2.8790e+003 9.7616e-002
2.8800e+003 9.7476e-002
2.8810e+003 9.7337e-002
2.8820e+003 9.7197e-002
2.8830e+003 9.7057e-002
2.8840e+003 9.6917e-002
2.8850e+003 9.6778e-002
2.8860e+003 9.6638e-002
2.8870e+003 9.6498e-002
2.8880e+003 9.6359e-002
2.8890e+003 9.6219e-002
2.8900e+003 9.6080e-002
2.8910e+003 9.5941e-002
2.8920e+003 9.5801e-002
2.8930e+003 9.5662e-002
2.8940e+003 9.5523e-002
2.8950e+003 9.5383e-002
2.8960e+003 9.5244e-002
2.8970e+003 9.5105e-002
2.8980e+003 9.4966e-002
2.8990e+003 9.4827e-002
2.9000e+003 9.4688e-002
2.9010e+003 9.4549e-002
2.9020e+003 9.4410e-002
2.9030e+003 9.4271e-002
2.9040e+003 9.4133e-002
2.9050e+003 9.3994e-002
2.9060e+003 9.3855e-002
2.9070e+003 9.3716e-002
2.9080e+003 9.3578e-002
2.9090e+003 9.3439e-002
2.9100e+003 9.3301e-002
2.9110e+003 9.3162e-002
2.9120e+003 9.3024e-002
2.9130e+003 9.2886e-002
2.9140e+003 9.2748e-002
2.9150e+003 9.2609e-002
2.9160e+003 9.2471e-002
2.9170e+003 9.2333e-002
2.9180e+003 9.2195e-002
2.9190e+003 9.2057e-002
2.9200e+003 9.1919e-002
2.9210e+003 9.1781e-002
2.9220e+003 9.1643e-002
2.9230e+003 9.1506e-002
2.9240e+003 9.1368e-002
2.9250e+003 9.1230e-002
2.9260e+003 9.1093e-002
2.9270e+003 9.0955e-002
2.9280e+003 9.0818e-002
2.9290e+003 9.0680e-002
2.9300e+003 9.0543e-002
2.9310e+003 9.0406e-002
2.9320e+003 9.0268e-002
2.9330e+003 9.0131e-002
2.9340e+003 8.9994e-002
2.9350e+003 8.9857e-002
2.9360e+003 8.9720e-002
2.9370e+003 8.9583e-002
2.9380e+003 8.9446e-002
2.9390e+003 8.9310e-002
2.9400e+003 8.9173e-002
2.9410e+003 8.9036e-002
2.9420e+003 8.8900e-002
2.9430e+003 8.8763e-002
2.9440e+003 8.8626e-002
2.9450e+003 8.8490e-002
2.9460e+003 8.8354e-002
2.9470e+003 8.8217e-002
2.9480e+003 8.8081e-002
2.9490e+003 8.7945e-002
2.9500e+003 8.7809e-002
2.9510e+003 8.7673e-002
2.9520e+003 8.7537e-002
2.9530e+003 8.7401e-002
2.9540e+003 8.7265e-002
2.9550e+003 8.7130e-002
2.9560e+003 8.6994e-002
2.9570e+003 8.6858e-002
2.9580e+003 8.6723e-002
2.9590e+003 8.6587e-002
2.9600e+003 8.6452e-002
2.9610e+003 8.6317e-002
2.9620e+003 8.6181e-002
2.9630e+003 8.6046e-002
2.9640e+003 8.5911e-002
2.9650e+003 8.5776e-002
2.9660e+003 8.5641e-002
2.9670e+003 8.5506e-002
2.9680e+003 8.5371e-002
2.9690e+003 8.5236e-002
2.9700e+003 8.5102e-002
2.9710e+003 8.4967e-002
2.9720e+003 8.4833e-002
2.9730e+003 8.4698e-002
2.9740e+003 8.4564e-002
2.9750e+003 8.4429e-002
2.9760e+003 8.4295e-002
2.9770e+003 8.4161e-002
2.9780e+003 8.4027e-002
2.9790e+003 8.3893e-002
2.9800e+003 8.3759e-002
2.9810e+003 8.3625e-002
2.9820e+003 8.3491e-002
2.9830e+003 8.3358e-002
2.9840e+003 8.3224e-002
2.9850e+003 8.3091e-002
2.9860e+003 8.2957e-002
2.9870e+003 8.2824e-002
2.9880e+003 8.2690e-002
2.9890e+003 8.2557e-002
2.9900e+003 8.2424e-002
2.9910e+003 8.2291e-002
2.9920e+003 8.2158e-002
2.9930e+003 8.2025e-002
2.9940e+003 8.1892e-002
2.9950e+003 8.1759e-002
2.9960e+003 8.1627e-002
2.9970e+003 8.1494e-002
2.9980e+003 8.1362e-002
2.9990e+003 8.1229e-002
3.0000e+003 8.1097e-002
3.0010e+003 8.0965e-002
3.0020e+003 8.0833e-002
3.0030e+003 8.0700e-002
3.0040e+003 8.0568e-002
3.0050e+003 8.0437e-002
3.0060e+003 8.0305e-002
3.0070e+003 8.0173e-002
3.0080e+003 8.0041e-002
3.0090e+003 7.9910e-002
3.0100e+003 7.9778e-002
3.0110e+003 7.9647e-002
3.0120e+003 7.9516e-002
3.0130e+003 7.9384e-002
3.0140e+003 7.9253e-002
3.0150e+003 7.9122e-002
3.0160e+003 7.8991e-002
3.0170e+003 7.8860e-002
3.0180e+003 7.8729e-002
3.0190e+003 7.8599e-002
3.0200e+003 7.8468e-002
3.0210e+003 7.8338e-002
3.0220e+003 7.8207e-002
3.0230e+003 7.8077e-002
3.0240e+003 7.7946e-002
3.0250e+003 7.7816e-002
3.0260e+003 7.7686e-002
3.0270e+003 7.7556e-002
3.0280e+003 7.7426e-002
3.0290e+003 7.7297e-002
3.0300e+003 7.7167e-002
3.0310e+003 7.7037e-002
3.0320e+003 7.6908e-002
3.0330e+003 7.6778e-002
3.0340e+003 7.6649e-002
3.0350e+003 7.6520e-002
3.0360e+003 7.6390e-002
3.0370e+003 7.6261e-002
3.0380e+003 7.6132e-002
3.0390e+003 7.6003e-002
3.0400e+003 7.5875e-002
3.0410e+003 7.5746e-002
3.0420e+003 7.5617e-002
3.0430e+003 7.5489e-002
3.0440e+003 7.5360e-002
3.0450e+003 7.5232e-002
3.0460e+003 7.5104e-002
3.0470e+003 7.4976e-002
3.0480e+003 7.4848e-002
3.0490e+003 7.4720e-002
3.0500e+003 7.4592e-002
3.0510e+003 7.4464e-002
3.0520e+003 7.4337e-002
3.0530e+003 7.4209e-002
3.0540e+003 7.4082e-002
3.0550e+003 7.3954e-002
3.0560e+003 7.3827e-002
3.0570e+003 7.3700e-002
3.0580e+003 7.3573e-002
3.0590e+003 7.3446e-002
3.0600e+003 7.3319e-002
3.0610e+003 7.3192e-002
3.0620e+003 7.3066e-002
3.0630e+003 7.2939e-002
3.0640e+003 7.2813e-002
3.0650e+003 7.2686e-002
3.0660e+003 7.2560e-002
3.0670e+003 7.2434e-002
3.0680e+003 7.2308e-002
3.0690e+003 7.2182e-002
3.0700e+003 7.2056e-002
3.0710e+003 7.1930e-002
3.0720e+003 7.1804e-002
3.0730e+003 7.1679e-002
3.0740e+003 7.1553e-002
3.0750e+003 7.1428e-002
3.0760e+003 7.1303e-002
3.0770e+003 7.1178e-002
3.0780e+003 7.1053e-002
3.0790e+003 7.0928e-002
3.0800e+003 7.0803e-002
3.0810e+003 7.0678e-002
3.0820e+003 7.0554e-002
3.0830e+003 7.0429e-002
3.0840e+003 7.0305e-002
3.0850e+003 7.0180e-002
3.0860e+003 7.0056e-002
3.0870e+003 6.9932e-002
3.0880e+003 6.9808e-002
3.0890e+003 6.9684e-002
3.0900e+003 6.9560e-002
3.0910e+003 6.9437e-002
3.0920e+003 6.9313e-002
3.0930e+003 6.9190e-002
3.0940e+003 6.9066e-002
3.0950e+003 6.8943e-002
3.0960e+003 6.8820e-002
3.0970e+003 6.8697e-002
3.0980e+003 6.8574e-002
3.0990e+003 6.8451e-002
3.1000e+003 6.8328e-002
3.1010e+003 6.8206e-002
3.1020e+003 6.8083e-002
3.1030e+003 6.7961e-002
3.1040e+003 6.7839e-002
3.1050e+003 6.7717e-002
3.1060e+003 6.7594e-002
3.1070e+003 6.7472e-002
3.1080e+003 6.7351e-002
3.1090e+003 6.7229e-002
3.1100e+003 6.7107e-002
3.1110e+003 6.6986e-002
3.1120e+003 6.6864e-002
3.1130e+003 6.6743e-002
3.1140e+003 6.6622e-002
3.1150e+003 6.6501e-002
3.1160e+003 6.6380e-002
3.1170e+003 6.6259e-002
3.1180e+003 6.6138e-002
3.1190e+003 6.6018e-002
3.1200e+003 6.5897e-002
3.1210e+003 6.5777e-002
3.1220e+003 6.5657e-002
3.1230e+003 6.5536e-002
3.1240e+003 6.5416e-002
3.1250e+003 6.5296e-002
3.1260e+003 6.5177e-002
3.1270e+003 6.5057e-002
3.1280e+003 6.4937e-002
3.1290e+003 6.4818e-002
3.1300e+003 6.4698e-002
3.1310e+003 6.4579e-002
3.1320e+003 6.4460e-002
3.1330e+003 6.4341e-002
3.1340e+003 6.4222e-002
3.1350e+003 6.4103e-002
3.1360e+003 6.3985e-002
3.1370e+003 6.3866e-002
3.1380e+003 6.3747e-002
3.1390e+003 6.3629e-002
3.1400e+003 6.3511e-002
3.1410e+003 6.3393e-002
3.1420e+003 6.3275e-002
3.1430e+003 6.3157e-002
3.1440e+003 6.3039e-002
3.1450e+003 6.2922e-002
3.1460e+003 6.2804e-002
3.1470e+003 6.2687e-002
3.1480e+003 6.2569e-002
3.1490e+003 6.2452e-002
3.1500e+003 6.2335e-002
3.1510e+003 6.2218e-002
3.1520e+003 6.2101e-002
3.1530e+003 6.1985e-002
3.1540e+003 6.1868e-002
3.1550e+003 6.1752e-002
3.1560e+003 6.1635e-002
3.1570e+003 6.1519e-002
3.1580e+003 6.1403e-002
3.1590e+003 6.1287e-002
3.1600e+003 6.1171e-002
3.1610e+003 6.1055e-002
3.1620e+003 6.0940e-002
3.1630e+003 6.0824e-002
3.1640e+003 6.0709e-002
3.1650e+003 6.0593e-002
3.1660e+003 6.0478e-002
3.1670e+003 6.0363e-002
3.1680e+003 6.0248e-002
3.1690e+003 6.0133e-002
3.1700e+003 6.0019e-002
3.1710e+003 5.9904e-002
3.1720e+003 5.9790e-002
3.1730e+003 5.9675e-002
3.1740e+003 5.9561e-002
3.1750e+003 5.9447e-002
3.1760e+003 5.9333e-002
3.1770e+003 5.9219e-002
3.1780e+003 5.9106e-002
3.1790e+003 5.8992e-002
3.1800e+003 5.8879e-002
3.1810e+003 5.8765e-002
3.1820e+003 5.8652e-002
3.1830e+003 5.8539e-002
3.1840e+003 5.8426e-002
3.1850e+003 5.8313e-002
3.1860e+003 5.8200e-002
3.1870e+003 5.8088e-002
3.1880e+003 5.7975e-002
3.1890e+003 5.7863e-002
3.1900e+003 5.7751e-002
3.1910e+003 5.7639e-002
3.1920e+003 5.7527e-002
3.1930e+003 5.7415e-002
3.1940e+003 5.7303e-002
3.1950e+003 5.7191e-002
3.1960e+003 5.7080e-002
3.1970e+003 5.6968e-002
3.1980e+003 5.6857e-002
3.1990e+003 5.6746e-002
3.2000e+003 5.6635e-002
3.2010e+003 5.6524e-002
3.2020e+003 5.6413e-002
3.2030e+003 5.6303e-002
3.2040e+003 5.6192e-002
3.2050e+003 5.6082e-002
3.2060e+003 5.5972e-002
3.2070e+003 5.5861e-002
3.2080e+003 5.5751e-002
3.2090e+003 5.5642e-002
3.2100e+003 5.5532e-002
3.2110e+003 5.5422e-002
3.2120e+003 5.5313e-002
3.2130e+003 5.5203e-002
3.2140e+003 5.5094e-002
3.2150e+003 5.4985e-002
3.2160e+003 5.4876e-002
3.2170e+003 5.4767e-002
3.2180e+003 5.4658e-002
3.2190e+003 5.4550e-002
3.2200e+003 5.4441e-002
3.2210e+003 5.4333e-002
3.2220e+003 5.4225e-002
3.2230e+003 5.4117e-002
3.2240e+003 5.4009e-002
3.2250e+003 5.3901e-002
3.2260e+003 5.3793e-002
3.2270e+003 5.3685e-002
3.2280e+003 5.3578e-002
3.2290e+003 5.3471e-002
3.2300e+003 5.3363e-002
3.2310e+003 5.3256e-002
3.2320e+003 5.3149e-002
3.2330e+003 5.3042e-002
3.2340e+003 5.2936e-002
3.2350e+003 5.2829e-002
3.2360e+003 5.2723e-002
3.2370e+003 5.2616e-002
3.2380e+003 5.2510e-002
3.2390e+003 5.2404e-002
3.2400e+003 5.2298e-002
3.2410e+003 5.2192e-002
3.2420e+003 5.2087e-002
3.2430e+003 5.1981e-002
3.2440e+003 5.1876e-002
3.2450e+003 5.1770e-002
3.2460e+003 5.1665e-002
3.2470e+003 5.1560e-002
3.2480e+003 5.1455e-002
3.2490e+003 5.1351e-002
3.2500e+003 5.1246e-002
3.2510e+003 5.1141e-002
3.2520e+003 5.1037e-002
3.2530e+003 5.0933e-002
3.2540e+003 5.0829e-002
3.2550e+003 5.0725e-002
3.2560e+003 5.0621e-002
3.2570e+003 5.0517e-002
3.2580e+003 5.0413e-002
3.2590e+003 5.0310e-002
3.2600e+003 5.0207e-002
3.2610e+003 5.0103e-002
3.2620e+003 5.0000e-002
3.2630e+003 4.9897e-002
3.2640e+003 4.9795e-002
3.2650e+003 4.9692e-002
3.2660e+003 4.9589e-002
3.2670e+003 4.9487e-002
3.2680e+003 4.9385e-002
3.2690e+003 4.9282e-002
3.2700e+003 4.9180e-002
3.2710e+003 4.9078e-002
3.2720e+003 4.8977e-002
3.2730e+003 4.8875e-002
3.2740e+003 4.8773e-002
3.2750e+003 4.8672e-002
3.2760e+003 4.8571e-002
3.2770e+003 4.8470e-002
3.2780e+003 4.8369e-002
3.2790e+003 4.8268e-002
3.2800e+003 4.8167e-002
3.2810e+003 4.8066e-002
3.2820e+003 4.7966e-002
3.2830e+003 4.7866e-002
3.2840e+003 4.7765e-002
3.2850e+003 4.7665e-002
3.2860e+003 4.7565e-002
3.2870e+003 4.7466e-002
3.2880e+003 4.7366e-002
3.2890e+003 4.7266e-002
3.2900e+003 4.7167e-002
3.2910e+003 4.7068e-002
3.2920e+003 4.6969e-002
3.2930e+003 4.6870e-002
3.2940e+003 4.6771e-002
3.2950e+003 4.6672e-002
3.2960e+003 4.6573e-002
3.2970e+003 4.6475e-002
3.2980e+003 4.6376e-002
3.2990e+003 4.6278e-002
3.3000e+003 4.6180e-002
3.3010e+003 4.6082e-002
3.3020e+003 4.5984e-002
3.3030e+003 4.5887e-002
3.3040e+003 4.5789e-002
3.3050e+003 4.5692e-002
3.3060e+003 4.5594e-002
3.3070e+003 4.5497e-002
3.3080e+003 4.5400e-002
3.3090e+003 4.5303e-002
3.3100e+003 4.5207e-002
3.3110e+003 4.5110e-002
3.3120e+003 4.5013e-002
3.3130e+003 4.4917e-002
3.3140e+003 4.4821e-002
3.3150e+003 4.4725e-002
3.3160e+003 4.4629e-002
3.3170e+003 4.4533e-002
3.3180e+003 4.4437e-002
3.3190e+003 4.4342e-002
3.3200e+003 4.4246e-002
3.3210e+003 4.4151e-002
3.3220e+003 4.4056e-002
3.3230e+003 4.3961e-002
3.3240e+003 4.3866e-002
3.3250e+003 4.3771e-002
3.3260e+003 4.3676e-002
3.3270e+003 4.3582e-002
3.3280e+003 4.3488e-002
3.3290e+003 4.3393e-002
3.3300e+003 4.3299e-002
3.3310e+003 4.3205e-002
3.3320e+003 4.3111e-002
3.3330e+003 4.3018e-002
3.3340e+003 4.2924e-002
3.3350e+003 4.2831e-002
3.3360e+003 4.2737e-002
3.3370e+003 4.2644e-002
3.3380e+003 4.2551e-002
3.3390e+003 4.2458e-002
3.3400e+003 4.2365e-002
3.3410e+003 4.2273e-002
3.3420e+003 4.2180e-002
3.3430e+003 4.2088e-002
3.3440e+003 4.1996e-002
3.3450e+003 4.1904e-002
3.3460e+003 4.1812e-002
3.3470e+003 4.1720e-002
3.3480e+003 4.1628e-002
3.3490e+003 4.1537e-002
3.3500e+003 4.1445e-002
3.3510e+003 4.1354e-002
3.3520e+003 4.1263e-002
3.3530e+003 4.1172e-002
3.3540e+003 4.1081e-002
3.3550e+003 4.0990e-002
3.3560e+003 4.0899e-002
3.3570e+003 4.0809e-002
3.3580e+003 4.0718e-002
3.3590e+003 4.0628e-002
3.3600e+003 4.0538e-002
3.3610e+003 4.0448e-002
3.3620e+003 4.0358e-002
3.3630e+003 4.0269e-002
3.3640e+003 4.0179e-002
3.3650e+003 4.0090e-002
3.3660e+003 4.0000e-002
3.3670e+003 3.9911e-002
3.3680e+003 3.9822e-002
3.3690e+003 3.9733e-002
3.3700e+003 3.9644e-002
3.3710e+003 3.9556e-002
3.3720e+003 3.9467e-002
3.3730e+003 3.9379e-002
3.3740e+003 3.9291e-002
3.3750e+003 3.9203e-002
3.3760e+003 3.9115e-002
3.3770e+003 3.9027e-002
3.3780e+003 3.8939e-002
3.3790e+003 3.8852e-002
3.3800e+003 3.8764e-002
3.3810e+003 3.8677e-002
3.3820e+003 3.8590e-002
3.3830e+003 3.8503e-002
3.3840e+003 3.8416e-002
3.3850e+003 3.8329e-002
3.3860e+003 3.8242e-002
3.3870e+003 3.8156e-002
3.3880e+003 3.8070e-002
3.3890e+003 3.7983e-002
3.3900e+003 3.7897e-002
3.3910e+003 3.7811e-002
3.3920e+003 3.7725e-002
3.3930e+003 3.7640e-002
3.3940e+003 3.7554e-002
3.3950e+003 3.7469e-002
3.3960e+003 3.7383e-002
3.3970e+003 3.7298e-002
3.3980e+003 3.7213e-002
3.3990e+003 3.7128e-002
3.4000e+003 3.7044e-002
3.4010e+003 3.6959e-002
3.4020e+003 3.6874e-002
3.4030e+003 3.6790e-002
3.4040e+003 3.6706e-002
3.4050e+003 3.6622e-002
3.4060e+003 3.6538e-002
3.4070e+003 3.6454e-002
3.4080e+003 3.6370e-002
3.4090e+003 3.6287e-002
3.4100e+003 3.6203e-002
3.4110e+003 3.6120e-002
3.4120e+003 3.6037e-002
3.4130e+003 3.5954e-002
3.4140e+003 3.5871e-002
3.4150e+003 3.5788e-002
3.4160e+003 3.5705e-002
3.4170e+003 3.5623e-002
3.4180e+003 3.5541e-002
3.4190e+003 3.5458e-002
3.4200e+003 3.5376e-002
3.4210e+003 3.5294e-002
3.4220e+003 3.5212e-002
3.4230e+003 3.5131e-002
3.4240e+003 3.5049e-002
3.4250e+003 3.4968e-002
3.4260e+003 3.4886e-002
3.4270e+003 3.4805e-002
3.4280e+003 3.4724e-002
3.4290e+003 3.4643e-002
3.4300e+003 3.4562e-002
3.4310e+003 3.4482e-002
3.4320e+003 3.4401e-002
3.4330e+003 3.4321e-002
3.4340e+003 3.4240e-002
3.4350e+003 3.4160e-002
3.4360e+003 3.4080e-002
3.4370e+003 3.4000e-002
3.4380e+003 3.3921e-002
3.4390e+003 3.3841e-002
3.4400e+003 3.3762e-002
3.4410e+003 3.3682e-002
3.4420e+003 3.3603e-002
3.4430e+003 3.3524e-002
3.4440e+003 3.3445e-002
3.4450e+003 3.3366e-002
3.4460e+003 3.3288e-002
3.4470e+003 3.3209e-002
3.4480e+003 3.3131e-002
3.4490e+003 3.3052e-002
3.4500e+003 3.2974e-002
3.4510e+003 3.2896e-002
3.4520e+003 3.2818e-002
3.4530e+003 3.2740e-002
3.4540e+003 3.2663e-002
3.4550e+003 3.2585e-002
3.4560e+003 3.2508e-002
3.4570e+003 3.2431e-002
3.4580e+003 3.2354e-002
3.4590e+003 3.2277e-002
3.4600e+003 3.2200e-002
3.4610e+003 3.2123e-002
3.4620e+003 3.2046e-002
3.4630e+003 3.1970e-002
3.4640e+003 3.1894e-002
3.4650e+003 3.1817e-002
3.4660e+003 3.1741e-002
3.4670e+003 3.1665e-002
3.4680e+003 3.1590e-002
3.4690e+003 3.1514e-002
3.4700e+003 3.1438e-002
3.4710e+003 3.1363e-002
3.4720e+003 3.1288e-002
3.4730e+003 3.1213e-002
3.4740e+003 3.1138e-002
3.4750e+003 3.1063e-002
3.4760e+003 3.0988e-002
3.4770e+003 3.0913e-002
3.4780e+003 3.0839e-002
3.4790e+003 3.0764e-002
3.4800e+003 3.0690e-002
3.4810e+003 3.0616e-002
3.4820e+003 3.0542e-002
3.4830e+003 3.0468e-002
3.4840e+003 3.0394e-002
3.4850e+003 3.0321e-002
3.4860e+003 3.0247e-002
3.4870e+003 3.0174e-002
3.4880e+003 3.0101e-002
3.4890e+003 3.0028e-002
3.4900e+003 2.9955e-002
3.4910e+003 2.9882e-002
3.4920e+003 2.9809e-002
3.4930e+003 2.9736e-002
3.4940e+003 2.9664e-002
3.4950e+003 2.9592e-002
3.4960e+003 2.9519e-002
3.4970e+003 2.9447e-002
3.4980e+003 2.9375e-002
3.4990e+003 2.9304e-002
3.5000e+003 2.9232e-002
