1.7510e+003 3.0000e-003
1.7520e+003 3.0000e-003
1.7530e+003 3.0000e-003
1.7540e+003 3.0000e-003
1.7550e+003 3.0000e-003
1.7560e+003 3.0000e-003
1.7570e+003 3.0000e-003
1.7580e+003 3.0000e-003
1.7590e+003 3.0000e-003
1.7600e+003 3.0000e-003
1.7610e+003 3.0000e-003
1.7620e+003 3.0000e-003
1.7630e+003 3.0000e-003
1.7640e+003 3.0000e-003
1.7650e+003 3.0000e-003
1.7660e+003 3.0000e-003
1.7670e+003 3.0000e-003
1.7680e+003 3.0000e-003
1.7690e+003 3.0000e-003
1.7700e+003 3.0000e-003
1.7710e+003 4.0000e-003
1.7720e+003 4.0000e-003
1.7730e+003 4.0000e-003
1.7740e+003 4.0000e-003
1.7750e+003 4.0000e-003
1.7760e+003 4.0000e-003
1.7770e+003 4.0000e-003
1.7780e+003 4.0000e-003
1.7790e+003 4.0000e-003
1.7800e+003 4.0000e-003
1.7810e+003 5.0000e-003
1.7820e+003 5.0000e-003
1.7830e+003 5.0000e-003
1.7840e+003 5.0000e-003
1.7850e+003 5.0000e-003
1.7860e+003 5.0000e-003
1.7870e+003 5.0000e-003
1.7880e+003 5.0000e-003
1.7890e+003 5.0000e-003
1.7900e+003 5.0000e-003
1.7910e+003 6.0000e-003
1.7920e+003 6.0000e-003
1.7930e+003 6.0000e-003
1.7940e+003 6.0000e-003
1.7950e+003 6.0000e-003
1.7960e+003 6.0000e-003
1.7970e+003 7.0000e-003
1.7980e+003 7.0000e-003
1.7990e+003 7.0000e-003
1.8000e+003 8.0000e-003
1.8010e+003 8.0000e-003
1.8020e+003 1.0000e-002
1.8030e+003 9.0000e-003
1.8040e+003 9.0000e-003
1.8050e+003 9.0000e-003
1.8060e+003 1.0000e-002
1.8070e+003 1.0000e-002
1.8080e+003 1.0000e-002
1.8090e+003 1.0000e-002
1.8100e+003 1.0000e-002
1.8110e+003 1.1000e-002
1.8120e+003 1.1000e-002
1.8130e+003 1.1000e-002
1.8140e+003 1.1000e-002
1.8150e+003 1.2000e-002
1.8160e+003 1.3000e-002
1.8170e+003 1.4000e-002
1.8180e+003 1.4000e-002
1.8190e+003 1.4000e-002
1.8200e+003 1.4000e-002
1.8210e+003 1.4000e-002
1.8220e+003 1.5000e-002
1.8230e+003 1.6000e-002
1.8240e+003 1.6000e-002
1.8250e+003 1.7000e-002
1.8260e+003 1.7000e-002
1.8270e+003 1.8000e-002
1.8280e+003 1.8000e-002
1.8290e+003 1.8000e-002
1.8300e+003 2.4000e-002
1.8310e+003 2.3000e-002
1.8320e+003 2.3000e-002
1.8330e+003 2.4000e-002
1.8340e+003 2.4000e-002
1.8350e+003 2.5000e-002
1.8360e+003 2.9000e-002
1.8370e+003 2.9000e-002
1.8380e+003 3.0000e-002
1.8390e+003 3.1000e-002
1.8400e+003 3.3000e-002
1.8410e+003 3.4000e-002
1.8420e+003 3.6000e-002
1.8430e+003 3.7000e-002
1.8440e+003 3.9000e-002
1.8450e+003 4.3000e-002
1.8460e+003 4.3000e-002
1.8470e+003 4.6000e-002
1.8480e+003 4.7000e-002
1.8490e+003 5.0000e-002
1.8500e+003 5.4000e-002
1.8510e+003 5.4000e-002
1.8520e+003 5.7000e-002
1.8530e+003 5.9000e-002
1.8540e+003 6.9000e-002
1.8550e+003 7.1000e-002
1.8560e+003 7.6000e-002
1.8570e+003 7.7000e-002
1.8580e+003 7.8000e-002
1.8590e+003 8.3000e-002
1.8600e+003 9.1000e-002
1.8610e+003 9.5000e-002
1.8620e+003 9.7000e-002
1.8630e+003 1.0400e-001
1.8640e+003 1.1200e-001
1.8650e+003 1.1900e-001
1.8660e+003 1.2200e-001
1.8670e+003 1.3000e-001
1.8680e+003 1.3500e-001
1.8690e+003 1.4200e-001
1.8700e+003 1.4700e-001
1.8710e+003 1.5600e-001
1.8720e+003 1.7300e-001
1.8730e+003 1.8400e-001
1.8740e+003 1.7400e-001
1.8750e+003 1.8800e-001
1.8760e+003 1.9100e-001
1.8770e+003 1.9400e-001
1.8780e+003 1.9600e-001
1.8790e+003 2.1000e-001
1.8800e+003 2.3600e-001
1.8810e+003 2.4300e-001
1.8820e+003 2.5600e-001
1.8830e+003 2.7200e-001
1.8840e+003 2.7500e-001
1.8850e+003 2.7700e-001
1.8860e+003 2.8100e-001
1.8870e+003 2.9500e-001
1.8880e+003 3.2700e-001
1.8890e+003 3.2700e-001
1.8900e+003 3.5600e-001
1.8910e+003 3.7200e-001
1.8920e+003 3.7400e-001
1.8930e+003 3.7000e-001
1.8940e+003 3.8300e-001
1.8950e+003 4.0600e-001
1.8960e+003 4.1900e-001
1.8970e+003 4.4000e-001
1.8980e+003 4.6500e-001
1.8990e+003 5.0700e-001
1.9000e+003 5.3400e-001
1.9010e+003 5.5200e-001
1.9020e+003 5.6600e-001
1.9030e+003 6.1700e-001
1.9040e+003 6.2400e-001
1.9050e+003 6.6300e-001
1.9060e+003 7.0700e-001
1.9070e+003 7.8400e-001
1.9080e+003 7.5000e-001
1.9090e+003 7.8500e-001
1.9100e+003 8.1900e-001
1.9110e+003 8.3600e-001
1.9120e+003 8.7900e-001
1.9130e+003 9.4300e-001
1.9140e+003 8.5000e-001
1.9150e+003 8.3800e-001
1.9160e+003 9.0100e-001
1.9170e+003 9.5500e-001
1.9180e+003 9.3600e-001
1.9190e+003 8.0600e-001
1.9200e+003 9.3200e-001
1.9210e+003 8.0300e-001
1.9220e+003 8.4500e-001
1.9230e+003 9.7000e-001
1.9240e+003 9.6300e-001
1.9250e+003 9.7500e-001
1.9260e+003 9.8300e-001
1.9270e+003 1.0620e+000
1.9280e+003 1.0650e+000
1.9290e+003 1.1450e+000
1.9300e+003 1.0530e+000
1.9310e+003 9.4000e-001
1.9320e+003 8.4700e-001
1.9330e+003 8.9300e-001
1.9340e+003 9.7300e-001
1.9350e+003 1.0270e+000
1.9360e+003 1.1300e+000
1.9370e+003 1.2090e+000
1.9380e+003 1.1420e+000
1.9390e+003 1.1920e+000
1.9400e+003 1.2990e+000
1.9410e+003 1.3340e+000
1.9420e+003 1.3420e+000
1.9430e+003 1.3910e+000
1.9440e+003 1.3830e+000
1.9450e+003 1.1600e+000
1.9460e+003 1.2380e+000
1.9470e+003 1.3920e+000
1.9480e+003 1.4690e+000
1.9490e+003 1.4190e+000
1.9500e+003 1.6300e+000
1.9510e+003 1.7670e+000
1.9520e+003 1.7950e+000
1.9530e+003 1.8410e+000
1.9540e+003 1.8650e+000
1.9550e+003 2.0430e+000
1.9560e+003 2.1770e+000
1.9570e+003 2.2700e+000
1.9580e+003 2.3300e+000
1.9590e+003 2.4620e+000
1.9600e+003 2.5770e+000
1.9610e+003 2.5940e+000
1.9620e+003 2.7000e+000
1.9630e+003 2.8470e+000
1.9640e+003 3.0080e+000
1.9650e+003 3.1450e+000
1.9660e+003 3.3050e+000
1.9670e+003 3.4110e+000
1.9680e+003 3.5880e+000
1.9690e+003 3.8000e+000
1.9700e+003 4.0770e+000
1.9710e+003 4.2310e+000
1.9720e+003 4.3990e+000
1.9730e+003 4.6350e+000
1.9740e+003 4.6440e+000
1.9750e+003 4.6150e+000
1.9760e+003 4.8840e+000
1.9770e+003 5.0350e+000
1.9780e+003 5.1070e+000
1.9790e+003 5.4030e+000
1.9800e+003 5.3480e+000
1.9810e+003 5.1860e+000
1.9820e+003 5.1440e+000
1.9830e+003 5.1260e+000
1.9840e+003 5.3080e+000
1.9850e+003 5.4640e+000
1.9860e+003 5.6290e+000
1.9870e+003 5.7620e+000
1.9880e+003 5.9920e+000
1.9890e+003 6.1060e+000
1.9900e+003 6.1960e+000
1.9910e+003 6.3120e+000
1.9920e+003 6.1870e+000
1.9930e+003 6.2030e+000
1.9940e+003 6.3440e+000
1.9950e+003 6.4870e+000
1.9960e+003 6.6490e+000
1.9970e+003 6.8400e+000
1.9980e+003 6.7880e+000
1.9990e+003 6.8040e+000
2.0000e+003 6.9810e+000
2.0010e+003 7.1160e+000
2.0020e+003 7.1670e+000
2.0030e+003 7.5040e+000
2.0040e+003 7.9100e+000
2.0050e+003 7.8845e+000
2.0060e+003 7.8087e+000
2.0070e+003 7.6843e+000
2.0080e+003 7.5142e+000
2.0090e+003 7.3022e+000
2.0100e+003 7.0529e+000
2.0110e+003 6.7718e+000
2.0120e+003 6.4646e+000
2.0130e+003 6.1375e+000
2.0140e+003 5.7967e+000
2.0150e+003 5.4482e+000
2.0160e+003 5.0978e+000
2.0170e+003 4.7509e+000
2.0180e+003 4.4122e+000
2.0190e+003 4.0860e+000
2.0200e+003 3.7756e+000
2.0210e+003 3.4838e+000
2.0220e+003 3.2125e+000
2.0230e+003 2.9631e+000
2.0240e+003 2.7361e+000
2.0250e+003 2.5317e+000
2.0260e+003 2.3494e+000
2.0270e+003 2.1883e+000
2.0280e+003 2.0474e+000
2.0290e+003 1.9250e+000
2.0300e+003 1.8198e+000
2.0310e+003 1.7301e+000
2.0320e+003 1.6541e+000
2.0330e+003 1.5902e+000
2.0340e+003 1.5368e+000
2.0350e+003 1.4925e+000
2.0360e+003 1.4558e+000
2.0370e+003 1.4256e+000
2.0380e+003 1.4008e+000
2.0390e+003 1.3803e+000
2.0400e+003 1.3634e+000
2.0410e+003 1.3493e+000
2.0420e+003 1.3376e+000
2.0430e+003 1.3276e+000
2.0440e+003 1.3189e+000
2.0450e+003 1.3113e+000
2.0460e+003 1.3045e+000
2.0470e+003 1.2983e+000
2.0480e+003 1.2925e+000
2.0490e+003 1.2869e+000
2.0500e+003 1.2816e+000
2.0510e+003 1.2764e+000
2.0520e+003 1.2713e+000
2.0530e+003 1.2661e+000
2.0540e+003 1.2610e+000
2.0550e+003 1.2559e+000
2.0560e+003 1.2507e+000
2.0570e+003 1.2454e+000
2.0580e+003 1.2401e+000
2.0590e+003 1.2348e+000
2.0600e+003 1.2294e+000
2.0610e+003 1.2239e+000
2.0620e+003 1.2183e+000
2.0630e+003 1.2127e+000
2.0640e+003 1.2070e+000
2.0650e+003 1.2012e+000
2.0660e+003 1.1954e+000
2.0670e+003 1.1895e+000
2.0680e+003 1.1835e+000
2.0690e+003 1.1775e+000
2.0700e+003 1.1714e+000
2.0710e+003 1.1653e+000
2.0720e+003 1.1590e+000
2.0730e+003 1.1528e+000
2.0740e+003 1.1465e+000
2.0750e+003 1.1401e+000
2.0760e+003 1.1337e+000
2.0770e+003 1.1272e+000
2.0780e+003 1.1206e+000
2.0790e+003 1.1141e+000
2.0800e+003 1.1074e+000
2.0810e+003 1.1007e+000
2.0820e+003 1.0940e+000
2.0830e+003 1.0872e+000
2.0840e+003 1.0804e+000
2.0850e+003 1.0736e+000
2.0860e+003 1.0667e+000
2.0870e+003 1.0597e+000
2.0880e+003 1.0527e+000
2.0890e+003 1.0457e+000
2.0900e+003 1.0387e+000
2.0910e+003 1.0316e+000
2.0920e+003 1.0245e+000
2.0930e+003 1.0173e+000
2.0940e+003 1.0101e+000
2.0950e+003 1.0029e+000
2.0960e+003 9.9571e-001
2.0970e+003 9.8845e-001
2.0980e+003 9.8116e-001
2.0990e+003 9.7386e-001
2.1000e+003 9.6653e-001
2.1010e+003 9.5917e-001
2.1020e+003 9.5180e-001
2.1030e+003 9.4442e-001
2.1040e+003 9.3701e-001
2.1050e+003 9.2959e-001
2.1060e+003 9.2216e-001
2.1070e+003 9.1471e-001
2.1080e+003 9.0725e-001
2.1090e+003 8.9978e-001
2.1100e+003 8.9230e-001
2.1110e+003 8.8481e-001
2.1120e+003 8.7732e-001
2.1130e+003 8.6982e-001
2.1140e+003 8.6232e-001
2.1150e+003 8.5481e-001
2.1160e+003 8.4731e-001
2.1170e+003 8.3980e-001
2.1180e+003 8.3229e-001
2.1190e+003 8.2478e-001
2.1200e+003 8.1728e-001
2.1210e+003 8.0978e-001
2.1220e+003 8.0229e-001
2.1230e+003 7.9480e-001
2.1240e+003 7.8733e-001
2.1250e+003 7.7986e-001
2.1260e+003 7.7240e-001
2.1270e+003 7.6495e-001
2.1280e+003 7.5751e-001
2.1290e+003 7.5008e-001
2.1300e+003 7.4267e-001
2.1310e+003 7.3528e-001
2.1320e+003 7.2790e-001
2.1330e+003 7.2054e-001
2.1340e+003 7.1319e-001
2.1350e+003 7.0587e-001
2.1360e+003 6.9856e-001
2.1370e+003 6.9128e-001
2.1380e+003 6.8401e-001
2.1390e+003 6.7677e-001
2.1400e+003 6.6956e-001
2.1410e+003 6.6236e-001
2.1420e+003 6.5520e-001
2.1430e+003 6.4806e-001
2.1440e+003 6.4095e-001
2.1450e+003 6.3386e-001
2.1460e+003 6.2680e-001
2.1470e+003 6.1978e-001
2.1480e+003 6.1278e-001
2.1490e+003 6.0581e-001
2.1500e+003 5.9888e-001
2.1510e+003 5.9198e-001
2.1520e+003 5.8511e-001
2.1530e+003 5.7828e-001
2.1540e+003 5.7148e-001
2.1550e+003 5.6471e-001
2.1560e+003 5.5799e-001
2.1570e+003 5.5129e-001
2.1580e+003 5.4464e-001
2.1590e+003 5.3802e-001
2.1600e+003 5.3145e-001
2.1610e+003 5.2491e-001
2.1620e+003 5.1841e-001
2.1630e+003 5.1195e-001
2.1640e+003 5.0553e-001
2.1650e+003 4.9915e-001
2.1660e+003 4.9281e-001
2.1670e+003 4.8652e-001
2.1680e+003 4.8026e-001
2.1690e+003 4.7405e-001
2.1700e+003 4.6789e-001
2.1710e+003 4.6176e-001
2.1720e+003 4.5568e-001
2.1730e+003 4.4965e-001
2.1740e+003 4.4366e-001
2.1750e+003 4.3772e-001
2.1760e+003 4.3182e-001
2.1770e+003 4.2596e-001
2.1780e+003 4.2016e-001
2.1790e+003 4.1440e-001
2.1800e+003 4.0868e-001
2.1810e+003 4.0302e-001
2.1820e+003 3.9740e-001
2.1830e+003 3.9182e-001
2.1840e+003 3.8630e-001
2.1850e+003 3.8082e-001
2.1860e+003 3.7539e-001
2.1870e+003 3.7001e-001
2.1880e+003 3.6468e-001
2.1890e+003 3.5939e-001
2.1900e+003 3.5416e-001
2.1910e+003 3.4897e-001
2.1920e+003 3.4383e-001
2.1930e+003 3.3874e-001
2.1940e+003 3.3370e-001
2.1950e+003 3.2871e-001
2.1960e+003 3.2377e-001
2.1970e+003 3.1887e-001
2.1980e+003 3.1403e-001
2.1990e+003 3.0923e-001
2.2000e+003 3.0449e-001
2.2010e+003 2.9979e-001
2.2020e+003 2.9514e-001
2.2030e+003 2.9054e-001
2.2040e+003 2.8599e-001
2.2050e+003 2.8149e-001
2.2060e+003 2.7704e-001
2.2070e+003 2.7264e-001
2.2080e+003 2.6828e-001
2.2090e+003 2.6398e-001
2.2100e+003 2.5972e-001
2.2110e+003 2.5551e-001
2.2120e+003 2.5135e-001
2.2130e+003 2.4724e-001
2.2140e+003 2.4318e-001
2.2150e+003 2.3916e-001
2.2160e+003 2.3519e-001
2.2170e+003 2.3127e-001
2.2180e+003 2.2740e-001
2.2190e+003 2.2357e-001
2.2200e+003 2.1979e-001
2.2210e+003 2.1606e-001
2.2220e+003 2.1237e-001
2.2230e+003 2.0873e-001
2.2240e+003 2.0514e-001
2.2250e+003 2.0159e-001
2.2260e+003 1.9809e-001
2.2270e+003 1.9463e-001
2.2280e+003 1.9122e-001
2.2290e+003 1.8786e-001
2.2300e+003 1.8453e-001
2.2310e+003 1.8126e-001
2.2320e+003 1.7802e-001
2.2330e+003 1.7483e-001
2.2340e+003 1.7169e-001
2.2350e+003 1.6859e-001
2.2360e+003 1.6553e-001
2.2370e+003 1.6251e-001
2.2380e+003 1.5954e-001
2.2390e+003 1.5660e-001
2.2400e+003 1.5371e-001
2.2410e+003 1.5086e-001
2.2420e+003 1.4805e-001
2.2430e+003 1.4529e-001
2.2440e+003 1.4256e-001
2.2450e+003 1.3987e-001
2.2460e+003 1.3723e-001
2.2470e+003 1.3462e-001
2.2480e+003 1.3205e-001
2.2490e+003 1.2952e-001
2.2500e+003 1.2703e-001
2.2510e+003 1.2458e-001
2.2520e+003 1.2216e-001
2.2530e+003 1.1978e-001
2.2540e+003 1.1744e-001
2.2550e+003 1.1514e-001
2.2560e+003 1.1287e-001
2.2570e+003 1.1064e-001
2.2580e+003 1.0844e-001
2.2590e+003 1.0628e-001
2.2600e+003 1.0415e-001
2.2610e+003 1.0206e-001
2.2620e+003 1.0000e-001
2.2630e+003 9.7976e-002
2.2640e+003 9.5985e-002
2.2650e+003 9.4027e-002
2.2660e+003 9.2101e-002
2.2670e+003 9.0208e-002
2.2680e+003 8.8347e-002
2.2690e+003 8.6518e-002
2.2700e+003 8.4719e-002
2.2710e+003 8.2952e-002
2.2720e+003 8.1215e-002
2.2730e+003 7.9508e-002
2.2740e+003 7.7831e-002
2.2750e+003 7.6183e-002
2.2760e+003 7.4564e-002
2.2770e+003 7.2973e-002
2.2780e+003 7.1411e-002
2.2790e+003 6.9877e-002
2.2800e+003 6.8371e-002
2.2810e+003 6.6891e-002
2.2820e+003 6.5439e-002
2.2830e+003 6.4013e-002
2.2840e+003 6.2613e-002
2.2850e+003 6.1239e-002
2.2860e+003 5.9890e-002
2.2870e+003 5.8566e-002
2.2880e+003 5.7267e-002
2.2890e+003 5.5993e-002
2.2900e+003 5.4742e-002
2.2910e+003 5.3515e-002
2.2920e+003 5.2312e-002
2.2930e+003 5.1131e-002
2.2940e+003 4.9973e-002
2.2950e+003 4.8838e-002
2.2960e+003 4.7725e-002
2.2970e+003 4.6633e-002
2.2980e+003 4.5563e-002
2.2990e+003 4.4513e-002
2.3000e+003 4.3485e-002
2.3010e+003 4.2476e-002
2.3020e+003 4.1488e-002
2.3030e+003 4.0520e-002
2.3040e+003 3.9571e-002
2.3050e+003 3.8642e-002
2.3060e+003 3.7731e-002
2.3070e+003 3.6839e-002
2.3080e+003 3.5964e-002
2.3090e+003 3.5108e-002
2.3100e+003 3.4270e-002
2.3110e+003 3.3449e-002
2.3120e+003 3.2645e-002
2.3130e+003 3.1858e-002
2.3140e+003 3.1087e-002
2.3150e+003 3.0333e-002
2.3160e+003 2.9595e-002
2.3170e+003 2.8872e-002
2.3180e+003 2.8165e-002
2.3190e+003 2.7473e-002
2.3200e+003 2.6795e-002
2.3210e+003 2.6133e-002
2.3220e+003 2.5484e-002
2.3230e+003 2.4850e-002
2.3240e+003 2.4230e-002
2.3250e+003 2.3623e-002
2.3260e+003 2.3030e-002
2.3270e+003 2.2450e-002
2.3280e+003 2.1883e-002
2.3290e+003 2.1328e-002
2.3300e+003 2.0786e-002
2.3310e+003 2.0256e-002
2.3320e+003 1.9738e-002
2.3330e+003 1.9231e-002
2.3340e+003 1.8736e-002
2.3350e+003 1.8253e-002
2.3360e+003 1.7780e-002
2.3370e+003 1.7319e-002
2.3380e+003 1.6868e-002
2.3390e+003 1.6427e-002
2.3400e+003 1.5997e-002
2.3410e+003 1.5577e-002
2.3420e+003 1.5166e-002
2.3430e+003 1.4765e-002
2.3440e+003 1.4374e-002
2.3450e+003 1.3992e-002
2.3460e+003 1.3619e-002
2.3470e+003 1.3255e-002
2.3480e+003 1.2900e-002
2.3490e+003 1.2553e-002
2.3500e+003 1.2214e-002
2.3510e+003 1.1884e-002
2.3520e+003 1.1562e-002
2.3530e+003 1.1247e-002
2.3540e+003 1.0941e-002
2.3550e+003 1.0641e-002
2.3560e+003 1.0350e-002
2.3570e+003 1.0065e-002
2.3580e+003 9.7874e-003
2.3590e+003 9.5167e-003
2.3600e+003 9.2528e-003
2.3610e+003 8.9954e-003
2.3620e+003 8.7446e-003
2.3630e+003 8.5000e-003
2.3640e+003 8.2617e-003
2.3650e+003 8.0294e-003
2.3660e+003 7.8030e-003
2.3670e+003 7.5824e-003
2.3680e+003 7.3675e-003
2.3690e+003 7.1580e-003
2.3700e+003 6.9540e-003
2.3710e+003 6.7553e-003
2.3720e+003 6.5617e-003
2.3730e+003 6.3732e-003
2.3740e+003 6.1895e-003
2.3750e+003 6.0107e-003
2.3760e+003 5.8367e-003
2.3770e+003 5.6672e-003
2.3780e+003 5.5021e-003
2.3790e+003 5.3415e-003
2.3800e+003 5.1852e-003
2.3810e+003 5.0330e-003
2.3820e+003 4.8849e-003
2.3830e+003 4.7408e-003
2.3840e+003 4.6006e-003
2.3850e+003 4.4641e-003
2.3860e+003 4.3314e-003
2.3870e+003 4.2023e-003
2.3880e+003 4.0767e-003
2.3890e+003 3.9546e-003
2.3900e+003 3.8358e-003
2.3910e+003 3.7203e-003
2.3920e+003 3.6080e-003
2.3930e+003 3.4987e-003
2.3940e+003 3.3926e-003
2.3950e+003 3.2894e-003
2.3960e+003 3.1890e-003
2.3970e+003 3.0915e-003
2.3980e+003 2.9968e-003
2.3990e+003 2.9047e-003
2.4000e+003 2.8152e-003
2.4010e+003 2.7283e-003
2.4020e+003 2.6438e-003
2.4030e+003 2.5618e-003
2.4040e+003 2.4821e-003
2.4050e+003 2.4046e-003
2.4060e+003 2.3295e-003
2.4070e+003 2.2564e-003
2.4080e+003 2.1856e-003
2.4090e+003 2.1167e-003
2.4100e+003 2.0499e-003
2.4110e+003 1.9850e-003
2.4120e+003 1.9220e-003
2.4130e+003 1.8609e-003
2.4140e+003 1.8016e-003
2.4150e+003 1.7440e-003
2.4160e+003 1.6882e-003
2.4170e+003 1.6340e-003
2.4180e+003 1.5814e-003
2.4190e+003 1.5303e-003
2.4200e+003 1.4809e-003
2.4210e+003 1.4329e-003
2.4220e+003 1.3863e-003
2.4230e+003 1.3412e-003
2.4240e+003 1.2974e-003
2.4250e+003 1.2549e-003
2.4260e+003 1.2138e-003
2.4270e+003 1.1739e-003
2.4280e+003 1.1352e-003
2.4290e+003 1.0977e-003
2.4300e+003 1.0614e-003
2.4310e+003 1.0261e-003
2.4320e+003 9.9202e-004
2.4330e+003 9.5895e-004
2.4340e+003 9.2691e-004
2.4350e+003 8.9588e-004
2.4360e+003 8.6581e-004
2.4370e+003 8.3668e-004
2.4380e+003 8.0848e-004
2.4390e+003 7.8116e-004
2.4400e+003 7.5470e-004
2.4410e+003 7.2908e-004
2.4420e+003 7.0428e-004
2.4430e+003 6.8027e-004
2.4440e+003 6.5702e-004
2.4450e+003 6.3452e-004
2.4460e+003 6.1273e-004
2.4470e+003 5.9166e-004
2.4480e+003 5.7126e-004
2.4490e+003 5.5152e-004
2.4500e+003 5.3242e-004
2.4510e+003 5.1394e-004
2.4520e+003 4.9606e-004
2.4530e+003 4.7877e-004
2.4540e+003 4.6204e-004
2.4550e+003 4.4586e-004
2.4560e+003 4.3022e-004
2.4570e+003 4.1509e-004
2.4580e+003 4.0046e-004
2.4590e+003 3.8632e-004
2.4600e+003 3.7264e-004
2.4610e+003 3.5942e-004
2.4620e+003 3.4665e-004
2.4630e+003 3.3430e-004
2.4640e+003 3.2236e-004
2.4650e+003 3.1083e-004
2.4660e+003 2.9969e-004
2.4670e+003 2.8892e-004
2.4680e+003 2.7852e-004
2.4690e+003 2.6847e-004
2.4700e+003 2.5876e-004
2.4710e+003 2.4938e-004
2.4720e+003 2.4033e-004
2.4730e+003 2.3158e-004
2.4740e+003 2.2314e-004
2.4750e+003 2.1499e-004
2.4760e+003 2.0711e-004
2.4770e+003 1.9951e-004
2.4780e+003 1.9218e-004
2.4790e+003 1.8510e-004
2.4800e+003 1.7826e-004
2.4810e+003 1.7167e-004
2.4820e+003 1.6530e-004
2.4830e+003 1.5916e-004
2.4840e+003 1.5324e-004
2.4850e+003 1.4752e-004
2.4860e+003 1.4201e-004
2.4870e+003 1.3669e-004
2.4880e+003 1.3156e-004
2.4890e+003 1.2661e-004
2.4900e+003 1.2184e-004
2.4910e+003 1.1724e-004
2.4920e+003 1.1281e-004
2.4930e+003 1.0853e-004
2.4940e+003 1.0441e-004
2.4950e+003 1.0043e-004
2.4960e+003 9.6602e-005
2.4970e+003 9.2911e-005
2.4980e+003 8.9353e-005
2.4990e+003 8.5925e-005
2.5000e+003 8.2622e-005
2.5010e+003 7.9439e-005
2.5020e+003 7.6373e-005
2.5030e+003 7.3420e-005
2.5040e+003 7.0575e-005
2.5050e+003 6.7835e-005
2.5060e+003 6.5196e-005
2.5070e+003 6.2655e-005
2.5080e+003 6.0208e-005
2.5090e+003 5.7853e-005
2.5100e+003 5.5585e-005
2.5110e+003 5.3401e-005
2.5120e+003 5.1300e-005
2.5130e+003 4.9277e-005
2.5140e+003 4.7330e-005
2.5150e+003 4.5457e-005
2.5160e+003 4.3654e-005
2.5170e+003 4.1919e-005
2.5180e+003 4.0250e-005
2.5190e+003 3.8645e-005
2.5200e+003 3.7100e-005
2.5210e+003 3.5615e-005
2.5220e+003 3.4186e-005
2.5230e+003 3.2812e-005
2.5240e+003 3.1491e-005
2.5250e+003 3.0221e-005
2.5260e+003 2.8999e-005
2.5270e+003 2.7825e-005
2.5280e+003 2.6696e-005
2.5290e+003 2.5611e-005
2.5300e+003 2.4568e-005
2.5310e+003 2.3566e-005
2.5320e+003 2.2602e-005
2.5330e+003 2.1677e-005
2.5340e+003 2.0787e-005
2.5350e+003 1.9933e-005
2.5360e+003 1.9112e-005
2.5370e+003 1.8324e-005
2.5380e+003 1.7567e-005
2.5390e+003 1.6839e-005
2.5400e+003 1.6141e-005
2.5410e+003 1.5470e-005
2.5420e+003 1.4826e-005
2.5430e+003 1.4207e-005
2.5440e+003 1.3614e-005
2.5450e+003 1.3044e-005
2.5460e+003 1.2497e-005
2.5470e+003 1.1972e-005
2.5480e+003 1.1468e-005
2.5490e+003 1.0985e-005
2.5500e+003 1.0521e-005
2.5510e+003 1.0075e-005
2.5520e+003 9.6483e-006
2.5530e+003 9.2385e-006
2.5540e+003 8.8455e-006
2.5550e+003 8.4685e-006
2.5560e+003 8.1070e-006
2.5570e+003 7.7603e-006
2.5580e+003 7.4278e-006
2.5590e+003 7.1090e-006
2.5600e+003 6.8033e-006
2.5610e+003 6.5103e-006
2.5620e+003 6.2294e-006
2.5630e+003 5.9601e-006
2.5640e+003 5.7020e-006
2.5650e+003 5.4547e-006
2.5660e+003 5.2177e-006
2.5670e+003 4.9906e-006
2.5680e+003 4.7730e-006
2.5690e+003 4.5645e-006
2.5700e+003 4.3648e-006
2.5710e+003 4.1735e-006
2.5720e+003 3.9903e-006
2.5730e+003 3.8148e-006
2.5740e+003 3.6467e-006
2.5750e+003 3.4858e-006
2.5760e+003 3.3317e-006
2.5770e+003 3.1841e-006
2.5780e+003 3.0429e-006
2.5790e+003 2.9077e-006
2.5800e+003 2.7783e-006
2.5810e+003 2.6544e-006
2.5820e+003 2.5359e-006
2.5830e+003 2.4224e-006
2.5840e+003 2.3139e-006
2.5850e+003 2.2100e-006
2.5860e+003 2.1106e-006
2.5870e+003 2.0156e-006
2.5880e+003 1.9246e-006
2.5890e+003 1.8377e-006
2.5900e+003 1.7545e-006
2.5910e+003 1.6749e-006
2.5920e+003 1.5989e-006
2.5930e+003 1.5261e-006
2.5940e+003 1.4566e-006
2.5950e+003 1.3901e-006
2.5960e+003 1.3265e-006
2.5970e+003 1.2658e-006
2.5980e+003 1.2077e-006
2.5990e+003 1.1522e-006
2.6000e+003 1.0992e-006
2.6010e+003 1.0486e-006
2.6020e+003 1.0001e-006
2.6030e+003 9.5389e-007
2.6040e+003 9.0970e-007
2.6050e+003 8.6749e-007
2.6060e+003 8.2718e-007
2.6070e+003 7.8867e-007
2.6080e+003 7.5190e-007
2.6090e+003 7.1679e-007
2.6100e+003 6.8326e-007
2.6110e+003 6.5125e-007
2.6120e+003 6.2069e-007
2.6130e+003 5.9152e-007
2.6140e+003 5.6367e-007
2.6150e+003 5.3709e-007
2.6160e+003 5.1173e-007
2.6170e+003 4.8752e-007
2.6180e+003 4.6442e-007
2.6190e+003 4.4239e-007
2.6200e+003 4.2136e-007
2.6210e+003 4.0130e-007
2.6220e+003 3.8217e-007
2.6230e+003 3.6392e-007
2.6240e+003 3.4651e-007
2.6250e+003 3.2991e-007
2.6260e+003 3.1408e-007
2.6270e+003 2.9899e-007
2.6280e+003 2.8460e-007
2.6290e+003 2.7088e-007
2.6300e+003 2.5780e-007
2.6310e+003 2.4533e-007
2.6320e+003 2.3345e-007
2.6330e+003 2.2213e-007
2.6340e+003 2.1134e-007
2.6350e+003 2.0105e-007
2.6360e+003 1.9125e-007
2.6370e+003 1.8192e-007
2.6380e+003 1.7303e-007
2.6390e+003 1.6456e-007
2.6400e+003 1.5649e-007
2.6410e+003 1.4880e-007
2.6420e+003 1.4148e-007
2.6430e+003 1.3451e-007
2.6440e+003 1.2788e-007
2.6450e+003 1.2156e-007
2.6460e+003 1.1554e-007
2.6470e+003 1.0982e-007
2.6480e+003 1.0437e-007
2.6490e+003 9.9178e-008
2.6500e+003 9.4240e-008
2.6510e+003 8.9541e-008
2.6520e+003 8.5070e-008
2.6530e+003 8.0815e-008
2.6540e+003 7.6767e-008
2.6550e+003 7.2916e-008
2.6560e+003 6.9253e-008
2.6570e+003 6.5769e-008
2.6580e+003 6.2455e-008
2.6590e+003 5.9303e-008
2.6600e+003 5.6306e-008
2.6610e+003 5.3456e-008
2.6620e+003 5.0747e-008
2.6630e+003 4.8171e-008
2.6640e+003 4.5722e-008
2.6650e+003 4.3394e-008
2.6660e+003 4.1181e-008
2.6670e+003 3.9079e-008
2.6680e+003 3.7080e-008
2.6690e+003 3.5181e-008
2.6700e+003 3.3377e-008
2.6710e+003 3.1662e-008
2.6720e+003 3.0034e-008
2.6730e+003 2.8487e-008
2.6740e+003 2.7017e-008
2.6750e+003 2.5621e-008
2.6760e+003 2.4295e-008
2.6770e+003 2.3037e-008
2.6780e+003 2.1841e-008
2.6790e+003 2.0706e-008
2.6800e+003 1.9629e-008
2.6810e+003 1.8606e-008
2.6820e+003 1.7635e-008
2.6830e+003 1.6713e-008
2.6840e+003 1.5838e-008
2.6850e+003 1.5008e-008
2.6860e+003 1.4220e-008
2.6870e+003 1.3473e-008
2.6880e+003 1.2764e-008
2.6890e+003 1.2091e-008
2.6900e+003 1.1453e-008
2.6910e+003 1.0847e-008
2.6920e+003 1.0273e-008
2.6930e+003 9.7284e-009
2.6940e+003 9.2120e-009
2.6950e+003 8.7222e-009
2.6960e+003 8.2579e-009
2.6970e+003 7.8176e-009
2.6980e+003 7.4002e-009
2.6990e+003 7.0046e-009
2.7000e+003 6.6296e-009
2.7010e+003 6.2742e-009
2.7020e+003 5.9373e-009
2.7030e+003 5.6181e-009
2.7040e+003 5.3156e-009
2.7050e+003 5.0291e-009
2.7060e+003 4.7576e-009
2.7070e+003 4.5004e-009
2.7080e+003 4.2567e-009
2.7090e+003 4.0260e-009
2.7100e+003 3.8074e-009
2.7110e+003 3.6004e-009
2.7120e+003 3.4044e-009
2.7130e+003 3.2189e-009
2.7140e+003 3.0432e-009
2.7150e+003 2.8768e-009
2.7160e+003 2.7194e-009
2.7170e+003 2.5703e-009
2.7180e+003 2.4292e-009
2.7190e+003 2.2957e-009
2.7200e+003 2.1694e-009
2.7210e+003 2.0498e-009
2.7220e+003 1.9367e-009
2.7230e+003 1.8297e-009
2.7240e+003 1.7284e-009
2.7250e+003 1.6327e-009
2.7260e+003 1.5421e-009
2.7270e+003 1.4564e-009
2.7280e+003 1.3754e-009
2.7290e+003 1.2988e-009
2.7300e+003 1.2263e-009
2.7310e+003 1.1578e-009
2.7320e+003 1.0931e-009
2.7330e+003 1.0319e-009
2.7340e+003 9.7399e-010
2.7350e+003 9.1929e-010
2.7360e+003 8.6760e-010
2.7370e+003 8.1875e-010
2.7380e+003 7.7259e-010
2.7390e+003 7.2897e-010
2.7400e+003 6.8777e-010
2.7410e+003 6.4884e-010
2.7420e+003 6.1206e-010
2.7430e+003 5.7733e-010
2.7440e+003 5.4452e-010
2.7450e+003 5.1354e-010
2.7460e+003 4.8428e-010
2.7470e+003 4.5665e-010
2.7480e+003 4.3056e-010
2.7490e+003 4.0593e-010
2.7500e+003 3.8268e-010
2.7510e+003 3.6074e-010
2.7520e+003 3.4002e-010
2.7530e+003 3.2047e-010
2.7540e+003 3.0202e-010
2.7550e+003 2.8461e-010
2.7560e+003 2.6818e-010
2.7570e+003 2.5268e-010
2.7580e+003 2.3806e-010
2.7590e+003 2.2426e-010
2.7600e+003 2.1125e-010
2.7610e+003 1.9898e-010
2.7620e+003 1.8741e-010
2.7630e+003 1.7649e-010
2.7640e+003 1.6620e-010
2.7650e+003 1.5649e-010
2.7660e+003 1.4734e-010
2.7670e+003 1.3872e-010
2.7680e+003 1.3059e-010
2.7690e+003 1.2292e-010
2.7700e+003 1.1570e-010
2.7710e+003 1.0889e-010
2.7720e+003 1.0248e-010
2.7730e+003 9.6431e-011
2.7740e+003 9.0736e-011
2.7750e+003 8.5370e-011
2.7760e+003 8.0315e-011
2.7770e+003 7.5554e-011
2.7780e+003 7.1069e-011
2.7790e+003 6.6845e-011
2.7800e+003 6.2867e-011
2.7810e+003 5.9121e-011
2.7820e+003 5.5594e-011
2.7830e+003 5.2273e-011
2.7840e+003 4.9147e-011
2.7850e+003 4.6204e-011
2.7860e+003 4.3434e-011
2.7870e+003 4.0826e-011
2.7880e+003 3.8373e-011
2.7890e+003 3.6063e-011
2.7900e+003 3.3890e-011
2.7910e+003 3.1846e-011
2.7920e+003 2.9922e-011
2.7930e+003 2.8113e-011
2.7940e+003 2.6411e-011
2.7950e+003 2.4809e-011
2.7960e+003 2.3303e-011
2.7970e+003 2.1887e-011
2.7980e+003 2.0555e-011
2.7990e+003 1.9303e-011
2.8000e+003 1.8126e-011
2.8010e+003 1.7019e-011
2.8020e+003 1.5978e-011
2.8030e+003 1.5000e-011
2.8040e+003 1.4081e-011
2.8050e+003 1.3217e-011
2.8060e+003 1.2404e-011
2.8070e+003 1.1641e-011
2.8080e+003 1.0924e-011
2.8090e+003 1.0251e-011
2.8100e+003 9.6179e-012
2.8110e+003 9.0234e-012
2.8120e+003 8.4649e-012
2.8130e+003 7.9404e-012
2.8140e+003 7.4478e-012
2.8150e+003 6.9853e-012
2.8160e+003 6.5509e-012
2.8170e+003 6.1430e-012
2.8180e+003 5.7601e-012
2.8190e+003 5.4007e-012
2.8200e+003 5.0632e-012
2.8210e+003 4.7465e-012
2.8220e+003 4.4492e-012
2.8230e+003 4.1702e-012
2.8240e+003 3.9084e-012
2.8250e+003 3.6628e-012
2.8260e+003 3.4323e-012
2.8270e+003 3.2161e-012
2.8280e+003 3.0132e-012
2.8290e+003 2.8229e-012
2.8300e+003 2.6445e-012
2.8310e+003 2.4771e-012
2.8320e+003 2.3201e-012
2.8330e+003 2.1729e-012
2.8340e+003 2.0349e-012
2.8350e+003 1.9055e-012
2.8360e+003 1.7842e-012
2.8370e+003 1.6704e-012
2.8380e+003 1.5638e-012
2.8390e+003 1.4639e-012
2.8400e+003 1.3703e-012
2.8410e+003 1.2825e-012
2.8420e+003 1.2003e-012
2.8430e+003 1.1233e-012
2.8440e+003 1.0511e-012
2.8450e+003 9.8348e-013
2.8460e+003 9.2013e-013
2.8470e+003 8.6080e-013
2.8480e+003 8.0523e-013
2.8490e+003 7.5319e-013
2.8500e+003 7.0446e-013
2.8510e+003 6.5882e-013
2.8520e+003 6.1610e-013
2.8530e+003 5.7610e-013
2.8540e+003 5.3865e-013
2.8550e+003 5.0360e-013
2.8560e+003 4.7079e-013
2.8570e+003 4.4009e-013
2.8580e+003 4.1135e-013
2.8590e+003 3.8446e-013
2.8600e+003 3.5930e-013
2.8610e+003 3.3576e-013
2.8620e+003 3.1374e-013
2.8630e+003 2.9314e-013
2.8640e+003 2.7387e-013
2.8650e+003 2.5584e-013
2.8660e+003 2.3899e-013
2.8670e+003 2.2322e-013
2.8680e+003 2.0848e-013
2.8690e+003 1.9470e-013
2.8700e+003 1.8181e-013
2.8710e+003 1.6977e-013
2.8720e+003 1.5851e-013
2.8730e+003 1.4798e-013
2.8740e+003 1.3814e-013
2.8750e+003 1.2895e-013
2.8760e+003 1.2036e-013
2.8770e+003 1.1233e-013
2.8780e+003 1.0483e-013
2.8790e+003 9.7823e-014
2.8800e+003 9.1276e-014
2.8810e+003 8.5161e-014
2.8820e+003 7.9450e-014
2.8830e+003 7.4115e-014
2.8840e+003 6.9134e-014
2.8850e+003 6.4482e-014
2.8860e+003 6.0138e-014
2.8870e+003 5.6082e-014
2.8880e+003 5.2296e-014
2.8890e+003 4.8762e-014
2.8900e+003 4.5463e-014
2.8910e+003 4.2383e-014
2.8920e+003 3.9509e-014
2.8930e+003 3.6828e-014
2.8940e+003 3.4325e-014
2.8950e+003 3.1990e-014
2.8960e+003 2.9811e-014
2.8970e+003 2.7779e-014
2.8980e+003 2.5883e-014
2.8990e+003 2.4115e-014
2.9000e+003 2.2465e-014
2.9010e+003 2.0927e-014
2.9020e+003 1.9493e-014
2.9030e+003 1.8155e-014
2.9040e+003 1.6908e-014
2.9050e+003 1.5745e-014
2.9060e+003 1.4662e-014
2.9070e+003 1.3651e-014
2.9080e+003 1.2710e-014
2.9090e+003 1.1832e-014
2.9100e+003 1.1014e-014
2.9110e+003 1.0252e-014
2.9120e+003 9.5414e-015
2.9130e+003 8.8797e-015
2.9140e+003 8.2632e-015
2.9150e+003 7.6889e-015
2.9160e+003 7.1539e-015
2.9170e+003 6.6557e-015
2.9180e+003 6.1916e-015
2.9190e+003 5.7595e-015
2.9200e+003 5.3571e-015
2.9210e+003 4.9824e-015
2.9220e+003 4.6335e-015
2.9230e+003 4.3088e-015
2.9240e+003 4.0065e-015
2.9250e+003 3.7251e-015
2.9260e+003 3.4631e-015
2.9270e+003 3.2194e-015
2.9280e+003 2.9926e-015
2.9290e+003 2.7815e-015
2.9300e+003 2.5851e-015
2.9310e+003 2.4024e-015
2.9320e+003 2.2324e-015
2.9330e+003 2.0743e-015
2.9340e+003 1.9273e-015
2.9350e+003 1.7905e-015
2.9360e+003 1.6633e-015
2.9370e+003 1.5450e-015
2.9380e+003 1.4350e-015
2.9390e+003 1.3327e-015
2.9400e+003 1.2376e-015
2.9410e+003 1.1493e-015
2.9420e+003 1.0671e-015
2.9430e+003 9.9074e-016
2.9440e+003 9.1977e-016
2.9450e+003 8.5382e-016
2.9460e+003 7.9253e-016
2.9470e+003 7.3559e-016
2.9480e+003 6.8268e-016
2.9490e+003 6.3352e-016
2.9500e+003 5.8786e-016
2.9510e+003 5.4545e-016
2.9520e+003 5.0606e-016
2.9530e+003 4.6947e-016
2.9540e+003 4.3550e-016
2.9550e+003 4.0395e-016
2.9560e+003 3.7466e-016
2.9570e+003 3.4746e-016
2.9580e+003 3.2222e-016
2.9590e+003 2.9878e-016
2.9600e+003 2.7703e-016
2.9610e+003 2.5684e-016
2.9620e+003 2.3810e-016
2.9630e+003 2.2071e-016
2.9640e+003 2.0458e-016
2.9650e+003 1.8961e-016
2.9660e+003 1.7572e-016
2.9670e+003 1.6284e-016
2.9680e+003 1.5088e-016
2.9690e+003 1.3980e-016
2.9700e+003 1.2952e-016
2.9710e+003 1.1998e-016
2.9720e+003 1.1114e-016
2.9730e+003 1.0294e-016
2.9740e+003 9.5344e-017
2.9750e+003 8.8297e-017
2.9760e+003 8.1765e-017
2.9770e+003 7.5710e-017
2.9780e+003 7.0098e-017
2.9790e+003 6.4896e-017
2.9800e+003 6.0076e-017
2.9810e+003 5.5610e-017
2.9820e+003 5.1471e-017
2.9830e+003 4.7637e-017
2.9840e+003 4.4085e-017
2.9850e+003 4.0794e-017
2.9860e+003 3.7747e-017
2.9870e+003 3.4924e-017
2.9880e+003 3.2309e-017
2.9890e+003 2.9888e-017
2.9900e+003 2.7647e-017
2.9910e+003 2.5571e-017
2.9920e+003 2.3649e-017
2.9930e+003 2.1870e-017
2.9940e+003 2.0223e-017
2.9950e+003 1.8699e-017
2.9960e+003 1.7288e-017
2.9970e+003 1.5983e-017
2.9980e+003 1.4775e-017
2.9990e+003 1.3657e-017
3.0000e+003 1.2622e-017
3.0010e+003 1.1665e-017
3.0020e+003 1.0780e-017
3.0030e+003 9.9614e-018
3.0040e+003 9.2041e-018
3.0050e+003 8.5036e-018
3.0060e+003 7.8558e-018
3.0070e+003 7.2568e-018
3.0080e+003 6.7030e-018
3.0090e+003 6.1909e-018
3.0100e+003 5.7175e-018
3.0110e+003 5.2799e-018
3.0120e+003 4.8754e-018
3.0130e+003 4.5015e-018
3.0140e+003 4.1560e-018
3.0150e+003 3.8366e-018
3.0160e+003 3.5416e-018
3.0170e+003 3.2689e-018
3.0180e+003 3.0171e-018
3.0190e+003 2.7844e-018
3.0200e+003 2.5694e-018
3.0210e+003 2.3709e-018
3.0220e+003 2.1875e-018
3.0230e+003 2.0182e-018
3.0240e+003 1.8618e-018
3.0250e+003 1.7174e-018
3.0260e+003 1.5840e-018
3.0270e+003 1.4609e-018
3.0280e+003 1.3473e-018
3.0290e+003 1.2424e-018
3.0300e+003 1.1456e-018
3.0310e+003 1.0562e-018
3.0320e+003 9.7377e-019
3.0330e+003 8.9767e-019
3.0340e+003 8.2746e-019
3.0350e+003 7.6267e-019
3.0360e+003 7.0290e-019
3.0370e+003 6.4777e-019
3.0380e+003 5.9691e-019
3.0390e+003 5.5000e-019
3.0400e+003 5.0674e-019
3.0410e+003 4.6685e-019
3.0420e+003 4.3006e-019
3.0430e+003 3.9614e-019
3.0440e+003 3.6486e-019
3.0450e+003 3.3603e-019
3.0460e+003 3.0945e-019
3.0470e+003 2.8495e-019
3.0480e+003 2.6237e-019
3.0490e+003 2.4156e-019
3.0500e+003 2.2239e-019
3.0510e+003 2.0472e-019
3.0520e+003 1.8843e-019
3.0530e+003 1.7343e-019
3.0540e+003 1.5962e-019
3.0550e+003 1.4689e-019
3.0560e+003 1.3516e-019
3.0570e+003 1.2436e-019
3.0580e+003 1.1442e-019
3.0590e+003 1.0526e-019
3.0600e+003 9.6826e-020
3.0610e+003 8.9062e-020
3.0620e+003 8.1914e-020
3.0630e+003 7.5334e-020
3.0640e+003 6.9277e-020
3.0650e+003 6.3701e-020
3.0660e+003 5.8570e-020
3.0670e+003 5.3848e-020
3.0680e+003 4.9503e-020
3.0690e+003 4.5504e-020
3.0700e+003 4.1826e-020
3.0710e+003 3.8441e-020
3.0720e+003 3.5328e-020
3.0730e+003 3.2465e-020
3.0740e+003 2.9831e-020
3.0750e+003 2.7408e-020
3.0760e+003 2.5181e-020
3.0770e+003 2.3132e-020
3.0780e+003 2.1249e-020
3.0790e+003 1.9517e-020
3.0800e+003 1.7925e-020
3.0810e+003 1.6462e-020
3.0820e+003 1.5116e-020
3.0830e+003 1.3880e-020
3.0840e+003 1.2744e-020
3.0850e+003 1.1700e-020
3.0860e+003 1.0740e-020
3.0870e+003 9.8588e-021
3.0880e+003 9.0489e-021
3.0890e+003 8.3049e-021
3.0900e+003 7.6214e-021
3.0910e+003 6.9937e-021
3.0920e+003 6.4171e-021
3.0930e+003 5.8876e-021
3.0940e+003 5.4014e-021
3.0950e+003 4.9549e-021
3.0960e+003 4.5450e-021
3.0970e+003 4.1687e-021
3.0980e+003 3.8232e-021
3.0990e+003 3.5060e-021
3.1000e+003 3.2150e-021
3.1010e+003 2.9478e-021
3.1020e+003 2.7027e-021
3.1030e+003 2.4777e-021
3.1040e+003 2.2713e-021
3.1050e+003 2.0819e-021
3.1060e+003 1.9082e-021
3.1070e+003 1.7488e-021
3.1080e+003 1.6026e-021
3.1090e+003 1.4685e-021
3.1100e+003 1.3455e-021
3.1110e+003 1.2327e-021
3.1120e+003 1.1293e-021
3.1130e+003 1.0345e-021
3.1140e+003 9.4755e-022
3.1150e+003 8.6786e-022
3.1160e+003 7.9480e-022
3.1170e+003 7.2784e-022
3.1180e+003 6.6646e-022
3.1190e+003 6.1021e-022
3.1200e+003 5.5867e-022
3.1210e+003 5.1144e-022
3.1220e+003 4.6816e-022
3.1230e+003 4.2851e-022
3.1240e+003 3.9219e-022
3.1250e+003 3.5892e-022
3.1260e+003 3.2845e-022
3.1270e+003 3.0054e-022
3.1280e+003 2.7498e-022
3.1290e+003 2.5157e-022
3.1300e+003 2.3014e-022
3.1310e+003 2.1051e-022
3.1320e+003 1.9255e-022
3.1330e+003 1.7610e-022
3.1340e+003 1.6105e-022
3.1350e+003 1.4727e-022
3.1360e+003 1.3466e-022
3.1370e+003 1.2312e-022
3.1380e+003 1.1256e-022
3.1390e+003 1.0290e-022
3.1400e+003 9.4056e-023
3.1410e+003 8.5968e-023
3.1420e+003 7.8569e-023
3.1430e+003 7.1802e-023
3.1440e+003 6.5612e-023
3.1450e+003 5.9951e-023
3.1460e+003 5.4774e-023
3.1470e+003 5.0040e-023
3.1480e+003 4.5712e-023
3.1490e+003 4.1755e-023
3.1500e+003 3.8137e-023
3.1510e+003 3.4830e-023
3.1520e+003 3.1807e-023
3.1530e+003 2.9045e-023
3.1540e+003 2.6520e-023
3.1550e+003 2.4213e-023
3.1560e+003 2.2104e-023
3.1570e+003 2.0178e-023
3.1580e+003 1.8418e-023
3.1590e+003 1.6810e-023
3.1600e+003 1.5342e-023
3.1610e+003 1.4000e-023
3.1620e+003 1.2775e-023
3.1630e+003 1.1656e-023
3.1640e+003 1.0635e-023
3.1650e+003 9.7018e-024
3.1660e+003 8.8500e-024
3.1670e+003 8.0723e-024
3.1680e+003 7.3625e-024
3.1690e+003 6.7145e-024
3.1700e+003 6.1230e-024
3.1710e+003 5.5832e-024
3.1720e+003 5.0906e-024
3.1730e+003 4.6411e-024
3.1740e+003 4.2310e-024
3.1750e+003 3.8568e-024
3.1760e+003 3.5154e-024
3.1770e+003 3.2039e-024
3.1780e+003 2.9199e-024
3.1790e+003 2.6608e-024
3.1800e+003 2.4245e-024
3.1810e+003 2.2090e-024
3.1820e+003 2.0125e-024
3.1830e+003 1.8334e-024
3.1840e+003 1.6700e-024
3.1850e+003 1.5211e-024
3.1860e+003 1.3854e-024
3.1870e+003 1.2616e-024
3.1880e+003 1.1489e-024
3.1890e+003 1.0461e-024
3.1900e+003 9.5244e-025
3.1910e+003 8.6711e-025
3.1920e+003 7.8935e-025
3.1930e+003 7.1851e-025
3.1940e+003 6.5398e-025
3.1950e+003 5.9520e-025
3.1960e+003 5.4165e-025
3.1970e+003 4.9289e-025
3.1980e+003 4.4848e-025
3.1990e+003 4.0804e-025
3.2000e+003 3.7121e-025
3.2010e+003 3.3768e-025
3.2020e+003 3.0716e-025
3.2030e+003 2.7937e-025
3.2040e+003 2.5408e-025
3.2050e+003 2.3106e-025
3.2060e+003 2.1011e-025
3.2070e+003 1.9104e-025
3.2080e+003 1.7369e-025
3.2090e+003 1.5790e-025
3.2100e+003 1.4354e-025
3.2110e+003 1.3047e-025
3.2120e+003 1.1858e-025
3.2130e+003 1.0777e-025
3.2140e+003 9.7937e-026
3.2150e+003 8.8993e-026
3.2160e+003 8.0859e-026
3.2170e+003 7.3463e-026
3.2180e+003 6.6738e-026
3.2190e+003 6.0624e-026
3.2200e+003 5.5066e-026
3.2210e+003 5.0013e-026
3.2220e+003 4.5420e-026
3.2230e+003 4.1246e-026
3.2240e+003 3.7453e-026
3.2250e+003 3.4005e-026
3.2260e+003 3.0873e-026
3.2270e+003 2.8027e-026
3.2280e+003 2.5441e-026
3.2290e+003 2.3092e-026
3.2300e+003 2.0958e-026
3.2310e+003 1.9020e-026
3.2320e+003 1.7260e-026
3.2330e+003 1.5661e-026
3.2340e+003 1.4210e-026
3.2350e+003 1.2892e-026
3.2360e+003 1.1695e-026
3.2370e+003 1.0608e-026
3.2380e+003 9.6219e-027
3.2390e+003 8.7266e-027
3.2400e+003 7.9140e-027
3.2410e+003 7.1765e-027
3.2420e+003 6.5071e-027
3.2430e+003 5.8998e-027
3.2440e+003 5.3487e-027
3.2450e+003 4.8487e-027
3.2460e+003 4.3951e-027
3.2470e+003 3.9836e-027
3.2480e+003 3.6104e-027
3.2490e+003 3.2718e-027
3.2500e+003 2.9648e-027
3.2510e+003 2.6864e-027
3.2520e+003 2.4339e-027
3.2530e+003 2.2050e-027
3.2540e+003 1.9975e-027
3.2550e+003 1.8093e-027
3.2560e+003 1.6387e-027
3.2570e+003 1.4841e-027
3.2580e+003 1.3440e-027
3.2590e+003 1.2170e-027
3.2600e+003 1.1020e-027
3.2610e+003 9.9768e-028
3.2620e+003 9.0321e-028
3.2630e+003 8.1761e-028
3.2640e+003 7.4007e-028
3.2650e+003 6.6982e-028
3.2660e+003 6.0620e-028
3.2670e+003 5.4858e-028
3.2680e+003 4.9639e-028
3.2690e+003 4.4914e-028
3.2700e+003 4.0635e-028
3.2710e+003 3.6760e-028
3.2720e+003 3.3253e-028
3.2730e+003 3.0078e-028
3.2740e+003 2.7204e-028
3.2750e+003 2.4602e-028
3.2760e+003 2.2248e-028
3.2770e+003 2.0117e-028
3.2780e+003 1.8189e-028
3.2790e+003 1.6444e-028
3.2800e+003 1.4866e-028
3.2810e+003 1.3438e-028
3.2820e+003 1.2146e-028
3.2830e+003 1.0978e-028
3.2840e+003 9.9208e-029
3.2850e+003 8.9650e-029
3.2860e+003 8.1007e-029
3.2870e+003 7.3191e-029
3.2880e+003 6.6123e-029
3.2890e+003 5.9734e-029
3.2900e+003 5.3958e-029
3.2910e+003 4.8736e-029
3.2920e+003 4.4016e-029
3.2930e+003 3.9750e-029
3.2940e+003 3.5895e-029
3.2950e+003 3.2411e-029
3.2960e+003 2.9263e-029
3.2970e+003 2.6419e-029
3.2980e+003 2.3849e-029
3.2990e+003 2.1527e-029
3.3000e+003 1.9430e-029
3.3010e+003 1.7536e-029
3.3020e+003 1.5825e-029
3.3030e+003 1.4280e-029
3.3040e+003 1.2885e-029
3.3050e+003 1.1625e-029
3.3060e+003 1.0488e-029
3.3070e+003 9.4608e-030
3.3080e+003 8.5338e-030
3.3090e+003 7.6970e-030
3.3100e+003 6.9417e-030
3.3110e+003 6.2600e-030
3.3120e+003 5.6448e-030
3.3130e+003 5.0897e-030
3.3140e+003 4.5888e-030
3.3150e+003 4.1368e-030
3.3160e+003 3.7291e-030
3.3170e+003 3.3613e-030
3.3180e+003 3.0296e-030
3.3190e+003 2.7303e-030
3.3200e+003 2.4605e-030
3.3210e+003 2.2171e-030
3.3220e+003 1.9976e-030
3.3230e+003 1.7997e-030
3.3240e+003 1.6213e-030
3.3250e+003 1.4605e-030
3.3260e+003 1.3155e-030
3.3270e+003 1.1848e-030
3.3280e+003 1.0670e-030
3.3290e+003 9.6089e-031
3.3300e+003 8.6523e-031
3.3310e+003 7.7903e-031
3.3320e+003 7.0136e-031
3.3330e+003 6.3139e-031
3.3340e+003 5.6835e-031
3.3350e+003 5.1157e-031
3.3360e+003 4.6042e-031
3.3370e+003 4.1435e-031
3.3380e+003 3.7286e-031
3.3390e+003 3.3550e-031
3.3400e+003 3.0186e-031
3.3410e+003 2.7158e-031
3.3420e+003 2.4431e-031
3.3430e+003 2.1976e-031
3.3440e+003 1.9766e-031
3.3450e+003 1.7777e-031
3.3460e+003 1.5987e-031
3.3470e+003 1.4376e-031
3.3480e+003 1.2927e-031
3.3490e+003 1.1622e-031
3.3500e+003 1.0449e-031
3.3510e+003 9.3927e-032
3.3520e+003 8.4429e-032
3.3530e+003 7.5886e-032
3.3540e+003 6.8201e-032
3.3550e+003 6.1290e-032
3.3560e+003 5.5075e-032
3.3570e+003 4.9486e-032
3.3580e+003 4.4461e-032
3.3590e+003 3.9943e-032
3.3600e+003 3.5881e-032
3.3610e+003 3.2230e-032
3.3620e+003 2.8948e-032
3.3630e+003 2.5998e-032
3.3640e+003 2.3347e-032
3.3650e+003 2.0964e-032
3.3660e+003 1.8823e-032
3.3670e+003 1.6900e-032
3.3680e+003 1.5172e-032
3.3690e+003 1.3619e-032
3.3700e+003 1.2225e-032
3.3710e+003 1.0972e-032
3.3720e+003 9.8469e-033
3.3730e+003 8.8365e-033
3.3740e+003 7.9291e-033
3.3750e+003 7.1143e-033
3.3760e+003 6.3828e-033
3.3770e+003 5.7260e-033
3.3780e+003 5.1364e-033
3.3790e+003 4.6072e-033
3.3800e+003 4.1321e-033
3.3810e+003 3.7058e-033
3.3820e+003 3.3231e-033
3.3830e+003 2.9798e-033
3.3840e+003 2.6717e-033
3.3850e+003 2.3953e-033
3.3860e+003 2.1473e-033
3.3870e+003 1.9248e-033
3.3880e+003 1.7252e-033
3.3890e+003 1.5462e-033
3.3900e+003 1.3857e-033
3.3910e+003 1.2418e-033
3.3920e+003 1.1127e-033
3.3930e+003 9.9691e-034
3.3940e+003 8.9312e-034
3.3950e+003 8.0008e-034
3.3960e+003 7.1668e-034
3.3970e+003 6.4192e-034
3.3980e+003 5.7491e-034
3.3990e+003 5.1486e-034
3.4000e+003 4.6104e-034
3.4010e+003 4.1282e-034
3.4020e+003 3.6961e-034
3.4030e+003 3.3089e-034
3.4040e+003 2.9621e-034
3.4050e+003 2.6514e-034
3.4060e+003 2.3732e-034
3.4070e+003 2.1239e-034
3.4080e+003 1.9007e-034
3.4090e+003 1.7008e-034
3.4100e+003 1.5218e-034
3.4110e+003 1.3616e-034
3.4120e+003 1.2181e-034
3.4130e+003 1.0896e-034
3.4140e+003 9.7467e-035
3.4150e+003 8.7175e-035
3.4160e+003 7.7964e-035
3.4170e+003 6.9721e-035
3.4180e+003 6.2344e-035
3.4190e+003 5.5744e-035
3.4200e+003 4.9838e-035
3.4210e+003 4.4554e-035
3.4220e+003 3.9828e-035
3.4230e+003 3.5600e-035
3.4240e+003 3.1818e-035
3.4250e+003 2.8436e-035
3.4260e+003 2.5411e-035
3.4270e+003 2.2707e-035
3.4280e+003 2.0288e-035
3.4290e+003 1.8126e-035
3.4300e+003 1.6193e-035
3.4310e+003 1.4465e-035
3.4320e+003 1.2920e-035
3.4330e+003 1.1539e-035
3.4340e+003 1.0305e-035
3.4350e+003 9.2025e-036
3.4360e+003 8.2172e-036
3.4370e+003 7.3367e-036
3.4380e+003 6.5501e-036
3.4390e+003 5.8474e-036
3.4400e+003 5.2196e-036
3.4410e+003 4.6589e-036
3.4420e+003 4.1581e-036
3.4430e+003 3.7108e-036
3.4440e+003 3.3113e-036
3.4450e+003 2.9547e-036
3.4460e+003 2.6362e-036
3.4470e+003 2.3519e-036
3.4480e+003 2.0981e-036
3.4490e+003 1.8715e-036
3.4500e+003 1.6693e-036
3.4510e+003 1.4888e-036
3.4520e+003 1.3277e-036
3.4530e+003 1.1839e-036
3.4540e+003 1.0556e-036
3.4550e+003 9.4119e-037
3.4560e+003 8.3908e-037
3.4570e+003 7.4799e-037
3.4580e+003 6.6674e-037
3.4590e+003 5.9427e-037
3.4600e+003 5.2963e-037
3.4610e+003 4.7198e-037
3.4620e+003 4.2058e-037
3.4630e+003 3.7475e-037
3.4640e+003 3.3388e-037
3.4650e+003 2.9745e-037
3.4660e+003 2.6497e-037
3.4670e+003 2.3602e-037
3.4680e+003 2.1021e-037
3.4690e+003 1.8721e-037
3.4700e+003 1.6672e-037
3.4710e+003 1.4846e-037
3.4720e+003 1.3218e-037
3.4730e+003 1.1768e-037
3.4740e+003 1.0477e-037
3.4750e+003 9.3262e-038
3.4760e+003 8.3013e-038
3.4770e+003 7.3884e-038
3.4780e+003 6.5754e-038
3.4790e+003 5.8514e-038
3.4800e+003 5.2067e-038
3.4810e+003 4.6327e-038
3.4820e+003 4.1216e-038
3.4830e+003 3.6666e-038
3.4840e+003 3.2616e-038
3.4850e+003 2.9011e-038
3.4860e+003 2.5802e-038
3.4870e+003 2.2947e-038
3.4880e+003 2.0406e-038
3.4890e+003 1.8144e-038
3.4900e+003 1.6133e-038
3.4910e+003 1.4343e-038
3.4920e+003 1.2750e-038
3.4930e+003 1.1334e-038
3.4940e+003 1.0074e-038
3.4950e+003 8.9534e-039
3.4960e+003 7.9568e-039
3.4970e+003 7.0706e-039
3.4980e+003 6.2827e-039
3.4990e+003 5.5820e-039
3.5000e+003 4.9592e-039
