1.7510e+003 3.0000e-003
1.7520e+003 3.0000e-003
1.7530e+003 3.0000e-003
1.7540e+003 3.0000e-003
1.7550e+003 3.0000e-003
1.7560e+003 3.0000e-003
1.7570e+003 3.0000e-003
1.7580e+003 3.0000e-003
1.7590e+003 3.0000e-003
1.7600e+003 3.0000e-003
1.7610e+003 3.0000e-003
1.7620e+003 3.0000e-003
1.7630e+003 3.0000e-003
1.7640e+003 3.0000e-003
1.7650e+003 3.0000e-003
1.7660e+003 3.0000e-003
1.7670e+003 3.0000e-003
1.7680e+003 3.0000e-003
1.7690e+003 3.0000e-003
1.7700e+003 3.0000e-003
1.7710e+003 4.0000e-003
1.7720e+003 4.0000e-003
1.7730e+003 4.0000e-003
1.7740e+003 4.0000e-003
1.7750e+003 4.0000e-003
1.7760e+003 4.0000e-003
1.7770e+003 4.0000e-003
1.7780e+003 4.0000e-003
1.7790e+003 4.0000e-003
1.7800e+003 4.0000e-003
1.7810e+003 5.0000e-003
1.7820e+003 5.0000e-003
1.7830e+003 5.0000e-003
1.7840e+003 5.0000e-003
1.7850e+003 5.0000e-003
1.7860e+003 5.0000e-003
1.7870e+003 5.0000e-003
1.7880e+003 5.0000e-003
1.7890e+003 5.0000e-003
1.7900e+003 5.0000e-003
1.7910e+003 6.0000e-003
1.7920e+003 6.0000e-003
1.7930e+003 6.0000e-003
1.7940e+003 6.0000e-003
1.7950e+003 6.0000e-003
1.7960e+003 6.0000e-003
1.7970e+003 7.0000e-003
1.7980e+003 7.0000e-003
1.7990e+003 7.0000e-003
1.8000e+003 8.0000e-003
1.8010e+003 8.0000e-003
1.8020e+003 1.0000e-002
1.8030e+003 9.0000e-003
1.8040e+003 9.0000e-003
1.8050e+003 9.0000e-003
1.8060e+003 1.0000e-002
1.8070e+003 1.0000e-002
1.8080e+003 1.0000e-002
1.8090e+003 1.0000e-002
1.8100e+003 1.0000e-002
1.8110e+003 1.1000e-002
1.8120e+003 1.1000e-002
1.8130e+003 1.1000e-002
1.8140e+003 1.1000e-002
1.8150e+003 1.2000e-002
1.8160e+003 1.3000e-002
1.8170e+003 1.4000e-002
1.8180e+003 1.4000e-002
1.8190e+003 1.4000e-002
1.8200e+003 1.4000e-002
1.8210e+003 1.4000e-002
1.8220e+003 1.5000e-002
1.8230e+003 1.6000e-002
1.8240e+003 1.6000e-002
1.8250e+003 1.7000e-002
1.8260e+003 1.7000e-002
1.8270e+003 1.8000e-002
1.8280e+003 1.8000e-002
1.8290e+003 1.8000e-002
1.8300e+003 2.4000e-002
1.8310e+003 2.3000e-002
1.8320e+003 2.3000e-002
1.8330e+003 2.4000e-002
1.8340e+003 2.4000e-002
1.8350e+003 2.5000e-002
1.8360e+003 2.9000e-002
1.8370e+003 2.9000e-002
1.8380e+003 3.0000e-002
1.8390e+003 3.1000e-002
1.8400e+003 3.3000e-002
1.8410e+003 3.4000e-002
1.8420e+003 3.6000e-002
1.8430e+003 3.7000e-002
1.8440e+003 3.9000e-002
1.8450e+003 4.3000e-002
1.8460e+003 4.3000e-002
1.8470e+003 4.6000e-002
1.8480e+003 4.7000e-002
1.8490e+003 5.0000e-002
1.8500e+003 5.4000e-002
1.8510e+003 5.4000e-002
1.8520e+003 5.7000e-002
1.8530e+003 5.9000e-002
1.8540e+003 6.9000e-002
1.8550e+003 7.1000e-002
1.8560e+003 7.6000e-002
1.8570e+003 7.7000e-002
1.8580e+003 7.8000e-002
1.8590e+003 8.3000e-002
1.8600e+003 9.1000e-002
1.8610e+003 9.5000e-002
1.8620e+003 9.7000e-002
1.8630e+003 1.0400e-001
1.8640e+003 1.1200e-001
1.8650e+003 1.1900e-001
1.8660e+003 1.2200e-001
1.8670e+003 1.3000e-001
1.8680e+003 1.3500e-001
1.8690e+003 1.4200e-001
1.8700e+003 1.4700e-001
1.8710e+003 1.5600e-001
1.8720e+003 1.7300e-001
1.8730e+003 1.8400e-001
1.8740e+003 1.7400e-001
1.8750e+003 1.8800e-001
1.8760e+003 1.9100e-001
1.8770e+003 1.9400e-001
1.8780e+003 1.9600e-001
1.8790e+003 2.1000e-001
1.8800e+003 2.3600e-001
1.8810e+003 2.4300e-001
1.8820e+003 2.5600e-001
1.8830e+003 2.7200e-001
1.8840e+003 2.7500e-001
1.8850e+003 2.7700e-001
1.8860e+003 2.8100e-001
1.8870e+003 2.9500e-001
1.8880e+003 3.2700e-001
1.8890e+003 3.2700e-001
1.8900e+003 3.5600e-001
1.8910e+003 3.7200e-001
1.8920e+003 3.7400e-001
1.8930e+003 3.7000e-001
1.8940e+003 3.8300e-001
1.8950e+003 4.0600e-001
1.8960e+003 4.1900e-001
1.8970e+003 4.4000e-001
1.8980e+003 4.6500e-001
1.8990e+003 5.0700e-001
1.9000e+003 5.3400e-001
1.9010e+003 5.5200e-001
1.9020e+003 5.6600e-001
1.9030e+003 6.1700e-001
1.9040e+003 6.2400e-001
1.9050e+003 6.6300e-001
1.9060e+003 7.0700e-001
1.9070e+003 7.8400e-001
1.9080e+003 7.5000e-001
1.9090e+003 7.8500e-001
1.9100e+003 8.1900e-001
1.9110e+003 8.3600e-001
1.9120e+003 8.7900e-001
1.9130e+003 9.4300e-001
1.9140e+003 8.5000e-001
1.9150e+003 8.3800e-001
1.9160e+003 9.0100e-001
1.9170e+003 9.5500e-001
1.9180e+003 9.3600e-001
1.9190e+003 8.0600e-001
1.9200e+003 9.3200e-001
1.9210e+003 8.0300e-001
1.9220e+003 8.4500e-001
1.9230e+003 9.7000e-001
1.9240e+003 9.6300e-001
1.9250e+003 9.7500e-001
1.9260e+003 9.8300e-001
1.9270e+003 1.0620e+000
1.9280e+003 1.0650e+000
1.9290e+003 1.1450e+000
1.9300e+003 1.0530e+000
1.9310e+003 9.4000e-001
1.9320e+003 8.4700e-001
1.9330e+003 8.9300e-001
1.9340e+003 9.7300e-001
1.9350e+003 1.0270e+000
1.9360e+003 1.1300e+000
1.9370e+003 1.2090e+000
1.9380e+003 1.1420e+000
1.9390e+003 1.1920e+000
1.9400e+003 1.2990e+000
1.9410e+003 1.3340e+000
1.9420e+003 1.3420e+000
1.9430e+003 1.3910e+000
1.9440e+003 1.3830e+000
1.9450e+003 1.1600e+000
1.9460e+003 1.2380e+000
1.9470e+003 1.3920e+000
1.9480e+003 1.4690e+000
1.9490e+003 1.4190e+000
1.9500e+003 1.6300e+000
1.9510e+003 1.7670e+000
1.9520e+003 1.7950e+000
1.9530e+003 1.8410e+000
1.9540e+003 1.8650e+000
1.9550e+003 2.0430e+000
1.9560e+003 2.1770e+000
1.9570e+003 2.2700e+000
1.9580e+003 2.3300e+000
1.9590e+003 2.4620e+000
1.9600e+003 2.5770e+000
1.9610e+003 2.5940e+000
1.9620e+003 2.7000e+000
1.9630e+003 2.8470e+000
1.9640e+003 3.0080e+000
1.9650e+003 3.1450e+000
1.9660e+003 3.3050e+000
1.9670e+003 3.4110e+000
1.9680e+003 3.5880e+000
1.9690e+003 3.8000e+000
1.9700e+003 4.0770e+000
1.9710e+003 4.2310e+000
1.9720e+003 4.3990e+000
1.9730e+003 4.6350e+000
1.9740e+003 4.6440e+000
1.9750e+003 4.6150e+000
1.9760e+003 4.8840e+000
1.9770e+003 5.0350e+000
1.9780e+003 5.1070e+000
1.9790e+003 5.4030e+000
1.9800e+003 5.3480e+000
1.9810e+003 5.1860e+000
1.9820e+003 5.1440e+000
1.9830e+003 5.1260e+000
1.9840e+003 5.3080e+000
1.9850e+003 5.4640e+000
1.9860e+003 5.6290e+000
1.9870e+003 5.7620e+000
1.9880e+003 5.9920e+000
1.9890e+003 6.1060e+000
1.9900e+003 6.1960e+000
1.9910e+003 6.3120e+000
1.9920e+003 6.1870e+000
1.9930e+003 6.2030e+000
1.9940e+003 6.3440e+000
1.9950e+003 6.4870e+000
1.9960e+003 6.6490e+000
1.9970e+003 6.8400e+000
1.9980e+003 6.7880e+000
1.9990e+003 6.8040e+000
2.0000e+003 6.9810e+000
2.0010e+003 7.1160e+000
2.0020e+003 7.1670e+000
2.0030e+003 7.5040e+000
2.0040e+003 7.9100e+000
2.0050e+003 8.4303e+000
2.0060e+003 8.9757e+000
2.0070e+003 9.5467e+000
2.0080e+003 1.0144e+001
2.0090e+003 1.0767e+001
2.0100e+003 1.1418e+001
2.0110e+003 1.2095e+001
2.0120e+003 1.2800e+001
2.0130e+003 1.3532e+001
2.0140e+003 1.4292e+001
2.0150e+003 1.5079e+001
2.0160e+003 1.5893e+001
2.0170e+003 1.6734e+001
2.0180e+003 1.7602e+001
2.0190e+003 1.8496e+001
2.0200e+003 1.9417e+001
2.0210e+003 2.0362e+001
2.0220e+003 2.1332e+001
2.0230e+003 2.2325e+001
2.0240e+003 2.3341e+001
2.0250e+003 2.4379e+001
2.0260e+003 2.5437e+001
2.0270e+003 2.6515e+001
2.0280e+003 2.7610e+001
2.0290e+003 2.8721e+001
2.0300e+003 2.9847e+001
2.0310e+003 3.0986e+001
2.0320e+003 3.2135e+001
2.0330e+003 3.3294e+001
2.0340e+003 3.4460e+001
2.0350e+003 3.5630e+001
2.0360e+003 3.6803e+001
2.0370e+003 3.7976e+001
2.0380e+003 3.9147e+001
2.0390e+003 4.0314e+001
2.0400e+003 4.1473e+001
2.0410e+003 4.2622e+001
2.0420e+003 4.3760e+001
2.0430e+003 4.4882e+001
2.0440e+003 4.5986e+001
2.0450e+003 4.7070e+001
2.0460e+003 4.8131e+001
2.0470e+003 4.9167e+001
2.0480e+003 5.0173e+001
2.0490e+003 5.1149e+001
2.0500e+003 5.2091e+001
2.0510e+003 5.2997e+001
2.0520e+003 5.3864e+001
2.0530e+003 5.4691e+001
2.0540e+003 5.5473e+001
2.0550e+003 5.6211e+001
2.0560e+003 5.6900e+001
2.0570e+003 5.7540e+001
2.0580e+003 5.8128e+001
2.0590e+003 5.8663e+001
2.0600e+003 5.9143e+001
2.0610e+003 5.9567e+001
2.0620e+003 5.9933e+001
2.0630e+003 6.0241e+001
2.0640e+003 6.0489e+001
2.0650e+003 6.0677e+001
2.0660e+003 6.0804e+001
2.0670e+003 6.0870e+001
2.0680e+003 6.0874e+001
2.0690e+003 6.0817e+001
2.0700e+003 6.0699e+001
2.0710e+003 6.0520e+001
2.0720e+003 6.0280e+001
2.0730e+003 5.9981e+001
2.0740e+003 5.9622e+001
2.0750e+003 5.9207e+001
2.0760e+003 5.8734e+001
2.0770e+003 5.8207e+001
2.0780e+003 5.7626e+001
2.0790e+003 5.6994e+001
2.0800e+003 5.6311e+001
2.0810e+003 5.5581e+001
2.0820e+003 5.4804e+001
2.0830e+003 5.3984e+001
2.0840e+003 5.3122e+001
2.0850e+003 5.2222e+001
2.0860e+003 5.1285e+001
2.0870e+003 5.0314e+001
2.0880e+003 4.9311e+001
2.0890e+003 4.8280e+001
2.0900e+003 4.7222e+001
2.0910e+003 4.6141e+001
2.0920e+003 4.5039e+001
2.0930e+003 4.3919e+001
2.0940e+003 4.2784e+001
2.0950e+003 4.1636e+001
2.0960e+003 4.0478e+001
2.0970e+003 3.9313e+001
2.0980e+003 3.8142e+001
2.0990e+003 3.6969e+001
2.1000e+003 3.5796e+001
2.1010e+003 3.4625e+001
2.1020e+003 3.3459e+001
2.1030e+003 3.2299e+001
2.1040e+003 3.1148e+001
2.1050e+003 3.0007e+001
2.1060e+003 2.8880e+001
2.1070e+003 2.7766e+001
2.1080e+003 2.6669e+001
2.1090e+003 2.5589e+001
2.1100e+003 2.4528e+001
2.1110e+003 2.3487e+001
2.1120e+003 2.2468e+001
2.1130e+003 2.1471e+001
2.1140e+003 2.0498e+001
2.1150e+003 1.9549e+001
2.1160e+003 1.8625e+001
2.1170e+003 1.7727e+001
2.1180e+003 1.6855e+001
2.1190e+003 1.6010e+001
2.1200e+003 1.5192e+001
2.1210e+003 1.4401e+001
2.1220e+003 1.3638e+001
2.1230e+003 1.2902e+001
2.1240e+003 1.2193e+001
2.1250e+003 1.1512e+001
2.1260e+003 1.0858e+001
2.1270e+003 1.0231e+001
2.1280e+003 9.6297e+000
2.1290e+003 9.0550e+000
2.1300e+003 8.5060e+000
2.1310e+003 7.9822e+000
2.1320e+003 7.4831e+000
2.1330e+003 7.0081e+000
2.1340e+003 6.5567e+000
2.1350e+003 6.1281e+000
2.1360e+003 5.7218e+000
2.1370e+003 5.3370e+000
2.1380e+003 4.9731e+000
2.1390e+003 4.6293e+000
2.1400e+003 4.3049e+000
2.1410e+003 3.9992e+000
2.1420e+003 3.7115e+000
2.1430e+003 3.4410e+000
2.1440e+003 3.1870e+000
2.1450e+003 2.9487e+000
2.1460e+003 2.7255e+000
2.1470e+003 2.5167e+000
2.1480e+003 2.3215e+000
2.1490e+003 2.1393e+000
2.1500e+003 1.9694e+000
2.1510e+003 1.8112e+000
2.1520e+003 1.6640e+000
2.1530e+003 1.5272e+000
2.1540e+003 1.4003e+000
2.1550e+003 1.2826e+000
2.1560e+003 1.1736e+000
2.1570e+003 1.0728e+000
2.1580e+003 9.7962e-001
2.1590e+003 8.9366e-001
2.1600e+003 8.1442e-001
2.1610e+003 7.4146e-001
2.1620e+003 6.7436e-001
2.1630e+003 6.1270e-001
2.1640e+003 5.5613e-001
2.1650e+003 5.0426e-001
2.1660e+003 4.5678e-001
2.1670e+003 4.1334e-001
2.1680e+003 3.7366e-001
2.1690e+003 3.3745e-001
2.1700e+003 3.0444e-001
2.1710e+003 2.7438e-001
2.1720e+003 2.4704e-001
2.1730e+003 2.2220e-001
2.1740e+003 1.9965e-001
2.1750e+003 1.7922e-001
2.1760e+003 1.6071e-001
2.1770e+003 1.4397e-001
2.1780e+003 1.2884e-001
2.1790e+003 1.1518e-001
2.1800e+003 1.0287e-001
2.1810e+003 9.1781e-002
2.1820e+003 8.1805e-002
2.1830e+003 7.2840e-002
2.1840e+003 6.4792e-002
2.1850e+003 5.7575e-002
2.1860e+003 5.1110e-002
2.1870e+003 4.5325e-002
2.1880e+003 4.0155e-002
2.1890e+003 3.5538e-002
2.1900e+003 3.1421e-002
2.1910e+003 2.7752e-002
2.1920e+003 2.4487e-002
2.1930e+003 2.1584e-002
2.1940e+003 1.9006e-002
2.1950e+003 1.6720e-002
2.1960e+003 1.4693e-002
2.1970e+003 1.2899e-002
2.1980e+003 1.1313e-002
2.1990e+003 9.9116e-003
2.2000e+003 8.6751e-003
2.2010e+003 7.5852e-003
2.2020e+003 6.6256e-003
2.2030e+003 5.7815e-003
2.2040e+003 5.0399e-003
2.2050e+003 4.3889e-003
2.2060e+003 3.8182e-003
2.2070e+003 3.3183e-003
2.2080e+003 2.8810e-003
2.2090e+003 2.4988e-003
2.2100e+003 2.1651e-003
2.2110e+003 1.8741e-003
2.2120e+003 1.6205e-003
2.2130e+003 1.3999e-003
2.2140e+003 1.2080e-003
2.2150e+003 1.0414e-003
2.2160e+003 8.9690e-004
2.2170e+003 7.7165e-004
2.2180e+003 6.6322e-004
2.2190e+003 5.6945e-004
2.2200e+003 4.8844e-004
2.2210e+003 4.1854e-004
2.2220e+003 3.5828e-004
2.2230e+003 3.0638e-004
2.2240e+003 2.6174e-004
2.2250e+003 2.2337e-004
2.2260e+003 1.9044e-004
2.2270e+003 1.6220e-004
2.2280e+003 1.3801e-004
2.2290e+003 1.1730e-004
2.2300e+003 9.9607e-005
2.2310e+003 8.4493e-005
2.2320e+003 7.1601e-005
2.2330e+003 6.0615e-005
2.2340e+003 5.1262e-005
2.2350e+003 4.3309e-005
2.2360e+003 3.6553e-005
2.2370e+003 3.0819e-005
2.2380e+003 2.5959e-005
2.2390e+003 2.1843e-005
2.2400e+003 1.8361e-005
2.2410e+003 1.5419e-005
2.2420e+003 1.2935e-005
2.2430e+003 1.0840e-005
2.2440e+003 9.0754e-006
2.2450e+003 7.5903e-006
2.2460e+003 6.3418e-006
2.2470e+003 5.2934e-006
2.2480e+003 4.4138e-006
2.2490e+003 3.6766e-006
2.2500e+003 3.0595e-006
2.2510e+003 2.5434e-006
2.2520e+003 2.1122e-006
2.2530e+003 1.7524e-006
2.2540e+003 1.4523e-006
2.2550e+003 1.2025e-006
2.2560e+003 9.9459e-007
2.2570e+003 8.2182e-007
2.2580e+003 6.7837e-007
2.2590e+003 5.5940e-007
2.2600e+003 4.6083e-007
2.2610e+003 3.7924e-007
2.2620e+003 3.1178e-007
2.2630e+003 2.5606e-007
2.2640e+003 2.1009e-007
2.2650e+003 1.7220e-007
2.2660e+003 1.4100e-007
2.2670e+003 1.1533e-007
2.2680e+003 9.4247e-008
2.2690e+003 7.6937e-008
2.2700e+003 6.2742e-008
2.2710e+003 5.1115e-008
2.2720e+003 4.1601e-008
2.2730e+003 3.3823e-008
2.2740e+003 2.7472e-008
2.2750e+003 2.2291e-008
2.2760e+003 1.8069e-008
2.2770e+003 1.4631e-008
2.2780e+003 1.1836e-008
2.2790e+003 9.5649e-009
2.2800e+003 7.7219e-009
2.2810e+003 6.2277e-009
2.2820e+003 5.0176e-009
2.2830e+003 4.0385e-009
2.2840e+003 3.2472e-009
2.2850e+003 2.6083e-009
2.2860e+003 2.0930e-009
2.2870e+003 1.6778e-009
2.2880e+003 1.3436e-009
2.2890e+003 1.0749e-009
2.2900e+003 8.5906e-010
2.2910e+003 6.8587e-010
2.2920e+003 5.4704e-010
2.2930e+003 4.3587e-010
2.2940e+003 3.4695e-010
2.2950e+003 2.7588e-010
2.2960e+003 2.1915e-010
2.2970e+003 1.7391e-010
2.2980e+003 1.3787e-010
2.2990e+003 1.0919e-010
2.3000e+003 8.6389e-011
2.3010e+003 6.8280e-011
2.3020e+003 5.3912e-011
2.3030e+003 4.2524e-011
2.3040e+003 3.3508e-011
2.3050e+003 2.6377e-011
2.3060e+003 2.0743e-011
2.3070e+003 1.6295e-011
2.3080e+003 1.2789e-011
2.3090e+003 1.0027e-011
2.3100e+003 7.8530e-012
2.3110e+003 6.1444e-012
2.3120e+003 4.8027e-012
2.3130e+003 3.7502e-012
2.3140e+003 2.9254e-012
2.3150e+003 2.2797e-012
2.3160e+003 1.7747e-012
2.3170e+003 1.3802e-012
2.3180e+003 1.0723e-012
2.3190e+003 8.3224e-013
2.3200e+003 6.4528e-013
2.3210e+003 4.9981e-013
2.3220e+003 3.8674e-013
2.3230e+003 2.9895e-013
2.3240e+003 2.3086e-013
2.3250e+003 1.7810e-013
2.3260e+003 1.3725e-013
2.3270e+003 1.0567e-013
2.3280e+003 8.1271e-014
2.3290e+003 6.2443e-014
2.3300e+003 4.7928e-014
2.3310e+003 3.6751e-014
2.3320e+003 2.8151e-014
2.3330e+003 2.1542e-014
2.3340e+003 1.6468e-014
2.3350e+003 1.2577e-014
2.3360e+003 9.5951e-015
2.3370e+003 7.3129e-015
2.3380e+003 5.5679e-015
2.3390e+003 4.2350e-015
2.3400e+003 3.2180e-015
2.3410e+003 2.4427e-015
2.3420e+003 1.8523e-015
2.3430e+003 1.4032e-015
2.3440e+003 1.0619e-015
2.3450e+003 8.0283e-016
2.3460e+003 6.0634e-016
2.3470e+003 4.5748e-016
2.3480e+003 3.4482e-016
2.3490e+003 2.5964e-016
2.3500e+003 1.9530e-016
2.3510e+003 1.4676e-016
2.3520e+003 1.1017e-016
2.3530e+003 8.2620e-017
2.3540e+003 6.1897e-017
2.3550e+003 4.6325e-017
2.3560e+003 3.4636e-017
2.3570e+003 2.5870e-017
2.3580e+003 1.9303e-017
2.3590e+003 1.4388e-017
2.3600e+003 1.0714e-017
2.3610e+003 7.9704e-018
2.3620e+003 5.9232e-018
2.3630e+003 4.3973e-018
2.3640e+003 3.2613e-018
2.3650e+003 2.4163e-018
2.3660e+003 1.7884e-018
2.3670e+003 1.3224e-018
2.3680e+003 9.7677e-019
2.3690e+003 7.2077e-019
2.3700e+003 5.3133e-019
2.3710e+003 3.9128e-019
2.3720e+003 2.8786e-019
2.3730e+003 2.1156e-019
2.3740e+003 1.5532e-019
2.3750e+003 1.1392e-019
2.3760e+003 8.3473e-020
2.3770e+003 6.1100e-020
2.3780e+003 4.4679e-020
2.3790e+003 3.2638e-020
2.3800e+003 2.3818e-020
2.3810e+003 1.7364e-020
2.3820e+003 1.2646e-020
2.3830e+003 9.2004e-021
2.3840e+003 6.6870e-021
2.3850e+003 4.8553e-021
2.3860e+003 3.5218e-021
2.3870e+003 2.5520e-021
2.3880e+003 1.8473e-021
2.3890e+003 1.3359e-021
2.3900e+003 9.6510e-022
2.3910e+003 6.9651e-022
2.3920e+003 5.0216e-022
2.3930e+003 3.6168e-022
2.3940e+003 2.6023e-022
2.3950e+003 1.8705e-022
2.3960e+003 1.3431e-022
2.3970e+003 9.6349e-023
2.3980e+003 6.9045e-023
2.3990e+003 4.9428e-023
2.4000e+003 3.5350e-023
2.4010e+003 2.5255e-023
2.4020e+003 1.8025e-023
2.4030e+003 1.2852e-023
2.4040e+003 9.1543e-024
2.4050e+003 6.5139e-024
2.4060e+003 4.6304e-024
2.4070e+003 3.2882e-024
2.4080e+003 2.3327e-024
2.4090e+003 1.6531e-024
2.4100e+003 1.1704e-024
2.4110e+003 8.2778e-025
2.4120e+003 5.8487e-025
2.4130e+003 4.1282e-025
2.4140e+003 2.9109e-025
2.4150e+003 2.0505e-025
2.4160e+003 1.4429e-025
2.4170e+003 1.0144e-025
2.4180e+003 7.1238e-026
2.4190e+003 4.9978e-026
2.4200e+003 3.5028e-026
2.4210e+003 2.4525e-026
2.4220e+003 1.7154e-026
2.4230e+003 1.1986e-026
2.4240e+003 8.3670e-027
2.4250e+003 5.8346e-027
2.4260e+003 4.0646e-027
2.4270e+003 2.8286e-027
2.4280e+003 1.9665e-027
2.4290e+003 1.3658e-027
2.4300e+003 9.4763e-028
2.4310e+003 6.5683e-028
2.4320e+003 4.5480e-028
2.4330e+003 3.1460e-028
2.4340e+003 2.1739e-028
2.4350e+003 1.5007e-028
2.4360e+003 1.0350e-028
2.4370e+003 7.1301e-029
2.4380e+003 4.9072e-029
2.4390e+003 3.3739e-029
2.4400e+003 2.3174e-029
2.4410e+003 1.5901e-029
2.4420e+003 1.0900e-029
2.4430e+003 7.4637e-030
2.4440e+003 5.1058e-030
2.4450e+003 3.4893e-030
2.4460e+003 2.3821e-030
2.4470e+003 1.6246e-030
2.4480e+003 1.1069e-030
2.4490e+003 7.5339e-031
2.4500e+003 5.1227e-031
2.4510e+003 3.4797e-031
2.4520e+003 2.3612e-031
2.4530e+003 1.6006e-031
2.4540e+003 1.0840e-031
2.4550e+003 7.3333e-032
2.4560e+003 4.9561e-032
2.4570e+003 3.3462e-032
2.4580e+003 2.2569e-032
2.4590e+003 1.5207e-032
2.4600e+003 1.0236e-032
2.4610e+003 6.8831e-033
2.4620e+003 4.6238e-033
2.4630e+003 3.1029e-033
2.4640e+003 2.0802e-033
2.4650e+003 1.3932e-033
2.4660e+003 9.3210e-034
2.4670e+003 6.2299e-034
2.4680e+003 4.1597e-034
2.4690e+003 2.7746e-034
2.4700e+003 1.8489e-034
2.4710e+003 1.2308e-034
2.4720e+003 8.1846e-035
2.4730e+003 5.4373e-035
2.4740e+003 3.6086e-035
2.4750e+003 2.3925e-035
2.4760e+003 1.5846e-035
2.4770e+003 1.0485e-035
2.4780e+003 6.9302e-036
2.4790e+003 4.5761e-036
2.4800e+003 3.0187e-036
2.4810e+003 1.9893e-036
2.4820e+003 1.3096e-036
2.4830e+003 8.6126e-037
2.4840e+003 5.6585e-037
2.4850e+003 3.7138e-037
2.4860e+003 2.4351e-037
2.4870e+003 1.5950e-037
2.4880e+003 1.0437e-037
2.4890e+003 6.8223e-038
2.4900e+003 4.4552e-038
2.4910e+003 2.9064e-038
2.4920e+003 1.8941e-038
2.4930e+003 1.2332e-038
2.4940e+003 8.0205e-039
2.4950e+003 5.2112e-039
2.4960e+003 3.3825e-039
2.4970e+003 2.1933e-039
2.4980e+003 1.4208e-039
2.4990e+003 9.1940e-040
2.5000e+003 5.9436e-040
2.5010e+003 3.8384e-040
2.5020e+003 2.4764e-040
2.5030e+003 1.5961e-040
2.5040e+003 1.0276e-040
2.5050e+003 6.6099e-041
2.5060e+003 4.2472e-041
2.5070e+003 2.7263e-041
2.5080e+003 1.7483e-041
2.5090e+003 1.1200e-041
2.5100e+003 7.1675e-042
2.5110e+003 4.5824e-042
2.5120e+003 2.9267e-042
2.5130e+003 1.8673e-042
2.5140e+003 1.1902e-042
2.5150e+003 7.5785e-043
2.5160e+003 4.8207e-043
2.5170e+003 3.0634e-043
2.5180e+003 1.9447e-043
2.5190e+003 1.2333e-043
2.5200e+003 7.8132e-044
2.5210e+003 4.9450e-044
2.5220e+003 3.1265e-044
2.5230e+003 1.9748e-044
2.5240e+003 1.2460e-044
2.5250e+003 7.8544e-045
2.5260e+003 4.9460e-045
2.5270e+003 3.1114e-045
2.5280e+003 1.9553e-045
2.5290e+003 1.2276e-045
2.5300e+003 7.6989e-046
2.5310e+003 4.8236e-046
2.5320e+003 3.0191e-046
2.5330e+003 1.8878e-046
2.5340e+003 1.1792e-046
2.5350e+003 7.3583e-047
2.5360e+003 4.5870e-047
2.5370e+003 2.8566e-047
2.5380e+003 1.7771e-047
2.5390e+003 1.1045e-047
2.5400e+003 6.8574e-048
2.5410e+003 4.2533e-048
2.5420e+003 2.6354e-048
2.5430e+003 1.6313e-048
2.5440e+003 1.0087e-048
2.5450e+003 6.2313e-049
2.5460e+003 3.8455e-049
2.5470e+003 2.3707e-049
2.5480e+003 1.4601e-049
2.5490e+003 8.9830e-050
2.5500e+003 5.5212e-050
2.5510e+003 3.3901e-050
2.5520e+003 2.0794e-050
2.5530e+003 1.2742e-050
2.5540e+003 7.8001e-051
2.5550e+003 4.7700e-051
2.5560e+003 2.9141e-051
2.5570e+003 1.7785e-051
2.5580e+003 1.0843e-051
2.5590e+003 6.6041e-052
2.5600e+003 4.0183e-052
2.5610e+003 2.4425e-052
2.5620e+003 1.4831e-052
2.5630e+003 8.9969e-053
2.5640e+003 5.4521e-053
2.5650e+003 3.3006e-053
2.5660e+003 1.9962e-053
2.5670e+003 1.2060e-053
2.5680e+003 7.2790e-054
2.5690e+003 4.3888e-054
2.5700e+003 2.6436e-054
2.5710e+003 1.5907e-054
2.5720e+003 9.5621e-055
2.5730e+003 5.7422e-055
2.5740e+003 3.4448e-055
2.5750e+003 2.0645e-055
2.5760e+003 1.2360e-055
2.5770e+003 7.3925e-056
2.5780e+003 4.4170e-056
2.5790e+003 2.6364e-056
2.5800e+003 1.5721e-056
2.5810e+003 9.3646e-057
2.5820e+003 5.5727e-057
2.5830e+003 3.3129e-057
2.5840e+003 1.9675e-057
2.5850e+003 1.1673e-057
2.5860e+003 6.9182e-058
2.5870e+003 4.0961e-058
2.5880e+003 2.4228e-058
2.5890e+003 1.4316e-058
2.5900e+003 8.4508e-059
2.5910e+003 4.9834e-059
2.5920e+003 2.9357e-059
2.5930e+003 1.7277e-059
2.5940e+003 1.0157e-059
2.5950e+003 5.9656e-060
2.5960e+003 3.5002e-060
2.5970e+003 2.0516e-060
2.5980e+003 1.2013e-060
2.5990e+003 7.0270e-061
2.6000e+003 4.1063e-061
2.6010e+003 2.3972e-061
2.6020e+003 1.3980e-061
2.6030e+003 8.1446e-062
2.6040e+003 4.7402e-062
2.6050e+003 2.7560e-062
2.6060e+003 1.6008e-062
2.6070e+003 9.2885e-063
2.6080e+003 5.3842e-063
2.6090e+003 3.1178e-063
2.6100e+003 1.8036e-063
2.6110e+003 1.0423e-063
2.6120e+003 6.0176e-064
2.6130e+003 3.4706e-064
2.6140e+003 1.9996e-064
2.6150e+003 1.1509e-064
2.6160e+003 6.6178e-065
2.6170e+003 3.8014e-065
2.6180e+003 2.1814e-065
2.6190e+003 1.2505e-065
2.6200e+003 7.1612e-066
2.6210e+003 4.0969e-066
2.6220e+003 2.3415e-066
2.6230e+003 1.3368e-066
2.6240e+003 7.6249e-067
2.6250e+003 4.3446e-067
2.6260e+003 2.4730e-067
2.6270e+003 1.4063e-067
2.6280e+003 7.9886e-068
2.6290e+003 4.5335e-068
2.6300e+003 2.5701e-068
2.6310e+003 1.4556e-068
2.6320e+003 8.2354e-069
2.6330e+003 4.6547e-069
2.6340e+003 2.6282e-069
2.6350e+003 1.4825e-069
2.6360e+003 8.3538e-070
2.6370e+003 4.7026e-070
2.6380e+003 2.6445e-070
2.6390e+003 1.4857e-070
2.6400e+003 8.3380e-071
2.6410e+003 4.6748e-071
2.6420e+003 2.6183e-071
2.6430e+003 1.4650e-071
2.6440e+003 8.1889e-072
2.6450e+003 4.5727e-072
2.6460e+003 2.5508e-072
2.6470e+003 1.4215e-072
2.6480e+003 7.9135e-073
2.6490e+003 4.4011e-073
2.6500e+003 2.4452e-073
2.6510e+003 1.3571e-073
2.6520e+003 7.5248e-074
2.6530e+003 4.1680e-074
2.6540e+003 2.3064e-074
2.6550e+003 1.2749e-074
2.6560e+003 7.0405e-075
2.6570e+003 3.8840e-075
2.6580e+003 2.1406e-075
2.6590e+003 1.1785e-075
2.6600e+003 6.4818e-076
2.6610e+003 3.5614e-076
2.6620e+003 1.9548e-076
2.6630e+003 1.0719e-076
2.6640e+003 5.8717e-077
2.6650e+003 3.2132e-077
2.6660e+003 1.7566e-077
2.6670e+003 9.5932e-078
2.6680e+003 5.2338e-078
2.6690e+003 2.8526e-078
2.6700e+003 1.5532e-078
2.6710e+003 8.4480e-079
2.6720e+003 4.5904e-079
2.6730e+003 2.4918e-079
2.6740e+003 1.3513e-079
2.6750e+003 7.3203e-080
2.6760e+003 3.9616e-080
2.6770e+003 2.1418e-080
2.6780e+003 1.1568e-080
2.6790e+003 6.2414e-081
2.6800e+003 3.3641e-081
2.6810e+003 1.8114e-081
2.6820e+003 9.7441e-082
2.6830e+003 5.2362e-082
2.6840e+003 2.8110e-082
2.6850e+003 1.5075e-082
2.6860e+003 8.0763e-083
2.6870e+003 4.3225e-083
2.6880e+003 2.3111e-083
2.6890e+003 1.2344e-083
2.6900e+003 6.5867e-084
2.6910e+003 3.5110e-084
2.6920e+003 1.8697e-084
2.6930e+003 9.9461e-085
2.6940e+003 5.2857e-085
2.6950e+003 2.8062e-085
2.6960e+003 1.4883e-085
2.6970e+003 7.8855e-086
2.6980e+003 4.1737e-086
2.6990e+003 2.2069e-086
2.7000e+003 1.1657e-086
2.7010e+003 6.1515e-087
2.7020e+003 3.2428e-087
2.7030e+003 1.7078e-087
2.7040e+003 8.9845e-088
2.7050e+003 4.7219e-088
2.7060e+003 2.4792e-088
2.7070e+003 1.3003e-088
2.7080e+003 6.8134e-089
2.7090e+003 3.5665e-089
2.7100e+003 1.8650e-089
2.7110e+003 9.7424e-090
2.7120e+003 5.0842e-090
2.7130e+003 2.6506e-090
2.7140e+003 1.3804e-090
2.7150e+003 7.1822e-091
2.7160e+003 3.7330e-091
2.7170e+003 1.9383e-091
2.7180e+003 1.0054e-091
2.7190e+003 5.2099e-092
2.7200e+003 2.6970e-092
2.7210e+003 1.3947e-092
2.7220e+003 7.2054e-093
2.7230e+003 3.7187e-093
2.7240e+003 1.9173e-093
2.7250e+003 9.8749e-094
2.7260e+003 5.0810e-094
2.7270e+003 2.6117e-094
2.7280e+003 1.3411e-094
2.7290e+003 6.8796e-095
2.7300e+003 3.5255e-095
2.7310e+003 1.8049e-095
2.7320e+003 9.2306e-096
2.7330e+003 4.7160e-096
2.7340e+003 2.4070e-096
2.7350e+003 1.2273e-096
2.7360e+003 6.2514e-097
2.7370e+003 3.1810e-097
2.7380e+003 1.6170e-097
2.7390e+003 8.2117e-098
2.7400e+003 4.1659e-098
2.7410e+003 2.1113e-098
2.7420e+003 1.0689e-098
2.7430e+003 5.4063e-099
2.7440e+003 2.7316e-099
2.7450e+003 1.3788e-099
2.7460e+003 6.9525e-100
2.7470e+003 3.5022e-100
2.7480e+003 1.7624e-100
2.7490e+003 8.8601e-101
2.7500e+003 4.4497e-101
2.7510e+003 2.2324e-101
2.7520e+003 1.1189e-101
2.7530e+003 5.6022e-102
2.7540e+003 2.8022e-102
2.7550e+003 1.4002e-102
2.7560e+003 6.9895e-103
2.7570e+003 3.4855e-103
2.7580e+003 1.7364e-103
2.7590e+003 8.6414e-104
2.7600e+003 4.2962e-104
2.7610e+003 2.1338e-104
2.7620e+003 1.0587e-104
2.7630e+003 5.2476e-105
2.7640e+003 2.5984e-105
2.7650e+003 1.2853e-105
2.7660e+003 6.3516e-106
2.7670e+003 3.1356e-106
2.7680e+003 1.5464e-106
2.7690e+003 7.6184e-107
2.7700e+003 3.7496e-107
2.7710e+003 1.8436e-107
2.7720e+003 9.0551e-108
2.7730e+003 4.4432e-108
2.7740e+003 2.1780e-108
2.7750e+003 1.0665e-108
2.7760e+003 5.2175e-109
2.7770e+003 2.5498e-109
2.7780e+003 1.2448e-109
2.7790e+003 6.0713e-110
2.7800e+003 2.9581e-110
2.7810e+003 1.4398e-110
2.7820e+003 7.0009e-111
2.7830e+003 3.4007e-111
2.7840e+003 1.6502e-111
2.7850e+003 7.9998e-112
2.7860e+003 3.8742e-112
2.7870e+003 1.8743e-112
2.7880e+003 9.0585e-113
2.7890e+003 4.3736e-113
2.7900e+003 2.1095e-113
2.7910e+003 1.0164e-113
2.7920e+003 4.8927e-114
2.7930e+003 2.3528e-114
2.7940e+003 1.1302e-114
2.7950e+003 5.4240e-115
2.7960e+003 2.6003e-115
2.7970e+003 1.2454e-115
2.7980e+003 5.9585e-116
2.7990e+003 2.8479e-116
2.8000e+003 1.3598e-116
2.8010e+003 6.4864e-117
2.8020e+003 3.0909e-117
2.8030e+003 1.4714e-117
2.8040e+003 6.9973e-118
2.8050e+003 3.3242e-118
2.8060e+003 1.5777e-118
2.8070e+003 7.4801e-119
2.8080e+003 3.5429e-119
2.8090e+003 1.6763e-119
2.8100e+003 7.9238e-120
2.8110e+003 3.7417e-120
2.8120e+003 1.7651e-120
2.8130e+003 8.3179e-121
2.8140e+003 3.9159e-121
2.8150e+003 1.8416e-121
2.8160e+003 8.6526e-122
2.8170e+003 4.0611e-122
2.8180e+003 1.9042e-122
2.8190e+003 8.9193e-123
2.8200e+003 4.1736e-123
2.8210e+003 1.9510e-123
2.8220e+003 9.1110e-124
2.8230e+003 4.2505e-124
2.8240e+003 1.9809e-124
2.8250e+003 9.2227e-125
2.8260e+003 4.2895e-125
2.8270e+003 1.9931e-125
2.8280e+003 9.2512e-126
2.8290e+003 4.2898e-126
2.8300e+003 1.9872e-126
2.8310e+003 9.1959e-127
2.8320e+003 4.2512e-127
2.8330e+003 1.9633e-127
2.8340e+003 9.0582e-128
2.8350e+003 4.1749e-128
2.8360e+003 1.9223e-128
2.8370e+003 8.8418e-129
2.8380e+003 4.0628e-129
2.8390e+003 1.8650e-129
2.8400e+003 8.5525e-130
2.8410e+003 3.9180e-130
2.8420e+003 1.7931e-130
2.8430e+003 8.1978e-131
2.8440e+003 3.7441e-131
2.8450e+003 1.7083e-131
2.8460e+003 7.7867e-132
2.8470e+003 3.5456e-132
2.8480e+003 1.6129e-132
2.8490e+003 7.3292e-133
2.8500e+003 3.3272e-133
2.8510e+003 1.5089e-133
2.8520e+003 6.8363e-134
2.8530e+003 3.0941e-134
2.8540e+003 1.3989e-134
2.8550e+003 6.3188e-135
2.8560e+003 2.8512e-135
2.8570e+003 1.2852e-135
2.8580e+003 5.7876e-136
2.8590e+003 2.6036e-136
2.8600e+003 1.1701e-136
2.8610e+003 5.2531e-137
2.8620e+003 2.3560e-137
2.8630e+003 1.0556e-137
2.8640e+003 4.7248e-138
2.8650e+003 2.1127e-138
2.8660e+003 9.4372e-139
2.8670e+003 4.2112e-139
2.8680e+003 1.8773e-139
2.8690e+003 8.3605e-140
2.8700e+003 3.7195e-140
2.8710e+003 1.6531e-140
2.8720e+003 7.3397e-141
2.8730e+003 3.2555e-141
2.8740e+003 1.4425e-141
2.8750e+003 6.3852e-142
2.8760e+003 2.8235e-142
2.8770e+003 1.2473e-142
2.8780e+003 5.5045e-143
2.8790e+003 2.4268e-143
2.8800e+003 1.0688e-143
2.8810e+003 4.7024e-144
2.8820e+003 2.0669e-144
2.8830e+003 9.0753e-145
2.8840e+003 3.9808e-145
2.8850e+003 1.7444e-145
2.8860e+003 7.6363e-146
2.8870e+003 3.3395e-146
2.8880e+003 1.4589e-146
2.8890e+003 6.3673e-147
2.8900e+003 2.7761e-147
2.8910e+003 1.2091e-147
2.8920e+003 5.2612e-148
2.8930e+003 2.2869e-148
2.8940e+003 9.9305e-149
2.8950e+003 4.3078e-149
2.8960e+003 1.8668e-149
2.8970e+003 8.0820e-150
2.8980e+003 3.4953e-150
2.8990e+003 1.5102e-150
2.9000e+003 6.5180e-151
2.9010e+003 2.8104e-151
2.9020e+003 1.2106e-151
2.9030e+003 5.2092e-152
2.9040e+003 2.2393e-152
2.9050e+003 9.6163e-153
2.9060e+003 4.1255e-153
2.9070e+003 1.7681e-153
2.9080e+003 7.5697e-154
2.9090e+003 3.2376e-154
2.9100e+003 1.3834e-154
2.9110e+003 5.9048e-155
2.9120e+003 2.5179e-155
2.9130e+003 1.0726e-155
2.9140e+003 4.5644e-156
2.9150e+003 1.9404e-156
2.9160e+003 8.2409e-157
2.9170e+003 3.4963e-157
2.9180e+003 1.4819e-157
2.9190e+003 6.2744e-158
2.9200e+003 2.6539e-158
2.9210e+003 1.1214e-158
2.9220e+003 4.7339e-159
2.9230e+003 1.9963e-159
2.9240e+003 8.4099e-160
2.9250e+003 3.5393e-160
2.9260e+003 1.4880e-160
2.9270e+003 6.2497e-161
2.9280e+003 2.6223e-161
2.9290e+003 1.0991e-161
2.9300e+003 4.6024e-162
2.9310e+003 1.9252e-162
2.9320e+003 8.0453e-163
2.9330e+003 3.3586e-163
2.9340e+003 1.4007e-163
2.9350e+003 5.8356e-164
2.9360e+003 2.4288e-164
2.9370e+003 1.0098e-164
2.9380e+003 4.1945e-165
2.9390e+003 1.7405e-165
2.9400e+003 7.2147e-166
2.9410e+003 2.9876e-166
2.9420e+003 1.2359e-166
2.9430e+003 5.1078e-167
2.9440e+003 2.1088e-167
2.9450e+003 8.6973e-168
2.9460e+003 3.5834e-168
2.9470e+003 1.4750e-168
2.9480e+003 6.0648e-169
2.9490e+003 2.4913e-169
2.9500e+003 1.0223e-169
2.9510e+003 4.1909e-170
2.9520e+003 1.7163e-170
2.9530e+003 7.0217e-171
2.9540e+003 2.8698e-171
2.9550e+003 1.1717e-171
2.9560e+003 4.7792e-172
2.9570e+003 1.9473e-172
2.9580e+003 7.9268e-173
2.9590e+003 3.2234e-173
2.9600e+003 1.3095e-173
2.9610e+003 5.3141e-174
2.9620e+003 2.1544e-174
2.9630e+003 8.7255e-175
2.9640e+003 3.5303e-175
2.9650e+003 1.4269e-175
2.9660e+003 5.7615e-176
2.9670e+003 2.3240e-176
2.9680e+003 9.3651e-177
2.9690e+003 3.7700e-177
2.9700e+003 1.5161e-177
2.9710e+003 6.0909e-178
2.9720e+003 2.4445e-178
2.9730e+003 9.8010e-179
2.9740e+003 3.9256e-179
2.9750e+003 1.5707e-179
2.9760e+003 6.2786e-180
2.9770e+003 2.5072e-180
2.9780e+003 1.0002e-180
2.9790e+003 3.9857e-181
2.9800e+003 1.5868e-181
2.9810e+003 6.3107e-182
2.9820e+003 2.5073e-182
2.9830e+003 9.9516e-183
2.9840e+003 3.9459e-183
2.9850e+003 1.5630e-183
2.9860e+003 6.1848e-184
2.9870e+003 2.4449e-184
2.9880e+003 9.6551e-185
2.9890e+003 3.8090e-185
2.9900e+003 1.5012e-185
2.9910e+003 5.9103e-186
2.9920e+003 2.3246e-186
2.9930e+003 9.1338e-187
2.9940e+003 3.5852e-187
2.9950e+003 1.4059e-187
2.9960e+003 5.5072e-188
2.9970e+003 2.1551e-188
2.9980e+003 8.4253e-189
2.9990e+003 3.2904e-189
3.0000e+003 1.2838e-189
3.0010e+003 5.0036e-190
3.0020e+003 1.9482e-190
3.0030e+003 7.5779e-191
3.0040e+003 2.9446e-191
3.0050e+003 1.1431e-191
3.0060e+003 4.4327e-192
3.0070e+003 1.7172e-192
3.0080e+003 6.6458e-193
3.0090e+003 2.5694e-193
3.0100e+003 9.9238e-194
3.0110e+003 3.8290e-194
3.0120e+003 1.4759e-194
3.0130e+003 5.6831e-195
3.0140e+003 2.1861e-195
3.0150e+003 8.4009e-196
3.0160e+003 3.2251e-196
3.0170e+003 1.2368e-196
3.0180e+003 4.7386e-197
3.0190e+003 1.8136e-197
3.0200e+003 6.9344e-198
3.0210e+003 2.6487e-198
3.0220e+003 1.0107e-198
3.0230e+003 3.8526e-199
3.0240e+003 1.4671e-199
3.0250e+003 5.5812e-200
3.0260e+003 2.1211e-200
3.0270e+003 8.0527e-201
3.0280e+003 3.0542e-201
3.0290e+003 1.1572e-201
3.0300e+003 4.3800e-202
3.0310e+003 1.6562e-202
3.0320e+003 6.2561e-203
3.0330e+003 2.3608e-203
3.0340e+003 8.8998e-204
3.0350e+003 3.3517e-204
3.0360e+003 1.2610e-204
3.0370e+003 4.7392e-205
3.0380e+003 1.7794e-205
3.0390e+003 6.6741e-206
3.0400e+003 2.5008e-206
3.0410e+003 9.3612e-207
3.0420e+003 3.5006e-207
3.0430e+003 1.3077e-207
3.0440e+003 4.8802e-208
3.0450e+003 1.8194e-208
3.0460e+003 6.7763e-209
3.0470e+003 2.5212e-209
3.0480e+003 9.3710e-210
3.0490e+003 3.4796e-210
3.0500e+003 1.2907e-210
3.0510e+003 4.7828e-211
3.0520e+003 1.7706e-211
3.0530e+003 6.5478e-212
3.0540e+003 2.4190e-212
3.0550e+003 8.9278e-213
3.0560e+003 3.2917e-213
3.0570e+003 1.2124e-213
3.0580e+003 4.4610e-214
3.0590e+003 1.6398e-214
3.0600e+003 6.0215e-215
3.0610e+003 2.2089e-215
3.0620e+003 8.0950e-216
3.0630e+003 2.9636e-216
3.0640e+003 1.0839e-216
3.0650e+003 3.9600e-217
3.0660e+003 1.4454e-217
3.0670e+003 5.2701e-218
3.0680e+003 1.9197e-218
3.0690e+003 6.9854e-219
3.0700e+003 2.5393e-219
3.0710e+003 9.2217e-220
3.0720e+003 3.3455e-220
3.0730e+003 1.2125e-220
3.0740e+003 4.3898e-221
3.0750e+003 1.5877e-221
3.0760e+003 5.7369e-222
3.0770e+003 2.0708e-222
3.0780e+003 7.4671e-223
3.0790e+003 2.6899e-223
3.0800e+003 9.6800e-224
3.0810e+003 3.4800e-224
3.0820e+003 1.2498e-224
3.0830e+003 4.4840e-225
3.0840e+003 1.6071e-225
3.0850e+003 5.7545e-226
3.0860e+003 2.0583e-226
3.0870e+003 7.3550e-227
3.0880e+003 2.6255e-227
3.0890e+003 9.3629e-228
3.0900e+003 3.3355e-228
3.0910e+003 1.1871e-228
3.0920e+003 4.2205e-229
3.0930e+003 1.4990e-229
3.0940e+003 5.3187e-230
3.0950e+003 1.8852e-230
3.0960e+003 6.6756e-231
3.0970e+003 2.3614e-231
3.0980e+003 8.3449e-232
3.0990e+003 2.9460e-232
3.1000e+003 1.0390e-232
3.1010e+003 3.6604e-233
3.1020e+003 1.2883e-233
3.1030e+003 4.5297e-234
3.1040e+003 1.5911e-234
3.1050e+003 5.5829e-235
3.1060e+003 1.9570e-235
3.1070e+003 6.8533e-236
3.1080e+003 2.3975e-236
3.1090e+003 8.3788e-237
3.1100e+003 2.9253e-237
3.1110e+003 1.0203e-237
3.1120e+003 3.5548e-238
3.1130e+003 1.2373e-238
3.1140e+003 4.3024e-239
3.1150e+003 1.4945e-239
3.1160e+003 5.1862e-240
3.1170e+003 1.7979e-240
3.1180e+003 6.2264e-241
3.1190e+003 2.1541e-241
3.1200e+003 7.4450e-242
3.1210e+003 2.5705e-242
3.1220e+003 8.8663e-243
3.1230e+003 3.0551e-243
3.1240e+003 1.0516e-243
3.1250e+003 3.6164e-244
3.1260e+003 1.2423e-244
3.1270e+003 4.2635e-245
3.1280e+003 1.4617e-245
3.1290e+003 5.0061e-246
3.1300e+003 1.7128e-246
3.1310e+003 5.8544e-247
3.1320e+003 1.9990e-247
3.1330e+003 6.8188e-248
3.1340e+003 2.3236e-248
3.1350e+003 7.9101e-249
3.1360e+003 2.6900e-249
3.1370e+003 9.1390e-250
3.1380e+003 3.1017e-250
3.1390e+003 1.0516e-250
3.1400e+003 3.5620e-251
3.1410e+003 1.2052e-251
3.1420e+003 4.0740e-252
3.1430e+003 1.3757e-252
3.1440e+003 4.6409e-253
3.1450e+003 1.5640e-253
3.1460e+003 5.2653e-254
3.1470e+003 1.7708e-254
3.1480e+003 5.9496e-255
3.1490e+003 1.9969e-255
3.1500e+003 6.6958e-256
3.1510e+003 2.2429e-256
3.1520e+003 7.5052e-257
3.1530e+003 2.5089e-257
3.1540e+003 8.3786e-258
3.1550e+003 2.7952e-258
3.1560e+003 9.3158e-259
3.1570e+003 3.1016e-259
3.1580e+003 1.0316e-259
3.1590e+003 3.4277e-260
3.1600e+003 1.1378e-260
3.1610e+003 3.7729e-261
3.1620e+003 1.2498e-261
3.1630e+003 4.1360e-262
3.1640e+003 1.3673e-262
3.1650e+003 4.5158e-263
3.1660e+003 1.4899e-263
3.1670e+003 4.9106e-264
3.1680e+003 1.6169e-264
3.1690e+003 5.3184e-265
3.1700e+003 1.7476e-265
3.1710e+003 5.7369e-266
3.1720e+003 1.8813e-266
3.1730e+003 6.1633e-267
3.1740e+003 2.0171e-267
3.1750e+003 6.5947e-268
3.1760e+003 2.1539e-268
3.1770e+003 7.0279e-269
3.1780e+003 2.2908e-269
3.1790e+003 7.4593e-270
3.1800e+003 2.4265e-270
3.1810e+003 7.8853e-271
3.1820e+003 2.5599e-271
3.1830e+003 8.3020e-272
3.1840e+003 2.6897e-272
3.1850e+003 8.7055e-273
3.1860e+003 2.8148e-273
3.1870e+003 9.0918e-274
3.1880e+003 2.9337e-274
3.1890e+003 9.4570e-275
3.1900e+003 3.0454e-275
3.1910e+003 9.7971e-276
3.1920e+003 3.1486e-276
3.1930e+003 1.0109e-276
3.1940e+003 3.2421e-277
3.1950e+003 1.0388e-277
3.1960e+003 3.3250e-278
3.1970e+003 1.0632e-278
3.1980e+003 3.3962e-279
3.1990e+003 1.0838e-279
3.2000e+003 3.4550e-280
3.2010e+003 1.1003e-280
3.2020e+003 3.5006e-281
3.2030e+003 1.1126e-281
3.2040e+003 3.5325e-282
3.2050e+003 1.1205e-282
3.2060e+003 3.5504e-283
3.2070e+003 1.1239e-283
3.2080e+003 3.5539e-284
3.2090e+003 1.1227e-284
3.2100e+003 3.5431e-285
3.2110e+003 1.1170e-285
3.2120e+003 3.5181e-286
3.2130e+003 1.1069e-286
3.2140e+003 3.4792e-287
3.2150e+003 1.0925e-287
3.2160e+003 3.4269e-288
3.2170e+003 1.0739e-288
3.2180e+003 3.3617e-289
3.2190e+003 1.0513e-289
3.2200e+003 3.2845e-290
3.2210e+003 1.0251e-290
3.2220e+003 3.1961e-291
3.2230e+003 9.9549e-292
3.2240e+003 3.0975e-292
3.2250e+003 9.6285e-293
3.2260e+003 2.9899e-293
3.2270e+003 9.2752e-294
3.2280e+003 2.8744e-294
3.2290e+003 8.8989e-295
3.2300e+003 2.7522e-295
3.2310e+003 8.5034e-296
3.2320e+003 2.6246e-296
3.2330e+003 8.0927e-297
3.2340e+003 2.4928e-297
3.2350e+003 7.6708e-298
3.2360e+003 2.3581e-298
3.2370e+003 7.2416e-299
3.2380e+003 2.2216e-299
3.2390e+003 6.8089e-300
3.2400e+003 2.0847e-300
3.2410e+003 6.3761e-301
3.2420e+003 1.9482e-301
3.2430e+003 5.9469e-302
3.2440e+003 1.8134e-302
3.2450e+003 5.5241e-303
3.2460e+003 1.6811e-303
3.2470e+003 5.1107e-304
3.2480e+003 1.5522e-304
3.2490e+003 4.7092e-305
3.2500e+003 1.4273e-305
3.2510e+003 4.3218e-306
3.2520e+003 1.3073e-306
3.2530e+003 3.9502e-307
3.2540e+003 1.1925e-307
3.2550e+003 3.5960e-308
3.2560e+003 1.0833e-308
3.2570e+003 3.2604e-309
3.2580e+003 9.8025e-310
3.2590e+003 2.9442e-310
3.2600e+003 8.8339e-311
3.2610e+003 2.6479e-311
3.2620e+003 7.9290e-312
3.2630e+003 2.3719e-312
3.2640e+003 7.0880e-313
3.2650e+003 2.1160e-313
3.2660e+003 6.3107e-314
3.2670e+003 1.8802e-314
3.2680e+003 5.5960e-315
3.2690e+003 1.6639e-315
3.2700e+003 4.9422e-316
3.2710e+003 1.4665e-316
3.2720e+003 4.3472e-317
3.2730e+003 1.2873e-317
3.2740e+003 3.8083e-318
3.2750e+003 1.1255e-318
3.2760e+003 3.3237e-319
3.2770e+003 9.8057e-320
3.2780e+003 2.8873e-320
3.2790e+003 8.4238e-321
3.2800e+003 2.4061e-321
3.2810e+003 6.0276e-322
3.2820e+003 3.0138e-322
3.2830e+003 0.0000e+000
3.2840e+003 0.0000e+000
3.2850e+003 0.0000e+000
3.2860e+003 0.0000e+000
3.2870e+003 0.0000e+000
3.2880e+003 0.0000e+000
3.2890e+003 0.0000e+000
3.2900e+003 0.0000e+000
3.2910e+003 0.0000e+000
3.2920e+003 0.0000e+000
3.2930e+003 0.0000e+000
3.2940e+003 0.0000e+000
3.2950e+003 0.0000e+000
3.2960e+003 0.0000e+000
3.2970e+003 0.0000e+000
3.2980e+003 0.0000e+000
3.2990e+003 0.0000e+000
3.3000e+003 0.0000e+000
3.3010e+003 0.0000e+000
3.3020e+003 0.0000e+000
3.3030e+003 0.0000e+000
3.3040e+003 0.0000e+000
3.3050e+003 0.0000e+000
3.3060e+003 0.0000e+000
3.3070e+003 0.0000e+000
3.3080e+003 0.0000e+000
3.3090e+003 0.0000e+000
3.3100e+003 0.0000e+000
3.3110e+003 0.0000e+000
3.3120e+003 0.0000e+000
3.3130e+003 0.0000e+000
3.3140e+003 0.0000e+000
3.3150e+003 0.0000e+000
3.3160e+003 0.0000e+000
3.3170e+003 0.0000e+000
3.3180e+003 0.0000e+000
3.3190e+003 0.0000e+000
3.3200e+003 0.0000e+000
3.3210e+003 0.0000e+000
3.3220e+003 0.0000e+000
3.3230e+003 0.0000e+000
3.3240e+003 0.0000e+000
3.3250e+003 0.0000e+000
3.3260e+003 0.0000e+000
3.3270e+003 0.0000e+000
3.3280e+003 0.0000e+000
3.3290e+003 0.0000e+000
3.3300e+003 0.0000e+000
3.3310e+003 0.0000e+000
3.3320e+003 0.0000e+000
3.3330e+003 0.0000e+000
3.3340e+003 0.0000e+000
3.3350e+003 0.0000e+000
3.3360e+003 0.0000e+000
3.3370e+003 0.0000e+000
3.3380e+003 0.0000e+000
3.3390e+003 0.0000e+000
3.3400e+003 0.0000e+000
3.3410e+003 0.0000e+000
3.3420e+003 0.0000e+000
3.3430e+003 0.0000e+000
3.3440e+003 0.0000e+000
3.3450e+003 0.0000e+000
3.3460e+003 0.0000e+000
3.3470e+003 0.0000e+000
3.3480e+003 0.0000e+000
3.3490e+003 0.0000e+000
3.3500e+003 0.0000e+000
3.3510e+003 0.0000e+000
3.3520e+003 0.0000e+000
3.3530e+003 0.0000e+000
3.3540e+003 0.0000e+000
3.3550e+003 0.0000e+000
3.3560e+003 0.0000e+000
3.3570e+003 0.0000e+000
3.3580e+003 0.0000e+000
3.3590e+003 0.0000e+000
3.3600e+003 0.0000e+000
3.3610e+003 0.0000e+000
3.3620e+003 0.0000e+000
3.3630e+003 0.0000e+000
3.3640e+003 0.0000e+000
3.3650e+003 0.0000e+000
3.3660e+003 0.0000e+000
3.3670e+003 0.0000e+000
3.3680e+003 0.0000e+000
3.3690e+003 0.0000e+000
3.3700e+003 0.0000e+000
3.3710e+003 0.0000e+000
3.3720e+003 0.0000e+000
3.3730e+003 0.0000e+000
3.3740e+003 0.0000e+000
3.3750e+003 0.0000e+000
3.3760e+003 0.0000e+000
3.3770e+003 0.0000e+000
3.3780e+003 0.0000e+000
3.3790e+003 0.0000e+000
3.3800e+003 0.0000e+000
3.3810e+003 0.0000e+000
3.3820e+003 0.0000e+000
3.3830e+003 0.0000e+000
3.3840e+003 0.0000e+000
3.3850e+003 0.0000e+000
3.3860e+003 0.0000e+000
3.3870e+003 0.0000e+000
3.3880e+003 0.0000e+000
3.3890e+003 0.0000e+000
3.3900e+003 0.0000e+000
3.3910e+003 0.0000e+000
3.3920e+003 0.0000e+000
3.3930e+003 0.0000e+000
3.3940e+003 0.0000e+000
3.3950e+003 0.0000e+000
3.3960e+003 0.0000e+000
3.3970e+003 0.0000e+000
3.3980e+003 0.0000e+000
3.3990e+003 0.0000e+000
3.4000e+003 0.0000e+000
3.4010e+003 0.0000e+000
3.4020e+003 0.0000e+000
3.4030e+003 0.0000e+000
3.4040e+003 0.0000e+000
3.4050e+003 0.0000e+000
3.4060e+003 0.0000e+000
3.4070e+003 0.0000e+000
3.4080e+003 0.0000e+000
3.4090e+003 0.0000e+000
3.4100e+003 0.0000e+000
3.4110e+003 0.0000e+000
3.4120e+003 0.0000e+000
3.4130e+003 0.0000e+000
3.4140e+003 0.0000e+000
3.4150e+003 0.0000e+000
3.4160e+003 0.0000e+000
3.4170e+003 0.0000e+000
3.4180e+003 0.0000e+000
3.4190e+003 0.0000e+000
3.4200e+003 0.0000e+000
3.4210e+003 0.0000e+000
3.4220e+003 0.0000e+000
3.4230e+003 0.0000e+000
3.4240e+003 0.0000e+000
3.4250e+003 0.0000e+000
3.4260e+003 0.0000e+000
3.4270e+003 0.0000e+000
3.4280e+003 0.0000e+000
3.4290e+003 0.0000e+000
3.4300e+003 0.0000e+000
3.4310e+003 0.0000e+000
3.4320e+003 0.0000e+000
3.4330e+003 0.0000e+000
3.4340e+003 0.0000e+000
3.4350e+003 0.0000e+000
3.4360e+003 0.0000e+000
3.4370e+003 0.0000e+000
3.4380e+003 0.0000e+000
3.4390e+003 0.0000e+000
3.4400e+003 0.0000e+000
3.4410e+003 0.0000e+000
3.4420e+003 0.0000e+000
3.4430e+003 0.0000e+000
3.4440e+003 0.0000e+000
3.4450e+003 0.0000e+000
3.4460e+003 0.0000e+000
3.4470e+003 0.0000e+000
3.4480e+003 0.0000e+000
3.4490e+003 0.0000e+000
3.4500e+003 0.0000e+000
3.4510e+003 0.0000e+000
3.4520e+003 0.0000e+000
3.4530e+003 0.0000e+000
3.4540e+003 0.0000e+000
3.4550e+003 0.0000e+000
3.4560e+003 0.0000e+000
3.4570e+003 0.0000e+000
3.4580e+003 0.0000e+000
3.4590e+003 0.0000e+000
3.4600e+003 0.0000e+000
3.4610e+003 0.0000e+000
3.4620e+003 0.0000e+000
3.4630e+003 0.0000e+000
3.4640e+003 0.0000e+000
3.4650e+003 0.0000e+000
3.4660e+003 0.0000e+000
3.4670e+003 0.0000e+000
3.4680e+003 0.0000e+000
3.4690e+003 0.0000e+000
3.4700e+003 0.0000e+000
3.4710e+003 0.0000e+000
3.4720e+003 0.0000e+000
3.4730e+003 0.0000e+000
3.4740e+003 0.0000e+000
3.4750e+003 0.0000e+000
3.4760e+003 0.0000e+000
3.4770e+003 0.0000e+000
3.4780e+003 0.0000e+000
3.4790e+003 0.0000e+000
3.4800e+003 0.0000e+000
3.4810e+003 0.0000e+000
3.4820e+003 0.0000e+000
3.4830e+003 0.0000e+000
3.4840e+003 0.0000e+000
3.4850e+003 0.0000e+000
3.4860e+003 0.0000e+000
3.4870e+003 0.0000e+000
3.4880e+003 0.0000e+000
3.4890e+003 0.0000e+000
3.4900e+003 0.0000e+000
3.4910e+003 0.0000e+000
3.4920e+003 0.0000e+000
3.4930e+003 0.0000e+000
3.4940e+003 0.0000e+000
3.4950e+003 0.0000e+000
3.4960e+003 0.0000e+000
3.4970e+003 0.0000e+000
3.4980e+003 0.0000e+000
3.4990e+003 0.0000e+000
3.5000e+003 0.0000e+000
