1.7510e+003 3.0000e-003
1.7520e+003 3.0000e-003
1.7530e+003 3.0000e-003
1.7540e+003 3.0000e-003
1.7550e+003 3.0000e-003
1.7560e+003 3.0000e-003
1.7570e+003 3.0000e-003
1.7580e+003 3.0000e-003
1.7590e+003 3.0000e-003
1.7600e+003 3.0000e-003
1.7610e+003 3.0000e-003
1.7620e+003 3.0000e-003
1.7630e+003 3.0000e-003
1.7640e+003 3.0000e-003
1.7650e+003 3.0000e-003
1.7660e+003 3.0000e-003
1.7670e+003 3.0000e-003
1.7680e+003 3.0000e-003
1.7690e+003 3.0000e-003
1.7700e+003 3.0000e-003
1.7710e+003 4.0000e-003
1.7720e+003 4.0000e-003
1.7730e+003 4.0000e-003
1.7740e+003 4.0000e-003
1.7750e+003 4.0000e-003
1.7760e+003 4.0000e-003
1.7770e+003 4.0000e-003
1.7780e+003 4.0000e-003
1.7790e+003 4.0000e-003
1.7800e+003 4.0000e-003
1.7810e+003 5.0000e-003
1.7820e+003 5.0000e-003
1.7830e+003 5.0000e-003
1.7840e+003 5.0000e-003
1.7850e+003 5.0000e-003
1.7860e+003 5.0000e-003
1.7870e+003 5.0000e-003
1.7880e+003 5.0000e-003
1.7890e+003 5.0000e-003
1.7900e+003 5.0000e-003
1.7910e+003 6.0000e-003
1.7920e+003 6.0000e-003
1.7930e+003 6.0000e-003
1.7940e+003 6.0000e-003
1.7950e+003 6.0000e-003
1.7960e+003 6.0000e-003
1.7970e+003 7.0000e-003
1.7980e+003 7.0000e-003
1.7990e+003 7.0000e-003
1.8000e+003 8.0000e-003
1.8010e+003 8.0000e-003
1.8020e+003 1.0000e-002
1.8030e+003 9.0000e-003
1.8040e+003 9.0000e-003
1.8050e+003 9.0000e-003
1.8060e+003 1.0000e-002
1.8070e+003 1.0000e-002
1.8080e+003 1.0000e-002
1.8090e+003 1.0000e-002
1.8100e+003 1.0000e-002
1.8110e+003 1.1000e-002
1.8120e+003 1.1000e-002
1.8130e+003 1.1000e-002
1.8140e+003 1.1000e-002
1.8150e+003 1.2000e-002
1.8160e+003 1.3000e-002
1.8170e+003 1.4000e-002
1.8180e+003 1.4000e-002
1.8190e+003 1.4000e-002
1.8200e+003 1.4000e-002
1.8210e+003 1.4000e-002
1.8220e+003 1.5000e-002
1.8230e+003 1.6000e-002
1.8240e+003 1.6000e-002
1.8250e+003 1.7000e-002
1.8260e+003 1.7000e-002
1.8270e+003 1.8000e-002
1.8280e+003 1.8000e-002
1.8290e+003 1.8000e-002
1.8300e+003 2.4000e-002
1.8310e+003 2.3000e-002
1.8320e+003 2.3000e-002
1.8330e+003 2.4000e-002
1.8340e+003 2.4000e-002
1.8350e+003 2.5000e-002
1.8360e+003 2.9000e-002
1.8370e+003 2.9000e-002
1.8380e+003 3.0000e-002
1.8390e+003 3.1000e-002
1.8400e+003 3.3000e-002
1.8410e+003 3.4000e-002
1.8420e+003 3.6000e-002
1.8430e+003 3.7000e-002
1.8440e+003 3.9000e-002
1.8450e+003 4.3000e-002
1.8460e+003 4.3000e-002
1.8470e+003 4.6000e-002
1.8480e+003 4.7000e-002
1.8490e+003 5.0000e-002
1.8500e+003 5.4000e-002
1.8510e+003 5.4000e-002
1.8520e+003 5.7000e-002
1.8530e+003 5.9000e-002
1.8540e+003 6.9000e-002
1.8550e+003 7.1000e-002
1.8560e+003 7.6000e-002
1.8570e+003 7.7000e-002
1.8580e+003 7.8000e-002
1.8590e+003 8.3000e-002
1.8600e+003 9.1000e-002
1.8610e+003 9.5000e-002
1.8620e+003 9.7000e-002
1.8630e+003 1.0400e-001
1.8640e+003 1.1200e-001
1.8650e+003 1.1900e-001
1.8660e+003 1.2200e-001
1.8670e+003 1.3000e-001
1.8680e+003 1.3500e-001
1.8690e+003 1.4200e-001
1.8700e+003 1.4700e-001
1.8710e+003 1.5600e-001
1.8720e+003 1.7300e-001
1.8730e+003 1.8400e-001
1.8740e+003 1.7400e-001
1.8750e+003 1.8800e-001
1.8760e+003 1.9100e-001
1.8770e+003 1.9400e-001
1.8780e+003 1.9600e-001
1.8790e+003 2.1000e-001
1.8800e+003 2.3600e-001
1.8810e+003 2.4300e-001
1.8820e+003 2.5600e-001
1.8830e+003 2.7200e-001
1.8840e+003 2.7500e-001
1.8850e+003 2.7700e-001
1.8860e+003 2.8100e-001
1.8870e+003 2.9500e-001
1.8880e+003 3.2700e-001
1.8890e+003 3.2700e-001
1.8900e+003 3.5600e-001
1.8910e+003 3.7200e-001
1.8920e+003 3.7400e-001
1.8930e+003 3.7000e-001
1.8940e+003 3.8300e-001
1.8950e+003 4.0600e-001
1.8960e+003 4.1900e-001
1.8970e+003 4.4000e-001
1.8980e+003 4.6500e-001
1.8990e+003 5.0700e-001
1.9000e+003 5.3400e-001
1.9010e+003 5.5200e-001
1.9020e+003 5.6600e-001
1.9030e+003 6.1700e-001
1.9040e+003 6.2400e-001
1.9050e+003 6.6300e-001
1.9060e+003 7.0700e-001
1.9070e+003 7.8400e-001
1.9080e+003 7.5000e-001
1.9090e+003 7.8500e-001
1.9100e+003 8.1900e-001
1.9110e+003 8.3600e-001
1.9120e+003 8.7900e-001
1.9130e+003 9.4300e-001
1.9140e+003 8.5000e-001
1.9150e+003 8.3800e-001
1.9160e+003 9.0100e-001
1.9170e+003 9.5500e-001
1.9180e+003 9.3600e-001
1.9190e+003 8.0600e-001
1.9200e+003 9.3200e-001
1.9210e+003 8.0300e-001
1.9220e+003 8.4500e-001
1.9230e+003 9.7000e-001
1.9240e+003 9.6300e-001
1.9250e+003 9.7500e-001
1.9260e+003 9.8300e-001
1.9270e+003 1.0620e+000
1.9280e+003 1.0650e+000
1.9290e+003 1.1450e+000
1.9300e+003 1.0530e+000
1.9310e+003 9.4000e-001
1.9320e+003 8.4700e-001
1.9330e+003 8.9300e-001
1.9340e+003 9.7300e-001
1.9350e+003 1.0270e+000
1.9360e+003 1.1300e+000
1.9370e+003 1.2090e+000
1.9380e+003 1.1420e+000
1.9390e+003 1.1920e+000
1.9400e+003 1.2990e+000
1.9410e+003 1.3340e+000
1.9420e+003 1.3420e+000
1.9430e+003 1.3910e+000
1.9440e+003 1.3830e+000
1.9450e+003 1.1600e+000
1.9460e+003 1.2380e+000
1.9470e+003 1.3920e+000
1.9480e+003 1.4690e+000
1.9490e+003 1.4190e+000
1.9500e+003 1.6300e+000
1.9510e+003 1.7670e+000
1.9520e+003 1.7950e+000
1.9530e+003 1.8410e+000
1.9540e+003 1.8650e+000
1.9550e+003 2.0430e+000
1.9560e+003 2.1770e+000
1.9570e+003 2.2700e+000
1.9580e+003 2.3300e+000
1.9590e+003 2.4620e+000
1.9600e+003 2.5770e+000
1.9610e+003 2.5940e+000
1.9620e+003 2.7000e+000
1.9630e+003 2.8470e+000
1.9640e+003 3.0080e+000
1.9650e+003 3.1450e+000
1.9660e+003 3.3050e+000
1.9670e+003 3.4110e+000
1.9680e+003 3.5880e+000
1.9690e+003 3.8000e+000
1.9700e+003 4.0770e+000
1.9710e+003 4.2310e+000
1.9720e+003 4.3990e+000
1.9730e+003 4.6350e+000
1.9740e+003 4.6440e+000
1.9750e+003 4.6150e+000
1.9760e+003 4.8840e+000
1.9770e+003 5.0350e+000
1.9780e+003 5.1070e+000
1.9790e+003 5.4030e+000
1.9800e+003 5.3480e+000
1.9810e+003 5.1860e+000
1.9820e+003 5.1440e+000
1.9830e+003 5.1260e+000
1.9840e+003 5.3080e+000
1.9850e+003 5.4640e+000
1.9860e+003 5.6290e+000
1.9870e+003 5.7620e+000
1.9880e+003 5.9920e+000
1.9890e+003 6.1060e+000
1.9900e+003 6.1960e+000
1.9910e+003 6.3120e+000
1.9920e+003 6.1870e+000
1.9930e+003 6.2030e+000
1.9940e+003 6.3440e+000
1.9950e+003 6.4870e+000
1.9960e+003 6.6490e+000
1.9970e+003 6.8400e+000
1.9980e+003 6.7880e+000
1.9990e+003 6.8040e+000
2.0000e+003 6.9810e+000
2.0010e+003 7.1160e+000
2.0020e+003 7.1670e+000
2.0030e+003 7.5040e+000
2.0040e+003 7.9100e+000
2.0050e+003 8.0550e+000
2.0060e+003 8.2014e+000
2.0070e+003 8.3493e+000
2.0080e+003 8.4985e+000
2.0090e+003 8.6492e+000
2.0100e+003 8.8012e+000
2.0110e+003 8.9546e+000
2.0120e+003 9.1093e+000
2.0130e+003 9.2653e+000
2.0140e+003 9.4226e+000
2.0150e+003 9.5811e+000
2.0160e+003 9.7409e+000
2.0170e+003 9.9019e+000
2.0180e+003 1.0064e+001
2.0190e+003 1.0227e+001
2.0200e+003 1.0392e+001
2.0210e+003 1.0557e+001
2.0220e+003 1.0724e+001
2.0230e+003 1.0891e+001
2.0240e+003 1.1060e+001
2.0250e+003 1.1229e+001
2.0260e+003 1.1400e+001
2.0270e+003 1.1571e+001
2.0280e+003 1.1743e+001
2.0290e+003 1.1916e+001
2.0300e+003 1.2090e+001
2.0310e+003 1.2264e+001
2.0320e+003 1.2439e+001
2.0330e+003 1.2615e+001
2.0340e+003 1.2792e+001
2.0350e+003 1.2968e+001
2.0360e+003 1.3146e+001
2.0370e+003 1.3324e+001
2.0380e+003 1.3502e+001
2.0390e+003 1.3681e+001
2.0400e+003 1.3860e+001
2.0410e+003 1.4039e+001
2.0420e+003 1.4218e+001
2.0430e+003 1.4398e+001
2.0440e+003 1.4578e+001
2.0450e+003 1.4757e+001
2.0460e+003 1.4937e+001
2.0470e+003 1.5117e+001
2.0480e+003 1.5297e+001
2.0490e+003 1.5476e+001
2.0500e+003 1.5655e+001
2.0510e+003 1.5834e+001
2.0520e+003 1.6013e+001
2.0530e+003 1.6192e+001
2.0540e+003 1.6370e+001
2.0550e+003 1.6547e+001
2.0560e+003 1.6724e+001
2.0570e+003 1.6900e+001
2.0580e+003 1.7076e+001
2.0590e+003 1.7251e+001
2.0600e+003 1.7425e+001
2.0610e+003 1.7598e+001
2.0620e+003 1.7771e+001
2.0630e+003 1.7942e+001
2.0640e+003 1.8112e+001
2.0650e+003 1.8282e+001
2.0660e+003 1.8450e+001
2.0670e+003 1.8617e+001
2.0680e+003 1.8783e+001
2.0690e+003 1.8947e+001
2.0700e+003 1.9110e+001
2.0710e+003 1.9272e+001
2.0720e+003 1.9432e+001
2.0730e+003 1.9590e+001
2.0740e+003 1.9747e+001
2.0750e+003 1.9902e+001
2.0760e+003 2.0056e+001
2.0770e+003 2.0208e+001
2.0780e+003 2.0357e+001
2.0790e+003 2.0505e+001
2.0800e+003 2.0651e+001
2.0810e+003 2.0795e+001
2.0820e+003 2.0937e+001
2.0830e+003 2.1077e+001
2.0840e+003 2.1214e+001
2.0850e+003 2.1349e+001
2.0860e+003 2.1482e+001
2.0870e+003 2.1613e+001
2.0880e+003 2.1741e+001
2.0890e+003 2.1866e+001
2.0900e+003 2.1990e+001
2.0910e+003 2.2110e+001
2.0920e+003 2.2228e+001
2.0930e+003 2.2343e+001
2.0940e+003 2.2456e+001
2.0950e+003 2.2566e+001
2.0960e+003 2.2673e+001
2.0970e+003 2.2777e+001
2.0980e+003 2.2878e+001
2.0990e+003 2.2976e+001
2.1000e+003 2.3072e+001
2.1010e+003 2.3164e+001
2.1020e+003 2.3253e+001
2.1030e+003 2.3339e+001
2.1040e+003 2.3422e+001
2.1050e+003 2.3502e+001
2.1060e+003 2.3579e+001
2.1070e+003 2.3652e+001
2.1080e+003 2.3722e+001
2.1090e+003 2.3789e+001
2.1100e+003 2.3852e+001
2.1110e+003 2.3912e+001
2.1120e+003 2.3969e+001
2.1130e+003 2.4022e+001
2.1140e+003 2.4072e+001
2.1150e+003 2.4118e+001
2.1160e+003 2.4161e+001
2.1170e+003 2.4201e+001
2.1180e+003 2.4237e+001
2.1190e+003 2.4269e+001
2.1200e+003 2.4298e+001
2.1210e+003 2.4323e+001
2.1220e+003 2.4345e+001
2.1230e+003 2.4363e+001
2.1240e+003 2.4377e+001
2.1250e+003 2.4388e+001
2.1260e+003 2.4396e+001
2.1270e+003 2.4399e+001
2.1280e+003 2.4400e+001
2.1290e+003 2.4396e+001
2.1300e+003 2.4389e+001
2.1310e+003 2.4378e+001
2.1320e+003 2.4364e+001
2.1330e+003 2.4346e+001
2.1340e+003 2.4325e+001
2.1350e+003 2.4300e+001
2.1360e+003 2.4271e+001
2.1370e+003 2.4239e+001
2.1380e+003 2.4204e+001
2.1390e+003 2.4165e+001
2.1400e+003 2.4122e+001
2.1410e+003 2.4076e+001
2.1420e+003 2.4026e+001
2.1430e+003 2.3973e+001
2.1440e+003 2.3917e+001
2.1450e+003 2.3857e+001
2.1460e+003 2.3794e+001
2.1470e+003 2.3728e+001
2.1480e+003 2.3658e+001
2.1490e+003 2.3585e+001
2.1500e+003 2.3508e+001
2.1510e+003 2.3429e+001
2.1520e+003 2.3346e+001
2.1530e+003 2.3260e+001
2.1540e+003 2.3171e+001
2.1550e+003 2.3079e+001
2.1560e+003 2.2984e+001
2.1570e+003 2.2886e+001
2.1580e+003 2.2785e+001
2.1590e+003 2.2681e+001
2.1600e+003 2.2574e+001
2.1610e+003 2.2465e+001
2.1620e+003 2.2353e+001
2.1630e+003 2.2238e+001
2.1640e+003 2.2120e+001
2.1650e+003 2.1999e+001
2.1660e+003 2.1877e+001
2.1670e+003 2.1751e+001
2.1680e+003 2.1623e+001
2.1690e+003 2.1493e+001
2.1700e+003 2.1360e+001
2.1710e+003 2.1225e+001
2.1720e+003 2.1088e+001
2.1730e+003 2.0948e+001
2.1740e+003 2.0807e+001
2.1750e+003 2.0663e+001
2.1760e+003 2.0517e+001
2.1770e+003 2.0369e+001
2.1780e+003 2.0220e+001
2.1790e+003 2.0068e+001
2.1800e+003 1.9915e+001
2.1810e+003 1.9760e+001
2.1820e+003 1.9603e+001
2.1830e+003 1.9445e+001
2.1840e+003 1.9285e+001
2.1850e+003 1.9123e+001
2.1860e+003 1.8960e+001
2.1870e+003 1.8796e+001
2.1880e+003 1.8630e+001
2.1890e+003 1.8464e+001
2.1900e+003 1.8295e+001
2.1910e+003 1.8126e+001
2.1920e+003 1.7956e+001
2.1930e+003 1.7785e+001
2.1940e+003 1.7612e+001
2.1950e+003 1.7439e+001
2.1960e+003 1.7265e+001
2.1970e+003 1.7090e+001
2.1980e+003 1.6914e+001
2.1990e+003 1.6738e+001
2.2000e+003 1.6561e+001
2.2010e+003 1.6384e+001
2.2020e+003 1.6206e+001
2.2030e+003 1.6028e+001
2.2040e+003 1.5849e+001
2.2050e+003 1.5670e+001
2.2060e+003 1.5491e+001
2.2070e+003 1.5311e+001
2.2080e+003 1.5132e+001
2.2090e+003 1.4952e+001
2.2100e+003 1.4772e+001
2.2110e+003 1.4592e+001
2.2120e+003 1.4412e+001
2.2130e+003 1.4233e+001
2.2140e+003 1.4053e+001
2.2150e+003 1.3874e+001
2.2160e+003 1.3695e+001
2.2170e+003 1.3517e+001
2.2180e+003 1.3338e+001
2.2190e+003 1.3160e+001
2.2200e+003 1.2983e+001
2.2210e+003 1.2806e+001
2.2220e+003 1.2630e+001
2.2230e+003 1.2454e+001
2.2240e+003 1.2279e+001
2.2250e+003 1.2104e+001
2.2260e+003 1.1930e+001
2.2270e+003 1.1757e+001
2.2280e+003 1.1585e+001
2.2290e+003 1.1414e+001
2.2300e+003 1.1243e+001
2.2310e+003 1.1074e+001
2.2320e+003 1.0905e+001
2.2330e+003 1.0737e+001
2.2340e+003 1.0571e+001
2.2350e+003 1.0405e+001
2.2360e+003 1.0241e+001
2.2370e+003 1.0077e+001
2.2380e+003 9.9150e+000
2.2390e+003 9.7540e+000
2.2400e+003 9.5941e+000
2.2410e+003 9.4354e+000
2.2420e+003 9.2780e+000
2.2430e+003 9.1219e+000
2.2440e+003 8.9671e+000
2.2450e+003 8.8136e+000
2.2460e+003 8.6615e+000
2.2470e+003 8.5107e+000
2.2480e+003 8.3613e+000
2.2490e+003 8.2134e+000
2.2500e+003 8.0668e+000
2.2510e+003 7.9217e+000
2.2520e+003 7.7781e+000
2.2530e+003 7.6359e+000
2.2540e+003 7.4953e+000
2.2550e+003 7.3561e+000
2.2560e+003 7.2185e+000
2.2570e+003 7.0824e+000
2.2580e+003 6.9478e+000
2.2590e+003 6.8148e+000
2.2600e+003 6.6833e+000
2.2610e+003 6.5534e+000
2.2620e+003 6.4251e+000
2.2630e+003 6.2984e+000
2.2640e+003 6.1732e+000
2.2650e+003 6.0497e+000
2.2660e+003 5.9277e+000
2.2670e+003 5.8074e+000
2.2680e+003 5.6886e+000
2.2690e+003 5.5715e+000
2.2700e+003 5.4560e+000
2.2710e+003 5.3420e+000
2.2720e+003 5.2297e+000
2.2730e+003 5.1190e+000
2.2740e+003 5.0099e+000
2.2750e+003 4.9024e+000
2.2760e+003 4.7965e+000
2.2770e+003 4.6921e+000
2.2780e+003 4.5894e+000
2.2790e+003 4.4883e+000
2.2800e+003 4.3887e+000
2.2810e+003 4.2907e+000
2.2820e+003 4.1943e+000
2.2830e+003 4.0995e+000
2.2840e+003 4.0062e+000
2.2850e+003 3.9144e+000
2.2860e+003 3.8242e+000
2.2870e+003 3.7355e+000
2.2880e+003 3.6484e+000
2.2890e+003 3.5627e+000
2.2900e+003 3.4785e+000
2.2910e+003 3.3958e+000
2.2920e+003 3.3146e+000
2.2930e+003 3.2349e+000
2.2940e+003 3.1566e+000
2.2950e+003 3.0798e+000
2.2960e+003 3.0044e+000
2.2970e+003 2.9304e+000
2.2980e+003 2.8578e+000
2.2990e+003 2.7865e+000
2.3000e+003 2.7167e+000
2.3010e+003 2.6482e+000
2.3020e+003 2.5811e+000
2.3030e+003 2.5153e+000
2.3040e+003 2.4508e+000
2.3050e+003 2.3876e+000
2.3060e+003 2.3257e+000
2.3070e+003 2.2651e+000
2.3080e+003 2.2057e+000
2.3090e+003 2.1475e+000
2.3100e+003 2.0906e+000
2.3110e+003 2.0349e+000
2.3120e+003 1.9804e+000
2.3130e+003 1.9271e+000
2.3140e+003 1.8749e+000
2.3150e+003 1.8239e+000
2.3160e+003 1.7739e+000
2.3170e+003 1.7252e+000
2.3180e+003 1.6774e+000
2.3190e+003 1.6308e+000
2.3200e+003 1.5853e+000
2.3210e+003 1.5407e+000
2.3220e+003 1.4973e+000
2.3230e+003 1.4548e+000
2.3240e+003 1.4133e+000
2.3250e+003 1.3728e+000
2.3260e+003 1.3333e+000
2.3270e+003 1.2947e+000
2.3280e+003 1.2570e+000
2.3290e+003 1.2203e+000
2.3300e+003 1.1844e+000
2.3310e+003 1.1495e+000
2.3320e+003 1.1154e+000
2.3330e+003 1.0822e+000
2.3340e+003 1.0497e+000
2.3350e+003 1.0182e+000
2.3360e+003 9.8738e-001
2.3370e+003 9.5739e-001
2.3380e+003 9.2818e-001
2.3390e+003 8.9972e-001
2.3400e+003 8.7200e-001
2.3410e+003 8.4502e-001
2.3420e+003 8.1875e-001
2.3430e+003 7.9318e-001
2.3440e+003 7.6829e-001
2.3450e+003 7.4407e-001
2.3460e+003 7.2052e-001
2.3470e+003 6.9760e-001
2.3480e+003 6.7531e-001
2.3490e+003 6.5364e-001
2.3500e+003 6.3257e-001
2.3510e+003 6.1209e-001
2.3520e+003 5.9219e-001
2.3530e+003 5.7285e-001
2.3540e+003 5.5405e-001
2.3550e+003 5.3580e-001
2.3560e+003 5.1807e-001
2.3570e+003 5.0085e-001
2.3580e+003 4.8414e-001
2.3590e+003 4.6791e-001
2.3600e+003 4.5216e-001
2.3610e+003 4.3688e-001
2.3620e+003 4.2205e-001
2.3630e+003 4.0766e-001
2.3640e+003 3.9370e-001
2.3650e+003 3.8017e-001
2.3660e+003 3.6705e-001
2.3670e+003 3.5433e-001
2.3680e+003 3.4200e-001
2.3690e+003 3.3005e-001
2.3700e+003 3.1847e-001
2.3710e+003 3.0725e-001
2.3720e+003 2.9638e-001
2.3730e+003 2.8585e-001
2.3740e+003 2.7566e-001
2.3750e+003 2.6579e-001
2.3760e+003 2.5624e-001
2.3770e+003 2.4700e-001
2.3780e+003 2.3805e-001
2.3790e+003 2.2939e-001
2.3800e+003 2.2102e-001
2.3810e+003 2.1292e-001
2.3820e+003 2.0508e-001
2.3830e+003 1.9751e-001
2.3840e+003 1.9018e-001
2.3850e+003 1.8310e-001
2.3860e+003 1.7626e-001
2.3870e+003 1.6965e-001
2.3880e+003 1.6327e-001
2.3890e+003 1.5710e-001
2.3900e+003 1.5114e-001
2.3910e+003 1.4538e-001
2.3920e+003 1.3983e-001
2.3930e+003 1.3446e-001
2.3940e+003 1.2929e-001
2.3950e+003 1.2429e-001
2.3960e+003 1.1947e-001
2.3970e+003 1.1482e-001
2.3980e+003 1.1034e-001
2.3990e+003 1.0601e-001
2.4000e+003 1.0184e-001
2.4010e+003 9.7817e-002
2.4020e+003 9.3940e-002
2.4030e+003 9.0203e-002
2.4040e+003 8.6603e-002
2.4050e+003 8.3134e-002
2.4060e+003 7.9792e-002
2.4070e+003 7.6573e-002
2.4080e+003 7.3473e-002
2.4090e+003 7.0488e-002
2.4100e+003 6.7614e-002
2.4110e+003 6.4849e-002
2.4120e+003 6.2186e-002
2.4130e+003 5.9625e-002
2.4140e+003 5.7160e-002
2.4150e+003 5.4790e-002
2.4160e+003 5.2510e-002
2.4170e+003 5.0317e-002
2.4180e+003 4.8209e-002
2.4190e+003 4.6182e-002
2.4200e+003 4.4234e-002
2.4210e+003 4.2362e-002
2.4220e+003 4.0563e-002
2.4230e+003 3.8835e-002
2.4240e+003 3.7175e-002
2.4250e+003 3.5580e-002
2.4260e+003 3.4049e-002
2.4270e+003 3.2580e-002
2.4280e+003 3.1168e-002
2.4290e+003 2.9814e-002
2.4300e+003 2.8514e-002
2.4310e+003 2.7267e-002
2.4320e+003 2.6071e-002
2.4330e+003 2.4923e-002
2.4340e+003 2.3823e-002
2.4350e+003 2.2767e-002
2.4360e+003 2.1756e-002
2.4370e+003 2.0786e-002
2.4380e+003 1.9856e-002
2.4390e+003 1.8965e-002
2.4400e+003 1.8112e-002
2.4410e+003 1.7294e-002
2.4420e+003 1.6511e-002
2.4430e+003 1.5761e-002
2.4440e+003 1.5043e-002
2.4450e+003 1.4355e-002
2.4460e+003 1.3697e-002
2.4470e+003 1.3067e-002
2.4480e+003 1.2464e-002
2.4490e+003 1.1887e-002
2.4500e+003 1.1336e-002
2.4510e+003 1.0808e-002
2.4520e+003 1.0303e-002
2.4530e+003 9.8206e-003
2.4540e+003 9.3593e-003
2.4550e+003 8.9183e-003
2.4560e+003 8.4969e-003
2.4570e+003 8.0941e-003
2.4580e+003 7.7093e-003
2.4590e+003 7.3417e-003
2.4600e+003 6.9907e-003
2.4610e+003 6.6554e-003
2.4620e+003 6.3353e-003
2.4630e+003 6.0296e-003
2.4640e+003 5.7379e-003
2.4650e+003 5.4595e-003
2.4660e+003 5.1938e-003
2.4670e+003 4.9403e-003
2.4680e+003 4.6985e-003
2.4690e+003 4.4679e-003
2.4700e+003 4.2480e-003
2.4710e+003 4.0383e-003
2.4720e+003 3.8384e-003
2.4730e+003 3.6478e-003
2.4740e+003 3.4662e-003
2.4750e+003 3.2931e-003
2.4760e+003 3.1283e-003
2.4770e+003 2.9712e-003
2.4780e+003 2.8216e-003
2.4790e+003 2.6792e-003
2.4800e+003 2.5435e-003
2.4810e+003 2.4144e-003
2.4820e+003 2.2915e-003
2.4830e+003 2.1745e-003
2.4840e+003 2.0632e-003
2.4850e+003 1.9573e-003
2.4860e+003 1.8566e-003
2.4870e+003 1.7607e-003
2.4880e+003 1.6696e-003
2.4890e+003 1.5830e-003
2.4900e+003 1.5006e-003
2.4910e+003 1.4224e-003
2.4920e+003 1.3480e-003
2.4930e+003 1.2773e-003
2.4940e+003 1.2101e-003
2.4950e+003 1.1463e-003
2.4960e+003 1.0857e-003
2.4970e+003 1.0281e-003
2.4980e+003 9.7350e-004
2.4990e+003 9.2162e-004
2.5000e+003 8.7238e-004
2.5010e+003 8.2565e-004
2.5020e+003 7.8131e-004
2.5030e+003 7.3924e-004
2.5040e+003 6.9934e-004
2.5050e+003 6.6148e-004
2.5060e+003 6.2559e-004
2.5070e+003 5.9156e-004
2.5080e+003 5.5929e-004
2.5090e+003 5.2871e-004
2.5100e+003 4.9972e-004
2.5110e+003 4.7226e-004
2.5120e+003 4.4623e-004
2.5130e+003 4.2158e-004
2.5140e+003 3.9824e-004
2.5150e+003 3.7613e-004
2.5160e+003 3.5519e-004
2.5170e+003 3.3537e-004
2.5180e+003 3.1661e-004
2.5190e+003 2.9886e-004
2.5200e+003 2.8206e-004
2.5210e+003 2.6616e-004
2.5220e+003 2.5113e-004
2.5230e+003 2.3690e-004
2.5240e+003 2.2345e-004
2.5250e+003 2.1074e-004
2.5260e+003 1.9871e-004
2.5270e+003 1.8735e-004
2.5280e+003 1.7661e-004
2.5290e+003 1.6646e-004
2.5300e+003 1.5687e-004
2.5310e+003 1.4781e-004
2.5320e+003 1.3925e-004
2.5330e+003 1.3117e-004
2.5340e+003 1.2354e-004
2.5350e+003 1.1634e-004
2.5360e+003 1.0954e-004
2.5370e+003 1.0312e-004
2.5380e+003 9.7069e-005
2.5390e+003 9.1356e-005
2.5400e+003 8.5966e-005
2.5410e+003 8.0882e-005
2.5420e+003 7.6088e-005
2.5430e+003 7.1567e-005
2.5440e+003 6.7305e-005
2.5450e+003 6.3287e-005
2.5460e+003 5.9501e-005
2.5470e+003 5.5932e-005
2.5480e+003 5.2570e-005
2.5490e+003 4.9403e-005
2.5500e+003 4.6420e-005
2.5510e+003 4.3610e-005
2.5520e+003 4.0965e-005
2.5530e+003 3.8474e-005
2.5540e+003 3.6129e-005
2.5550e+003 3.3923e-005
2.5560e+003 3.1846e-005
2.5570e+003 2.9892e-005
2.5580e+003 2.8054e-005
2.5590e+003 2.6325e-005
2.5600e+003 2.4698e-005
2.5610e+003 2.3169e-005
2.5620e+003 2.1732e-005
2.5630e+003 2.0380e-005
2.5640e+003 1.9110e-005
2.5650e+003 1.7916e-005
2.5660e+003 1.6795e-005
2.5670e+003 1.5741e-005
2.5680e+003 1.4751e-005
2.5690e+003 1.3822e-005
2.5700e+003 1.2949e-005
2.5710e+003 1.2129e-005
2.5720e+003 1.1360e-005
2.5730e+003 1.0638e-005
2.5740e+003 9.9599e-006
2.5750e+003 9.3240e-006
2.5760e+003 8.7274e-006
2.5770e+003 8.1677e-006
2.5780e+003 7.6428e-006
2.5790e+003 7.1506e-006
2.5800e+003 6.6892e-006
2.5810e+003 6.2565e-006
2.5820e+003 5.8510e-006
2.5830e+003 5.4710e-006
2.5840e+003 5.1149e-006
2.5850e+003 4.7812e-006
2.5860e+003 4.4687e-006
2.5870e+003 4.1760e-006
2.5880e+003 3.9019e-006
2.5890e+003 3.6452e-006
2.5900e+003 3.4049e-006
2.5910e+003 3.1800e-006
2.5920e+003 2.9695e-006
2.5930e+003 2.7725e-006
2.5940e+003 2.5882e-006
2.5950e+003 2.4158e-006
2.5960e+003 2.2546e-006
2.5970e+003 2.1038e-006
2.5980e+003 1.9628e-006
2.5990e+003 1.8310e-006
2.6000e+003 1.7078e-006
2.6010e+003 1.5926e-006
2.6020e+003 1.4850e-006
2.6030e+003 1.3844e-006
2.6040e+003 1.2905e-006
2.6050e+003 1.2028e-006
2.6060e+003 1.1208e-006
2.6070e+003 1.0443e-006
2.6080e+003 9.7291e-007
2.6090e+003 9.0623e-007
2.6100e+003 8.4400e-007
2.6110e+003 7.8593e-007
2.6120e+003 7.3174e-007
2.6130e+003 6.8119e-007
2.6140e+003 6.3404e-007
2.6150e+003 5.9006e-007
2.6160e+003 5.4905e-007
2.6170e+003 5.1082e-007
2.6180e+003 4.7518e-007
2.6190e+003 4.4196e-007
2.6200e+003 4.1100e-007
2.6210e+003 3.8216e-007
2.6220e+003 3.5528e-007
2.6230e+003 3.3025e-007
2.6240e+003 3.0694e-007
2.6250e+003 2.8523e-007
2.6260e+003 2.6501e-007
2.6270e+003 2.4620e-007
2.6280e+003 2.2868e-007
2.6290e+003 2.1238e-007
2.6300e+003 1.9721e-007
2.6310e+003 1.8310e-007
2.6320e+003 1.6998e-007
2.6330e+003 1.5777e-007
2.6340e+003 1.4641e-007
2.6350e+003 1.3586e-007
2.6360e+003 1.2604e-007
2.6370e+003 1.1692e-007
2.6380e+003 1.0844e-007
2.6390e+003 1.0056e-007
2.6400e+003 9.3243e-008
2.6410e+003 8.6444e-008
2.6420e+003 8.0128e-008
2.6430e+003 7.4263e-008
2.6440e+003 6.8817e-008
2.6450e+003 6.3761e-008
2.6460e+003 5.9068e-008
2.6470e+003 5.4712e-008
2.6480e+003 5.0670e-008
2.6490e+003 4.6919e-008
2.6500e+003 4.3440e-008
2.6510e+003 4.0213e-008
2.6520e+003 3.7220e-008
2.6530e+003 3.4444e-008
2.6540e+003 3.1871e-008
2.6550e+003 2.9486e-008
2.6560e+003 2.7276e-008
2.6570e+003 2.5227e-008
2.6580e+003 2.3329e-008
2.6590e+003 2.1570e-008
2.6600e+003 1.9941e-008
2.6610e+003 1.8432e-008
2.6620e+003 1.7035e-008
2.6630e+003 1.5742e-008
2.6640e+003 1.4544e-008
2.6650e+003 1.3436e-008
2.6660e+003 1.2410e-008
2.6670e+003 1.1461e-008
2.6680e+003 1.0583e-008
2.6690e+003 9.7710e-009
2.6700e+003 9.0198e-009
2.6710e+003 8.3251e-009
2.6720e+003 7.6827e-009
2.6730e+003 7.0889e-009
2.6740e+003 6.5400e-009
2.6750e+003 6.0328e-009
2.6760e+003 5.5640e-009
2.6770e+003 5.1309e-009
2.6780e+003 4.7309e-009
2.6790e+003 4.3613e-009
2.6800e+003 4.0201e-009
2.6810e+003 3.7050e-009
2.6820e+003 3.4141e-009
2.6830e+003 3.1455e-009
2.6840e+003 2.8977e-009
2.6850e+003 2.6690e-009
2.6860e+003 2.4580e-009
2.6870e+003 2.2633e-009
2.6880e+003 2.0838e-009
2.6890e+003 1.9182e-009
2.6900e+003 1.7655e-009
2.6910e+003 1.6247e-009
2.6920e+003 1.4949e-009
2.6930e+003 1.3753e-009
2.6940e+003 1.2651e-009
2.6950e+003 1.1635e-009
2.6960e+003 1.0699e-009
2.6970e+003 9.8375e-010
2.6980e+003 9.0437e-010
2.6990e+003 8.3127e-010
2.7000e+003 7.6397e-010
2.7010e+003 7.0202e-010
2.7020e+003 6.4499e-010
2.7030e+003 5.9251e-010
2.7040e+003 5.4421e-010
2.7050e+003 4.9978e-010
2.7060e+003 4.5891e-010
2.7070e+003 4.2132e-010
2.7080e+003 3.8675e-010
2.7090e+003 3.5497e-010
2.7100e+003 3.2575e-010
2.7110e+003 2.9889e-010
2.7120e+003 2.7420e-010
2.7130e+003 2.5152e-010
2.7140e+003 2.3068e-010
2.7150e+003 2.1153e-010
2.7160e+003 1.9395e-010
2.7170e+003 1.7780e-010
2.7180e+003 1.6297e-010
2.7190e+003 1.4936e-010
2.7200e+003 1.3686e-010
2.7210e+003 1.2539e-010
2.7220e+003 1.1487e-010
2.7230e+003 1.0521e-010
2.7240e+003 9.6348e-011
2.7250e+003 8.8221e-011
2.7260e+003 8.0768e-011
2.7270e+003 7.3933e-011
2.7280e+003 6.7667e-011
2.7290e+003 6.1923e-011
2.7300e+003 5.6658e-011
2.7310e+003 5.1833e-011
2.7320e+003 4.7412e-011
2.7330e+003 4.3362e-011
2.7340e+003 3.9652e-011
2.7350e+003 3.6254e-011
2.7360e+003 3.3142e-011
2.7370e+003 3.0293e-011
2.7380e+003 2.7684e-011
2.7390e+003 2.5297e-011
2.7400e+003 2.3112e-011
2.7410e+003 2.1113e-011
2.7420e+003 1.9283e-011
2.7430e+003 1.7610e-011
2.7440e+003 1.6079e-011
2.7450e+003 1.4680e-011
2.7460e+003 1.3400e-011
2.7470e+003 1.2230e-011
2.7480e+003 1.1160e-011
2.7490e+003 1.0183e-011
2.7500e+003 9.2896e-012
2.7510e+003 8.4735e-012
2.7520e+003 7.7279e-012
2.7530e+003 7.0469e-012
2.7540e+003 6.4249e-012
2.7550e+003 5.8570e-012
2.7560e+003 5.3385e-012
2.7570e+003 4.8652e-012
2.7580e+003 4.4332e-012
2.7590e+003 4.0389e-012
2.7600e+003 3.6792e-012
2.7610e+003 3.3510e-012
2.7620e+003 3.0516e-012
2.7630e+003 2.7786e-012
2.7640e+003 2.5296e-012
2.7650e+003 2.3026e-012
2.7660e+003 2.0957e-012
2.7670e+003 1.9071e-012
2.7680e+003 1.7351e-012
2.7690e+003 1.5785e-012
2.7700e+003 1.4358e-012
2.7710e+003 1.3058e-012
2.7720e+003 1.1874e-012
2.7730e+003 1.0796e-012
2.7740e+003 9.8137e-013
2.7750e+003 8.9199e-013
2.7760e+003 8.1062e-013
2.7770e+003 7.3657e-013
2.7780e+003 6.6919e-013
2.7790e+003 6.0788e-013
2.7800e+003 5.5211e-013
2.7810e+003 5.0138e-013
2.7820e+003 4.5524e-013
2.7830e+003 4.1329e-013
2.7840e+003 3.7515e-013
2.7850e+003 3.4047e-013
2.7860e+003 3.0896e-013
2.7870e+003 2.8032e-013
2.7880e+003 2.5430e-013
2.7890e+003 2.3066e-013
2.7900e+003 2.0919e-013
2.7910e+003 1.8969e-013
2.7920e+003 1.7198e-013
2.7930e+003 1.5590e-013
2.7940e+003 1.4130e-013
2.7950e+003 1.2806e-013
2.7960e+003 1.1603e-013
2.7970e+003 1.0512e-013
2.7980e+003 9.5223e-014
2.7990e+003 8.6244e-014
2.8000e+003 7.8100e-014
2.8010e+003 7.0715e-014
2.8020e+003 6.4018e-014
2.8030e+003 5.7947e-014
2.8040e+003 5.2444e-014
2.8050e+003 4.7457e-014
2.8060e+003 4.2938e-014
2.8070e+003 3.8843e-014
2.8080e+003 3.5134e-014
2.8090e+003 3.1774e-014
2.8100e+003 2.8731e-014
2.8110e+003 2.5976e-014
2.8120e+003 2.3481e-014
2.8130e+003 2.1223e-014
2.8140e+003 1.9179e-014
2.8150e+003 1.7330e-014
2.8160e+003 1.5656e-014
2.8170e+003 1.4142e-014
2.8180e+003 1.2773e-014
2.8190e+003 1.1534e-014
2.8200e+003 1.0414e-014
2.8210e+003 9.4018e-015
2.8220e+003 8.4864e-015
2.8230e+003 7.6590e-015
2.8240e+003 6.9113e-015
2.8250e+003 6.2356e-015
2.8260e+003 5.6251e-015
2.8270e+003 5.0737e-015
2.8280e+003 4.5756e-015
2.8290e+003 4.1259e-015
2.8300e+003 3.7197e-015
2.8310e+003 3.3531e-015
2.8320e+003 3.0222e-015
2.8330e+003 2.7235e-015
2.8340e+003 2.4540e-015
2.8350e+003 2.2108e-015
2.8360e+003 1.9914e-015
2.8370e+003 1.7935e-015
2.8380e+003 1.6151e-015
2.8390e+003 1.4542e-015
2.8400e+003 1.3091e-015
2.8410e+003 1.1783e-015
2.8420e+003 1.0605e-015
2.8430e+003 9.5427e-016
2.8440e+003 8.5856e-016
2.8450e+003 7.7234e-016
2.8460e+003 6.9468e-016
2.8470e+003 6.2473e-016
2.8480e+003 5.6174e-016
2.8490e+003 5.0503e-016
2.8500e+003 4.5398e-016
2.8510e+003 4.0803e-016
2.8520e+003 3.6667e-016
2.8530e+003 3.2946e-016
2.8540e+003 2.9598e-016
2.8550e+003 2.6586e-016
2.8560e+003 2.3878e-016
2.8570e+003 2.1442e-016
2.8580e+003 1.9251e-016
2.8590e+003 1.7282e-016
2.8600e+003 1.5512e-016
2.8610e+003 1.3922e-016
2.8620e+003 1.2492e-016
2.8630e+003 1.1208e-016
2.8640e+003 1.0054e-016
2.8650e+003 9.0177e-017
2.8660e+003 8.0870e-017
2.8670e+003 7.2513e-017
2.8680e+003 6.5010e-017
2.8690e+003 5.8274e-017
2.8700e+003 5.2229e-017
2.8710e+003 4.6804e-017
2.8720e+003 4.1936e-017
2.8730e+003 3.7569e-017
2.8740e+003 3.3652e-017
2.8750e+003 3.0139e-017
2.8760e+003 2.6988e-017
2.8770e+003 2.4164e-017
2.8780e+003 2.1631e-017
2.8790e+003 1.9362e-017
2.8800e+003 1.7328e-017
2.8810e+003 1.5505e-017
2.8820e+003 1.3872e-017
2.8830e+003 1.2409e-017
2.8840e+003 1.1099e-017
2.8850e+003 9.9253e-018
2.8860e+003 8.8747e-018
2.8870e+003 7.9341e-018
2.8880e+003 7.0922e-018
2.8890e+003 6.3386e-018
2.8900e+003 5.6643e-018
2.8910e+003 5.0610e-018
2.8920e+003 4.5213e-018
2.8930e+003 4.0385e-018
2.8940e+003 3.6068e-018
2.8950e+003 3.2207e-018
2.8960e+003 2.8755e-018
2.8970e+003 2.5670e-018
2.8980e+003 2.2912e-018
2.8990e+003 2.0447e-018
2.9000e+003 1.8245e-018
2.9010e+003 1.6278e-018
2.9020e+003 1.4520e-018
2.9030e+003 1.2951e-018
2.9040e+003 1.1549e-018
2.9050e+003 1.0298e-018
2.9060e+003 9.1807e-019
2.9070e+003 8.1835e-019
2.9080e+003 7.2935e-019
2.9090e+003 6.4994e-019
2.9100e+003 5.7908e-019
2.9110e+003 5.1588e-019
2.9120e+003 4.5950e-019
2.9130e+003 4.0923e-019
2.9140e+003 3.6440e-019
2.9150e+003 3.2444e-019
2.9160e+003 2.8881e-019
2.9170e+003 2.5706e-019
2.9180e+003 2.2877e-019
2.9190e+003 2.0356e-019
2.9200e+003 1.8110e-019
2.9210e+003 1.6110e-019
2.9220e+003 1.4328e-019
2.9230e+003 1.2742e-019
2.9240e+003 1.1329e-019
2.9250e+003 1.0072e-019
2.9260e+003 8.9527e-020
2.9270e+003 7.9567e-020
2.9280e+003 7.0705e-020
2.9290e+003 6.2821e-020
2.9300e+003 5.5807e-020
2.9310e+003 4.9570e-020
2.9320e+003 4.4023e-020
2.9330e+003 3.9091e-020
2.9340e+003 3.4706e-020
2.9350e+003 3.0809e-020
2.9360e+003 2.7345e-020
2.9370e+003 2.4267e-020
2.9380e+003 2.1532e-020
2.9390e+003 1.9103e-020
2.9400e+003 1.6945e-020
2.9410e+003 1.5029e-020
2.9420e+003 1.3328e-020
2.9430e+003 1.1817e-020
2.9440e+003 1.0476e-020
2.9450e+003 9.2859e-021
2.9460e+003 8.2298e-021
2.9470e+003 7.2927e-021
2.9480e+003 6.4613e-021
2.9490e+003 5.7239e-021
2.9500e+003 5.0699e-021
2.9510e+003 4.4899e-021
2.9520e+003 3.9757e-021
2.9530e+003 3.5199e-021
2.9540e+003 3.1159e-021
2.9550e+003 2.7578e-021
2.9560e+003 2.4406e-021
2.9570e+003 2.1595e-021
2.9580e+003 1.9105e-021
2.9590e+003 1.6899e-021
2.9600e+003 1.4946e-021
2.9610e+003 1.3217e-021
2.9620e+003 1.1686e-021
2.9630e+003 1.0331e-021
2.9640e+003 9.1317e-022
2.9650e+003 8.0705e-022
2.9660e+003 7.1315e-022
2.9670e+003 6.3008e-022
2.9680e+003 5.5661e-022
2.9690e+003 4.9163e-022
2.9700e+003 4.3417e-022
2.9710e+003 3.8337e-022
2.9720e+003 3.3847e-022
2.9730e+003 2.9878e-022
2.9740e+003 2.6370e-022
2.9750e+003 2.3271e-022
2.9760e+003 2.0533e-022
2.9770e+003 1.8115e-022
2.9780e+003 1.5979e-022
2.9790e+003 1.4093e-022
2.9800e+003 1.2427e-022
2.9810e+003 1.0957e-022
2.9820e+003 9.6594e-023
2.9830e+003 8.5141e-023
2.9840e+003 7.5036e-023
2.9850e+003 6.6120e-023
2.9860e+003 5.8254e-023
2.9870e+003 5.1317e-023
2.9880e+003 4.5199e-023
2.9890e+003 3.9805e-023
2.9900e+003 3.5049e-023
2.9910e+003 3.0857e-023
2.9920e+003 2.7163e-023
2.9930e+003 2.3907e-023
2.9940e+003 2.1038e-023
2.9950e+003 1.8511e-023
2.9960e+003 1.6285e-023
2.9970e+003 1.4325e-023
2.9980e+003 1.2598e-023
2.9990e+003 1.1078e-023
3.0000e+003 9.7404e-024
3.0010e+003 8.5627e-024
3.0020e+003 7.5264e-024
3.0030e+003 6.6144e-024
3.0040e+003 5.8122e-024
3.0050e+003 5.1064e-024
3.0060e+003 4.4857e-024
3.0070e+003 3.9399e-024
3.0080e+003 3.4600e-024
3.0090e+003 3.0381e-024
3.0100e+003 2.6672e-024
3.0110e+003 2.3413e-024
3.0120e+003 2.0549e-024
3.0130e+003 1.8032e-024
3.0140e+003 1.5822e-024
3.0150e+003 1.3880e-024
3.0160e+003 1.2175e-024
3.0170e+003 1.0678e-024
3.0180e+003 9.3633e-025
3.0190e+003 8.2094e-025
3.0200e+003 7.1967e-025
3.0210e+003 6.3079e-025
3.0220e+003 5.5281e-025
3.0230e+003 4.8440e-025
3.0240e+003 4.2439e-025
3.0250e+003 3.7176e-025
3.0260e+003 3.2561e-025
3.0270e+003 2.8515e-025
3.0280e+003 2.4967e-025
3.0290e+003 2.1858e-025
3.0300e+003 1.9133e-025
3.0310e+003 1.6746e-025
3.0320e+003 1.4654e-025
3.0330e+003 1.2822e-025
3.0340e+003 1.1217e-025
3.0350e+003 9.8112e-026
3.0360e+003 8.5805e-026
3.0370e+003 7.5031e-026
3.0380e+003 6.5600e-026
3.0390e+003 5.7347e-026
3.0400e+003 5.0124e-026
3.0410e+003 4.3804e-026
3.0420e+003 3.8276e-026
3.0430e+003 3.3440e-026
3.0440e+003 2.9211e-026
3.0450e+003 2.5513e-026
3.0460e+003 2.2280e-026
3.0470e+003 1.9454e-026
3.0480e+003 1.6984e-026
3.0490e+003 1.4825e-026
3.0500e+003 1.2939e-026
3.0510e+003 1.1291e-026
3.0520e+003 9.8511e-027
3.0530e+003 8.5938e-027
3.0540e+003 7.4959e-027
3.0550e+003 6.5373e-027
3.0560e+003 5.7005e-027
3.0570e+003 4.9700e-027
3.0580e+003 4.3325e-027
3.0590e+003 3.7762e-027
3.0600e+003 3.2909e-027
3.0610e+003 2.8675e-027
3.0620e+003 2.4982e-027
3.0630e+003 2.1762e-027
3.0640e+003 1.8954e-027
3.0650e+003 1.6505e-027
3.0660e+003 1.4371e-027
3.0670e+003 1.2511e-027
3.0680e+003 1.0890e-027
3.0690e+003 9.4781e-028
3.0700e+003 8.2477e-028
3.0710e+003 7.1760e-028
3.0720e+003 6.2426e-028
3.0730e+003 5.4299e-028
3.0740e+003 4.7222e-028
3.0750e+003 4.1062e-028
3.0760e+003 3.5700e-028
3.0770e+003 3.1034e-028
3.0780e+003 2.6973e-028
3.0790e+003 2.3441e-028
3.0800e+003 2.0368e-028
3.0810e+003 1.7695e-028
3.0820e+003 1.5371e-028
3.0830e+003 1.3350e-028
3.0840e+003 1.1593e-028
3.0850e+003 1.0066e-028
3.0860e+003 8.7383e-029
3.0870e+003 7.5850e-029
3.0880e+003 6.5828e-029
3.0890e+003 5.7123e-029
3.0900e+003 4.9561e-029
3.0910e+003 4.2994e-029
3.0920e+003 3.7291e-029
3.0930e+003 3.2341e-029
3.0940e+003 2.8043e-029
3.0950e+003 2.4313e-029
3.0960e+003 2.1076e-029
3.0970e+003 1.8267e-029
3.0980e+003 1.5830e-029
3.0990e+003 1.3716e-029
3.1000e+003 1.1883e-029
3.1010e+003 1.0293e-029
3.1020e+003 8.9148e-030
3.1030e+003 7.7199e-030
3.1040e+003 6.6841e-030
3.1050e+003 5.7865e-030
3.1060e+003 5.0086e-030
3.1070e+003 4.3347e-030
3.1080e+003 3.7509e-030
3.1090e+003 3.2453e-030
3.1100e+003 2.8074e-030
3.1110e+003 2.4282e-030
3.1120e+003 2.0999e-030
3.1130e+003 1.8158e-030
3.1140e+003 1.5698e-030
3.1150e+003 1.3570e-030
3.1160e+003 1.1729e-030
3.1170e+003 1.0136e-030
3.1180e+003 8.7576e-031
3.1190e+003 7.5659e-031
3.1200e+003 6.5353e-031
3.1210e+003 5.6443e-031
3.1220e+003 4.8741e-031
3.1230e+003 4.2083e-031
3.1240e+003 3.6329e-031
3.1250e+003 3.1358e-031
3.1260e+003 2.7063e-031
3.1270e+003 2.3352e-031
3.1280e+003 2.0148e-031
3.1290e+003 1.7380e-031
3.1300e+003 1.4991e-031
3.1310e+003 1.2928e-031
3.1320e+003 1.1147e-031
3.1330e+003 9.6103e-032
3.1340e+003 8.2842e-032
3.1350e+003 7.1399e-032
3.1360e+003 6.1529e-032
3.1370e+003 5.3015e-032
3.1380e+003 4.5672e-032
3.1390e+003 3.9340e-032
3.1400e+003 3.3882e-032
3.1410e+003 2.9176e-032
3.1420e+003 2.5120e-032
3.1430e+003 2.1625e-032
3.1440e+003 1.8613e-032
3.1450e+003 1.6019e-032
3.1460e+003 1.3784e-032
3.1470e+003 1.1859e-032
3.1480e+003 1.0202e-032
3.1490e+003 8.7743e-033
3.1500e+003 7.5457e-033
3.1510e+003 6.4881e-033
3.1520e+003 5.5780e-033
3.1530e+003 4.7948e-033
3.1540e+003 4.1209e-033
3.1550e+003 3.5413e-033
3.1560e+003 3.0427e-033
3.1570e+003 2.6139e-033
3.1580e+003 2.2453e-033
3.1590e+003 1.9283e-033
3.1600e+003 1.6558e-033
3.1610e+003 1.4217e-033
3.1620e+003 1.2204e-033
3.1630e+003 1.0475e-033
3.1640e+003 8.9899e-034
3.1650e+003 7.7140e-034
3.1660e+003 6.6182e-034
3.1670e+003 5.6772e-034
3.1680e+003 4.8693e-034
3.1690e+003 4.1757e-034
3.1700e+003 3.5804e-034
3.1710e+003 3.0695e-034
3.1720e+003 2.6311e-034
3.1730e+003 2.2550e-034
3.1740e+003 1.9324e-034
3.1750e+003 1.6557e-034
3.1760e+003 1.4184e-034
3.1770e+003 1.2149e-034
3.1780e+003 1.0405e-034
3.1790e+003 8.9099e-035
3.1800e+003 7.6284e-035
3.1810e+003 6.5303e-035
3.1820e+003 5.5894e-035
3.1830e+003 4.7834e-035
3.1840e+003 4.0930e-035
3.1850e+003 3.5017e-035
3.1860e+003 2.9954e-035
3.1870e+003 2.5619e-035
3.1880e+003 2.1909e-035
3.1890e+003 1.8733e-035
3.1900e+003 1.6015e-035
3.1910e+003 1.3689e-035
3.1920e+003 1.1700e-035
3.1930e+003 9.9977e-036
3.1940e+003 8.5421e-036
3.1950e+003 7.2973e-036
3.1960e+003 6.2330e-036
3.1970e+003 5.3232e-036
3.1980e+003 4.5455e-036
3.1990e+003 3.8808e-036
3.2000e+003 3.3129e-036
3.2010e+003 2.8276e-036
3.2020e+003 2.4131e-036
3.2030e+003 2.0590e-036
3.2040e+003 1.7566e-036
3.2050e+003 1.4984e-036
3.2060e+003 1.2780e-036
3.2070e+003 1.0898e-036
3.2080e+003 9.2924e-037
3.2090e+003 7.9220e-037
3.2100e+003 6.7526e-037
3.2110e+003 5.7550e-037
3.2120e+003 4.9041e-037
3.2130e+003 4.1783e-037
3.2140e+003 3.5595e-037
3.2150e+003 3.0318e-037
3.2160e+003 2.5820e-037
3.2170e+003 2.1986e-037
3.2180e+003 1.8718e-037
3.2190e+003 1.5934e-037
3.2200e+003 1.3562e-037
3.2210e+003 1.1541e-037
3.2220e+003 9.8204e-038
3.2230e+003 8.3548e-038
3.2240e+003 7.1068e-038
3.2250e+003 6.0444e-038
3.2260e+003 5.1400e-038
3.2270e+003 4.3703e-038
3.2280e+003 3.7153e-038
3.2290e+003 3.1581e-038
3.2300e+003 2.6840e-038
3.2310e+003 2.2807e-038
3.2320e+003 1.9377e-038
3.2330e+003 1.6461e-038
3.2340e+003 1.3982e-038
3.2350e+003 1.1874e-038
3.2360e+003 1.0082e-038
3.2370e+003 8.5600e-039
3.2380e+003 7.2664e-039
3.2390e+003 6.1673e-039
3.2400e+003 5.2337e-039
3.2410e+003 4.4408e-039
3.2420e+003 3.7675e-039
3.2430e+003 3.1957e-039
3.2440e+003 2.7104e-039
3.2450e+003 2.2984e-039
3.2460e+003 1.9488e-039
3.2470e+003 1.6520e-039
3.2480e+003 1.4003e-039
3.2490e+003 1.1868e-039
3.2500e+003 1.0056e-039
3.2510e+003 8.5202e-040
3.2520e+003 7.2176e-040
3.2530e+003 6.1133e-040
3.2540e+003 5.1772e-040
3.2550e+003 4.3838e-040
3.2560e+003 3.7114e-040
3.2570e+003 3.1417e-040
3.2580e+003 2.6590e-040
3.2590e+003 2.2502e-040
3.2600e+003 1.9039e-040
3.2610e+003 1.6107e-040
3.2620e+003 1.3625e-040
3.2630e+003 1.1523e-040
3.2640e+003 9.7441e-041
3.2650e+003 8.2386e-041
3.2660e+003 6.9647e-041
3.2670e+003 5.8869e-041
3.2680e+003 4.9752e-041
3.2690e+003 4.2040e-041
3.2700e+003 3.5519e-041
3.2710e+003 3.0004e-041
3.2720e+003 2.5342e-041
3.2730e+003 2.1402e-041
3.2740e+003 1.8071e-041
3.2750e+003 1.5256e-041
3.2760e+003 1.2878e-041
3.2770e+003 1.0869e-041
3.2780e+003 9.1724e-042
3.2790e+003 7.7393e-042
3.2800e+003 6.5290e-042
3.2810e+003 5.5073e-042
3.2820e+003 4.6447e-042
3.2830e+003 3.9167e-042
3.2840e+003 3.3023e-042
3.2850e+003 2.7838e-042
3.2860e+003 2.3464e-042
3.2870e+003 1.9775e-042
3.2880e+003 1.6663e-042
3.2890e+003 1.4039e-042
3.2900e+003 1.1826e-042
3.2910e+003 9.9604e-043
3.2920e+003 8.3880e-043
3.2930e+003 7.0628e-043
3.2940e+003 5.9461e-043
3.2950e+003 5.0052e-043
3.2960e+003 4.2125e-043
3.2970e+003 3.5449e-043
3.2980e+003 2.9827e-043
3.2990e+003 2.5092e-043
3.3000e+003 2.1106e-043
3.3010e+003 1.7750e-043
3.3020e+003 1.4926e-043
3.3030e+003 1.2549e-043
3.3040e+003 1.0550e-043
3.3050e+003 8.8672e-044
3.3060e+003 7.4520e-044
3.3070e+003 6.2617e-044
3.3080e+003 5.2607e-044
3.3090e+003 4.4191e-044
3.3100e+003 3.7116e-044
3.3110e+003 3.1169e-044
3.3120e+003 2.6171e-044
3.3130e+003 2.1972e-044
3.3140e+003 1.8443e-044
3.3150e+003 1.5479e-044
3.3160e+003 1.2989e-044
3.3170e+003 1.0898e-044
3.3180e+003 9.1428e-045
3.3190e+003 7.6688e-045
3.3200e+003 6.4316e-045
3.3210e+003 5.3931e-045
3.3220e+003 4.5216e-045
3.3230e+003 3.7904e-045
3.3240e+003 3.1770e-045
3.3250e+003 2.6625e-045
3.3260e+003 2.2309e-045
3.3270e+003 1.8691e-045
3.3280e+003 1.5657e-045
3.3290e+003 1.3113e-045
3.3300e+003 1.0981e-045
3.3310e+003 9.1947e-046
3.3320e+003 7.6976e-046
3.3330e+003 6.4433e-046
3.3340e+003 5.3926e-046
3.3350e+003 4.5125e-046
3.3360e+003 3.7756e-046
3.3370e+003 3.1585e-046
3.3380e+003 2.6419e-046
3.3390e+003 2.2094e-046
3.3400e+003 1.8475e-046
3.3410e+003 1.5446e-046
3.3420e+003 1.2912e-046
3.3430e+003 1.0792e-046
3.3440e+003 9.0191e-047
3.3450e+003 7.5361e-047
3.3460e+003 6.2960e-047
3.3470e+003 5.2592e-047
3.3480e+003 4.3925e-047
3.3490e+003 3.6681e-047
3.3500e+003 3.0627e-047
3.3510e+003 2.5568e-047
3.3520e+003 2.1342e-047
3.3530e+003 1.7812e-047
3.3540e+003 1.4863e-047
3.3550e+003 1.2401e-047
3.3560e+003 1.0345e-047
3.3570e+003 8.6288e-048
3.3580e+003 7.1962e-048
3.3590e+003 6.0005e-048
3.3600e+003 5.0028e-048
3.3610e+003 4.1703e-048
3.3620e+003 3.4759e-048
3.3630e+003 2.8966e-048
3.3640e+003 2.4136e-048
3.3650e+003 2.0108e-048
3.3660e+003 1.6749e-048
3.3670e+003 1.3950e-048
3.3680e+003 1.1617e-048
3.3690e+003 9.6722e-049
3.3700e+003 8.0521e-049
3.3710e+003 6.7023e-049
3.3720e+003 5.5780e-049
3.3730e+003 4.6416e-049
3.3740e+003 3.8618e-049
3.3750e+003 3.2126e-049
3.3760e+003 2.6721e-049
3.3770e+003 2.2222e-049
3.3780e+003 1.8478e-049
3.3790e+003 1.5362e-049
3.3800e+003 1.2770e-049
3.3810e+003 1.0614e-049
3.3820e+003 8.8202e-050
3.3830e+003 7.3287e-050
3.3840e+003 6.0885e-050
3.3850e+003 5.0574e-050
3.3860e+003 4.2004e-050
3.3870e+003 3.4880e-050
3.3880e+003 2.8960e-050
3.3890e+003 2.4042e-050
3.3900e+003 1.9956e-050
3.3910e+003 1.6562e-050
3.3920e+003 1.3743e-050
3.3930e+003 1.1402e-050
3.3940e+003 9.4585e-051
3.3950e+003 7.8451e-051
3.3960e+003 6.5060e-051
3.3970e+003 5.3947e-051
3.3980e+003 4.4725e-051
3.3990e+003 3.7074e-051
3.4000e+003 3.0728e-051
3.4010e+003 2.5464e-051
3.4020e+003 2.1099e-051
3.4030e+003 1.7479e-051
3.4040e+003 1.4478e-051
3.4050e+003 1.1991e-051
3.4060e+003 9.9296e-052
3.4070e+003 8.2213e-052
3.4080e+003 6.8059e-052
3.4090e+003 5.6334e-052
3.4100e+003 4.6621e-052
3.4110e+003 3.8578e-052
3.4120e+003 3.1917e-052
3.4130e+003 2.6403e-052
3.4140e+003 2.1838e-052
3.4150e+003 1.8060e-052
3.4160e+003 1.4933e-052
3.4170e+003 1.2346e-052
3.4180e+003 1.0205e-052
3.4190e+003 8.4344e-053
3.4200e+003 6.9699e-053
3.4210e+003 5.7589e-053
3.4220e+003 4.7576e-053
3.4230e+003 3.9298e-053
3.4240e+003 3.2456e-053
3.4250e+003 2.6801e-053
3.4260e+003 2.2128e-053
3.4270e+003 1.8267e-053
3.4280e+003 1.5077e-053
3.4290e+003 1.2443e-053
3.4300e+003 1.0267e-053
3.4310e+003 8.4709e-054
3.4320e+003 6.9878e-054
3.4330e+003 5.7634e-054
3.4340e+003 4.7529e-054
3.4350e+003 3.9190e-054
3.4360e+003 3.2309e-054
3.4370e+003 2.6632e-054
3.4380e+003 2.1950e-054
3.4390e+003 1.8088e-054
3.4400e+003 1.4903e-054
3.4410e+003 1.2278e-054
3.4420e+003 1.0113e-054
3.4430e+003 8.3287e-055
3.4440e+003 6.8583e-055
3.4450e+003 5.6466e-055
3.4460e+003 4.6483e-055
3.4470e+003 3.8260e-055
3.4480e+003 3.1486e-055
3.4490e+003 2.5908e-055
3.4500e+003 2.1315e-055
3.4510e+003 1.7534e-055
3.4520e+003 1.4421e-055
3.4530e+003 1.1859e-055
3.4540e+003 9.7513e-056
3.4550e+003 8.0167e-056
3.4560e+003 6.5897e-056
3.4570e+003 5.4158e-056
3.4580e+003 4.4505e-056
3.4590e+003 3.6566e-056
3.4600e+003 3.0040e-056
3.4610e+003 2.4674e-056
3.4620e+003 2.0264e-056
3.4630e+003 1.6640e-056
3.4640e+003 1.3661e-056
3.4650e+003 1.1215e-056
3.4660e+003 9.2048e-057
3.4670e+003 7.5540e-057
3.4680e+003 6.1984e-057
3.4690e+003 5.0852e-057
3.4700e+003 4.1714e-057
3.4710e+003 3.4213e-057
3.4720e+003 2.8056e-057
3.4730e+003 2.3004e-057
3.4740e+003 1.8859e-057
3.4750e+003 1.5459e-057
3.4760e+003 1.2669e-057
3.4770e+003 1.0382e-057
3.4780e+003 8.5062e-058
3.4790e+003 6.9684e-058
3.4800e+003 5.7077e-058
3.4810e+003 4.6744e-058
3.4820e+003 3.8276e-058
3.4830e+003 3.1337e-058
3.4840e+003 2.5653e-058
3.4850e+003 2.0996e-058
3.4860e+003 1.7183e-058
3.4870e+003 1.4060e-058
3.4880e+003 1.1502e-058
3.4890e+003 9.4089e-059
3.4900e+003 7.6954e-059
3.4910e+003 6.2929e-059
3.4920e+003 5.1453e-059
3.4930e+003 4.2064e-059
3.4940e+003 3.4383e-059
3.4950e+003 2.8100e-059
3.4960e+003 2.2962e-059
3.4970e+003 1.8761e-059
3.4980e+003 1.5326e-059
3.4990e+003 1.2518e-059
3.5000e+003 1.0223e-059
