-1.1844	-1.1844	-1.1844	-1.1844	-1.1844	-1.1844	-1.1844	-1.1844	-1.1844	-1.1844	-1.1844	-1.1844	-1.1844
-7.7522	-7.7522	-7.7522	-7.7522	-7.7522	-7.7522	-7.7522	-7.7522	-7.7438	-7.7026	-7.7007	-7.7004	-7.7002
-9.4688	-9.4688	-9.4688	-9.4688	-9.4688	-9.4688	-9.4688	-9.4688	-9.4558	-9.4071	-9.4048	-9.4043	-9.404
-9.5618	-9.5618	-9.5669	-9.5669	-9.5669	-9.5669	-9.5669	-9.5669	-9.5471	-9.511	-9.5031	-9.5024	-9.5019
-9.1601	-9.1601	-9.1692	-9.1692	-9.1692	-9.1692	-9.1692	-9.1692	-9.1443	-9.1095	-9.1078	-9.1074	-9.1071
-8.9682	-8.9682	-8.9806	-8.9806	-8.9806	-8.9806	-8.9806	-8.9806	-8.9608	-9.0034	-8.9253	-8.9214	-8.9205
-8.7275	-8.7275	-8.7405	-8.7405	-8.7405	-8.7405	-8.7405	-8.7405	-8.7214	-8.6931	-8.684	-8.6829	-8.6824
-8.4209	-8.4209	-8.4333	-8.4333	-8.4333	-8.4333	-8.4333	-8.4333	-8.4118	-8.3698	-8.3785	-8.3783	-8.378
-8.0647	-8.0647	-8.0766	-8.0766	-8.0766	-8.0766	-8.0766	-8.0766	-8.0576	-8.025	-8.0239	-8.0236	-8.0235
-7.9299	-7.9299	-7.9415	-7.9415	-7.9415	-7.9415	-7.9415	-7.9415	-7.9237	-7.8866	-7.8883	-7.8889	-7.8892
-8.0514	-8.0514	-8.0714	-8.0714	-8.0714	-8.0714	-8.0714	-8.0714	-8.0306	-7.9693	-8.0056	-8.0125	-8.0161
-7.7601	-7.7601	-7.7958	-7.7958	-7.7958	-7.7958	-7.7958	-7.7941	-7.7476	-7.7393	-7.7385	-7.7382	-7.7381
-7.1558	-7.1558	-7.1895	-7.1895	-7.1895	-7.1895	-7.1895	-7.1869	-7.1404	-7.137	-7.1364	-7.1361	-7.136
-6.742	-6.742	-6.7729	-6.7729	-6.7729	-6.7729	-6.7729	-6.7697	-4.8515	-6.7157	-6.7249	-6.7239	-6.7233
-6.3238	-6.3237	-6.344	-6.3491	-6.3491	-6.3491	-6.3491	-6.3455	-6.3085	-6.3046	-6.304	-6.3038	-6.3037
-5.5048	-5.5035	-5.505	-5.5205	-5.5205	-5.5205	-5.5205	-5.5194	-5.4942	-5.4847	-5.484	-5.4838	-5.4837
-5.2922	-5.2917	-5.2982	-5.306	-5.306	-5.306	-5.306	-5.3047	-5.2731	-5.2699	-5.2701	-5.2703	-5.2704
-5.0272	-5.0272	-5.0402	-5.0401	-5.0401	-5.0401	-5.0401	-5.0388	-5.012	-5.007	-5.0065	-5.0064	-5.0063
-4.88	-4.88	-4.8933	-4.8933	-4.8933	-4.8933	-4.8933	-4.8922	-4.8664	-4.8608	-4.8602	-4.8601	-4.8599
-4.9877	-4.9877	-5.0032	-5.0032	-5.0032	-5.0032	-5.0032	-5.0017	-5.6718	-4.969	-4.9685	-4.9684	-4.9683
-5.3936	-5.3936	-5.4162	-5.4162	-5.4162	-5.4162	-5.4162	-5.4097	-5.3794	-5.3777	-5.3773	-5.3771	-5.377
-4.9248	-4.9248	-4.9462	-4.9462	-4.9462	-4.9462	-4.9462	-4.9385	-4.8976	-4.9053	-4.9074	-4.9082	-4.9087
-4.445	-4.445	-4.4649	-4.4649	-4.4649	-4.4649	-4.4649	-4.4606	-4.4326	-4.4309	-4.4305	-4.4304	-4.4303
-4.0387	-4.0387	-4.0584	-4.0584	-4.0584	-4.0584	-4.0584	-4.0561	-4.0305	-4.0264	-4.026	-4.0258	-4.0257
-7.9082	-7.905	-7.8948	-7.9436	-7.9436	-7.9436	-7.9418	-7.9069	-7.8945	-7.8931	-7.8925	-7.8922	-7.8918
-5.8366	-5.834	-5.8231	-5.8656	-5.8656	-5.8656	-5.8642	-5.8355	-5.8249	-5.825	-5.8251	-5.8252	-5.8252
-5.4252	-5.4241	-5.418	-5.4503	-5.4503	-5.4503	-5.448	-5.4207	-5.4157	-5.4152	-5.415	-5.4149	-5.4149
-4.8766	-4.8764	-4.8908	-4.8975	-4.8975	-4.8975	-4.8959	-4.8718	-4.8672	-4.8667	-4.8666	-4.8665	-4.8665
-4.6802	-4.6802	-4.7007	-4.7021	-4.7021	-4.7021	-4.701	-4.6774	-4.6718	-4.6713	-4.6712	-4.6711	-4.6711
-4.6921	-4.692	-4.7113	-4.7172	-4.7172	-4.7172	-4.7154	-4.6801	-4.6844	-4.6839	-4.6838	-4.6837	-4.6836
-4.4808	-4.4807	-4.5002	-4.5084	-4.5084	-4.5084	-4.5061	-4.4777	-4.4744	-4.4739	-4.4738	-4.4737	-4.4737
-4.8877	-4.8876	-4.9001	-4.9199	-4.9199	-4.9198	-4.907	-4.8828	-4.8817	-4.8814	-4.8813	-4.8812	-4.8812
-4.8102	-4.8101	-4.8119	-4.8446	-4.8446	-4.8439	-4.8182	-4.8057	-4.8049	-4.8047	-4.8046	-4.8046	-4.8045
-4.7272	-4.7271	-4.7424	-4.7601	-4.7601	-4.759	-4.7259	-4.7228	-4.7221	-4.7219	-4.7218	-4.7218	-4.7217
-4.479	-4.4783	-4.4751	-4.5087	-4.5087	-4.5085	-4.4942	-4.4752	-4.4743	-4.4741	-4.474	-4.474	-4.4739
-4.2931	-4.2921	-4.2891	-4.3205	-4.3205	-4.3204	-4.3116	-4.2898	-4.2888	-4.2885	-4.2884	-4.2884	-4.2883
-4.6178	-4.6169	-4.6136	-4.6458	-4.6458	-4.6457	-4.6345	-4.6141	-4.6132	-4.6129	-4.6128	-4.6128	-4.6127
-4.3728	-4.3717	-4.3665	-4.3991	-4.3991	-4.3989	-4.389	-4.3685	-4.3682	-4.3682	-4.3682	-4.3682	-4.3682
-4.1914	-4.1903	-4.1875	-4.2168	-4.2168	-4.2167	-4.2083	-4.1886	-4.1876	-4.1873	-4.1872	-4.1872	-4.1871
-4.0225	-4.0211	-4.0189	-4.0476	-4.0476	-4.0475	-4.0395	-4.0198	-4.0189	-4.0186	-4.0185	-4.0185	-4.0184
-3.99	-3.9887	-3.9867	-4.0164	-4.0164	-4.0161	-4.0054	-3.9875	-3.9867	-3.9864	-3.9864	-3.9863	-3.9863
-3.3752	-3.3744	-3.3727	-3.3994	-3.3994	-3.3991	-3.3895	-3.3735	-3.3728	-3.3726	-3.3725	-3.3724	-3.3724
-3.5615	-3.5607	-3.5591	-3.592	-3.592	-3.5909	-3.5692	-3.5597	-3.5592	-3.559	-3.5589	-3.5589	-3.5588
-3.4878	-3.4871	-3.4857	-3.5212	-3.5212	-3.5185	-3.4898	-3.4861	-3.4857	-3.4855	-3.4855	-3.4854	-3.4854
-3.4038	-3.4031	-3.4018	-3.4391	-3.4391	-3.4336	-3.4037	-3.4022	-3.4018	-3.4017	-3.4016	-3.4016	-3.4015
-3.2388	-3.2382	-3.237	-3.2741	-3.2741	-3.2671	-3.2386	-3.2373	-3.237	-3.2368	-3.2368	-3.2367	-3.2367
-2.9512	-2.9506	-2.9495	-2.9847	-2.9846	-2.9804	-2.952	-2.9499	-2.9495	-2.9494	-2.9493	-2.9493	-2.9493
-2.6134	-2.6128	-2.6117	-2.6465	-2.6464	-2.6405	-2.6135	-2.6121	-2.6118	-2.6116	-2.6116	-2.6116	-2.6115
-2.3821	-2.3816	-2.3806	-2.4189	-2.418	-2.3988	-2.3817	-2.3809	-2.3806	-2.3805	-2.3805	-2.3805	-2.3804
-2.157	-2.1565	-2.1556	-2.1976	-2.1932	-2.1576	-2.1563	-2.1558	-2.1556	-2.1555	-2.1555	-2.1555	-2.1555
-1.9052	-1.9047	-1.9039	-1.9465	-1.9356	-1.9057	-1.9045	-1.9041	-1.904	-1.9039	-1.9039	-1.9038	-1.9038
-1.5292	-1.5288	-1.528	-1.5666	-1.5608	-1.5303	-1.5286	-1.5282	-1.5281	-1.528	-1.528	-1.5279	-1.5279
11.017	11.018	11.02	10.941	10.95	11.012	11.018	11.019	11.02	11.02	11.02	11.02	11.02
14.159	14.16	14.161	14.126	14.127	14.144	14.16	14.16	14.161	14.161	14.161	14.161	14.161
15.111	15.112	15.112	15.09	15.09	15.094	15.111	15.112	15.112	15.113	15.113	15.113	15.113
15.305	15.306	15.307	15.288	15.288	15.289	15.302	15.306	15.307	15.307	15.307	15.307	15.307
15.51	15.51	15.511	15.491	15.491	15.493	15.51	15.511	15.511	15.511	15.511	15.511	15.511
15.131	15.131	15.132	15.107	15.107	15.108	15.124	15.132	15.132	15.132	15.132	15.132	15.132
14.991	14.991	14.992	14.965	14.965	14.965	14.98	14.991	14.992	14.992	14.992	14.992	14.992
