0.79745	0.79745	0.79745	0.79745	0.79745	0.79745	0.79745	0.79745	0.7534	0.13278	0.03795	0.015705	0.0044373
0.80117	0.80117	0.80117	0.80117	0.80117	0.80117	0.80117	0.80117	0.75153	0.13193	0.038552	0.016121	0.0046013
0.80736	0.80736	0.80736	0.80736	0.80736	0.80736	0.80736	0.80736	0.74436	0.12825	0.039043	0.016651	0.0048443
0.81787	0.81787	0.81787	0.81787	0.81787	0.81787	0.81787	0.81787	0.71234	0.11672	0.038525	0.017103	0.0051776
0.82382	0.82382	0.82382	0.82382	0.82382	0.82382	0.82382	0.82382	0.68042	0.11003	0.038044	0.017298	0.0053656
0.82853	0.82853	0.82853	0.82853	0.82853	0.82853	0.82853	0.82853	0.66951	0.10771	0.037812	0.01733	0.0054186
0.82669	0.82669	0.82669	0.82669	0.82669	0.82669	0.82669	0.82669	0.67657	0.10846	0.037693	0.017185	0.0053446
0.82771	0.82771	0.82771	0.82771	0.82771	0.82771	0.82771	0.82771	0.67207	0.10825	0.037895	0.017343	0.0054153
0.8235	0.8235	0.8235	0.8235	0.8235	0.8235	0.8235	0.8235	0.6944	0.11183	0.038019	0.017138	0.0052694
0.82114	0.82114	0.82114	0.82114	0.82114	0.82114	0.82114	0.82114	0.706	0.11433	0.038205	0.017071	0.0052024
0.8277	0.8277	0.8277	0.8277	0.8277	0.8277	0.8277	0.82768	0.64355	0.10007	0.03527	0.0162	0.0050759
0.83065	0.83065	0.83065	0.83065	0.83065	0.83065	0.83065	0.82234	0.32203	0.06733	0.026464	0.012894	0.0042958
0.83254	0.83254	0.83254	0.83254	0.83254	0.83254	0.83254	0.81907	0.26876	0.063728	0.025653	0.012667	0.0042816
0.83701	0.83701	0.83701	0.83701	0.83701	0.83701	0.83701	0.8164	0.23538	0.062783	0.025984	0.013036	0.0044841
0.84649	0.84549	0.81477	0.84649	0.84649	0.84649	0.84649	0.82392	0.26811	0.070452	0.029763	0.015112	0.0052713
0.8581	0.84116	0.70947	0.8581	0.8581	0.8581	0.8581	0.85027	0.51149	0.098852	0.040113	0.019905	0.0067759
0.85537	0.84961	0.79558	0.85537	0.85537	0.85537	0.85537	0.84504	0.45369	0.092255	0.037861	0.018906	0.0064781
0.84824	0.84824	0.84822	0.84824	0.84824	0.84824	0.84824	0.83713	0.40143	0.083969	0.034274	0.017059	0.0058205
0.84345	0.84345	0.84345	0.84345	0.84345	0.84345	0.84345	0.83477	0.4117	0.082324	0.032992	0.016249	0.0054799
0.84139	0.84139	0.84139	0.84139	0.84139	0.84139	0.84139	0.82938	0.34647	0.075527	0.030653	0.015205	0.0051658
0.84941	0.84941	0.84941	0.84941	0.84941	0.84941	0.84941	0.79859	0.17675	0.057978	0.025615	0.013347	0.0047877
0.85243	0.85243	0.85243	0.85243	0.85243	0.85243	0.85243	0.79633	0.17446	0.058388	0.026063	0.013665	0.0049374
0.85275	0.85275	0.85275	0.85275	0.85275	0.85275	0.85275	0.81703	0.20593	0.064634	0.028108	0.014513	0.0051545
0.84925	0.84925	0.84925	0.84925	0.84925	0.84925	0.84925	0.82904	0.2684	0.068939	0.028825	0.014546	0.0050367
0.87494	0.81273	0.18043	0.87494	0.87494	0.87494	0.86515	0.52406	0.10412	0.04318	0.021668	0.012216	0.0048033
0.87598	0.81073	0.15711	0.87598	0.87598	0.87598	0.867	0.53155	0.10388	0.042834	0.021428	0.012058	0.0047314
0.87508	0.84396	0.29055	0.87508	0.87508	0.87508	0.8574	0.38801	0.089541	0.03829	0.019557	0.011152	0.0044439
0.86657	0.86374	0.80392	0.86657	0.86657	0.86657	0.85291	0.40785	0.088136	0.03674	0.018484	0.010434	0.0041042
0.86293	0.86292	0.85045	0.86293	0.86293	0.86293	0.85341	0.44383	0.088516	0.035949	0.017819	0.0099624	0.0038732
0.86479	0.86385	0.82397	0.86479	0.86479	0.86479	0.85241	0.38952	0.083208	0.034246	0.017108	0.0096134	0.0037613
0.86538	0.86349	0.79204	0.86538	0.86538	0.86538	0.8468	0.29806	0.073511	0.030819	0.015563	0.008807	0.0034754
0.86987	0.86512	0.6657	0.86987	0.86987	0.86971	0.75904	0.13717	0.049444	0.022941	0.012302	0.0072425	0.0029995
0.87072	0.86194	0.39673	0.87072	0.87072	0.86647	0.57059	0.099629	0.038986	0.01892	0.010433	0.0062593	0.0026549
0.86808	0.86224	0.54257	0.86808	0.86808	0.85987	0.45408	0.087748	0.035284	0.017383	0.0096755	0.0058414	0.0024969
0.88069	0.84442	0.12544	0.88069	0.88069	0.8794	0.73285	0.13087	0.049563	0.023631	0.012893	0.0076824	0.0032333
0.8861	0.82532	0.094838	0.8861	0.8861	0.88577	0.79821	0.15933	0.058624	0.027516	0.014872	0.0088074	0.0036802
0.88936	0.83464	0.10299	0.88936	0.88936	0.88816	0.77532	0.14996	0.057173	0.027356	0.014962	0.0089317	0.0037695
0.89175	0.82548	0.091079	0.89175	0.89175	0.89064	0.78667	0.1556	0.059297	0.028368	0.015516	0.0092634	0.0039111
0.89512	0.81028	0.077927	0.89512	0.89512	0.8942	0.80344	0.16513	0.062787	0.030004	0.016402	0.0097908	0.0041343
0.89888	0.79009	0.065924	0.89888	0.89888	0.89786	0.81135	0.17043	0.065254	0.031309	0.017162	0.010266	0.004348
0.90153	0.77782	0.056551	0.90153	0.90153	0.89909	0.7784	0.15377	0.060922	0.029801	0.016539	0.009978	0.0042737
0.90781	0.82083	0.056676	0.90781	0.90781	0.90532	0.78396	0.15221	0.060464	0.029631	0.016466	0.0099434	0.0042648
0.91082	0.82049	0.043553	0.91082	0.91082	0.90202	0.58854	0.11355	0.047975	0.024365	0.013855	0.0085019	0.0037235
0.91254	0.82114	0.036844	0.91254	0.91254	0.89191	0.35371	0.089278	0.039567	0.02067	0.011973	0.0074434	0.0033159
0.91356	0.8227	0.032575	0.91356	0.91355	0.8717	0.20865	0.072376	0.033323	0.017813	0.010477	0.0065842	0.0029752
0.91538	0.82031	0.030146	0.91538	0.91522	0.86017	0.18573	0.06784	0.031765	0.017158	0.010162	0.0064192	0.0029206
0.92351	0.83281	0.029894	0.92351	0.92349	0.89046	0.26509	0.082761	0.03831	0.020555	0.012124	0.0076373	0.0034641
0.92713	0.82228	0.026935	0.92713	0.92658	0.87723	0.21276	0.078639	0.037678	0.020656	0.012364	0.0078734	0.0036248
0.93019	0.8181	0.022029	0.93019	0.92397	0.7307	0.13887	0.059146	0.030204	0.017247	0.010621	0.0069053	0.0032712
0.9323	0.81852	0.018	0.93224	0.90405	0.31333	0.091829	0.042899	0.023158	0.01372	0.0086727	0.00575	0.002799
0.93387	0.81805	0.015908	0.93199	0.85532	0.17762	0.071269	0.035174	0.019652	0.01192	0.0076645	0.0051476	0.002552
0.93681	0.83944	0.017872	0.93609	0.89385	0.24733	0.086711	0.042034	0.023223	0.01398	0.0089407	0.0059811	0.0029493
0.93849	0.8469	0.021374	0.93789	0.90504	0.3233	0.099822	0.048364	0.026705	0.016068	0.010271	0.0068683	0.0033844
0.93668	0.84402	0.026133	0.93668	0.92844	0.744	0.1519	0.067458	0.035303	0.020488	0.012762	0.0083692	0.0040131
0.93441	0.84352	0.031809	0.93441	0.93339	0.89149	0.27852	0.094059	0.046046	0.02559	0.015465	0.0099178	0.004612
0.93318	0.83804	0.037177	0.93318	0.93317	0.91638	0.54943	0.12618	0.058541	0.031459	0.018583	0.011723	0.0053323
0.93074	0.85993	0.028255	0.93074	0.93074	0.91586	0.3821	0.090443	0.039687	0.020637	0.011926	0.0074072	0.0032996
0.92757	0.86541	0.033376	0.92757	0.92757	0.92159	0.60722	0.10826	0.044813	0.022521	0.012729	0.0077817	0.0033948
0.92471	0.86948	0.039124	0.92471	0.92471	0.92247	0.76175	0.12687	0.049893	0.024359	0.013514	0.0081553	0.003498
