5e+12
5.0488e+12
5.1375e+12
5.3011e+12
5.4003e+12
5.3821e+12
5.3466e+12
5.3608e+12
5.2821e+12
5.2358e+12
5.2396e+12
5.2837e+12
5.3089e+12
5.3836e+12
5.5683e+12
5.7013e+12
5.623e+12
5.4458e+12
5.3268e+12
5.2666e+12
5.2959e+12
5.3519e+12
5.3768e+12
5.3148e+12
4.9302e+12
4.9688e+12
4.8541e+12
4.7199e+12
4.6768e+12
4.7205e+12
4.7451e+12
4.7323e+12
4.7697e+12
4.7474e+12
5.0129e+12
5.1658e+12
5.1162e+12
5.2048e+12
5.3283e+12
5.475e+12
5.596e+12
5.6756e+12
5.8377e+12
5.9518e+12
6.0366e+12
6.164e+12
6.401e+12
6.6817e+12
6.9547e+12
7.1753e+12
7.3641e+12
7.3509e+12
7.5609e+12
7.4221e+12
7.2462e+12
7.1771e+12
6.9754e+12
6.7553e+12
6.5771e+12
