0.79745	0.79745	0.79745	0.79745	0.79745	0.79745	0.79745	0.79745	0.7534	0.13278	0.03795	0.015705	0.0044373
0.80117	0.80117	0.80117	0.80117	0.80117	0.80117	0.80117	0.80117	0.75153	0.13193	0.038552	0.016121	0.0046013
0.80736	0.80736	0.80736	0.80736	0.80736	0.80736	0.80736	0.80736	0.74436	0.12825	0.039043	0.016651	0.0048443
0.81787	0.81787	0.81787	0.81787	0.81787	0.81787	0.81787	0.81787	0.71234	0.11672	0.038525	0.017103	0.0051776
0.82382	0.82382	0.82382	0.82382	0.82382	0.82382	0.82382	0.82382	0.68042	0.11003	0.038044	0.017298	0.0053656
0.82853	0.82853	0.82853	0.82853	0.82853	0.82853	0.82853	0.82853	0.66951	0.10771	0.037812	0.01733	0.0054186
0.82669	0.82669	0.82669	0.82669	0.82669	0.82669	0.82669	0.82669	0.67657	0.10846	0.037693	0.017185	0.0053446
0.82771	0.82771	0.82771	0.82771	0.82771	0.82771	0.82771	0.82771	0.67207	0.10825	0.037895	0.017343	0.0054153
0.8235	0.8235	0.8235	0.8235	0.8235	0.8235	0.8235	0.8235	0.6944	0.11183	0.038019	0.017138	0.0052694
0.82114	0.82114	0.82114	0.82114	0.82114	0.82114	0.82114	0.82114	0.706	0.11433	0.038205	0.017071	0.0052024
0.8277	0.8277	0.8277	0.8277	0.8277	0.8277	0.8277	0.82768	0.64355	0.10007	0.03527	0.0162	0.0050759
0.83065	0.83065	0.83065	0.83065	0.83065	0.83065	0.83065	0.82234	0.32203	0.06733	0.026464	0.012894	0.0042958
0.83254	0.83254	0.83254	0.83254	0.83254	0.83254	0.83254	0.81907	0.26876	0.063728	0.025653	0.012667	0.0042816
0.83701	0.83701	0.83701	0.83701	0.83701	0.83701	0.83701	0.8164	0.23538	0.062783	0.025984	0.013036	0.0044841
0.84649	0.84549	0.81477	0.84649	0.84649	0.84649	0.84649	0.82392	0.26811	0.070452	0.029763	0.015112	0.0052713
0.8581	0.84116	0.70947	0.8581	0.8581	0.8581	0.8581	0.85027	0.51149	0.098852	0.040113	0.019905	0.0067759
0.85537	0.84961	0.79558	0.85537	0.85537	0.85537	0.85537	0.84504	0.45369	0.092255	0.037861	0.018906	0.0064781
0.84824	0.84824	0.84822	0.84824	0.84824	0.84824	0.84824	0.83713	0.40143	0.083969	0.034274	0.017059	0.0058205
0.84345	0.84345	0.84345	0.84345	0.84345	0.84345	0.84345	0.83477	0.4117	0.082324	0.032992	0.016249	0.0054799
0.84139	0.84139	0.84139	0.84139	0.84139	0.84139	0.84139	0.82938	0.34647	0.075527	0.030653	0.015205	0.0051658
0.84941	0.84941	0.84941	0.84941	0.84941	0.84941	0.84941	0.79859	0.17675	0.057978	0.025615	0.013347	0.0047877
0.85243	0.85243	0.85243	0.85243	0.85243	0.85243	0.85243	0.79633	0.17446	0.058388	0.026063	0.013665	0.0049374
0.85275	0.85275	0.85275	0.85275	0.85275	0.85275	0.85275	0.81703	0.20593	0.064634	0.028108	0.014513	0.0051545
0.84925	0.84925	0.84925	0.84925	0.84925	0.84925	0.84925	0.82904	0.2684	0.068939	0.028825	0.014546	0.0050367
0.87494	0.81273	0.18043	0.87494	0.87494	0.87494	0.86515	0.52406	0.10411	0.04318	0.021668	0.012216	0.0048033
0.87598	0.81073	0.15711	0.87598	0.87598	0.87598	0.867	0.53155	0.10388	0.042834	0.021428	0.012058	0.0047314
0.87508	0.84396	0.29055	0.87508	0.87508	0.87508	0.8574	0.38801	0.089541	0.03829	0.019557	0.011152	0.0044439
0.86657	0.86374	0.80392	0.86657	0.86657	0.86657	0.85291	0.40785	0.088136	0.03674	0.018484	0.010434	0.0041042
0.86293	0.86292	0.85045	0.86293	0.86293	0.86293	0.85341	0.44383	0.088516	0.035949	0.017819	0.0099624	0.0038732
0.86479	0.86385	0.82397	0.86479	0.86479	0.86479	0.85241	0.38952	0.083208	0.034246	0.017108	0.0096134	0.0037613
0.86538	0.86349	0.79204	0.86538	0.86538	0.86538	0.8468	0.29806	0.073511	0.030819	0.015563	0.008807	0.0034754
0.86987	0.86512	0.6657	0.86987	0.86987	0.86971	0.75904	0.13717	0.049444	0.022941	0.012302	0.0072425	0.0029995
0.87072	0.86194	0.39673	0.87072	0.87072	0.86647	0.57059	0.099629	0.038986	0.01892	0.010433	0.0062593	0.0026549
0.86808	0.86224	0.54257	0.86808	0.86808	0.85987	0.45408	0.087748	0.035284	0.017383	0.0096755	0.0058414	0.0024969
0.88069	0.83378	0.10762	0.88069	0.88069	0.87276	0.54123	0.10294	0.042057	0.020917	0.01172	0.0071115	0.0030628
0.8861	0.81231	0.085351	0.8861	0.8861	0.88286	0.7009	0.12825	0.050616	0.024691	0.013669	0.0082279	0.0035093
0.88936	0.82458	0.093808	0.88936	0.88936	0.88449	0.67335	0.12518	0.050527	0.024958	0.013927	0.0084281	0.0036193
0.89174	0.8151	0.084327	0.89174	0.89174	0.88761	0.7035	0.13176	0.052925	0.026074	0.014526	0.0087823	0.0037676
0.89512	0.80042	0.073792	0.89512	0.89512	0.89218	0.74873	0.144	0.057186	0.027997	0.015539	0.0093721	0.0040097
0.89888	0.78178	0.063719	0.89888	0.89888	0.89651	0.77628	0.15418	0.060939	0.02976	0.016496	0.009942	0.0042514
0.90153	0.76993	0.055019	0.90153	0.90153	0.89722	0.73289	0.14094	0.057362	0.028491	0.015966	0.0096963	0.0041884
0.90781	0.81232	0.054194	0.90781	0.90781	0.90192	0.69729	0.13218	0.054832	0.02754	0.015545	0.0094892	0.0041264
0.91082	0.80833	0.041041	0.91082	0.91082	0.88817	0.36118	0.092558	0.041488	0.021816	0.01269	0.0079119	0.0035375
0.91254	0.80308	0.033892	0.91254	0.91167	0.83646	0.17536	0.066976	0.032108	0.017593	0.010521	0.0066908	0.0030714
0.91356	0.79853	0.029231	0.91356	0.90619	0.6401	0.12047	0.05053	0.025543	0.014475	0.0088581	0.0057288	0.00269
0.91537	0.79246	0.026871	0.91537	0.90168	0.48961	0.10525	0.04589	0.02373	0.013648	0.0084401	0.0055008	0.0026106
0.92351	0.81494	0.027612	0.92351	0.91884	0.76198	0.14486	0.060174	0.030261	0.017098	0.010446	0.0067498	0.0031675
0.92713	0.80605	0.025374	0.92713	0.92043	0.7295	0.14153	0.060559	0.030991	0.017715	0.010914	0.0070964	0.0033606
0.93019	0.7967	0.02055	0.92973	0.89169	0.27999	0.090866	0.04355	0.023874	0.014289	0.0090968	0.0060625	0.0029716
0.93229	0.78602	0.016333	0.91442	0.49152	0.11581	0.053334	0.028521	0.016784	0.010555	0.0069693	0.004776	0.002436
0.93387	0.7756	0.014136	0.82398	0.17472	0.074445	0.037986	0.02167	0.013329	0.0086562	0.0058561	0.0040903	0.0021451
0.93714	0.81977	0.01658	0.91649	0.46561	0.11635	0.054782	0.029705	0.01765	0.011179	0.0074217	0.0051088	0.0026235
0.94026	0.83102	0.019829	0.91011	0.40438	0.11607	0.057088	0.031802	0.019243	0.012347	0.0082777	0.0057409	0.0029798
0.93969	0.83799	0.024966	0.93472	0.8525	0.20096	0.08793	0.045623	0.026314	0.016315	0.010659	0.0072454	0.0036531
0.93646	0.83846	0.030666	0.93646	0.92634	0.72901	0.15466	0.070204	0.037207	0.021767	0.013634	0.0089761	0.0043261
0.93411	0.83647	0.036696	0.93411	0.9337	0.90593	0.40093	0.11135	0.053617	0.029483	0.017687	0.011283	0.0052086
0.93045	0.83891	0.025165	0.93045	0.92657	0.75955	0.13557	0.055578	0.027766	0.01563	0.0095275	0.0061472	0.0028805
0.92587	0.84067	0.02883	0.92586	0.92508	0.84969	0.16511	0.062883	0.030144	0.016528	0.0098922	0.0062973	0.0028968
0.92138	0.84222	0.032952	0.92138	0.92137	0.88021	0.19921	0.070642	0.03258	0.01744	0.010269	0.0064603	0.0029241
