6.9704	6.9704	6.9704	6.9704	6.9704	6.9704	6.9704	6.9704	6.9704	6.9704	6.9704	6.9704	6.9704
7.183	7.183	7.183	7.183	7.183	7.183	7.183	7.183	7.183	7.183	7.183	7.183	7.183
7.2782	7.2782	7.2782	7.2782	7.2782	7.2782	7.2782	7.2782	7.2782	7.2782	7.2782	7.2782	7.2782
7.3247	7.3247	7.3247	7.3247	7.3247	7.3247	7.3247	7.3247	7.3247	7.3247	7.3247	7.3247	7.3247
7.3185	7.3185	7.3185	7.3185	7.3185	7.3185	7.3185	7.3185	7.3185	7.3185	7.3185	7.3185	7.3185
7.1425	7.1425	7.1425	7.1425	7.1425	7.1425	7.1425	7.1425	7.1425	7.1425	7.1425	7.1425	7.1425
6.8823	6.8823	6.8823	6.8823	6.8823	6.8823	6.8823	6.8823	6.8823	6.8823	6.8823	6.8823	6.8823
6.5588	6.5588	6.5588	6.5588	6.5588	6.5588	6.5588	6.5588	6.5588	6.5588	6.5588	6.5588	6.5588
6.2465	6.2465	6.2465	6.2465	6.2465	6.2465	6.2465	6.2465	6.2465	6.2465	6.2465	6.2465	6.2465
6.0634	6.0634	6.0634	6.0634	6.0634	6.0634	6.0634	6.0634	6.0634	6.0634	6.0634	6.0634	6.0634
5.7179	5.7179	5.7179	5.7179	5.7179	5.7179	5.7179	5.7179	5.7179	5.7179	5.7179	5.7179	5.7179
5.7596	5.7596	5.7596	5.7596	5.7596	5.7596	5.7596	5.7596	5.7596	5.7596	5.7596	5.7596	5.7596
5.7893	5.7893	5.7893	5.7893	5.7893	5.7893	5.7893	5.7893	5.7893	5.7893	5.7893	5.7893	5.7893
5.7053	5.7053	5.7053	5.7053	5.7053	5.7053	5.7053	5.7053	5.7053	5.7053	5.7053	5.7053	5.7053
5.7478	5.7478	5.7478	5.7478	5.7478	5.7478	5.7478	5.7478	5.7478	5.7478	5.7478	5.7478	5.7478
5.814	5.814	5.814	5.814	5.814	5.814	5.814	5.814	5.814	5.814	5.814	5.814	5.814
5.7894	5.7894	5.7894	5.7894	5.7894	5.7894	5.7894	5.7894	5.7894	5.7894	5.7894	5.7894	5.7894
5.7396	5.7396	5.7396	5.7396	5.7396	5.7396	5.7396	5.7396	5.7396	5.7396	5.7396	5.7396	5.7396
5.6795	5.6795	5.6795	5.6795	5.6795	5.6795	5.6795	5.6795	5.6795	5.6795	5.6795	5.6795	5.6795
5.6878	5.6878	5.6878	5.6878	5.6878	5.6878	5.6878	5.6878	5.6878	5.6878	5.6878	5.6878	5.6878
5.8448	5.8448	5.8448	5.8448	5.8448	5.8448	5.8448	5.8448	5.8448	5.8448	5.8448	5.8448	5.8448
5.9811	5.9811	5.9811	5.9811	5.9811	5.9811	5.9811	5.9811	5.9811	5.9811	5.9811	5.9811	5.9811
6.1012	6.1012	6.1012	6.1012	6.1012	6.1012	6.1012	6.1012	6.1012	6.1012	6.1012	6.1012	6.1012
6.2117	6.2117	6.2117	6.2117	6.2117	6.2117	6.2117	6.2117	6.2117	6.2117	6.2117	6.2117	6.2117
4.471	4.471	4.471	4.471	4.471	4.471	4.471	4.471	4.471	4.471	4.471	4.471	4.471
4.5538	4.5538	4.5538	4.5538	4.5538	4.5538	4.5538	4.5538	4.5538	4.5538	4.5538	4.5538	4.5538
4.8402	4.8402	4.8402	4.8402	4.8402	4.8402	4.8402	4.8402	4.8402	4.8402	4.8402	4.8402	4.8402
4.8813	4.8813	4.8813	4.8813	4.8813	4.8813	4.8813	4.8813	4.8813	4.8813	4.8813	4.8813	4.8813
4.9923	4.9923	4.9923	4.9923	4.9923	4.9923	4.9923	4.9923	4.9923	4.9923	4.9923	4.9923	4.9923
5.1614	5.1614	5.1614	5.1614	5.1614	5.1614	5.1614	5.1614	5.1614	5.1614	5.1614	5.1614	5.1614
5.3023	5.3023	5.3023	5.3023	5.3023	5.3023	5.3023	5.3023	5.3023	5.3023	5.3023	5.3023	5.3023
5.3775	5.3775	5.3775	5.3775	5.3775	5.3775	5.3775	5.3775	5.3775	5.3775	5.3775	5.3775	5.3775
5.3916	5.3916	5.3916	5.3916	5.3916	5.3916	5.3916	5.3916	5.3916	5.3916	5.3916	5.3916	5.3916
5.3716	5.3716	5.3716	5.3716	5.3716	5.3716	5.3716	5.3716	5.3716	5.3716	5.3716	5.3716	5.3716
5.8795	5.8795	5.8795	5.8795	5.8795	5.8795	5.8795	5.8795	5.8795	5.8795	5.8795	5.8795	5.8795
6.0612	6.0612	6.0612	6.0612	6.0612	6.0612	6.0612	6.0612	6.0612	6.0612	6.0612	6.0612	6.0612
6.2256	6.2256	6.2256	6.2256	6.2256	6.2256	6.2256	6.2256	6.2256	6.2256	6.2256	6.2256	6.2256
6.2302	6.2302	6.2302	6.2302	6.2302	6.2302	6.2302	6.2302	6.2302	6.2302	6.2302	6.2302	6.2302
6.2461	6.2461	6.2461	6.2461	6.2461	6.2461	6.2461	6.2461	6.2461	6.2461	6.2461	6.2461	6.2461
6.2308	6.2308	6.2308	6.2308	6.2308	6.2308	6.2308	6.2308	6.2308	6.2308	6.2308	6.2308	6.2308
6.2365	6.2365	6.2365	6.2365	6.2365	6.2365	6.2365	6.2365	6.2365	6.2365	6.2365	6.2365	6.2365
6.5013	6.5013	6.5013	6.5013	6.5013	6.5013	6.5013	6.5013	6.5013	6.5013	6.5013	6.5013	6.5013
6.4884	6.4884	6.4884	6.4884	6.4884	6.4884	6.4884	6.4884	6.4884	6.4884	6.4884	6.4884	6.4884
6.6844	6.6844	6.6844	6.6844	6.6844	6.6844	6.6844	6.6844	6.6844	6.6844	6.6844	6.6844	6.6844
6.9202	6.9202	6.9202	6.9202	6.9202	6.9202	6.9202	6.9202	6.9202	6.9202	6.9202	6.9202	6.9202
6.7891	6.7891	6.7891	6.7891	6.7891	6.7891	6.7891	6.7891	6.7891	6.7891	6.7891	6.7891	6.7891
6.784	6.784	6.784	6.784	6.784	6.784	6.784	6.784	6.784	6.784	6.784	6.784	6.784
6.6519	6.6519	6.6519	6.6519	6.6519	6.6519	6.6519	6.6519	6.6519	6.6519	6.6519	6.6519	6.6519
6.5314	6.5314	6.5314	6.5314	6.5314	6.5314	6.5314	6.5314	6.5314	6.5314	6.5314	6.5314	6.5314
6.492	6.492	6.492	6.492	6.492	6.492	6.492	6.492	6.492	6.492	6.492	6.492	6.492
6.2668	6.2668	6.2668	6.2668	6.2668	6.2668	6.2668	6.2668	6.2668	6.2668	6.2668	6.2668	6.2668
5.9058	5.9058	5.9058	5.9058	5.9058	5.9058	5.9058	5.9058	5.9058	5.9058	5.9058	5.9058	5.9058
6.1642	6.1642	6.1642	6.1642	6.1642	6.1642	6.1642	6.1642	6.1642	6.1642	6.1642	6.1642	6.1642
6.3796	6.3796	6.3796	6.3796	6.3796	6.3796	6.3796	6.3796	6.3796	6.3796	6.3796	6.3796	6.3796
6.3782	6.3782	6.3782	6.3782	6.3782	6.3782	6.3782	6.3782	6.3782	6.3782	6.3782	6.3782	6.3782
6.9012	6.9012	6.9012	6.9012	6.9012	6.9012	6.9012	6.9012	6.9012	6.9012	6.9012	6.9012	6.9012
7.8047	7.8047	7.8047	7.8047	7.8047	7.8047	7.8047	7.8047	7.8047	7.8047	7.8047	7.8047	7.8047
7.8323	7.8323	7.8323	7.8323	7.8323	7.8323	7.8323	7.8323	7.8323	7.8323	7.8323	7.8323	7.8323
7.799	7.799	7.799	7.799	7.799	7.799	7.799	7.799	7.799	7.799	7.799	7.799	7.799
