8.1387	8.1415	8.1438	7.9556	7.9046	7.8616	7.9297	7.7899	7.7518	8.1486	NaN	NaN	NaN
8.1144	8.1183	8.121	7.8707	7.8148	7.7713	7.8853	7.737	7.6959	8.1154	NaN	NaN	NaN
8.1178	8.1212	8.1237	7.8962	7.842	7.7982	7.8949	7.7495	7.7069	8.1213	NaN	NaN	NaN
8.1205	8.1234	8.1256	7.9181	7.8656	7.8215	7.9032	7.7606	7.7163	8.1263	NaN	NaN	NaN
8.1223	8.1248	8.1268	7.936	7.8848	7.8406	7.9099	7.7697	7.7236	8.13	NaN	NaN	NaN
8.1262	8.1282	8.13	7.9596	7.9102	7.8659	7.9196	7.7828	7.7356	8.1366	NaN	NaN	NaN
8.1296	8.1312	8.1327	7.9813	7.9336	7.8895	7.9288	7.7956	7.7474	8.1427	NaN	NaN	NaN
8.127	8.1284	8.1298	7.981	7.9336	7.8894	7.9263	7.7938	7.744	8.1399	NaN	NaN	NaN
8.1151	8.1168	8.1183	7.9487	7.8996	7.8546	7.9064	7.7704	7.7177	8.1241	NaN	NaN	NaN
8.1043	8.1063	8.1078	7.9193	7.8686	7.8231	7.8888	7.7499	7.6948	8.11	NaN	NaN	NaN
8.0982	8.1003	8.1017	7.905	7.8537	7.808	7.8791	7.7393	7.6825	8.1023	NaN	NaN	NaN
8.0941	8.0961	8.0974	7.9015	7.8502	7.8057	7.8711	7.7309	7.6773	8.0975	NaN	NaN	NaN
8.0917	8.0935	8.0946	7.9042	7.8536	7.8105	7.8662	7.7266	7.6763	8.095	NaN	NaN	NaN
8.0956	8.0969	8.0978	7.9277	7.8794	7.8386	7.8725	7.7362	7.6903	8.1008	NaN	NaN	NaN
8.1029	8.1037	8.1044	7.9611	7.9159	7.8782	7.8859	7.7535	7.7127	8.1114	NaN	NaN	NaN
8.1047	8.1054	8.1057	7.9762	7.933	7.8981	7.8885	7.7593	7.7217	8.1146	NaN	NaN	NaN
8.1028	8.1033	8.1034	7.9787	7.9368	7.9049	7.8841	7.756	7.7225	8.1126	NaN	NaN	NaN
8.0948	8.0953	8.0953	7.9615	7.9197	7.8905	7.8674	7.739	7.7095	8.1021	NaN	NaN	NaN
8.0825	8.0831	8.0829	7.9301	7.8876	7.8611	7.842	7.7127	7.6874	8.0859	NaN	NaN	NaN
8.072	8.0727	8.0722	7.9045	7.8617	7.8387	7.8203	7.6909	7.6706	8.0725	NaN	NaN	NaN
8.0662	8.0668	8.0661	7.8934	7.8517	7.8331	7.8067	7.6791	7.6643	8.0653	NaN	NaN	NaN
8.0575	8.0581	8.0569	7.8748	7.834	7.8201	7.7883	7.663	7.6533	8.0541	NaN	NaN	NaN
8.0493	8.0499	8.0482	7.8578	7.8184	7.81	7.7707	7.6487	7.6446	8.0437	NaN	NaN	NaN
8.0371	8.0376	8.0353	7.8265	7.788	7.7858	7.7451	7.6263	7.6283	8.0282	NaN	NaN	NaN
7.9943	7.9943	7.9928	7.8004	7.7529	7.7745	7.7048	7.6024	7.5905	7.9857	7.996	7.7368	7.4818
7.9726	7.9725	7.9703	7.7475	7.6992	7.7304	7.6651	7.5676	7.5627	7.9599	7.9739	7.6809	7.4265
7.9581	7.958	7.9551	7.7148	7.6678	7.7095	7.6373	7.5466	7.5472	7.943	7.9587	7.6495	7.4104
7.9423	7.9421	7.9383	7.679	7.6338	7.6875	7.6077	7.5255	7.5326	7.9247	7.9424	7.6156	7.3887
7.9347	7.9347	7.9302	7.6663	7.625	7.6919	7.5907	7.5195	7.5334	7.916	7.9348	7.6093	7.4014
7.9272	7.9274	7.9221	7.6548	7.618	7.6983	7.5739	7.5161	7.5333	7.9075	7.9274	7.6051	7.4168
7.9182	7.9188	7.9125	7.6388	7.607	7.7021	7.5543	7.5119	7.5316	7.8974	7.9185	7.5967	7.4263
7.8953	7.8953	7.8889	7.5753	7.5404	7.6393	7.5179	7.4726	7.4988	7.8717	7.8934	7.5257	7.3605
7.8726	7.8721	7.8651	7.5126	7.4749	7.5739	7.4848	7.4392	7.4637	7.8464	7.8691	7.4565	7.3006
7.8527	7.8516	7.8445	7.4562	7.4168	7.5157	7.4552	7.4098	7.4362	7.8245	7.8476	7.3957	7.2524
7.8349	7.8333	7.8259	7.4073	7.3663	7.4632	7.4302	7.3846	7.4107	7.8051	7.8282	7.3432	7.2122
7.8072	7.8048	7.7972	7.3344	7.2915	7.3845	7.3921	7.3455	7.3737	7.7755	7.7982	7.2655	7.1436
7.7838	7.7806	7.7727	7.2744	7.2301	7.3185	7.3601	7.3109	7.3403	7.7505	7.7717	7.2035	7.091
7.7615	7.7587	7.7493	7.22	7.1778	7.2574	7.3311	7.2802	7.3102	7.7272	7.7495	7.1539	7.0474
7.7419	7.7398	7.7287	7.1743	7.1352	7.2057	7.3057	7.2538	7.2845	7.707	7.7304	7.1137	7.0128
7.7238	7.722	7.7097	7.1341	7.097	7.1597	7.2828	7.23	7.261	7.6883	7.7125	7.077	6.981
7.7043	7.7027	7.6894	7.0941	7.0578	7.1141	7.2592	7.205	7.2365	7.6685	7.6928	7.0389	6.9468
7.6571	7.6559	7.6411	7.0317	6.9975	7.0444	7.2128	7.1577	7.1908	7.6217	7.6449	6.9812	6.8898
7.6553	7.6541	7.6391	7.0229	6.9885	7.0332	7.2091	7.1532	7.185	7.6193	7.6429	6.9724	6.8886
7.653	7.6517	7.6364	7.0135	6.9788	7.0212	7.2048	7.1481	7.1788	7.6164	7.6404	6.9628	6.8861
7.6459	7.6446	7.6289	6.9975	6.9626	7.002	7.1957	7.1377	7.1676	7.609	7.6332	6.9467	6.8755
7.6362	7.635	7.6188	6.9787	6.9437	6.9799	7.1841	7.1247	7.1541	7.5992	7.6234	6.9278	6.861
7.6272	7.6262	7.6091	6.9609	6.9264	6.9587	7.1753	7.1077	7.1401	7.59	7.6144	6.9114	6.847
7.6176	7.6167	7.5991	6.9441	6.9093	6.9388	7.1642	7.0953	7.1269	7.5804	7.6047	6.8942	6.8338
7.6132	7.6123	7.5945	6.934	6.8988	6.926	7.1584	7.0883	7.1189	7.5758	7.6003	6.8834	6.8281
7.6111	7.6101	7.5921	6.9266	6.8908	6.9162	7.1549	7.0837	7.1129	7.5732	7.5979	6.8752	6.8255
7.6025	7.6016	7.5831	6.9127	6.8764	6.8993	7.1453	7.0728	7.1012	7.5647	7.5893	6.8605	6.8144
7.5766	7.5766	7.5569	6.8933	6.858	6.8772	7.1226	7.0453	7.0779	7.5403	7.5636	6.8438	6.7959
7.5393	7.5396	7.5195	6.8662	6.8309	6.8469	7.0926	7.0151	7.0468	7.5054	7.5262	6.8163	6.7674
7.5391	7.5392	7.5195	6.8717	6.8356	6.8511	7.0954	7.0178	7.0469	7.5048	7.5256	6.8205	6.778
7.5625	7.562	7.5432	6.898	6.8607	6.8773	7.1189	7.0417	7.0666	7.5258	7.5483	6.845	6.814
7.6178	7.6163	7.5996	6.9638	6.9243	6.9459	7.1748	7.0999	7.1171	7.5769	7.6026	6.9077	6.8988
7.6663	7.6639	7.6496	7.0414	7.0003	7.0286	7.2283	7.1595	7.1649	7.623	7.6506	6.9829	6.9991
7.6947	7.6915	7.6793	7.1032	7.0611	7.0955	7.264	7.2013	7.196	7.6509	7.6783	7.0429	7.0807
7.7005	7.6969	7.6855	7.1257	7.0826	7.1186	7.2743	7.2143	7.2033	7.6566	7.6836	7.0638	7.1129
