303.44	303.86	303.29	471.61	543	611.52	397.95	566.01	644.24	300.4	NaN	NaN	NaN
313	313.02	312.65	579.5	676.96	763.95	439.1	641.32	738.17	319.99	NaN	NaN	NaN
312.49	312.68	312.23	542.24	629.72	710.62	427.71	618.3	713.07	315.57	NaN	NaN	NaN
312.56	312.89	312.38	512.33	591.9	667.88	418.03	598.81	692.72	312.09	NaN	NaN	NaN
313.22	313.68	313.11	489.64	563.17	635.34	410.65	583.46	677.32	309.71	NaN	NaN	NaN
312.52	313.07	312.42	461.22	527.58	594.77	399.88	562.64	654.42	305.23	NaN	NaN	NaN
313.48	314.17	313.45	438.39	498.77	561.67	392.08	545.49	635.19	302.64	NaN	NaN	NaN
316	316.72	315.98	438.48	498.29	561.13	393.85	546.63	638.77	304.5	NaN	NaN	NaN
320.6	321.19	320.53	471.52	538.48	607.59	409.38	573.92	676.45	312.57	NaN	NaN	NaN
325.37	325.85	325.26	504.71	578.82	653.99	424.19	599.73	711.83	320.39	NaN	NaN	NaN
327.9	328.3	327.73	520.59	597.92	676	431	611.66	729.59	324.07	NaN	NaN	NaN
331.97	332.37	331.8	525.98	603.81	680.31	439.87	624.53	739.02	328.24	NaN	NaN	NaN
335.69	336.11	335.52	523.87	600.16	673.26	446.23	632.17	741.31	331.26	NaN	NaN	NaN
338.15	338.67	337.99	498.59	567.39	632.27	443.45	621.91	720.46	330.49	NaN	NaN	NaN
340.66	341.29	340.47	465.52	524.81	579.63	435.72	603.23	688.8	328.35	NaN	NaN	NaN
343.96	344.42	343.65	452.06	506.43	554.95	435.63	599.33	676.81	329.04	NaN	NaN	NaN
348.76	349.21	348.39	452.05	504.38	548.18	442.72	606.85	677.86	332.93	NaN	NaN	NaN
354.44	354.85	354.05	471.33	525.75	567.22	460.24	631.58	698.77	340.39	NaN	NaN	NaN
361.12	361.46	360.74	506.91	566.68	606.97	486.59	670.02	733.96	350.68	NaN	NaN	NaN
367.92	368.22	367.56	539.11	603.07	639.98	511.24	705.06	762.79	360.21	NaN	NaN	NaN
373.19	373.42	372.74	554.56	618.5	648.5	527.57	725.24	774.01	366.19	NaN	NaN	NaN
379.78	380	379.37	584.31	650.58	673.55	551.65	755.87	796.16	374.9	NaN	NaN	NaN
386.62	386.84	386.27	615.16	683.01	696.72	576.99	785.92	816.43	383.69	NaN	NaN	NaN
394.98	395.21	394.77	670.79	743.96	746.39	614.6	832.55	851.68	395.85	NaN	NaN	NaN
423.9	424.67	423.58	727.8	832.58	782.12	673.83	905.79	899.56	424.59	422.75	872.14	1685.6
440.51	441.49	440.57	847.69	974.2	890.01	744.65	992.77	966.71	447.4	438.98	1029.2	1988.2
453.62	454.81	453.97	937.81	1075.5	951.72	802.22	1052.5	1003	464.12	452.62	1138.9	2118.4
470.21	471.63	470.91	1051.7	1201.9	1025.7	871.25	1119.6	1045.3	484.65	469.08	1275.3	2302.1
482.62	484.18	483.46	1110.9	1258	1031.7	921.02	1150.3	1053.3	498.02	481.01	1327.9	2281
494.7	496.38	495.63	1164.4	1304.6	1024.7	971.4	1171.3	1056.9	510.43	492.6	1368.4	2234.7
508.62	510.42	509.69	1239.4	1372.1	1027.5	1034.7	1194.8	1065.9	525.09	506.1	1431.7	2233.4
534.45	536.64	536.23	1453.4	1617.7	1208.3	1127	1301.4	1156.1	557.02	533.52	1701.7	2580.6
562.58	565.07	565.01	1699.3	1898.1	1426.2	1222.9	1414.5	1257.8	591.1	561.91	2004.6	2944.5
590.93	593.69	593.9	1944	2176.2	1648.5	1314.1	1526.2	1350.7	624.59	590.37	2298.8	3259.3
618.08	621.05	621.48	2160.9	2416.7	1854.9	1392.7	1623.2	1438.2	655.81	617.28	2542.1	3486.2
657.94	661.23	662.09	2530.9	2810.6	2209.5	1523.5	1783.5	1578.8	702.94	656.63	2932.1	3947.5
694.33	698.05	699.42	2831.4	3118.6	2505.2	1635.7	1920	1696.3	745.28	696.05	3227	4276.1
736.17	740.18	741.89	3149.8	3452.4	2825.8	1756.3	2065.2	1827.5	792.95	737.83	3554.3	4626.4
778.86	783.15	785.14	3444.7	3767	3126	1872	2204.4	1955.8	840.86	780.44	3862.6	4935.3
827.44	832.04	834.34	3774.9	4121.1	3464.6	2002.7	2362.6	2101.3	895.22	828.94	4210.2	5294.5
886.92	891.89	894.57	4184.5	4559.5	3886.2	2165.2	2560.7	2281.1	961.82	888.38	4642.2	5770.8
1021.9	1027.9	1031.9	5029.2	5459.1	4740.9	2524.8	3000.3	2661.8	1111.8	1026.3	5529.8	6894.4
1026.7	1032.8	1036.9	5114.1	5554.6	4847.2	2543.2	3028	2698.7	1118.5	1030.8	5622.9	6866.1
1032.8	1039.1	1043.2	5211.3	5664	4967	2566.3	3061.8	2741.1	1126.9	1036.7	5730.9	6863.6
1051.3	1057.9	1062.1	5412.5	5886.1	5193.5	2630.9	3148.7	2828.6	1149.6	1055.1	5953.6	7031.1
1076.1	1083	1087.4	5665.3	6165.1	5475.2	2716.7	3263.4	2940.4	1179.4	1079.9	6235	7283.9
1098.7	1106.9	1111.6	5930.7	6452.7	5772.8	2815.5	3392.3	3058.5	1208.7	1105.2	6517.5	7576.6
1123.6	1132.2	1137.1	6177.7	6727.4	6054.8	2902.4	3509.1	3174.4	1238.6	1130.2	6796.7	7827
1135.5	1144.4	1149.4	6318.5	6888.9	6230	2944.6	3570	3243.9	1253.6	1142.1	6962.3	7910.1
1142.1	1151.2	1156.2	6414	7002.3	6360	2967.8	3607.1	3293.7	1262.5	1148.5	7080.1	7925
1169.3	1178.7	1183.9	6647.2	7265.5	6635.2	3052.6	3722.2	3412	1294.2	1175.7	7350.6	8154.6
1248.6	1258.2	1265.5	7101.9	7764.2	7141.8	3278.9	4010.9	3674.9	1382.4	1259.8	7838.5	8764.6
1384.1	1394.3	1402.1	7776.1	8505.8	7882.8	3613.3	4433.5	4072.9	1527.7	1396	8593.9	9674.8
1371.5	1381.6	1389.1	7642.7	8374.2	7778.3	3553.7	4363.7	4037.4	1513.1	1382.9	8469.4	9369
1264.3	1274	1280.7	7000.7	7689.4	7135.6	3248	3983.2	3724.9	1396.4	1274.4	7785.7	8326.3
1079.2	1087.9	1092.8	5718.5	6300.8	5803.4	2682.4	3261.5	3107.4	1189.3	1086.9	6384.7	6391.6
942.7	950.17	953.22	4526.4	4998.2	4556.2	2222.7	2655.2	2597.3	1028.6	947.96	5068.5	4718.8
859.44	866	867.7	3736.8	4130.4	3729.7	1938.2	2273.9	2281.7	927.54	862.95	4193.5	3675
836.66	842.94	844.13	3485.5	3856.2	3475.7	1850.4	2155.8	2193	898.71	839.5	3919.7	3332.9
