  2.2550227421204838e-001	  2.2550498852409384e-001	  2.2550211006896170e-001	  8.7433116714412673e-002	  6.7970786194406635e-002	  6.2626890015847689e-002	  2.6204442515017878e-001	  1.8417461196632018e-001	  1.4477727837191418e-001	  3.3240271538169630e-001	
  2.2574398885654043e-001	  2.2584105830164453e-001	  2.2573827985779482e-001	  8.7433202830394421e-002	  6.7970927641331239e-002	  6.2626946215807125e-002	  2.6204433390009513e-001	  1.8417459846215750e-001	  1.4477725446416412e-001	  3.3162045394690653e-001	
  2.2589421560407819e-001	  2.2604982492030701e-001	  2.2588519189918699e-001	  8.7433355878921662e-002	  6.7971178921743799e-002	  6.2627046122725821e-002	  2.6204415469789644e-001	  1.8417457193080844e-001	  1.4477720751078435e-001	  3.3098848478124759e-001	
  2.2598565374142993e-001	  2.2617682750996421e-001	  2.2597469857488439e-001	  8.7433551897953807e-002	  6.7971500612404104e-002	  6.2627174108151579e-002	  2.6204390260147847e-001	  1.8417453458977759e-001	  1.4477714145505469e-001	  3.3048110144499487e-001	
  2.2607706196686500e-001	  2.2630368840128609e-001	  2.2606430544217251e-001	  8.7434120873658663e-002	  6.7972433448180297e-002	  6.2627545700090242e-002	  2.6204304028751751e-001	  1.8417440669115392e-001	  1.4477691547651281e-001	  3.2968448385216592e-001	
  2.2610972373911289e-001	  2.2634897250592831e-001	  2.2609638279782321e-001	  8.7434732244330668e-002	  6.7973434805891603e-002	  6.2627945011027489e-002	  2.6204199998763478e-001	  1.8417425217040889e-001	  1.4477664281546590e-001	  3.2919250159704472e-001	
  2.2612051148036130e-001	  2.2636391164066283e-001	  2.2610700074367265e-001	  8.7435358967073343e-002	  6.7974460317268767e-002	  6.2628354331795796e-002	  2.6204084757817825e-001	  1.8417408073034022e-001	  1.4477634072348136e-001	  3.2889268915243491e-001	
  2.2612487317291954e-001	  2.2636994495068175e-001	  2.2611130373821087e-001	  8.7436586632506821e-002	  6.7976465757662252e-002	  6.2629155951605356e-002	  2.6203842689036494e-001	  1.8417371947384487e-001	  1.4477570596430869e-001	  3.2862204534000855e-001	
  2.2612541686105339e-001	  2.2637069787435127e-001	  2.2611184009708210e-001	  8.7437814465932781e-002	  6.7978467909771287e-002	  6.2629957444545983e-002	  2.6203591644112567e-001	  1.8417334350120657e-001	  1.4477504743390576e-001	  3.2850748995101120e-001	
  2.2612540655932101e-001	  2.2637068697610502e-001	  2.2611182681435602e-001	  8.7439040030610565e-002	  6.7980462812126108e-002	  6.2630757208574722e-002	  2.6203336783624837e-001	  1.8417296040381256e-001	  1.4477437864467282e-001	  3.2846094016979072e-001	
  2.2612539236446907e-001	  2.2637068104454414e-001	  2.2611179864157493e-001	  8.7443013891567792e-002	  6.7986898448564606e-002	  6.2633348164963201e-002	  2.6202499469133322e-001	  1.8417168771311340e-001	  1.4477217891165661e-001	  3.2843206213490556e-001	
  2.2612541397751171e-001	  2.2637072449008294e-001	  2.2611180558637858e-001	  8.7446959488161946e-002	  6.7993252946012064e-002	  6.2635918326118631e-002	  2.6201662352399691e-001	  1.8417039967978105e-001	  1.4476997690291032e-001	  3.2842969156062463e-001	
  2.2612543995334114e-001	  2.2637077356494500e-001	  2.2611181697196817e-001	  8.7450876409721726e-002	  6.7999526194698387e-002	  6.2638467537009690e-002	  2.6200826842616554e-001	  1.8416909822045993e-001	  1.4476777626766246e-001	  3.2843013884407130e-001	
  2.2612568220401044e-001	  2.2637121336896776e-001	  2.2611192210536543e-001	  8.7487588773038347e-002	  6.8055964057938831e-002	  6.2662251606466726e-002	  2.6192621875963129e-001	  1.8415499390874862e-001	  1.4474591842171283e-001	  3.2843053623209462e-001	
  2.2612590618689915e-001	  2.2637160278300336e-001	  2.2611201900559461e-001	  8.7521546829182131e-002	  6.8105953592387483e-002	  6.2684196092816155e-002	  2.6184584385432985e-001	  1.8413969967799126e-001	  1.4472422053122797e-001	  3.2843060643203503e-001	
  2.2612611213559591e-001	  2.2637194669262117e-001	  2.2611210812761262e-001	  8.7552768894551408e-002	  6.8150101396047699e-002	  6.2704378561144442e-002	  2.6176714032017828e-001	  1.8412324894678675e-001	  1.4470267642808654e-001	  3.2843064632839514e-001	
  2.2612717170491223e-001	  2.2637359151858433e-001	  2.2611257677738555e-001	  8.7713375833076992e-002	  6.8361240961933231e-002	  6.2810499406969825e-002	  2.6124913109112363e-001	  1.8398043847979931e-001	  1.4455265587802998e-001	  3.2843006020011573e-001	
  2.2612762712499254e-001	  2.2637418052624150e-001	  2.2611279900312020e-001	  8.7782367363074890e-002	  6.8436830514570252e-002	  6.2860802490729964e-002	  2.6080222367658845e-001	  1.8379858930404167e-001	  1.4440757523890183e-001	  3.2842818681866010e-001	
  2.2612770144584288e-001	  2.2637426690465304e-001	  2.2611285891735530e-001	  8.7793581833030473e-002	  6.8447882865551646e-002	  6.2874340245019186e-002	  2.6041762449994271e-001	  1.8359050945189201e-001	  1.4426578664122383e-001	  3.2842555282815777e-001	
  2.2612757525919031e-001	  2.2637413891592778e-001	  2.2611281813905112e-001	  8.7774404639363243e-002	  6.8431405514943741e-002	  6.2865070051124822e-002	  2.6008677575498623e-001	  1.8336729439697216e-001	  1.4412610721256736e-001	  3.2842258478355763e-001	
  2.2612702805852253e-001	  2.2637349531805900e-001	  2.2611248392437847e-001	  8.7691356521189728e-002	  6.8348645993532117e-002	  6.2789284572341161e-002	  2.5950096363753755e-001	  1.8281592360416757e-001	  1.4378773848265822e-001	  3.2841545798366240e-001	
  2.2612649054539308e-001	  2.2637276611702012e-001	  2.2611206306065432e-001	  8.7609793700429067e-002	  6.8254897635437628e-002	  6.2693874374056144e-002	  2.5908261802444199e-001	  1.8231281893757961e-001	  1.4346053892267088e-001	  3.2840907107514256e-001	
  2.2612602403327509e-001	  2.2637205585500914e-001	  2.2611162041173019e-001	  8.7539008029994356e-002	  6.8163590568975807e-002	  6.2593533125194167e-002	  2.5878343351450128e-001	  1.8187685022041103e-001	  1.4314862767749603e-001	  3.2840349607362890e-001	
  2.2612520184176094e-001	  2.2637065662026740e-001	  2.2611066084210202e-001	  8.7414255636046587e-002	  6.7983719757917352e-002	  6.2376022857568388e-002	  2.5834531785682252e-001	  1.8110966380511084e-001	  1.4250785633256624e-001	  3.2839319295613034e-001	
  2.2612467331362252e-001	  2.2636960659037333e-001	  2.2610982888576767e-001	  8.7334062382098523e-002	  6.7848743827967989e-002	  6.2187446276730930e-002	  2.5814922498330495e-001	  1.8063376733512615e-001	  1.4198156256624486e-001	  3.2838591997307942e-001	
  2.2612435280815998e-001	  2.2636888975031474e-001	  2.2610917296376704e-001	  8.7285432147269831e-002	  6.7756598951250052e-002	  6.2038773719520969e-002	  2.5807052258067448e-001	  1.8037471211652920e-001	  1.4157901824830410e-001	  3.2838100187760855e-001	
  2.2612431222914348e-001	  2.2636879057265430e-001	  2.2610907110099834e-001	  8.7279275054915659e-002	  6.7743850410673587e-002	  6.2015685588051282e-002	  2.5806456042631304e-001	  1.8034676320761645e-001	  1.4151768930484168e-001	  3.2838031546367213e-001	
  2.2612427459549125e-001	  2.2636869932479145e-001	  2.2610897580519848e-001	  8.7273564857310276e-002	  6.7732121159779363e-002	  6.1994085956043540e-002	  2.5805860384086282e-001	  1.8032199691888451e-001	  1.4146046923723055e-001	  3.2837967708602706e-001	
  2.2610584563904046e-001	  2.2635023709692526e-001	  2.2609046674641739e-001	  8.7264167883245938e-002	  6.7717063270399946e-002	  6.1971007004068372e-002	  2.5804991818646095e-001	  1.8029942518109301e-001	  1.4140620025941911e-001	  3.2834217964982565e-001	
  2.2606913130828110e-001	  2.2631352229172358e-001	  2.2605367068740859e-001	  8.7251153290528224e-002	  6.7700348747106301e-002	  6.1951230510891811e-002	  2.5803886968020973e-001	  1.8028424504901824e-001	  1.4136965647073288e-001	  3.2826809534077128e-001	
  2.2603091246255880e-001	  2.2627531210159538e-001	  2.2601538849944330e-001	  8.7235993995848637e-002	  6.7682755904319075e-002	  6.1933179262979254e-002	  2.5802611017499649e-001	  1.8027270420122204e-001	  1.4134285355651774e-001	  3.2819094209205846e-001	
  2.2598984559013852e-001	  2.2623425490582100e-001	  2.2597427126188846e-001	  8.7215490580788438e-002	  6.7660331966331824e-002	  6.1911494525753626e-002	  2.5800837645337482e-001	  1.8026015916505372e-001	  1.4131534868302395e-001	  3.2810796017952848e-001	
  2.2593604288403765e-001	  2.2618049107137000e-001	  2.2592038642797410e-001	  8.7200846511045635e-002	  6.7644704115593951e-002	  6.1897561579958169e-002	  2.5799583158197731e-001	  1.8025300980597594e-001	  1.4130056683489592e-001	  3.2800044640534215e-001	
  2.2590664574536881e-001	  2.2615111002547933e-001	  2.2589095559779795e-001	  8.7188782428297529e-002	  6.7631999844081039e-002	  6.1886619952672188e-002	  2.5798548902439600e-001	  1.8024771117251273e-001	  1.4129006060628668e-001	  3.2794041889504838e-001	
  2.2588284191472904e-001	  2.2612731498963815e-001	  2.2586713517751683e-001	  8.7175510443238610e-002	  6.7618240739129115e-002	  6.1874822279650063e-002	  2.5797394841962201e-001	  1.8024207588481217e-001	  1.4127928120513733e-001	  3.2789238153111516e-001	
  2.2585176994832945e-001	  2.2609626005451861e-001	  2.2583603530113217e-001	  8.7160972408243623e-002	  6.7603368069885941e-002	  6.1862119552249142e-002	  2.5796113831603767e-001	  1.8023606736966430e-001	  1.4126820250507890e-001	  3.2783010179875216e-001	
  2.2581189109733477e-001	  2.2605640759450987e-001	  2.2579611496322813e-001	  8.7144738746217504e-002	  6.7586897886581523e-002	  6.1848213778390344e-002	  2.5794672815007635e-001	  1.8022960666296953e-001	  1.4125672949332993e-001	  3.2774992827316185e-001	
  2.2576305352127057e-001	  2.2600760370904380e-001	  2.2574722702428515e-001	  8.7125201683941320e-002	  6.7567187161986370e-002	  6.1831822716844856e-002	  2.5792931323073692e-001	  1.8022215798313002e-001	  1.4124401280667345e-001	  3.2765162267817771e-001	
  2.2570301777307408e-001	  2.2594761180728584e-001	  2.2568712692518461e-001	  8.7102686981076913e-002	  6.7544551263548053e-002	  6.1813332721559852e-002	  2.5790923201024074e-001	  1.8021397632067584e-001	  1.4123060021049019e-001	  3.2753103157876640e-001	
  2.2563109139056486e-001	  2.2587573945508699e-001	  2.2561512290766436e-001	  8.7076498841886493e-002	  6.7518282550948341e-002	  6.1792258386591851e-002	  2.5788591174927383e-001	  1.8020491070607650e-001	  1.4121632476417653e-001	  3.2738647641854834e-001	
  2.2554707214810249e-001	  2.2579178391919019e-001	  2.2553101478083545e-001	  8.7045945164165042e-002	  6.7487703262055929e-002	  6.1768112292346300e-002	  2.5785875698429478e-001	  1.8019479374866418e-001	  1.4120101052957004e-001	  3.2721761847423186e-001	
  2.2544539966741969e-001	  2.2569017795813925e-001	  2.2542927459528675e-001	  8.6996570788434410e-002	  6.7438799390214882e-002	  6.1729524279302506e-002	  2.5781434291780309e-001	  1.8017860180457185e-001	  1.4117767564191536e-001	  3.2701223421908165e-001	
  2.2527940649293138e-001	  2.2552431656540167e-001	  2.2526311180717368e-001	  8.6936465539056387e-002	  6.7379441745973268e-002	  6.1683312489955164e-002	  2.5776024565198996e-001	  1.8015958656850295e-001	  1.4115162472472975e-001	  3.2668027312947862e-001	
  2.2509124252167254e-001	  2.2533629872776142e-001	  2.2507477342078916e-001	  8.6863214355423074e-002	  6.7307273094308395e-002	  6.1627754736531093e-002	  2.5769427709692855e-001	  1.8013709481860657e-001	  1.4112220027750577e-001	  3.2630162133129792e-001	
  2.2488100908513389e-001	  2.2512622483965106e-001	  2.2486436786433364e-001	  8.6775419691766095e-002	  6.7221168863698139e-002	  6.1561788923209876e-002	  2.5761485260555028e-001	  1.8011050748434512e-001	  1.4108888796016600e-001	  3.2587942366031802e-001	
  2.2464820934137683e-001	  2.2489363561446304e-001	  2.2463125980708554e-001	  8.6715848224085207e-002	  6.7162276814136959e-002	  6.1517583264236245e-002	  2.5756176166130729e-001	  1.8009335859679312e-001	  1.4106784718412171e-001	  3.2541742994066603e-001	
  2.2451502081668070e-001	  2.2476053765748891e-001	  2.2449799527242864e-001	  8.6649474934864315e-002	  6.7096864968876777e-002	  6.1468533100839738e-002	  2.5750244309388931e-001	  1.8007436583938513e-001	  1.4104499611102769e-001	  3.2514265469756592e-001	
  2.2437781328944451e-001	  2.2462342006481514e-001	  2.2436072829667278e-001	  8.6577957840936817e-002	  6.7026963384362717e-002	  6.1415711933298554e-002	  2.5743788319367999e-001	  1.8005358051523121e-001	  1.4102056811889313e-001	  3.2486966254521393e-001	
  2.2423146334324090e-001	  2.2447717226964181e-001	  2.2421431218381369e-001	  8.6501733909645023e-002	  6.6953084421515360e-002	  6.1359377474095034e-002	  2.5736824791575119e-001	  1.8003094499060759e-001	  1.4099458323499459e-001	  3.2457604505284887e-001	
  2.2407030631620561e-001	  2.2431610386275808e-001	  2.2405321745929488e-001	  8.6376172755637540e-002	  6.6833323770329425e-002	  6.1266067635861073e-002	  2.5725034236311745e-001	  1.7999148679111507e-001	  1.4095087146289847e-001	  3.2424974191477696e-001	
  2.2379749934351650e-001	  2.2404352985458653e-001	  2.2378018618734261e-001	  8.6265142064612207e-002	  6.6727692230639374e-002	  6.1183532823387385e-002	  2.5714504313893366e-001	  1.7995593648045902e-001	  1.4091247995074094e-001	  3.2370929080224653e-001	
  2.2356673244678685e-001	  2.2381294298520049e-001	  2.2354931188695953e-001	  8.6144123908535222e-002	  6.6612686280094549e-002	  6.1093560356583670e-002	  2.5702928044588991e-001	  1.7991657958513518e-001	  1.4087083007976114e-001	  3.2324238715976089e-001	
  2.2332647574589870e-001	  2.2357286994790343e-001	  2.2330896307295220e-001	  8.6013532659785799e-002	  6.6488917148991827e-002	  6.0996373818543871e-002	  2.5690307005655466e-001	  1.7987321801623804e-001	  1.4082586583483572e-001	  3.2276233793772674e-001	
  2.2307482827202921e-001	  2.2332141627039709e-001	  2.2305722799229732e-001	  8.5873525880718810e-002	  6.6356654348483701e-002	  6.0892024911405593e-002	  2.5676625081206494e-001	  1.7982562899936835e-001	  1.4077748342372970e-001	  3.2225860029873066e-001	
  2.2280808756241827e-001	  2.2305485585553289e-001	  2.2279055977741666e-001	  8.5673665522190953e-002	  6.6169543975042350e-002	  6.0742356699118642e-002	  2.5656661654156365e-001	  1.7975444383631645e-001	  1.4070704383085622e-001	  3.2172138135460782e-001	
  2.2243434693424555e-001	  2.2268141927447324e-001	  2.2241670470271438e-001	  8.5460360391370560e-002	  6.5970944376159329e-002	  6.0581923676858170e-002	  2.5634930730822530e-001	  1.7967506466977265e-001	  1.4063055350047873e-001	  3.2097944562472647e-001	
  2.2204736976172487e-001	  2.2229475668620549e-001	  2.2202962896248271e-001	  8.5230596780720091e-002	  6.5757246771139352e-002	  6.0408621177991430e-002	  2.5611184575541462e-001	  1.7958668819807780e-001	  1.4054720597844525e-001	  3.2020292660021005e-001	
  2.2165600807843452e-001	  2.2190370312903712e-001	  2.2163821679516313e-001	  8.4983670070900977e-002	  6.5527773184794760e-002	  6.0221895085221376e-002	  2.5585325293353228e-001	  1.7948869660321370e-001	  1.4045657647819951e-001	  3.1942232619597671e-001	
  2.2126145634390512e-001	  2.2150945839973873e-001	  2.2124365564806622e-001	  8.4720891312388302e-002	  6.5284188112739741e-002	  6.0022540156330587e-002	  2.5557390207540776e-001	  1.7938067485688722e-001	  1.4035859044244900e-001	  3.1863508630246923e-001	
  2.2086369631299535e-001	  2.2111196848775572e-001	  2.2084624172436010e-001	  8.4342580411963117e-002	  6.4937432600133654e-002	  5.9733007437011716e-002	  2.5515824395739611e-001	  1.7921359881019935e-001	  1.4021149432641009e-001	  3.1783697873953953e-001	
  2.2031696551970079e-001	  2.2056569391161862e-001	  2.2029957122884372e-001	  8.3950247839217812e-002	  6.4580344019703279e-002	  5.9429991142145838e-002	  2.5471281253313655e-001	  1.7902717384285219e-001	  1.4005216430939102e-001	  3.1675426023223791e-001	
  2.1977822322251958e-001	  2.2002739660230233e-001	  2.1976094469863289e-001	  8.3540305446948154e-002	  6.4207544747146739e-002	  5.9111144857993389e-002	  2.5423534243551965e-001	  1.7882043810250919e-001	  1.3987962729056858e-001	  3.1567779978957256e-001	
  2.1925620149279382e-001	  2.1950578934914641e-001	  2.1923912426323267e-001	  8.3113463135892976e-002	  6.3819414904321872e-002	  5.8777043244347592e-002	  2.5372642832820635e-001	  1.7859285743088044e-001	  1.3969365510444876e-001	  3.1464091893994245e-001	
  2.1874968573437972e-001	  2.1899967000742199e-001	  2.1873287155472360e-001	  8.2674061552659356e-002	  6.3420637848636399e-002	  5.8430697881166158e-002	  2.5318915986268853e-001	  1.7834435604410798e-001	  1.3949468537412893e-001	  3.1363447687228629e-001	
  2.1826166989714876e-001	  2.1851202965617264e-001	  2.1824522389016970e-001	  8.2209396327286299e-002	  6.3000615900506707e-002	  5.8061230618973961e-002	  2.5260370194225418e-001	  1.7806323580682221e-001	  1.3927427236123568e-001	  3.1266467321623170e-001	
  2.1776979073519032e-001	  2.1802053869317647e-001	  2.1775369841698669e-001	  8.1742075849938645e-002	  6.2579464213804670e-002	  5.7686156469205115e-002	  2.5199633711979191e-001	  1.7776020688055347e-001	  1.3904136224158320e-001	  3.1168980705574295e-001	
  2.1729590629278323e-001	  2.1754702492664124e-001	  2.1728019279072738e-001	  8.1274061101604303e-002	  6.2158156104426709e-002	  5.7307058848738365e-002	  2.5136971196575475e-001	  1.7743573430889945e-001	  1.3879635914950325e-001	  3.1074986229748752e-001	
  2.1684228562779442e-001	  2.1709378221979928e-001	  2.1682666761236555e-001	  8.0913208099330863e-002	  6.1831780559044508e-002	  5.7013423024182150e-002	  2.5087908959993832e-001	  1.7717511922550019e-001	  1.3860168267532133e-001	  3.0985620385882695e-001	
  2.1650713647838044e-001	  2.1675889216245922e-001	  2.1649166259838609e-001	  8.0620148524512047e-002	  6.1565355786425961e-002	  5.6774597292438861e-002	  2.5047819971375052e-001	  1.7695881684578785e-001	  1.3844102709898826e-001	  3.0919045933057987e-001	
  2.1624792023529968e-001	  2.1649984370634381e-001	  2.1623275857897836e-001	  8.0325950522145043e-002	  6.1298077088744039e-002	  5.6533901366627434e-002	  2.5007044212922791e-001	  1.7673471699548673e-001	  1.3827576655030538e-001	  3.0867660640685463e-001	
  2.1599582225681432e-001	  2.1624792394830897e-001	  2.1598088780908964e-001	  8.0064370904610355e-002	  6.1060968655898051e-002	  5.6318781226482602e-002	  2.4970202157055740e-001	  1.7652817953747671e-001	  1.3812461460253905e-001	  3.0818023649426562e-001	
  2.1577547057879795e-001	  2.1602774366940314e-001	  2.1576062772891874e-001	  7.9870839106639321e-002	  6.0885394472118229e-002	  5.6159174061245071e-002	  2.4942707101182851e-001	  1.7637196141730851e-001	  1.3801081061312670e-001	  3.0774655558478042e-001	
  2.1561382741573751e-001	  2.1586620491495973e-001	  2.1559919671300057e-001	  7.9678075318036029e-002	  6.0710654361541216e-002	  5.5999633714086318e-002	  2.4915025184065648e-001	  1.7621259858059923e-001	  1.3789524729289354e-001	  3.0742360845790362e-001	
  2.1545648316022015e-001	  2.1570896103675571e-001	  2.1544206943717537e-001	  7.9487071984691446e-002	  6.0537807717277077e-002	  5.5840838688161719e-002	  2.4887234512519918e-001	  1.7605024546007050e-001	  1.3777812108717211e-001	  3.0711373946251419e-001	
  2.1530101598109075e-001	  2.1555359560262158e-001	  2.1528681279288714e-001	  7.9298145004203638e-002	  6.0367101176006438e-002	  5.5683017538198855e-002	  2.4859368682058508e-001	  1.7588499969948829e-001	  1.3765951379261168e-001	  3.0680644343842500e-001	
  2.1514671497694035e-001	  2.1539936199863258e-001	  2.1513300333879343e-001	  7.9009707309133217e-002	  6.0107805916103353e-002	  5.5439829299112807e-002	  2.4815708853103868e-001	  1.7561985682222375e-001	  1.3747079480191735e-001	  3.0649681935093925e-001	
  2.1491357451136567e-001	  2.1516638720310000e-001	  2.1490015323538872e-001	  7.8729775797371837e-002	  5.9856664253859757e-002	  5.5201466094901896e-002	  2.4772193872366938e-001	  1.7534850576912442e-001	  1.3727927436240919e-001	  3.0604160789867990e-001	
  2.1468286482854049e-001	  2.1493584096675541e-001	  2.1466970932325879e-001	  7.8455200849110035e-002	  5.9609650105381523e-002	  5.4965936359618259e-002	  2.4728679882394028e-001	  1.7507100793137997e-001	  1.3708457645962704e-001	  3.0558291781351582e-001	
  2.1445957555073383e-001	  2.1471269721011682e-001	  2.1444668915125101e-001	  7.8184366520802545e-002	  5.9364888724600814e-002	  5.4732267222970594e-002	  2.4685112372032167e-001	  1.7478751520542168e-001	  1.3688655701274402e-001	  3.0514295291045640e-001	
  2.1424128186969696e-001	  2.1449453725134132e-001	  2.1422865921958498e-001	  7.7917091854702122e-002	  5.9122331390044053e-002	  5.4500426250779492e-002	  2.4641521297109165e-001	  1.7449828111679555e-001	  1.3668529366618148e-001	  3.0471225433388177e-001	
  2.1402834474788882e-001	  2.1428172103992119e-001	  2.1401599285768286e-001	  7.7649380845278115e-002	  5.8878570712241875e-002	  5.4266896291492964e-002	  2.4597233569888657e-001	  1.7419856704852776e-001	  1.3647746711079076e-001	  3.0429175525937774e-001	
  2.1381735870724966e-001	  2.1407084963810369e-001	  2.1380526479412187e-001	  7.7385901878338020e-002	  5.8637909786135554e-002	  5.4035753904046156e-002	  2.4553034913878530e-001	  1.7389353759959178e-001	  1.3626659609532552e-001	  3.0387576888604401e-001	
  2.1361154437327592e-001	  2.1386513998390580e-001	  2.1359970274448978e-001	  7.7126525039703978e-002	  5.8400214332224920e-002	  5.3806960200657901e-002	  2.4508954254163487e-001	  1.7358347744697764e-001	  1.3605277116331643e-001	  3.0346971349139451e-001	
  2.1341099368735822e-001	  2.1366468357344814e-001	  2.1339939990367124e-001	  7.6871134426662810e-002	  5.8165374545243620e-002	  5.3580478664379455e-002	  2.4465019211283348e-001	  1.7326867020443704e-001	  1.3583608359508265e-001	  3.0307426880627103e-001	
  2.1321549649379257e-001	  2.1346927077153074e-001	  2.1320414578940877e-001	  7.6619686014093719e-002	  5.7933375196245654e-002	  5.3356314356192876e-002	  2.4421259629266903e-001	  1.7294940196953884e-001	  1.3561663429985596e-001	  3.0268883033567134e-001	
  2.1302487338906079e-001	  2.1327871590841987e-001	  2.1301379278343924e-001	  7.6359729884737604e-002	  5.7692836530512916e-002	  5.3123161013254407e-002	  2.4375433443132880e-001	  1.7260868682129177e-001	  1.3538272608488869e-001	  3.0231252086855986e-001	
  2.1282965436756426e-001	  2.1308356676458856e-001	  2.1281881616518669e-001	  7.6104390015369366e-002	  5.7455743973741182e-002	  5.2892804178035047e-002	  2.4329890184910935e-001	  1.7226373312092827e-001	  1.3514605549326461e-001	  3.0192815197744172e-001	
  2.1263947511067507e-001	  2.1289344748110622e-001	  2.1262887296915364e-001	  7.5853363136459115e-002	  5.7221771374597503e-002	  5.2665064733924204e-002	  2.4284641035144225e-001	  1.7191483381964234e-001	  1.3490669180522089e-001	  3.0155321414629460e-001	
  2.1245449551692944e-001	  2.1270851749447722e-001	  2.1244412455220318e-001	  7.5606532457590914e-002	  5.6990826704922844e-002	  5.2439884240103728e-002	  2.4239707673544261e-001	  1.7156229856315483e-001	  1.3466473587191621e-001	  3.0118871580233009e-001	
  2.1227394571659963e-001	  2.1252788184562404e-001	  2.1226427440865323e-001	  7.5169090825968690e-002	  5.6581728076640615e-002	  5.2033755202687874e-002	  2.4157182081572376e-001	  1.7089231572800653e-001	  1.3420582580938081e-001	  3.0082588543948902e-001	
  2.1195343345392692e-001	  2.1220744100332531e-001	  2.1194407097902970e-001	  7.4755630819187083e-002	  5.6192000205326706e-002	  5.1643197523635907e-002	  2.4076796154522059e-001	  1.7021457139265511e-001	  1.3374110801699746e-001	  3.0019948404670577e-001	
  2.1164628331603072e-001	  2.1190031810470755e-001	  2.1163720572204656e-001	  7.4354643797856876e-002	  5.5808746614672097e-002	  5.1260740192704941e-002	  2.3998004980258511e-001	  1.6953032368210075e-001	  1.3326962257476160e-001	  2.9959136035695433e-001	
  2.1135654809884799e-001	  2.1161055721352118e-001	  2.1134776882539966e-001	  7.3961187976908357e-002	  5.5427997289438188e-002	  5.0883144120627506e-002	  2.3920589003874557e-001	  1.6884090846019595e-001	  1.3279124206085618e-001	  2.9902168068321011e-001	
  2.1108142772214633e-001	  2.1133537788883233e-001	  2.1107294679483204e-001	  7.3575883837888684e-002	  5.5052049835106594e-002	  5.0510717089574546e-002	  2.3844624794184444e-001	  1.6814785787190947e-001	  1.3230661036004623e-001	  2.9847966011045601e-001	
  2.1082116059749817e-001	  2.1107497141581380e-001	  2.1081309178824209e-001	  7.3145070111148375e-002	  5.4629513518494821e-002	  5.0088656329677878e-002	  2.3758635709913783e-001	  1.6734030673610328e-001	  1.3173732388127715e-001	  2.9796458973471396e-001	
  2.1053722394702123e-001	  2.1079092007776903e-001	  2.1052944342047314e-001	  7.2733474267305351e-002	  5.4222877637038432e-002	  4.9678688413689415e-002	  2.3675286260143241e-001	  1.6653310180793729e-001	  1.3116282398667520e-001	  2.9740644937324717e-001	
  2.1027006658535494e-001	  2.1052361368724559e-001	  2.1026254980612277e-001	  7.2337167353489801e-002	  5.3827199751830014e-002	  4.9278185760670869e-002	  2.3594424685721907e-001	  1.6572823578918158e-001	  1.3058356212494390e-001	  2.9687862153742300e-001	
  2.1002052392018697e-001	  2.1027388396042052e-001	  2.1001326131721657e-001	  7.1953619280592504e-002	  5.3440246391726384e-002	  4.8885518570691164e-002	  2.3515949083705853e-001	  1.6492749757544739e-001	  1.3000011750681068e-001	  2.9638703709566255e-001	
  2.0978673265277059e-001	  2.1003987949099504e-001	  2.0977970631592696e-001	  7.1583418931609646e-002	  5.3063606145010551e-002	  4.8501088847179116e-002	  2.3439916989534754e-001	  1.6413266847042951e-001	  1.2941347936505959e-001	  2.9592554770890217e-001	
  2.0956827115438559e-001	  2.0982118412683323e-001	  2.0956145767319240e-001	  7.1227994158712157e-002	  5.2699178476888188e-002	  4.8125823895768111e-002	  2.3366432471420037e-001	  1.6334549102310034e-001	  1.2882476685119068e-001	  2.9549411144787036e-001	
  2.0936437353133880e-001	  2.0961703222763875e-001	  2.0935774624581263e-001	  7.0887781584978035e-002	  5.2347240906992172e-002	  4.7760044753469753e-002	  2.3295549387204550e-001	  1.6256758415694697e-001	  1.2823498188013394e-001	  2.9509119213917734e-001	
  2.0917756502795329e-001	  2.0943001344137785e-001	  2.0917103304807497e-001	  7.0606396561966198e-002	  5.2053385524332169e-002	  4.7453177988427693e-002	  2.3236859836641630e-001	  1.6191067967826595e-001	  1.2773012968767228e-001	  2.9472334786975607e-001	
  2.0902485543924612e-001	  2.0927713325898403e-001	  2.0901837541451843e-001	  7.0386397797935568e-002	  5.1821797904369277e-002	  4.7211520885348475e-002	  2.3191320014672376e-001	  1.6139454318309243e-001	  1.2732866207880639e-001	  2.9442265889929153e-001	
  2.0890931529925272e-001	  2.0916145546419906e-001	  2.0890287263851395e-001	  7.0218952811477026e-002	  5.1644636343881688e-002	  4.7026750742296043e-002	  2.3156929376887828e-001	  1.6100146136969065e-001	  1.2701994614583553e-001	  2.9419520206410937e-001	
  2.0882331072965421e-001	  2.0907528022722432e-001	  2.0881695631933114e-001	  7.0055009487049388e-002	  5.1470707823905421e-002	  4.6844176512267348e-002	  2.3123181859667591e-001	  1.6061171435849544e-001	  1.2671144606607743e-001	  2.9402404440090674e-001	
  2.0874093833283874e-001	  2.0899273619516806e-001	  2.0873466359100745e-001	  6.9895635181866672e-002	  5.1301132131396601e-002	  4.6664518232306947e-002	  2.3090147345762269e-001	  1.6022555173639894e-001	  1.2640345593553187e-001	  2.9386090313265767e-001	
  2.0866162084574849e-001	  2.0891324659021568e-001	  2.0865541424150483e-001	  6.9741026057053332e-002	  5.1135975290925971e-002	  4.6487927077699095e-002	  2.3057843506025330e-001	  1.5984315969604976e-001	  1.2609613768389166e-001	  2.9370339106784465e-001	
  2.0858557609199091e-001	  2.0883688026249703e-001	  2.0857953637922391e-001	  6.9508884823048719e-002	  5.0886466524760081e-002	  4.6216134652179205e-002	  2.3008253324915093e-001	  1.5924368429885463e-001	  1.2560981697371859e-001	  2.9354865762222909e-001	
  2.0847298058981290e-001	  2.0872400907831373e-001	  2.0846697902810982e-001	  6.9290496612375296e-002	  5.0648986469209366e-002	  4.5953533016765746e-002	  2.2960704582093072e-001	  1.5865523876109680e-001	  1.2512649622179184e-001	  2.9332612483059461e-001	
  2.0836677902953243e-001	  2.0861751960114708e-001	  2.0836079229794557e-001	  6.9082038517029376e-002	  5.0419186347334562e-002	  4.5697771835699959e-002	  2.2914984577992059e-001	  1.5807814344058438e-001	  1.2464610562117152e-001	  2.9311372991055173e-001	
  2.0826803150439113e-001	  2.0851846900021859e-001	  2.0826204937645024e-001	  6.8881562015673678e-002	  5.0195411984547258e-002	  4.5447704258434564e-002	  2.2870971454085470e-001	  1.5751269881273741e-001	  1.2416878413443286e-001	  2.9291705234701804e-001	
  2.0817580710811714e-001	  2.0842593223809600e-001	  2.0816981747894905e-001	  6.8688768118724070e-002	  4.9977928469259178e-002	  4.5203217837597523e-002	  2.2828628407886414e-001	  1.5695922473700047e-001	  1.2369486885060607e-001	  2.9273277956477917e-001	
  2.0809109164721645e-001	  2.0834070685206704e-001	  2.0808513499751499e-001	  6.8424153875160182e-002	  4.9675409526098536e-002	  4.4856719551982289e-002	  2.2769554010900139e-001	  1.5616584489670796e-001	  1.2300370343713149e-001	  2.9255935768144914e-001	
  2.0797922864603949e-001	  2.0822837188672053e-001	  2.0797317983414645e-001	  6.8179413191240004e-002	  4.9390479827289509e-002	  4.4524868867375146e-002	  2.2714279732837200e-001	  1.5540080202417222e-001	  1.2232267918396156e-001	  2.9233561869319674e-001	
  2.0787923666965319e-001	  2.0812789348946353e-001	  2.0787307187087389e-001	  6.7949907323709244e-002	  4.9118327905502003e-002	  4.4204797280359788e-002	  2.2662459367943827e-001	  1.5466446530775388e-001	  1.2165216882133938e-001	  2.9213355443959127e-001	
  2.0779110850818269e-001	  2.0803926641007237e-001	  2.0778481433270418e-001	  6.7733486782102309e-002	  4.8857515305675607e-002	  4.3895234416167321e-002	  2.2613862134581156e-001	  1.5395702501335259e-001	  1.2099275015751171e-001	  2.9195538516169539e-001	
  2.0771375460330133e-001	  2.0796140927245388e-001	  2.0770731500950168e-001	  6.7530110181779707e-002	  4.8608830367925883e-002	  4.3596250582973964e-002	  2.2568369499163490e-001	  1.5327859271491817e-001	  1.2034520647748703e-001	  2.9179800685740959e-001	
  2.0765046351918842e-001	  2.0789725030266262e-001	  2.0764380587816303e-001	  6.7232914993880760e-002	  4.8236033099112188e-002	  4.3133391570655356e-002	  2.2500579713791263e-001	  1.5222517549701456e-001	  1.1930773397022919e-001	  2.9166223350443277e-001	
  2.0757104861530837e-001	  2.0781701755908707e-001	  2.0756402184469155e-001	  6.6975250309125253e-002	  4.7900678907572936e-002	  4.2703344206790159e-002	  2.2440983836247938e-001	  1.5125183227180128e-001	  1.1830903361037985e-001	  2.9149735894846923e-001	
  2.0751298631591625e-001	  2.0775813542322485e-001	  2.0750555646651039e-001	  6.6748261625276015e-002	  4.7594261643051090e-002	  4.2301083701482556e-002	  2.2388666675616356e-001	  1.5035696719419087e-001	  1.1735048795396795e-001	  2.9137334826748801e-001	
  2.0747577287298760e-001	  2.0772010960254655e-001	  2.0746792310553736e-001	  6.6548020472482844e-002	  4.7314675065096838e-002	  4.1924592224309547e-002	  2.2342938364010911e-001	  1.4953819622875900e-001	  1.1643346102624683e-001	  2.9129061684991420e-001	
  2.0745703958409784e-001	  2.0770058461038210e-001	  2.0744874977765745e-001	  6.6374325083719099e-002	  4.7063043404347533e-002	  4.1574120767841720e-002	  2.2303333305981987e-001	  1.4879277526394433e-001	  1.1555935825700581e-001	  2.9124397128892832e-001	
  2.0746950475674608e-001	  2.0771251496801982e-001	  2.0746092970059468e-001	  6.6275259877225060e-002	  4.6912378614164384e-002	  4.1354973777078495e-002	  2.2280232980113657e-001	  1.4833202023342029e-001	  1.1499608382507065e-001	  2.9126096601893925e-001	
  2.0747071569577594e-001	  2.0771322345795284e-001	  2.0746180655701790e-001	  6.6187990980896505e-002	  4.6774142071695522e-002	  4.1147953027715574e-002	  2.2259562185486070e-001	  1.4790194081191185e-001	  1.1445346367604163e-001	  2.9125712865725978e-001	
  2.0747827196360227e-001	  2.0772028573009679e-001	  2.0746902552875915e-001	  6.6110600347453030e-002	  4.6646309492738465e-002	  4.0951899519157037e-002	  2.2241165702635526e-001	  1.4750177350414340e-001	  1.1393120571284494e-001	  2.9126545978258456e-001	
  2.0749183262870383e-001	  2.0773336240376122e-001	  2.0748224824145006e-001	  6.6042389610862243e-002	  4.6528461793248481e-002	  4.0766434719461210e-002	  2.2224922916614373e-001	  1.4713058227645592e-001	  1.1342922089944102e-001	  2.9128574057767187e-001	
  2.0751424570594232e-001	  2.0775503700688824e-001	  2.0750410454636853e-001	  6.5949594306073306e-002	  4.6358462798223490e-002	  4.0490157214326271e-002	  2.2203002249985282e-001	  1.4659456102213411e-001	  1.1266837573000135e-001	  2.9132027962069962e-001	
  2.0756349463042034e-001	  2.0780356814921125e-001	  2.0755282704283934e-001	  6.5878555997291588e-002	  4.6213651871751769e-002	  4.0240025553041209e-002	  2.2185823715590253e-001	  1.4612537525211383e-001	  1.1195879974493754e-001	  2.9140682506994497e-001	
  2.0762361558806863e-001	  2.0786301129706530e-001	  2.0761241482002268e-001	  6.5830164793810472e-002	  4.6094829017923271e-002	  4.0016815572447323e-002	  2.2173120700518659e-001	  1.4571888732958871e-001	  1.1130035354552273e-001	  2.9151528278620575e-001	
  2.0769310386845358e-001	  2.0793185846117621e-001	  2.0768136645685692e-001	  6.5802810165158973e-002	  4.5999955430742007e-002	  3.9819688461805183e-002	  2.2164546327015497e-001	  1.4537107486415310e-001	  1.1069232813306693e-001	  2.9164231962497339e-001	
  2.0777074458010422e-001	  2.0800889271629838e-001	  2.0775847538422423e-001	  6.5793716601360727e-002	  4.5926246782026205e-002	  3.9646940894027455e-002	  2.2159704983786258e-001	  1.4507797942763451e-001	  1.1013355730708445e-001	  2.9178577702692188e-001	
  2.0785744733703598e-001	  2.0809494108852244e-001	  2.0784455361028123e-001	  6.5799149867557014e-002	  4.5860066229492083e-002	  3.9470408572506735e-002	  2.2157914647732929e-001	  1.4479728324081204e-001	  1.0953805321806470e-001	  2.9194658098912479e-001	
  2.0796826276844804e-001	  2.0820513677316074e-001	  2.0795479561496805e-001	  6.5824462157446612e-002	  4.5818861359842644e-002	  3.9323259591361744e-002	  2.2160140285055213e-001	  1.4457965266132811e-001	  1.0900547016872815e-001	  2.9215437614748041e-001	
  2.0808579282001369e-001	  2.0832209885970124e-001	  2.0807176581297782e-001	  6.5869106590780283e-002	  4.5801711888619846e-002	  3.9204763963518678e-002	  2.2166048859196180e-001	  1.4441974616031014e-001	  1.0853354734934641e-001	  2.9237610032889200e-001	
  2.0820874745701037e-001	  2.0844453297880386e-001	  2.0819417856181843e-001	  6.5930607121077095e-002	  4.5805755867637660e-002	  3.9112890705295528e-002	  2.2175221529074643e-001	  1.4431231586547619e-001	  1.0811953475894658e-001	  2.9260901697185915e-001	
  2.0834391248479439e-001	  2.0857923289419250e-001	  2.0832886796127842e-001	  6.6006087830609031e-002	  4.5830627537039162e-002	  3.9050904359276141e-002	  2.2186878719421146e-001	  1.4425506965876386e-001	  1.0777802308139231e-001	  2.9286624157655894e-001	
  2.0846636292821255e-001	  2.0870132811877556e-001	  2.0845095513879100e-001	  6.6080870352044921e-002	  4.5867081141166388e-002	  3.9019652339423831e-002	  2.2198450619256982e-001	  1.4423881876445746e-001	  1.0753769298840420e-001	  2.9310009685910848e-001	
  2.0856419448835675e-001	  2.0879885364599554e-001	  2.0854838856607599e-001	  6.6160633220928119e-002	  4.5910293554307424e-002	  3.9000162581953469e-002	  2.2211369739998041e-001	  1.4424667308773284e-001	  1.0732704157960948e-001	  2.9328728793021319e-001	
  2.0866351462788837e-001	  2.0889788676829674e-001	  2.0864734159195220e-001	  6.6242367869529042e-002	  4.5957834024326363e-002	  3.8989966629043457e-002	  2.2225277775577226e-001	  1.4427617438020821e-001	  1.0714410338873601e-001	  2.9347741359169166e-001	
  2.0876417906463282e-001	  2.0899828706227244e-001	  2.0874766739011394e-001	  6.6326124767621439e-002	  4.6010239954806957e-002	  3.8988562251093331e-002	  2.2240001717004557e-001	  1.4432509545262986e-001	  1.0698733662305956e-001	  2.9367057639662564e-001	
  2.0886905234526948e-001	  2.0910286169510151e-001	  2.0885205343327806e-001	  6.6438683143220975e-002	  4.6083237239289955e-002	  3.8994479424798570e-002	  2.2261171721527287e-001	  1.4442145148084917e-001	  1.0680624668224271e-001	  2.9387228783128372e-001	
  2.0902048462401632e-001	  2.0925399435709799e-001	  2.0900313638068507e-001	  6.6556129528977798e-002	  4.6167380316905447e-002	  3.9015920033954647e-002	  2.2283187145729752e-001	  1.4454542634332246e-001	  1.0666938505610636e-001	  2.9416349953080090e-001	
  2.0917251174885720e-001	  2.0940577159090648e-001	  2.0915481958606724e-001	  6.6686629146989959e-002	  4.6269086954063343e-002	  3.9057707676522856e-002	  2.2306479781168653e-001	  1.4469356627192356e-001	  1.0657457724167163e-001	  2.9445718246418390e-001	
  2.0932417341542711e-001	  2.0955721709640435e-001	  2.0930614425595279e-001	  6.6828789834766991e-002	  4.6384916500639105e-002	  3.9118781998068793e-002	  2.2331083536004007e-001	  1.4486329543652177e-001	  1.0651890087872252e-001	  2.9475033688043673e-001	
  2.0947498121658800e-001	  2.0970783496668158e-001	  2.0945663918666013e-001	  6.6977300805409951e-002	  4.6509368442455269e-002	  3.9195234448825660e-002	  2.2356734445758608e-001	  1.4505219608241396e-001	  1.0649889551696549e-001	  2.9504248402870725e-001	
  2.0963528352602512e-001	  2.0986795554172202e-001	  2.0961632819997356e-001	  6.7218656861301587e-002	  4.6714912290524171e-002	  3.9337844071334317e-002	  2.2402918338974465e-001	  1.4544022215977895e-001	  1.0653400014220055e-001	  2.9535523601677721e-001	
  2.0994835171662429e-001	  2.1018079793043659e-001	  2.0992917549018209e-001	  6.7476135599389989e-002	  4.6951890538949319e-002	  3.9517719371522993e-002	  2.2449646765869774e-001	  1.4585894947205061e-001	  1.0665846634031484e-001	  2.9596262978407578e-001	
  2.1025097497500531e-001	  2.1048329674562402e-001	  2.1023149370405927e-001	  6.7779966166274172e-002	  4.7239565839225291e-002	  3.9752902906107931e-002	  2.2499750463190540e-001	  1.4630583390742666e-001	  1.0686422700599570e-001	  2.9655266222152821e-001	
  2.1054093859250489e-001	  2.1077317573082244e-001	  2.1052114623280760e-001	  6.8106218761957923e-002	  4.7549344864868233e-002	  4.0026728258869319e-002	  2.2553021157452069e-001	  1.4678157806866735e-001	  1.0713924740510468e-001	  2.9711877342459397e-001	
  2.1081520519052549e-001	  2.1104740652421133e-001	  2.1079517640536957e-001	  6.8425911982305521e-002	  4.7857454660368087e-002	  4.0315411396771590e-002	  2.2607423522605752e-001	  1.4728207180197714e-001	  1.0746895604332460e-001	  2.9765572823183867e-001	
  2.1109508424417545e-001	  2.1132745791409438e-001	  2.1107474241937332e-001	  6.8851571880103435e-002	  4.8282857454734235e-002	  4.0742570034826293e-002	  2.2687197533629344e-001	  1.4809425532949544e-001	  1.0806465961944269e-001	  2.9820816582491416e-001	
  2.1154722598334313e-001	  2.1177970730651430e-001	  2.1152696762035769e-001	  6.9291553864006455e-002	  4.8738529968995123e-002	  4.1195480137735024e-002	  2.2763478622435113e-001	  1.4888905673996747e-001	  1.0871974118141453e-001	  2.9909438178874365e-001	
  2.1195693287084499e-001	  2.1218958963494947e-001	  2.1193658336305918e-001	  6.9775133060525199e-002	  4.9233316782510743e-002	  4.1695047128383504e-002	  2.2841527107896986e-001	  1.4967110920150642e-001	  1.0942036539681660e-001	  2.9990087582485420e-001	
  2.1232423291039371e-001	  2.1255708779659233e-001	  2.1230381596596912e-001	  7.0243791468837982e-002	  4.9711845249267229e-002	  4.2198845715287654e-002	  2.2919716838480927e-001	  1.5044902676769512e-001	  1.1014673419767783e-001	  3.0062543701751465e-001	
  2.1264785574325176e-001	  2.1288096719068547e-001	  2.1262746953943357e-001	  7.0662347061636321e-002	  5.0148785034084584e-002	  4.2671552025902261e-002	  2.2993523106453123e-001	  1.5121240153797688e-001	  1.1087590732871511e-001	  3.0126567843245350e-001	
  2.1295145333943127e-001	  2.1318495089559769e-001	  2.1293115938573412e-001	  7.1085056494814558e-002	  5.0602809333465726e-002	  4.3174375094468427e-002	  2.3070203099448786e-001	  1.5205946290802524e-001	  1.1171274757089981e-001	  3.0186868735479638e-001	
  2.1328511445519768e-001	  2.1351894879444189e-001	  2.1326501774366610e-001	  7.1484362327281684e-002	  5.1035305554364412e-002	  4.3651032216340445e-002	  2.3138594106521987e-001	  1.5282483356620347e-001	  1.1250650123967165e-001	  3.0252963579864378e-001	
  2.1358089484527928e-001	  2.1381505235832604e-001	  2.1356093304317295e-001	  7.1868213781970447e-002	  5.1447158388835859e-002	  4.4109223491033599e-002	  2.3202302052626966e-001	  1.5351797881207213e-001	  1.1325282037288564e-001	  3.0311685655572557e-001	
  2.1383966641636259e-001	  2.1407412991320937e-001	  2.1381984509944252e-001	  7.2214697012396425e-002	  5.1819482006428073e-002	  4.4531160063353656e-002	  2.3261335875852970e-001	  1.5415421460563064e-001	  1.1394743071121041e-001	  3.0363137293606735e-001	
  2.1406887573655770e-001	  2.1430363630393043e-001	  2.1404921326541737e-001	  7.2519532778496057e-002	  5.2150874119156830e-002	  4.4909590133923608e-002	  2.3314534525498254e-001	  1.5473806594294043e-001	  1.1458743134081965e-001	  3.0408770916210442e-001	
  2.1428409217785438e-001	  2.1451920927020263e-001	  2.1426460766727803e-001	  7.2826182099366282e-002	  5.2489291297154766e-002	  4.5302023269531234e-002	  2.3368714424892423e-001	  1.5535685550395645e-001	  1.1527616397286047e-001	  3.0451754063515724e-001	
  2.1452034947504370e-001	  2.1475574610164413e-001	  2.1450107446052621e-001	  7.3112777575604609e-002	  5.2804074131521987e-002	  4.5661132697163181e-002	  2.3416679457601669e-001	  1.5589537870622258e-001	  1.1588948925756097e-001	  3.0498752616709313e-001	
  2.1472929852942949e-001	  2.1496494014782880e-001	  2.1471015938874349e-001	  7.3384485305254640e-002	  5.3097624202070884e-002	  4.5994822905268407e-002	  2.3461445605637371e-001	  1.5637658780125566e-001	  1.1644025398538056e-001	  3.0540379011047053e-001	
  2.1491014264584507e-001	  2.1514600514971510e-001	  2.1489112187732209e-001	  7.3625986387515607e-002	  5.3358188566084708e-002	  4.6293311568385211e-002	  2.3502638754943356e-001	  1.5681684546798400e-001	  1.1693639005138297e-001	  3.0576446782555261e-001	
  2.1506907231198716e-001	  2.1530514226070716e-001	  2.1505016997899803e-001	  7.3836131197311208e-002	  5.3587122822044628e-002	  4.6555757616604632e-002	  2.3539214779299364e-001	  1.5721756389221719e-001	  1.1738254896579654e-001	  3.0608171785603705e-001	
  2.1521308050614091e-001	  2.1544934578794880e-001	  2.1519428985852335e-001	  7.4026267513380595e-002	  5.3795273480015955e-002	  4.6794137277783372e-002	  2.3571921601675710e-001	  1.5758260392859003e-001	  1.1779111577369158e-001	  3.0636931761261865e-001	
  2.1534701383849225e-001	  2.1558344770907883e-001	  2.1532832585690989e-001	  7.4199262477024852e-002	  5.3983931514858849e-002	  4.7009819869153958e-002	  2.3601072208597038e-001	  1.5790468224214110e-001	  1.1815607602518693e-001	  3.0663666889883617e-001	
  2.1546825304658013e-001	  2.1570483426194009e-001	  2.1544965191767798e-001	  7.4356896767490924e-002	  5.4154908683398742e-002	  4.7205230563195422e-002	  2.3627619817335888e-001	  1.5819239416915057e-001	  1.1848284209552043e-001	  3.0687874097926332e-001	
  2.1557811518840370e-001	  2.1581482698899368e-001	  2.1555958975816705e-001	  7.4499473618861028e-002	  5.4309239831833722e-002	  4.7381227269156688e-002	  2.3651870640739414e-001	  1.5845346826574977e-001	  1.1877655997682038e-001	  3.0709814047910156e-001	
  2.1567853831198361e-001	  2.1591536733472627e-001	  2.1566007955888700e-001	  7.4628953340385426e-002	  5.4449318854648002e-002	  4.7540263154897670e-002	  2.3673945330549517e-001	  1.5869178821271079e-001	  1.1904188781871904e-001	  3.0729871245623408e-001	
  2.1579332289362876e-001	  2.1603035587008157e-001	  2.1577496406242472e-001	  7.4798340495204785e-002	  5.4636525992020006e-002	  4.7759439912116917e-002	  2.3703972310387203e-001	  1.5903480441624371e-001	  1.1942868436750141e-001	  3.0752912169858865e-001	
  2.1598631617498215e-001	  2.1622344070751745e-001	  2.1596806560803497e-001	  7.4996816697045846e-002	  5.4845924930470524e-002	  4.7985183713767345e-002	  2.3734973877349955e-001	  1.5934332827787800e-001	  1.1977061833694568e-001	  3.0791251276412879e-001	
  2.1614778694456629e-001	  2.1638495728230048e-001	  2.1612953041638974e-001	  7.5182785995649898e-002	  5.5034016025252042e-002	  4.8181970757646721e-002	  2.3764314153424679e-001	  1.5960732060942645e-001	  1.2003875659529602e-001	  3.0823359079158485e-001	
  2.1621414523051030e-001	  2.1645144534021873e-001	  2.1619587399063556e-001	  7.5309335055353491e-002	  5.5167991023592856e-002	  4.8335107656622661e-002	  2.3788831895277332e-001	  1.5987077744061126e-001	  1.2029572508765198e-001	  3.0836771306853022e-001	
  2.1627043483493785e-001	  2.1650787200049443e-001	  2.1625225739916543e-001	  7.5387616124391058e-002	  5.5260505884123692e-002	  4.8445589028517679e-002	  2.3804536989809560e-001	  1.6007919468497106e-001	  1.2051687898447366e-001	  3.0848113138375116e-001	
  2.1633714553531086e-001	  2.1657467777657274e-001	  2.1631905148651542e-001	  7.5464602937814304e-002	  5.5348133942437441e-002	  4.8546578313368026e-002	  2.3816385619347086e-001	  1.6022564853114835e-001	  1.2069764663391340e-001	  3.0861451067907880e-001	
  2.1640507374797613e-001	  2.1664265869196606e-001	  2.1638701745027766e-001	  7.5547575054062760e-002	  5.5435566487680214e-002	  4.8645585809276755e-002	  2.3828925249611260e-001	  1.6034721129476240e-001	  1.2084937122901315e-001	  3.0875003506964177e-001	
  2.1648674168654450e-001	  2.1672440797718676e-001	  2.1646872058374081e-001	  7.5657213382535338e-002	  5.5551360080913152e-002	  4.8777104803489728e-002	  2.3847854990932815e-001	  1.6053567877195110e-001	  1.2105880125715643e-001	  3.0891347725658741e-001	
  2.1661176153440825e-001	  2.1684947039651228e-001	  2.1659376846458520e-001	  7.5789395273497567e-002	  5.5687911658951698e-002	  4.8919201288752337e-002	  2.3869754229153198e-001	  1.6074820625590189e-001	  1.2126528494810991e-001	  3.0916224018558319e-001	
  2.1671251640426953e-001	  2.1695029730023163e-001	  2.1669451937556766e-001	  7.5919547360608713e-002	  5.5822803205491961e-002	  4.9063065608563647e-002	  2.3891813295194386e-001	  1.6097210991699271e-001	  1.2148196605387585e-001	  3.0936359353911486e-001	
  2.1677405890380655e-001	  2.1701191238730569e-001	  2.1675609149899752e-001	  7.6001559130684335e-002	  5.5910997080162443e-002	  4.9161969863716598e-002	  2.3906299442118839e-001	  1.6113078128603578e-001	  1.2164626427977079e-001	  3.0948692257992760e-001	
  2.1680379751895967e-001	  2.1704173306468164e-001	  2.1678587185640516e-001	  7.6051632036541195e-002	  5.5968491824835966e-002	  4.9231610378596573e-002	  2.3915608492667079e-001	  1.6124638576845488e-001	  1.2177864429179815e-001	  3.0954717905976398e-001	
  2.1683837603231157e-001	  2.1707636098522159e-001	  2.1682049878513207e-001	  7.6092036908044350e-002	  5.6014350772511871e-002	  4.9285886769932043e-002	  2.3922156550195547e-001	  1.6132370113022909e-001	  1.2187633116172583e-001	  3.0961642588700272e-001	
  2.1688002259651962e-001	  2.1711802921343501e-001	  2.1686216334029804e-001	  7.6138849667335182e-002	  5.6063153885239088e-002	  4.9339343540362714e-002	  2.3929327423492339e-001	  1.6139111998538730e-001	  1.2195542122124332e-001	  3.0969946257771919e-001	
  2.1691867785853644e-001	  2.1715670348847374e-001	  2.1690081864018651e-001	  7.6186611392236120e-002	  5.6111959112638637e-002	  4.9391640647421214e-002	  2.3937389568397863e-001	  1.6146675041174866e-001	  1.2203103350165584e-001	  3.0977664319336673e-001	
  2.1695226665792441e-001	  2.1719032130314622e-001	  2.1693441338413136e-001	  7.6229615114726867e-002	  5.6157244646498870e-002	  4.9440671957898627e-002	  2.3945057034562720e-001	  1.6154720121812774e-001	  1.2210877403193442e-001	  3.0984386826990917e-001	
  2.1698419756378681e-001	  2.1722228256402615e-001	  2.1696635881910564e-001	  7.6268613629873930e-002	  5.6199058052710547e-002	  4.9486476761576755e-002	  2.3951684206397708e-001	  1.6161953342130547e-001	  1.2218333892603540e-001	  3.0990774893460649e-001	
  2.1701479112129463e-001	  2.1725290131541752e-001	  2.1699696549523670e-001	  7.6305820095410426e-002	  5.6238485963591697e-002	  4.9529943581425144e-002	  2.3957786340200801e-001	  1.6168263581549072e-001	  1.2225169204920419e-001	  3.0996891484305883e-001	
  2.1704293071124250e-001	  2.1728106225036761e-001	  2.1702511423591031e-001	  7.6340550709921767e-002	  5.6274946660787015e-002	  4.9570024506797219e-002	  2.3963625212866244e-001	  1.6174118566579915e-001	  1.2231378074265038e-001	  3.1002518150514624e-001	
  2.1706855407888348e-001	  2.1730670611696132e-001	  2.1705074519204431e-001	  7.6372295322128289e-002	  5.6308384862094697e-002	  4.9606531820350339e-002	  2.3969072968601318e-001	  1.6179713419272698e-001	  1.2237108664318165e-001	  3.1007643631627674e-001	
  2.1710906589631568e-001	  2.1734726041368999e-001	  2.1709127434567477e-001	  7.6424704131515558e-002	  5.6364424447499423e-002	  4.9668783773552723e-002	  2.3978134358961792e-001	  1.6189427698839351e-001	  1.2247270293805756e-001	  3.1015761271012743e-001	
  2.1719007555834724e-001	  2.1742828081099144e-001	  2.1717228980249587e-001	  7.6508601482956809e-002	  5.6449257115735257e-002	  4.9755429567075786e-002	  2.3991277232588526e-001	  1.6201313090976646e-001	  1.2258843041861918e-001	  3.1031883283581330e-001	
  2.1723982795033944e-001	  2.1747808107426223e-001	  2.1722203961658329e-001	  7.6578710720902235e-002	  5.6522389783697856e-002	  4.9835072703145231e-002	  2.4003778202505555e-001	  1.6214190346927587e-001	  1.2271280010782039e-001	  3.1041865304624838e-001	
  2.1723954111099694e-001	  2.1747786209641154e-001	  2.1722179373609010e-001	  7.6592534953121613e-002	  5.6542766897460690e-002	  4.9865196551943339e-002	  2.4007210181699257e-001	  1.6220283221946410e-001	  1.2278872157693732e-001	  3.1041899997673006e-001	
  2.1726357016547879e-001	  2.1750189629256450e-001	  2.1724585159985849e-001	  7.6610995722845077e-002	  5.6562744368359945e-002	  4.9887418773807944e-002	  2.4009234357492831e-001	  1.6222018615926204e-001	  1.2282138662406786e-001	  3.1046669212077427e-001	
  2.1732290704518745e-001	  2.1756121156691491e-001	  2.1730516155752108e-001	  7.6671496334296665e-002	  5.6620288851749710e-002	  4.9942394339223171e-002	  2.4018545956983375e-001	  1.6228857616478251e-001	  1.2287770211778772e-001	  3.1058454822109582e-001	
  2.1735466019060620e-001	  2.1759300454214078e-001	  2.1733690391751562e-001	  7.6721086063053556e-002	  5.6672255785174486e-002	  4.9998406221912865e-002	  2.4028132300857308e-001	  1.6239263796105452e-001	  1.2296847343541882e-001	  3.1064848162555764e-001	
  2.1734498631857987e-001	  2.1758338988529444e-001	  2.1732727459762707e-001	  7.6720430249587246e-002	  5.6677824602081261e-002	  5.0012332297820372e-002	  2.4028755735151175e-001	  1.6242619741950037e-001	  1.2301948205965191e-001	  3.1062995433213203e-001	
  2.1737437218505279e-001	  2.1761276305625848e-001	  2.1735667786159085e-001	  7.6741547852265474e-002	  5.6698581314923627e-002	  5.0033282387490309e-002	  2.4030861563094810e-001	  1.6243454527232409e-001	  1.2304039906203361e-001	  3.1068809649159429e-001	
  2.1743624123291319e-001	  2.1767461143990266e-001	  2.1741851019630035e-001	  7.6807384625518366e-002	  5.6761151860021161e-002	  5.0092768856616947e-002	  2.4041458555734085e-001	  1.6251577402523074e-001	  1.2310254650311789e-001	  3.1081110587503985e-001	
  2.1744314209392906e-001	  2.1768156772974753e-001	  2.1742541356737899e-001	  7.6833602082416616e-002	  5.6791524116513385e-002	  5.0129158139995460e-002	  2.4047552956274015e-001	  1.6259758664032362e-001	  1.2317732339334030e-001	  3.1082577419866775e-001	
  2.1742471296059418e-001	  2.1766318133541213e-001	  2.1740703509854023e-001	  7.6816479989599215e-002	  5.6779694385705966e-002	  5.0124170268087832e-002	  2.4044800172217629e-001	  1.6259298248023465e-001	  1.2319631698660657e-001	  3.1078949591176214e-001	
  2.1747256406335130e-001	  2.1771099398584731e-001	  2.1745488084709241e-001	  7.6853216362182078e-002	  5.6813196812538866e-002	  5.0154166609527755e-002	  2.4049113491940299e-001	  1.6260822188341673e-001	  1.2321396438251273e-001	  3.1088410669090938e-001	
  2.1754537179131400e-001	  2.1778379380784518e-001	  2.1752764149944170e-001	  7.6937006303927566e-002	  5.6894281966079180e-002	  5.0232744622839567e-002	  2.4063357668048893e-001	  1.6272955285157417e-001	  1.2330634108754673e-001	  3.1102919700890180e-001	
  2.1751805806122979e-001	  2.1775657053922584e-001	  2.1750036091081287e-001	  7.6933256052255261e-002	  5.6898536635111262e-002	  5.0248220834741619e-002	  2.4065060414551553e-001	  1.6278914306970788e-001	  1.2337441313058931e-001	  3.1097617175025322e-001	
  2.1748990091914183e-001	  2.1772842929894431e-001	  2.1747226425700322e-001	  7.6894332006043620e-002	  5.6863311642215537e-002	  5.0217655583950700e-002	  2.4057609014032896e-001	  1.6272835057444279e-001	  1.2334790365468558e-001	  3.1092000900575684e-001	
  2.1758874270968492e-001	  2.1782718486941896e-001	  2.1757105469528079e-001	  7.6977224783300019e-002	  5.6937573734832360e-002	  5.0280978288181941e-002	  2.4068842330070539e-001	  1.6278266886616899e-001	  1.2338046694228862e-001	  3.1111560601643234e-001	
  2.1764605460730505e-001	  2.1788452226020541e-001	  2.1762832439199986e-001	  7.7055921750731671e-002	  5.7016259665562972e-002	  5.0360739925973293e-002	  2.4083360053224873e-001	  1.6292401223630140e-001	  1.2349167146289446e-001	  3.1123042296602088e-001	
  2.1758212015415276e-001	  2.1782067339240993e-001	  2.1756440152165396e-001	  7.7021257947864963e-002	  5.6988097251992123e-002	  5.0343251868965933e-002	  2.4080567459760599e-001	  1.6293936322631677e-001	  1.2351291938111730e-001	  3.1110457792094237e-001	
  2.1757611163745338e-001	  2.1781468254307171e-001	  2.1755846371094925e-001	  7.6998449626014182e-002	  5.6970141326773388e-002	  5.0328123887772976e-002	  2.4076175418392703e-001	  1.6291548389728419e-001	  1.2351054046517393e-001	  3.1109239242764808e-001	
  2.1758211313390516e-001	  2.1782067085418905e-001	  2.1756447695701051e-001	  7.6997316976982269e-002	  5.6968411487936597e-002	  5.0326103317984025e-002	  2.4074405536465782e-001	  1.6288879493538705e-001	  1.2350005471511197e-001	  3.1110402923814334e-001	
  2.1758901707115058e-001	  2.1782755593529748e-001	  2.1757136885894585e-001	  7.7003230324711999e-002	  5.6972053227646868e-002	  5.0328796860078517e-002	  2.4074876944988732e-001	  1.6287908026682252e-001	  1.2349225249659068e-001	  3.1111757268976259e-001	
  2.1759994783540632e-001	  2.1783847321102720e-001	  2.1758228033151975e-001	  7.7015125801034812e-002	  5.6982066636441016e-002	  5.0336799193808998e-002	  2.4077109441439409e-001	  1.6289184060788597e-001	  1.2349474404284216e-001	  3.1113925410936266e-001	
  2.1762379589084985e-001	  2.1786232045612713e-001	  2.1760611870331714e-001	  7.7040054025251561e-002	  5.7006724494374536e-002	  5.0360069502501145e-002	  2.4081353880408515e-001	  1.6293179629183557e-001	  1.2352373568588754e-001	  3.1118675095728338e-001	
  2.1763851407063178e-001	  2.1787705428820542e-001	  2.1762083745437269e-001	  7.7060355326321855e-002	  5.7028179291150449e-002	  5.0383275428339425e-002	  2.4084940109125130e-001	  1.6297092818808182e-001	  1.2356088425751791e-001	  3.1121631023590474e-001	
  2.1764787589852119e-001	  2.1788643230949456e-001	  2.1763020902049487e-001	  7.7073369986369350e-002	  5.7042713663910879e-002	  5.0400313296883041e-002	  2.4087221649712573e-001	  1.6299766400479651e-001	  1.2359132702932092e-001	  3.1123516988216376e-001	
  2.1767735489076331e-001	  2.1791592997521317e-001	  2.1765969808879454e-001	  7.7107767110654757e-002	  5.7078754677628567e-002	  5.0439438764562070e-002	  2.4092875456975513e-001	  1.6305401568292141e-001	  1.2365103652046654e-001	  3.1129413118867805e-001	
  2.1775964794358701e-001	  2.1799823400548554e-001	  2.1774198281521834e-001	  7.7197084333968727e-002	  5.7168402518368029e-002	  5.0530359695964103e-002	  2.4107355300930555e-001	  1.6318505382919338e-001	  1.2377138494069645e-001	  3.1145824442600212e-001	
  2.1775318219053122e-001	  2.1799181898392317e-001	  2.1773553767961712e-001	  7.7204529435541014e-002	  5.7180229808226853e-002	  5.0549393148576253e-002	  2.4109634885750880e-001	  1.6322712224604727e-001	  1.2382242861812713e-001	  3.1144612906237407e-001	
  2.1773705903226559e-001	  2.1797570529483440e-001	  2.1771943677978220e-001	  7.7185977360563554e-002	  5.7163268240853667e-002	  5.0534679149966275e-002	  2.4106408061475945e-001	  1.6320192081874263e-001	  1.2381017559702479e-001	  3.1141404597403799e-001	
  2.1780718103071989e-001	  2.1804579346233327e-001	  2.1778953440502646e-001	  7.7250411800491733e-002	  5.7224228232242484e-002	  5.0590760992181620e-002	  2.4115936069490693e-001	  1.6326956961998032e-001	  1.2386256185101355e-001	  3.1155326178080939e-001	
  2.1781831052248601e-001	  2.1805696168242114e-001	  2.1780066030876738e-001	  7.7277496359024728e-002	  5.7253837896404439e-002	  5.0624963282862451e-002	  2.4121595997553091e-001	  1.6333702006329706e-001	  1.2392505356385865e-001	  3.1157613499140313e-001	
  2.1780475460346646e-001	  2.1804343600630779e-001	  2.1778713357780979e-001	  7.7266976211591148e-002	  5.7246738210404956e-002	  5.0622568715840650e-002	  2.4120173166774309e-001	  1.6333822853439897e-001	  1.2393957516571506e-001	  3.1154946699392616e-001	
  2.1783919028875059e-001	  2.1807785577746974e-001	  2.1782156656362667e-001	  7.7296704371940431e-002	  5.7275144368841444e-002	  5.0649344320468560e-002	  2.4124241229632581e-001	  1.6336502980045811e-001	  1.2396519813971565e-001	  3.1161779981371629e-001	
  2.1787592829270272e-001	  2.1811460039730132e-001	  2.1785829103659071e-001	  7.7340174254352717e-002	  5.7318429564728345e-002	  5.0693093172290413e-002	  2.4131624617648068e-001	  1.6343240622428562e-001	  1.2402299528292564e-001	  3.1169119103655940e-001	
  2.1791143442802502e-001	  2.1815014477800140e-001	  2.1789380983986392e-001	  7.7386715738094206e-002	  5.7368190072249629e-002	  5.0747991642721174e-002	  2.4139815427102987e-001	  1.6352144924178147e-001	  1.2411296320180859e-001	  3.1176250589464272e-001	
  2.1792863420159192e-001	  2.1816737082741527e-001	  2.1791102687709785e-001	  7.7409616000296028e-002	  5.7393591165770336e-002	  5.0777638480510791e-002	  2.4143719048710369e-001	  1.6356596918935667e-001	  1.2416496025953180e-001	  3.1179712591576103e-001	
  2.1797426256247082e-001	  2.1821300671034963e-001	  2.1795665388471505e-001	  7.7458989803992490e-002	  5.7443355697381418e-002	  5.0828566967316316e-002	  2.4151667835573268e-001	  1.6363796657017038e-001	  1.2423327149582317e-001	  3.1188818232951487e-001	
  2.1801055301847136e-001	  2.1824932260337432e-001	  2.1799294816084491e-001	  7.7504219904137486e-002	  5.7490480807761202e-002	  5.0879106566395327e-002	  2.4159449114197773e-001	  1.6371709614147573e-001	  1.2431048210235082e-001	  3.1196091824295125e-001	
  2.1801077656374768e-001	  2.1824956563317652e-001	  2.1799318499915557e-001	  7.7508399718669629e-002	  5.7496556779381841e-002	  5.0888266112427950e-002	  2.4160361354339779e-001	  1.6373306581673067e-001	  1.2433283799272329e-001	  3.1196162213976664e-001	
