  4.5346809057993971e+000	  4.4784900612922094e+000	  4.2718647740388258e+000	  1.0306654290651700e+000	  9.1113942158151351e-001	  9.7246593075985610e-001	  9.5412167909744872e-001	  8.3322744894281808e-001	  8.0985895907646777e-001	  2.7101573066564395e+000	  3.3835475091038538e+000	  7.7953254939175420e-001	  8.0015398303722729e-001	
  4.5346808749570391e+000	  4.4784900306179241e+000	  4.2718647439623290e+000	  1.0306654290028210e+000	  9.1113942158135441e-001	  9.7246593075975707e-001	  9.5411825882366330e-001	  8.3322744894282330e-001	  8.0985895907647476e-001	  2.7101572968788781e+000	  3.3835474823688418e+000	  7.7953254939249017e-001	  8.0015398309226360e-001	
  4.5346808089815696e+000	  4.4784899650092997e+000	  4.2718646796393784e+000	  1.0306654288684607e+000	  9.1113942158106409e-001	  9.7246593075968424e-001	  9.5411483860662427e-001	  8.3322744894310419e-001	  8.0985895907676964e-001	  2.7101572758835717e+000	  3.3835474252340609e+000	  7.7953254939415428e-001	  8.0015398321950404e-001	
  4.5346807077281461e+000	  4.4784898643307383e+000	  4.2718645809453077e+000	  1.0306654286601160e+000	  9.1113942158023709e-001	  9.7246593075929832e-001	  9.5411141844643099e-001	  8.3322744894357215e-001	  8.0985895907730054e-001	  2.7101572435324965e+000	  3.3835473376356267e+000	  7.7953254939669603e-001	  8.0015398342263944e-001	
  4.5346770544252015e+000	  4.4784862373606922e+000	  4.2718610308530707e+000	  1.0306654200297867e+000	  9.1113942137779491e-001	  9.7246593063471720e-001	  9.5407722114863591e-001	  8.3322744892103895e-001	  8.0985895907322947e-001	  2.7101560111450391e+000	  3.3835442176056292e+000	  7.7953254931266214e-001	  8.0015399183242975e-001	
  4.5346707921833964e+000	  4.4784800267372313e+000	  4.2718549580865988e+000	  1.0306654038253993e+000	  9.1113942084338362e-001	  9.7246593031620310e-001	  9.5404302938963392e-001	  8.3322744888194999e-001	  8.0985895908822336e-001	  2.7101538188484215e+000	  3.3835389158714468e+000	  7.7953254897548963e-001	  8.0015400733069475e-001	
  4.5346622638338188e+000	  4.4784715768846421e+000	  4.2718467036265508e+000	  1.0306653797349610e+000	  9.1113941981835900e-001	  9.7246592969976708e-001	  9.5400884319088242e-001	  8.3322744878639510e-001	  8.0985895909899386e-001	  2.7101507269623473e+000	  3.3835317536214138e+000	  7.7953254821755813e-001	  8.0015402983813988e-001	
  4.5345010121781559e+000	  4.4783127226235528e+000	  4.2716923554307087e+000	  1.0306644135791989e+000	  9.1113932487229321e-001	  9.7246587126342521e-001	  9.5366739268961187e-001	  8.3322743188539727e-001	  8.0985895471194846e-001	  2.7100762191742387e+000	  3.3834023426344584e+000	  7.7953246124413700e-001	  8.0015479163684444e-001	
  4.5343060489648996e+000	  4.4781212078363550e+000	  4.2715067398230291e+000	  1.0306626089721918e+000	  9.1113911896479993e-001	  9.7246574563432964e-001	  9.5332646872421034e-001	  8.3322739419232672e-001	  8.0985894697754468e-001	  2.7099736926393678e+000	  3.3832492194676682e+000	  7.7953226979703871e-001	  8.0015612880338927e-001	
  4.5341003139950020e+000	  4.4779194315281483e+000	  4.2713114123238887e+000	  1.0306599443898306e+000	  9.1113879119183772e-001	  9.7246554537353325e-001	  9.5298607063320506e-001	  8.3322732970147073e-001	  8.0985893298565459e-001	  2.7098565008244795e+000	  3.3830893760947314e+000	  7.7953196435421346e-001	  8.0015802295433014e-001	
  4.5320152004320153e+000	  4.4758802269712268e+000	  4.2693373274931590e+000	  1.0305626496389348e+000	  9.1112511492702819e-001	  9.7245696248925106e-001	  9.4962194707116387e-001	  8.3322399205513586e-001	  8.0985801994615403e-001	  2.7085608684354767e+000	  3.3814852885023496e+000	  7.7951940016744992e-001	  8.0021281201900296e-001	
  4.5299402926942056e+000	  4.4738553432540762e+000	  4.2673759625788055e+000	  1.0303896446032546e+000	  9.1110047311352138e-001	  9.7244137857946844e-001	  9.4630976703688185e-001	  8.3321798421929683e-001	  8.0985656223763747e-001	  2.7072551699365808e+000	  3.3798963472160719e+000	  7.7949695791207230e-001	  8.0029813885802592e-001	
  4.5278748218738114e+000	  4.4718435539719570e+000	  4.2654265318813369e+000	  1.0301441157763276e+000	  9.1106513435711145e-001	  9.7241870826025090e-001	  9.4304995333776809e-001	  8.3320916727651584e-001	  8.0985437827327755e-001	  2.7059535625239235e+000	  3.3783209706080437e+000	  7.7946506220319300e-001	  8.0040493949446490e-001	
  4.5165500996926076e+000	  4.4608821570809898e+000	  4.2547983505022033e+000	  1.0273431265777211e+000	  9.1064190745568363e-001	  9.7212109445358785e-001	  9.2624509534530475e-001	  8.3308692365522119e-001	  8.0981853818064431e-001	  2.6987977340037914e+000	  3.3698059516507182e+000	  7.7910004774257247e-001	  8.0105633927521491e-001	
  4.5054426978616942e+000	  4.4501774039933428e+000	  4.2444066127915567e+000	  1.0233906915930975e+000	  9.1002940715743841e-001	  9.7166294059130554e-001	  9.1090770023777790e-001	  8.3289865655159179e-001	  8.0976792816142695e-001	  2.6917700380257843e+000	  3.3615525725234492e+000	  7.7858764577305539e-001	  8.0156997341528402e-001	
  4.4944816429168704e+000	  4.4396237513803385e+000	  4.2341391778432058e+000	  1.0186661512226192e+000	  9.0926786183986352e-001	  9.7105765519548914e-001	  8.9693641634731180e-001	  8.3264211211072858e-001	  8.0969717412938824e-001	  2.6848290424657573e+000	  3.3534631406339281e+000	  7.7796622350231570e-001	  8.0186002625940800e-001	
  4.4737307270358286e+000	  4.4195705505095937e+000	  4.2145504339522262e+000	  1.0086641522616222e+000	  9.0754263666863610e-001	  9.6958269155777910e-001	  8.7318995964823420e-001	  8.3198239372525751e-001	  8.0949975337543512e-001	  2.6716528101167909e+000	  3.3381726219860779e+000	  7.7659383658981385e-001	  8.0186091359488598e-001	
  4.4537593571743246e+000	  4.4000789018971336e+000	  4.1953682159486210e+000	  9.9815282267251237e-001	  9.0557857452517798e-001	  9.6776090284418259e-001	  8.5315449623369921e-001	  8.3114103587455268e-001	  8.0925969290410205e-001	  2.6588929610734104e+000	  3.3234101675126162e+000	  7.7507631282805900e-001	  8.0121291676799822e-001	
  4.4344215620795397e+000	  4.3808941804063117e+000	  4.1763219171677228e+000	  9.8792352899897395e-001	  9.0345925467245169e-001	  9.6564253934116462e-001	  8.3625566344841373e-001	  8.3011336684825154e-001	  8.0895722865994824e-001	  2.6464165852508197e+000	  3.3089410643184807e+000	  7.7347634592932601e-001	  8.0005180598971304e-001	
  4.4157636295189784e+000	  4.3620025508174605e+000	  4.1573901106600717e+000	  9.7843244702189991e-001	  9.0125336032906378e-001	  9.6329359757099775e-001	  8.2195549834271353e-001	  8.2892144800234435e-001	  8.0859570486525711e-001	  2.6342214411502405e+000	  3.2947309842634405e+000	  7.7184131336902906e-001	  7.9853990331849345e-001	
  4.3848271543038777e+000	  4.3297702037120551e+000	  4.1247039131316861e+000	  9.6416169892039227e-001	  8.9730161558413946e-001	  9.5880695455768072e-001	  8.0218374759730593e-001	  8.2649348447987869e-001	  8.0778581451447129e-001	  2.6136022495607967e+000	  3.2705131269577952e+000	  7.6896023434412153e-001	  7.9538137347368565e-001	
  4.3567495294374803e+000	  4.2993449127525771e+000	  4.0933080719522703e+000	  9.5269619961359286e-001	  8.9340753452796218e-001	  9.5408782886098831e-001	  7.8706182391105939e-001	  8.2383270550884657e-001	  8.0691195398621507e-001	  2.5943458331429388e+000	  3.2477178041950379e+000	  7.6618025214739871e-001	  7.9202274934755457e-001	
  4.3306360028114197e+000	  4.2701064188159190e+000	  4.0626595401987453e+000	  9.4350612886500496e-001	  8.8957842247352803e-001	  9.4923389774315037e-001	  7.7524744040309046e-001	  8.2095725587384927e-001	  8.0591268531030202e-001	  2.5759667153894554e+000	  3.2258138319638197e+000	  7.6348391819401873e-001	  7.8863083731938211e-001	
  4.3061826017109359e+000	  4.2420687158024126e+000	  4.0328257691932397e+000	  9.3601991927733552e-001	  8.8584486406354113e-001	  9.4434991843749938e-001	  7.6583677239114023e-001	  8.1794406798093033e-001	  8.0480509813621404e-001	  2.5583945145754661e+000	  3.2048078379121581e+000	  7.6088226932619396e-001	  7.8528547995159081e-001	
  4.2831695024350962e+000	  4.2153000344502702e+000	  4.0039228487152130e+000	  9.2979799304176181e-001	  8.8222788471830726e-001	  9.3950237587716490e-001	  7.5816303075473190e-001	  8.1485055991930277e-001	  8.0360416937000045e-001	  2.5415997768248797e+000	  3.1847456086454780e+000	  7.5838338032861241e-001	  7.8201936334474043e-001	
  4.2484508858892802e+000	  4.1750407354482846e+000	  3.9598738723288238e+000	  9.2180216870365883e-001	  8.7673940701926867e-001	  9.3201981099033182e-001	  7.4842376699154378e-001	  8.0984873884996511e-001	  8.0143726471988652e-001	  2.5161378248129056e+000	  3.1544994244160502e+000	  7.5460361855497027e-001	  7.7701723022015412e-001	
  4.2175196675218221e+000	  4.1394670765937720e+000	  3.9199012373289430e+000	  9.1531676708837983e-001	  8.7179485888522490e-001	  9.2501838017738980e-001	  7.4027093783938613e-001	  8.0505460401277373e-001	  7.9931654339466784e-001	  2.4933125688294151e+000	  3.1278463653348609e+000	  7.5126404161673754e-001	  7.7251583626401532e-001	
  4.1874845236886635e+000	  4.1062856850183209e+000	  3.8819850200668475e+000	  9.0947612099096442e-001	  8.6724420896743204e-001	  9.1840241852140814e-001	  7.3257143301832905e-001	  8.0034332810956277e-001	  7.9706646071183862e-001	  2.4715560312666516e+000	  3.1029600381241469e+000	  7.4822374914806578e-001	  7.6840725868677473e-001	
  4.1573720822998048e+000	  4.0750344659542588e+000	  3.8458587649863274e+000	  9.0361398541061044e-001	  8.6302170372097986e-001	  9.1217115860482600e-001	  7.2412343720158823e-001	  7.9574865324982014e-001	  7.9470911492225538e-001	  2.4504427862583786e+000	  3.0795144561494623e+000	  7.4542557526650854e-001	  7.6462788519299041e-001	
  4.1263604637729552e+000	  4.0453742720411485e+000	  3.8113609454923951e+000	  8.9719504406720318e-001	  8.5905173694015902e-001	  9.0628671675148520e-001	  7.1444389865006497e-001	  7.9126899826706854e-001	  7.9225715075584568e-001	  2.4296763896224221e+000	  3.0572783741977982e+000	  7.4281329262675710e-001	  7.6110056197686349e-001	
  4.0912263564919495e+000	  4.0145436251597753e+000	  3.7754945403969478e+000	  8.8952799030489460e-001	  8.5496608292222676e-001	  9.0024681505230919e-001	  7.0348302473371038e-001	  7.8652067929409131e-001	  7.8949691448454495e-001	  2.4074284344338461e+000	  3.0342107681308987e+000	  7.4014504444922480e-001	  7.5750206977176449e-001	
  4.0551093458037535e+000	  3.9848688270525647e+000	  3.7411424544118690e+000	  8.8161355675170883e-001	  8.5106996313923089e-001	  8.9453277706541645e-001	  6.9335268671967554e-001	  7.8188945019562228e-001	  7.8664995747714062e-001	  2.3856721619256813e+000	  3.0120712681875030e+000	  7.3761970590235304e-001	  7.5410905696147945e-001	
  4.0191267902175474e+000	  3.9561112215486478e+000	  3.7081515805388534e+000	  8.7411211179309745e-001	  8.4732185793911163e-001	  8.8910537912164811e-001	  6.8483394321839131e-001	  7.7737992529893496e-001	  7.8372193293134784e-001	  2.3646154625045694e+000	  2.9906692481555974e+000	  7.3520057905229319e-001	  7.5087961677893134e-001	
  3.9844483823830372e+000	  3.9282610506525737e+000	  3.6765218377270084e+000	  8.6744758303254699e-001	  8.4370803558902607e-001	  8.8394241364290915e-001	  6.7799824317858415e-001	  7.7301993465963770e-001	  7.8073268369522353e-001	  2.3444658975700206e+000	  2.9699757346962676e+000	  7.3286982074935836e-001	  7.4778756947852909e-001	
  3.9517319526912971e+000	  3.9013774474205105e+000	  3.6462667210873407e+000	  8.6169943158440843e-001	  8.4023420379278524e-001	  8.7903095338603154e-001	  6.7253261742053083e-001	  7.6883899317092608e-001	  7.7770458691787769e-001	  2.3253160741653525e+000	  2.9500079904524013e+000	  7.3062446295398198e-001	  7.4482252093757484e-001	
  3.9030343378967793e+000	  3.8596572959601163e+000	  3.6002284960232558e+000	  8.5400446440130606e-001	  8.3485841675738615e-001	  8.7165505022376077e-001	  6.6567086798758024e-001	  7.6251460996964393e-001	  7.7273137245925794e-001	  2.2962339759936743e+000	  2.9188634095574573e+000	  7.2706313735753703e-001	  7.4014784588948135e-001	
  3.8631932481648059e+000	  3.8248970985074520e+000	  3.5614101577701938e+000	  8.4808039391827628e-001	  8.3036768906839420e-001	  8.6527948222123097e-001	  6.6049766332971593e-001	  7.5714073620696598e-001	  7.6827559243872179e-001	  2.2721216706226777e+000	  2.8930661657266992e+000	  7.2415991779120259e-001	  7.3628277863076597e-001	
  3.8263079216338713e+000	  3.7920206124901767e+000	  3.5249327284117786e+000	  8.4303226106625762e-001	  8.2633405310638564e-001	  8.5948879962974378e-001	  6.5598943618979300e-001	  7.5223442805919183e-001	  7.6386537006816191e-001	  2.2495363627343026e+000	  2.8685315656335053e+000	  7.2153524136511782e-001	  7.3285266507567748e-001	
  3.7917136319098339e+000	  3.7609267203405281e+000	  3.4906478355523038e+000	  8.3846190080797445e-001	  8.2262193596251110e-001	  8.5418477777338797e-001	  6.5183441243894358e-001	  7.4775447243373905e-001	  7.5953902558866182e-001	  2.2282565981665035e+000	  2.8452399659073198e+000	  7.1909296455022786e-001	  7.2969731055696296e-001	
  3.7582886451154232e+000	  3.7308445090102786e+000	  3.4577465556655471e+000	  8.3412629882465306e-001	  8.1911519545042910e-001	  8.4922890411340557e-001	  6.4784419527538206e-001	  7.4360166790579518e-001	  7.5530837127537687e-001	  2.2078125400844031e+000	  2.8226867282581516e+000	  7.1676094509251909e-001	  7.2668259074967767e-001	
  3.7188994191152926e+000	  3.6955375154252117e+000	  3.4195370736450204e+000	  8.2885591900567224e-001	  8.1498212074315679e-001	  8.4348092795210461e-001	  6.4266604891415513e-001	  7.3876146391413400e-001	  7.5019067247769167e-001	  2.1837389207214577e+000	  2.7961572381123925e+000	  7.1398025293720968e-001	  7.2308704159084836e-001	
  3.6828281169480528e+000	  3.6639343430396885e+000	  3.3853477063215278e+000	  8.2379011338814923e-001	  8.1134468945099780e-001	  8.3834715214777378e-001	  6.3735584003896417e-001	  7.3440117877698607e-001	  7.4543669005982394e-001	  2.1619979191098846e+000	  2.7724989220435399e+000	  7.1157922993233202e-001	  7.1998177353734583e-001	
  3.6475762980901867e+000	  3.6334742356402456e+000	  3.3528327028384881e+000	  8.1876080606497958e-001	  8.0791925358256711e-001	  8.3359611383383447e-001	  6.3212175472719656e-001	  7.3022643853862057e-001	  7.4077065843108536e-001	  2.1410235501428567e+000	  2.7496627696174163e+000	  7.0931729910272234e-001	  7.1711733275496869e-001	
  3.6459406763631828e+000	  3.6332533969528451e+000	  3.3515259783858116e+000	  8.1831422101600915e-001	  8.0795808842001993e-001	  8.3324865012116278e-001	  6.3156250728557328e-001	  7.3002451708089022e-001	  7.4040522616135263e-001	  2.1404363757755727e+000	  2.7498460953107431e+000	  7.0952977518041038e-001	  7.1732944900836215e-001	
  3.6340868638536499e+000	  3.6228206432173105e+000	  3.3407981994931668e+000	  8.1692814772583944e-001	  8.0703069107464520e-001	  8.3197475929510956e-001	  6.3013268755684826e-001	  7.2876639092665252e-001	  7.3890445839178764e-001	  2.1334973321782464e+000	  2.7418902651593213e+000	  7.0889664002017738e-001	  7.1666043553366987e-001	
  3.6229837546224015e+000	  3.6130221783414758e+000	  3.3307563007463212e+000	  8.1548230267487454e-001	  8.0598896432581424e-001	  8.3066401624115604e-001	  6.2875456499958993e-001	  7.2752780737279488e-001	  7.3741331686711942e-001	  2.1268132263434882e+000	  2.7344116811337047e+000	  7.0816787495518596e-001	  7.1582442059141782e-001	
  3.6112135707206110e+000	  3.6025330992347535e+000	  3.3200861016052947e+000	  8.1397480991091509e-001	  8.0484263317202831e-001	  8.2928290566331420e-001	  6.2740506989107248e-001	  7.2627802153632570e-001	  7.3592556417366750e-001	  2.1199459728459464e+000	  2.7265273275694328e+000	  7.0736086710157775e-001	  7.1482813364998643e-001	
  3.6005843824574355e+000	  3.5930824504902930e+000	  3.3104107933736096e+000	  8.1248361794328727e-001	  8.0368449642864959e-001	  8.2786936191124105e-001	  6.2609155247857473e-001	  7.2501187362493313e-001	  7.3443848973730597e-001	  2.1135453789052376e+000	  2.7194003545157766e+000	  7.0655603038913961e-001	  7.1379950979815388e-001	
  3.5748129533346171e+000	  3.5697310632644461e+000	  3.2867728663655882e+000	  8.0903645183092521e-001	  8.0086712469790566e-001	  8.2444503512628586e-001	  6.2306325772408033e-001	  7.2187665586222716e-001	  7.3086194974719465e-001	  2.0980390366548631e+000	  2.7017897951230641e+000	  7.0457279979832077e-001	  7.1126957493246101e-001	
  3.5542909405583742e+000	  3.5513578296657373e+000	  3.2678413210320572e+000	  8.0625735482274086e-001	  7.9861022843538942e-001	  8.2153529298809636e-001	  6.2062870575703788e-001	  7.1919776738614971e-001	  7.2777922970641895e-001	  2.0857009866478604e+000	  2.6880924573222407e+000	  7.0307353400816341e-001	  7.0932451525565077e-001	
  3.5344125853690751e+000	  3.5333755976174555e+000	  3.2494168963176198e+000	  8.0369366334878556e-001	  7.9646538694849911e-001	  8.1877709032602952e-001	  6.1835516774499566e-001	  7.1650361786489081e-001	  7.2473827183070350e-001	  2.0737144687438454e+000	  2.6746666145835145e+000	  7.0166232124946570e-001	  7.0755835494776298e-001	
  3.5152426559063685e+000	  3.5158460280055603e+000	  3.2316096013650819e+000	  8.0126659726486338e-001	  7.9435635986829456e-001	  8.1615119263747138e-001	  6.1618702997965369e-001	  7.1375842302441650e-001	  7.2175925863081891e-001	  2.0620801743770549e+000	  2.6615653329426840e+000	  7.0028418253122215e-001	  7.0587913572159711e-001	
  3.4902617294244132e+000	  3.4926787977652469e+000	  3.2084318021674019e+000	  7.9810773115885503e-001	  7.9151740001800430e-001	  8.1279160255187455e-001	  6.1330937726590051e-001	  7.1014519545969279e-001	  7.1793544178714697e-001	  2.0468650549135559e+000	  2.6442097928138404e+000	  6.9839603965858632e-001	  7.0360086053875404e-001	
  3.4678732893586388e+000	  3.4720758570439072e+000	  3.1878539307774263e+000	  7.9516264481904830e-001	  7.8895754383807626e-001	  8.0976934912645848e-001	  6.1046147789368166e-001	  7.0691605320469852e-001	  7.1447530601920850e-001	  2.0333202969308859e+000	  2.6288535343549260e+000	  6.9672543268175047e-001	  7.0158104139281263e-001	
  3.4456840525555128e+000	  3.4518967762022297e+000	  3.1678139041009818e+000	  7.9217204784783279e-001	  7.8653113054880108e-001	  8.0688397872624318e-001	  6.0746535468238194e-001	  7.0394504268662361e-001	  7.1114465857376541e-001	  2.0200344474003185e+000	  2.6137423621395017e+000	  6.9511513649481949e-001	  6.9965986870670771e-001	
  3.4235451862094122e+000	  3.4320514355556146e+000	  3.1481686384752625e+000	  7.8913616169136613e-001	  7.8421579993115398e-001	  8.0410775093015630e-001	  6.0448445138049434e-001	  7.0124335409771710e-001	  7.0794887669606232e-001	  2.0069710758674044e+000	  2.5988357318169863e+000	  6.9354251710718318e-001	  6.9778502388865848e-001	
  3.4017612513635838e+000	  3.4127062088287143e+000	  3.1290390539340001e+000	  7.8613104906691111e-001	  7.8198726788310979e-001	  8.0141283693440934e-001	  6.0165989658274777e-001	  6.9875482512068499e-001	  7.0488717376183219e-001	  1.9942279289987503e+000	  2.5842745892182659e+000	  6.9200257832113787e-001	  6.9593401780637276e-001	
  3.3699264349710134e+000	  3.3841856896309683e+000	  3.1009757029562626e+000	  7.8179911035656324e-001	  7.7866633831493792e-001	  7.9743561350122594e-001	  5.9779446978386475e-001	  6.9519944007301748e-001	  7.0052555874914768e-001	  1.9755370602780171e+000	  2.5627306581322715e+000	  6.8964136252800701e-001	  6.9305854574745462e-001	
  3.3549282334417105e+000	  3.3713103016313197e+000	  3.0879571544798705e+000	  7.7977537007264097e-001	  7.7725568364650066e-001	  7.9553775570230545e-001	  5.9611098423261022e-001	  6.9363477942859220e-001	  6.9840796780134951e-001	  1.9670030153846756e+000	  2.5531852270464315e+000	  6.8873619563874089e-001	  6.9195916583571515e-001	
  3.3520274680910811e+000	  3.3691509702033802e+000	  3.0855847658993283e+000	  7.7943280297005013e-001	  7.7712620513723563e-001	  7.9521870673415118e-001	  5.9586401626031549e-001	  6.9342437431764425e-001	  6.9797459183606170e-001	  1.9655255538087331e+000	  2.5516674870542189e+000	  6.8871975791316897e-001	  6.9197366661596860e-001	
  3.3516930010564341e+000	  3.3695149299687093e+000	  3.0856141878548651e+000	  7.8037514866867641e-001	  7.7668632260139436e-001	  7.9455298971566024e-001	  6.0618956638646293e-001	  6.9276731160560878e-001	  6.9700710624879147e-001	  1.9656447490830056e+000	  2.5520248055839336e+000	  6.8845749581365301e-001	  6.9173937216141113e-001	
  3.3572049155702941e+000	  3.3758800801509659e+000	  3.0912613110213960e+000	  7.8462620700867414e-001	  7.7660072703235195e-001	  7.9416794626498655e-001	  6.2452329335243661e-001	  6.9229724626073708e-001	  6.9608937223607426e-001	  1.9695491721014100e+000	  2.5570292132703036e+000	  6.8854315632899121e-001	  6.9188628598860291e-001	
  3.3645135483256099e+000	  3.3845445099050506e+000	  3.0991027520415320e+000	  7.9158599189939149e-001	  7.7693865979374976e-001	  7.9415629376469610e-001	  6.4378352149848395e-001	  6.9209464081327898e-001	  6.9527017694354254e-001	  1.9748635759703195e+000	  2.5637717113392298e+000	  6.8900046212689892e-001	  6.9248620022072493e-001	
  3.3712118785932503e+000	  3.3933116537011228e+000	  3.1071320785192080e+000	  7.9920730613702873e-001	  7.7756833135579240e-001	  7.9446215828113742e-001	  6.6012034946720688e-001	  6.9214234224972737e-001	  6.9454911619381943e-001	  1.9801218240808582e+000	  2.5705197366220283e+000	  6.8967018832182014e-001	  6.9339514188380424e-001	
  3.3779778404955128e+000	  3.4032703154687916e+000	  3.1164028732399087e+000	  8.0710249089603125e-001	  7.7845139639412209e-001	  7.9506025690122140e-001	  6.7580165712654006e-001	  6.9241739631434451e-001	  6.9376871597333734e-001	  1.9859351356833761e+000	  2.5780994373020105e+000	  6.9051979440045774e-001	  6.9460361354388478e-001	
  3.3845565473132981e+000	  3.4133902701038115e+000	  3.1259996508002521e+000	  8.1326518701745165e-001	  7.7943159755351266e-001	  7.9586112669047859e-001	  6.8854883274185252e-001	  6.9292995126553347e-001	  6.9312967556572891e-001	  1.9917668028827480e+000	  2.5857674428984687e+000	  6.9140354375107549e-001	  6.9587706646573277e-001	
  3.3912054954063655e+000	  3.4234873648880670e+000	  3.1357422954016640e+000	  8.1821378701593028e-001	  7.8045602370046485e-001	  7.9676949505657391e-001	  6.9942948936818727e-001	  6.9359587398193245e-001	  6.9258751254844197e-001	  1.9975945733514611e+000	  2.5934048022458529e+000	  6.9229737166572447e-001	  6.9715904587778199e-001	
  3.3980930010734598e+000	  3.4335158286064620e+000	  3.1455737268418429e+000	  8.2251537953878051e-001	  7.8152517828910495e-001	  7.9775658433476049e-001	  7.0888354726167402e-001	  6.9438565096504046e-001	  6.9213785986877119e-001	  2.0034380275262729e+000	  2.6009825136609885e+000	  6.9320871880317836e-001	  6.9845243127779300e-001	
  3.4051691293506017e+000	  3.4433771776899644e+000	  3.1553897476481265e+000	  8.2635745118925608e-001	  7.8262420456664217e-001	  7.9880186421645993e-001	  7.1703294805164575e-001	  6.9527659759787952e-001	  6.9177628398713342e-001	  2.0092522211852377e+000	  2.6084216927832569e+000	  6.9412450646938295e-001	  6.9974411868144137e-001	
  3.4208167326790448e+000	  3.4642449436642306e+000	  3.1767334284622284e+000	  8.3346943232821014e-001	  7.8500903239307562e-001	  8.0117554591951312e-001	  7.3198963851020826e-001	  6.9744670103759565e-001	  6.9108676508870992e-001	  2.0217426352091992e+000	  2.6240828741432680e+000	  6.9604688985729535e-001	  7.0245505809529174e-001	
  3.4380975718173263e+000	  3.4850584565135763e+000	  3.1985096619901441e+000	  8.3891017508800692e-001	  7.8747625322174775e-001	  8.0374761700184194e-001	  7.4276436392185852e-001	  6.9999924261050461e-001	  6.9093331998763363e-001	  2.0345751003302626e+000	  2.6396919854261482e+000	  6.9797064935143660e-001	  7.0510300532969128e-001	
  3.4552880442610503e+000	  3.5043299378090134e+000	  3.2191872960798387e+000	  8.4318524847618093e-001	  7.8981960480729185e-001	  8.0629159446658227e-001	  7.5073157909058952e-001	  7.0264654274748961e-001	  6.9110041908938191e-001	  2.0467771600394076e+000	  2.6540741310662685e+000	  6.9973801492356347e-001	  7.0751813598831370e-001	
  3.4721550627871722e+000	  3.5221648862159345e+000	  3.2387197995467236e+000	  8.4674068903911903e-001	  7.9199971453868023e-001	  8.0875084407991982e-001	  7.5695066764733254e-001	  7.0529597370962682e-001	  6.9153748325476438e-001	  2.0583357190677734e+000	  2.6673242173377192e+000	  7.0133373060050341e-001	  7.0967975055078980e-001	
  3.4987260414485100e+000	  3.5488632619991756e+000	  3.2684693193358751e+000	  8.5168266248310531e-001	  7.9522307337905218e-001	  8.1253908759773830e-001	  7.6508507045408058e-001	  7.0949354452953917e-001	  6.9269931123200967e-001	  2.0760128254867665e+000	  2.6870661059112670e+000	  7.0361974440935060e-001	  7.1274259282916552e-001	
  3.5236507308094009e+000	  3.5727853148639017e+000	  3.2955214765586804e+000	  8.5580246171422247e-001	  7.9803997168537155e-001	  8.1600116651853638e-001	  7.7144879750980311e-001	  7.1342311295687921e-001	  6.9428347629329012e-001	  2.0921598521802447e+000	  2.7046633085955167e+000	  7.0554699805915488e-001	  7.1529573411956893e-001	
  3.5471371002097367e+000	  3.5947843617318722e+000	  3.3204909740753297e+000	  8.5941336972806803e-001	  8.0055402060118497e-001	  8.1918940954939468e-001	  7.7682514578934259e-001	  7.1708286654533626e-001	  6.9618975133273275e-001	  2.1071436082350550e+000	  2.7207962051790870e+000	  7.0722374584903291e-001	  7.1750221367951583e-001	
  3.5692804499985207e+000	  3.6153079581036835e+000	  3.3437231575063757e+000	  8.6266897605155279e-001	  8.0283365635782833e-001	  8.2214213417850690e-001	  7.8160215543957656e-001	  7.2048973336050115e-001	  6.9831950638975682e-001	  2.1211563030721567e+000	  2.7358177079117292e+000	  7.0871616581143304e-001	  7.1946480918767619e-001	
  3.6143510055302923e+000	  3.6570859932640030e+000	  3.3903032163694538e+000	  8.6910304548924711e-001	  8.0740922741093579e-001	  8.2809531966344452e-001	  7.9092497267697570e-001	  7.2735308470008775e-001	  7.0346216064843980e-001	  2.1495816645464227e+000	  2.7664244831704603e+000	  7.1169285660926573e-001	  7.2340390226455276e-001	
  3.6510043190360975e+000	  3.6908531213989813e+000	  3.4279895438911927e+000	  8.7392006312200166e-001	  8.1075225583641719e-001	  8.3268809381242459e-001	  7.9824420249017380e-001	  7.3285164173557515e-001	  7.0832873759329829e-001	  2.1725040151158672e+000	  2.7909728275766668e+000	  7.1372727439378192e-001	  7.2612028401709949e-001	
  3.6861209809026465e+000	  3.7236081865135615e+000	  3.4636524964453876e+000	  8.7825553220804964e-001	  8.1386393016668113e-001	  8.3688072861258955e-001	  8.0483715403263445e-001	  7.3792089609129929e-001	  7.1335009082823786e-001	  2.1944561674665626e+000	  2.8149158206339950e+000	  7.1564182129502774e-001	  7.2868072119762928e-001	
  3.7195561045009780e+000	  3.7549878370797058e+000	  3.4973733283876229e+000	  8.8229999230163791e-001	  8.1680793862986401e-001	  8.4081567794886636e-001	  8.1100705608916290e-001	  7.4270372937032703e-001	  7.1834306956640670e-001	  2.2153484709729070e+000	  2.8378687269460432e+000	  7.1744883260121539e-001	  7.3113927495660247e-001	
  3.7561904380646665e+000	  3.7894359075982069e+000	  3.5341459957400021e+000	  8.8667359859511796e-001	  8.1999535976922400e-001	  8.4508551442108804e-001	  8.1777406452879797e-001	  7.4797782266691870e-001	  7.2399490490285878e-001	  2.2382701368673192e+000	  2.8630948742601432e+000	  7.1938431630790300e-001	  7.3380679825510231e-001	
  3.7895692417881301e+000	  3.8208079131300621e+000	  3.5676134584338755e+000	  8.9048781634642460e-001	  8.2273668409906486e-001	  8.4883195559577651e-001	  8.2391882999336985e-001	  7.5277379349340201e-001	  7.2929212846979585e-001	  2.2591389166898828e+000	  2.8860462776675559e+000	  7.2098987657548097e-001	  7.3605201093333616e-001	
  3.8213389381819471e+000	  3.8507360390719803e+000	  3.5993959938528297e+000	  8.9399581180944665e-001	  8.2525779875350980e-001	  8.5227997307919345e-001	  8.2969094377764063e-001	  7.5729060987473384e-001	  7.3437555751407158e-001	  2.2790296372941388e+000	  2.9079908477791649e+000	  7.2245097723056351e-001	  7.3811696135534310e-001	
  3.8514650785832294e+000	  3.8791202143657322e+000	  3.6294938137308086e+000	  8.9723113012803390e-001	  8.2755967231929262e-001	  8.5545904836346065e-001	  8.3513125193571669e-001	  7.6152708221370857e-001	  7.3921908560146377e-001	  2.2978947862685581e+000	  2.9288172528883702e+000	  7.2376232779987404e-001	  7.4000392589691211e-001	
  3.8908002086154587e+000	  3.9161290697349895e+000	  3.6687257231728023e+000	  9.0134607229049546e-001	  8.3043205461969316e-001	  8.5949277201181051e-001	  8.4222510084894842e-001	  7.6697376153986174e-001	  7.4557148713009591e-001	  2.3225604505497683e+000	  2.9560263892079290e+000	  7.2537225611368539e-001	  7.4237561293800869e-001	
  3.9247798749363283e+000	  3.9480148874033918e+000	  3.7027138341080348e+000	  9.0450141758222014e-001	  8.3252143485104546e-001	  8.6262507063084626e-001	  8.4823003462090973e-001	  7.7153241689012919e-001	  7.5112168030333237e-001	  2.3438238382928689e+000	  2.9794256726525838e+000	  7.2641718908331232e-001	  7.4401676405855921e-001	
  3.9578068652092471e+000	  3.9792522148989273e+000	  3.7356799650040133e+000	  9.0740656410329223e-001	  8.3450405914644499e-001	  8.6549841592009302e-001	  8.5383218521507875e-001	  7.7586841315862554e-001	  7.5636793166483085e-001	  2.3645686868490428e+000	  3.0024596285267529e+000	  7.2742489487820539e-001	  7.4561145021511721e-001	
  3.9691672257861659e+000	  3.9890919839112273e+000	  3.7468816242985246e+000	  9.0474016706400051e-001	  8.3467419225659889e-001	  8.6625767373168250e-001	  8.4531759051466371e-001	  7.7807827966632981e-001	  7.5973126221890819e-001	  2.3713927942860731e+000	  3.0093805132110254e+000	  7.2713536057179773e-001	  7.4543886587976904e-001	
  3.9775057566273015e+000	  3.9957722760964289e+000	  3.7541347012591837e+000	  9.0125054463033083e-001	  8.3455300652944331e-001	  8.6648499522683564e-001	  8.3785004917709660e-001	  7.7988639471907006e-001	  7.6318986946672973e-001	  2.3763129017866542e+000	  3.0141713000805592e+000	  7.2672518506222006e-001	  7.4509200063913783e-001	
  3.9785333400392990e+000	  3.9961325935080718e+000	  3.7545547206451517e+000	  8.9958567166584913e-001	  8.3370390552477636e-001	  8.6572453548381900e-001	  8.3668310395439627e-001	  7.8036020175035059e-001	  7.6509131762789206e-001	  2.3769437133730604e+000	  3.0142484510528198e+000	  7.2587784644263409e-001	  7.4418423217222085e-001	
  3.9782919083205424e+000	  3.9962593584307369e+000	  3.7543587819112751e+000	  8.9861938412700260e-001	  8.3260839055893521e-001	  8.6454092609481237e-001	  8.3738906889300679e-001	  7.8035704158709329e-001	  7.6628917418422160e-001	  2.3770778761609366e+000	  3.0142308196372909e+000	  7.2490780983483627e-001	  7.4309452854409708e-001	
  3.9798381275890820e+000	  3.9984760755784210e+000	  3.7560948088178376e+000	  8.9770671904880817e-001	  8.3175181728178327e-001	  8.6350465635875906e-001	  8.3790712961958957e-001	  7.8044289447443849e-001	  7.6721575518104701e-001	  2.3783985101387621e+000	  3.0158369787474570e+000	  7.2415024298234665e-001	  7.4229901526517816e-001	
  3.9826825456481556e+000	  4.0016150600652090e+000	  3.7588748165421588e+000	  8.9679636156025755e-001	  8.3108320142112269e-001	  8.6267041429364488e-001	  8.3811003682922025e-001	  7.8074256019272703e-001	  7.6805279162657569e-001	  2.3804055267738042e+000	  3.0181120293146018e+000	  7.2352095233276259e-001	  7.4169805229424302e-001	
  3.9857565637480268e+000	  4.0046855668640617e+000	  3.7617165381535167e+000	  8.9599802192135181e-001	  8.3043724094970683e-001	  8.6187595921604099e-001	  8.3843473411906067e-001	  7.8114311253218605e-001	  7.6884634318930567e-001	  2.3824779929425204e+000	  3.0203135559852372e+000	  7.2289201943023051e-001	  7.4109204874197654e-001	
  3.9895488439148821e+000	  4.0085769431188165e+000	  3.7652919270229206e+000	  8.9490822061830466e-001	  8.2945627428524038e-001	  8.6065332349024981e-001	  8.3908235178472623e-001	  7.8162780962279133e-001	  7.6984230837221201e-001	  2.3851029680962350e+000	  3.0230973808646850e+000	  7.2195722964806863e-001	  7.4015992994997681e-001	
  3.9927469044831083e+000	  4.0118932359352346e+000	  3.7683571651895460e+000	  8.9415394697511186e-001	  8.2876253145264978e-001	  8.5976838286337931e-001	  8.3968330176559447e-001	  7.8203220649717198e-001	  7.7059573244736612e-001	  2.3873303113401461e+000	  3.0254989832078816e+000	  7.2129168580072156e-001	  7.3951262560087150e-001	
  4.0019223050832435e+000	  4.0213773943568087e+000	  3.7775416700352857e+000	  8.9566332086138611e-001	  8.2858593023922067e-001	  8.5941542464784115e-001	  8.4665858521501136e-001	  7.8283015918218812e-001	  7.7144573563171481e-001	  2.3934903951933517e+000	  3.0325969407266138e+000	  7.2103599688464393e-001	  7.3941505138508690e-001	
  4.0122816507995349e+000	  4.0320639319624672e+000	  3.7882134595524408e+000	  8.9724789392285098e-001	  8.2857683651827563e-001	  8.5931851501335121e-001	  8.5222793453865253e-001	  7.8385965534695756e-001	  7.7230574847978206e-001	  2.4004043273675522e+000	  3.0405362507641165e+000	  7.2087341270733418e-001	  7.3944621346308381e-001	
  4.0236355478813897e+000	  4.0433714132720420e+000	  3.7997304703821930e+000	  8.9807831026810092e-001	  8.2870693579264931e-001	  8.5943962099311244e-001	  8.5530761419694112e-001	  7.8515237173619645e-001	  7.7341145426025171e-001	  2.4077975079741165e+000	  3.0489271636326407e+000	  7.2078679179840754e-001	  7.3956612731353599e-001	
  4.0352305437542766e+000	  4.0545189818822545e+000	  3.8112138312667190e+000	  8.9845124506659690e-001	  8.2882646025939199e-001	  8.5959672146390642e-001	  8.5728492561493819e-001	  7.8655326264773151e-001	  7.7474231138051508e-001	  2.4152010693428392e+000	  3.0571815278577787e+000	  7.2066767824513989e-001	  7.3964441518848023e-001	
  4.0460683019753345e+000	  4.0647870126349437e+000	  3.8218091902856002e+000	  8.9865063014669178e-001	  8.2884997665456706e-001	  8.5966957633471264e-001	  8.5894991327209957e-001	  7.8787386709857077e-001	  7.7614973783685026e-001	  2.4220767707919308e+000	  3.0647760864577496e+000	  7.2047366341462771e-001	  7.3961823137652782e-001	
  4.0560972028153657e+000	  4.0743461678299537e+000	  3.8316142761033336e+000	  8.9875435381167113e-001	  8.2878551675137402e-001	  8.5964383732420380e-001	  8.6052785407693755e-001	  7.8908054058559673e-001	  7.7756070570333213e-001	  2.4284744801996871e+000	  3.0718542859466154e+000	  7.2022024053029032e-001	  7.3950828040204986e-001	
  4.0654524715617786e+000	  4.0833538070774562e+000	  3.8407816330504359e+000	  8.9876516383553495e-001	  8.2865138788004833e-001	  8.5952887571516923e-001	  8.6200833468773941e-001	  7.9017875881567301e-001	  7.7891755746063729e-001	  2.4344761290194716e+000	  3.0785349583485764e+000	  7.1992367679696323e-001	  7.3934139018063794e-001	
  4.0845116090384703e+000	  4.1018159197474624e+000	  3.8593969908997523e+000	  8.9864412822823247e-001	  8.2827744620095978e-001	  8.5914405558136364e-001	  8.6497910000276790e-001	  7.9237664995275192e-001	  7.8168509621302251e-001	  2.4467570140696169e+000	  3.0922725118691470e+000	  7.1924299047434748e-001	  7.3893365850267234e-001	
  4.0989151389045446e+000	  4.1159289799080074e+000	  3.8733730820973773e+000	  8.9772290515534292e-001	  8.2728800710399097e-001	  8.5798972220652248e-001	  8.6693642902976986e-001	  7.9375341134195621e-001	  7.8369968830091796e-001	  2.4560023357756982e+000	  3.1027626812329294e+000	  7.1813650711278465e-001	  7.3793946870746052e-001	
  4.1148245062724556e+000	  4.1315876056782548e+000	  3.8887002297610969e+000	  8.9712304883292693e-001	  8.2660467798151516e-001	  8.5711356364752067e-001	  8.6911276328118081e-001	  7.9533630021231161e-001	  7.8582754600312399e-001	  2.4662861152076614e+000	  3.1145088765467288e+000	  7.1729113315416571e-001	  7.3729797422309618e-001	
  4.1289524334229739e+000	  4.1454904638821271e+000	  3.9022983450835063e+000	  8.9636028385877653e-001	  8.2577806215320204e-001	  8.5609013438741355e-001	  8.7107533719223684e-001	  7.9674002901553187e-001	  7.8773634482191124e-001	  2.4754704636431009e+000	  3.1249413827222980e+000	  7.1634216233940895e-001	  7.3652138190048344e-001	
  4.1502230390197905e+000	  4.1665988137476617e+000	  3.9226590862718194e+000	  8.9459064146019851e-001	  8.2401334378618463e-001	  8.5388041347708998e-001	  8.7380488057802941e-001	  7.9863007713494527e-001	  7.9049421186637225e-001	  2.4893553418254366e+000	  3.1408615469643131e+000	  7.1449429843366330e-001	  7.3487840149864925e-001	
  4.1671564068125910e+000	  4.1836872033035650e+000	  3.9386460408057720e+000	  8.9223188632103312e-001	  8.2182512090649573e-001	  8.5108751724635479e-001	  8.7553071916509062e-001	  7.9970941653862082e-001	  7.9238646251918954e-001	  2.5003896947115267e+000	  3.1538267500743995e+000	  7.1239804727898537e-001	  7.3285936355818759e-001	
  4.1863035930862065e+000	  4.2028739081250217e+000	  3.9567430636571479e+000	  8.9058038793073968e-001	  8.2022803595902904e-001	  8.4896503349365116e-001	  8.7787832475980965e-001	  8.0131525962105143e-001	  7.9460732100635900e-001	  2.5130299304176149e+000	  3.1684839409952863e+000	  7.1076825912042185e-001	  7.3147007654762597e-001	
  4.1994988451623882e+000	  4.2163641333618420e+000	  3.9690037267249094e+000	  8.8810460128875435e-001	  8.1797077603555335e-001	  8.4607259923600731e-001	  8.7906971716563032e-001	  8.0197617462213699e-001	  7.9591406824619582e-001	  2.5217577136471978e+000	  3.1788550544288428e+000	  7.0868343036747161e-001	  7.2941944010335624e-001	
  4.2175263011759023e+000	  4.2349620969708379e+000	  3.9855814540602723e+000	  8.8481808151220742e-001	  8.1502902438096114e-001	  8.4217783410322378e-001	  8.8050016173820556e-001	  8.0273982186945303e-001	  7.9744120957951914e-001	  2.5336853125687435e+000	  3.1932731406044477e+000	  7.0600010867036200e-001	  7.2681227814793814e-001	
  4.2340180708767576e+000	  4.2520456522537806e+000	  4.0006571424049673e+000	  8.8173857891477636e-001	  8.1228184098988043e-001	  8.3851567888704592e-001	  8.8177244009628541e-001	  8.0339590695768748e-001	  7.9871483481134387e-001	  2.5446678909744587e+000	  3.2066123446354977e+000	  7.0350936295797473e-001	  7.2440734257747930e-001	
  4.2486060225157409e+000	  4.2672755710767118e+000	  4.0139098502403323e+000	  8.7874938722703011e-001	  8.0963382932767936e-001	  8.3499243308138860e-001	  8.8278400449251981e-001	  8.0386125495628413e-001	  7.9972874986926157e-001	  2.5544522482845968e+000	  3.2186084547897846e+000	  7.0113688315769140e-001	  7.2209865316136512e-001	
  4.2607467980536846e+000	  4.2801803250436672e+000	  4.0247837769683557e+000	  8.7569114492142153e-001	  8.0697019180899598e-001	  8.3145089905643521e-001	  8.8329918689351627e-001	  8.0394606267298840e-001	  8.0031140031173065e-001	  2.5626036184549488e+000	  3.2288848896557329e+000	  6.9880512062439948e-001	  7.1977075514580158e-001	
  4.2771952481363336e+000	  4.2981998101295060e+000	  4.0391746332615828e+000	  8.7031904889391454e-001	  8.0240932611078275e-001	  8.2532958187674399e-001	  8.8300933520057034e-001	  8.0318790246745830e-001	  8.0021007997601756e-001	  2.5734291410964332e+000	  3.2434198424307716e+000	  6.9493476654631481e-001	  7.1575651301136700e-001	
  4.2917358739228835e+000	  4.3128808553808815e+000	  4.0528957206706675e+000	  8.6978350625371137e-001	  8.0186651875436077e-001	  8.2448024566535871e-001	  8.8492303268511641e-001	  8.0454582152152521e-001	  8.0160609572031716e-001	  2.5833292954470681e+000	  3.2549967043320609e+000	  6.9429972896688441e-001	  7.1544652671998077e-001	
  4.2950553740296522e+000	  4.3164494559331548e+000	  4.0559137183731560e+000	  8.6855213102877504e-001	  8.0075948600731595e-001	  8.2313917211121035e-001	  8.8511433550912755e-001	  8.0455641104579434e-001	  8.0182349490062677e-001	  2.5857272120797239e+000	  3.2579574363735224e+000	  6.9332591253950271e-001	  7.1444828314182340e-001	
  4.2956134954635905e+000	  4.3171757419359738e+000	  4.0563440508434896e+000	  8.6800009516343513e-001	  8.0029114435197568e-001	  8.2255090327997549e-001	  8.8495749858919226e-001	  8.0438488214644976e-001	  8.0176365429490870e-001	  2.5861288360000509e+000	  3.2586115286076174e+000	  6.9294130888343675e-001	  7.1402086474583926e-001	
  4.3043232046374476e+000	  4.3262691565768989e+000	  4.0650202860780791e+000	  8.6964535404630039e-001	  8.0058549125354805e-001	  8.2275083735711374e-001	  8.9109789344595147e-001	  8.0489692084930364e-001	  8.0209192944219010e-001	  2.5919308602529565e+000	  3.2656785079795569e+000	  6.9314794983662475e-001	  7.1440074616704741e-001	
  4.3133097926397541e+000	  4.3357051790188459e+000	  4.0744272810274493e+000	  8.7137882627349461e-001	  8.0096017890117877e-001	  8.2314333925616345e-001	  8.9613445913232959e-001	  8.0560490482256042e-001	  8.0238736714852743e-001	  2.5979597707982363e+000	  3.2729063356034729e+000	  6.9337117592226860e-001	  7.1482310657284320e-001	
  4.3227368766393921e+000	  4.3452250135057344e+000	  4.0841759720401045e+000	  8.7246316308891458e-001	  8.0137740850349604e-001	  8.2364701998931189e-001	  8.9886800512855658e-001	  8.0650184014972925e-001	  8.0285639802271602e-001	  2.6041187159964667e+000	  3.2801839174026255e+000	  6.9359907672069832e-001	  7.1523310335979451e-001	
  4.3343454083898756e+000	  4.3563138644539290e+000	  4.0956577575990938e+000	  8.7327431603754202e-001	  8.0185303143422570e-001	  8.2426765298405513e-001	  9.0071994348669460e-001	  8.0766800514875947e-001	  8.0368687646269810e-001	  2.6114405519081272e+000	  3.2886623284591563e+000	  6.9383044971538466e-001	  7.1566245361930114e-001	
  4.3441904386757493e+000	  4.3656030801668404e+000	  4.1052402480534731e+000	  8.7377959240180358e-001	  8.0211413096927664e-001	  8.2464908955937899e-001	  9.0205544157905526e-001	  8.0856671267700808e-001	  8.0442966777772917e-001	  2.6175492628351207e+000	  3.2957776402656664e+000	  6.9390622776343158e-001	  7.1586958308450699e-001	
  4.3537002247653476e+000	  4.3746515458866853e+000	  4.1144521994563075e+000	  8.7424783215448754e-001	  8.0236588457871316e-001	  8.2500210112032912e-001	  9.0328401470271602e-001	  8.0939995629109907e-001	  8.0519781312831884e-001	  2.6234649426213328e+000	  3.3027361966558746e+000	  6.9398626780092831e-001	  7.1607899813525899e-001	
  4.3664837748932497e+000	  4.3869141097940174e+000	  4.1268383156316810e+000	  8.7486417605483791e-001	  8.0271144515115711e-001	  8.2547917018974526e-001	  9.0490913544738949e-001	  8.1051354132697373e-001	  8.0628670443030381e-001	  2.6314717179371079e+000	  3.3122026950382462e+000	  6.9410165525149758e-001	  7.1638124035066719e-001	
  4.3767751228826448e+000	  4.3968649200897802e+000	  4.1367750920473174e+000	  8.7510920905591338e-001	  8.0277937353915318e-001	  8.2561627618384004e-001	  9.0600602526687368e-001	  8.1122146635216452e-001	  8.0704224502241362e-001	  2.6378453824271322e+000	  3.3199293824498302e+000	  6.9402776130004407e-001	  7.1641143158400566e-001	
  4.3875671977368338e+000	  4.4073512141504150e+000	  4.1471778719075063e+000	  8.7549437249627271e-001	  8.0298443073533343e-001	  8.2588612074320367e-001	  9.0718885229963464e-001	  8.1202058270624777e-001	  8.0786634190249618e-001	  2.6445990450111303e+000	  3.3280990824121686e+000	  6.9406811208659158e-001	  7.1659745282916298e-001	
  4.4063149412003826e+000	  4.4256130128018203e+000	  4.1652176376264416e+000	  8.7608125300056550e-001	  8.0326825372899469e-001	  8.2627270697678190e-001	  9.0915476337820977e-001	  8.1333473325814043e-001	  8.0920986886991320e-001	  2.6563641317466269e+000	  3.3424226803566266e+000	  6.9407902724338111e-001	  7.1685911377975942e-001	
  4.4017074361759390e+000	  4.4212996140779506e+000	  4.1605787666671485e+000	  8.7451467248878811e-001	  8.0193332068286760e-001	  8.2473886286483755e-001	  9.0757748403845584e-001	  8.1195534483958354e-001	  8.0807308949612078e-001	  2.6529140715907933e+000	  3.3392047177451705e+000	  6.9305480812143982e-001	  7.1547042706836872e-001	
  4.4151359109451480e+000	  4.4345450315026271e+000	  4.1734219902261076e+000	  8.7584387675769615e-001	  8.0305551703874356e-001	  8.2588308800605292e-001	  9.0925643892449304e-001	  8.1328165397797847e-001	  8.0925245419611247e-001	  2.6615805581820511e+000	  3.3495429441833595e+000	  6.9387852995208532e-001	  7.1666472512723212e-001	
  4.4229540628775581e+000	  4.4420137537346598e+000	  4.1810435423217100e+000	  8.7661134072978208e-001	  8.0360660556596319e-001	  8.2657854456061219e-001	  9.1052364985191170e-001	  8.1423382475745842e-001	  8.1002868846852261e-001	  2.6666630699595935e+000	  3.3553254538299453e+000	  6.9420903960830282e-001	  7.1722546627513850e-001	
  4.4220200988866312e+000	  4.4410519417862782e+000	  4.1801458374209464e+000	  8.7653578375110197e-001	  8.0351542325039860e-001	  8.2649491578912726e-001	  9.1069074404372730e-001	  8.1414239495672991e-001	  8.0993232143503713e-001	  2.6660807021996971e+000	  3.3545436440549561e+000	  6.9412413295774245e-001	  7.1695561821238574e-001	
  4.4222894336280598e+000	  4.4412624920664170e+000	  4.1803634946586188e+000	  8.7659162174541871e-001	  8.0351692030524369e-001	  8.2650541259623800e-001	  9.1121127792918466e-001	  8.1416314675145873e-001	  8.0995538808937984e-001	  2.6662659163997322e+000	  3.3546616095008108e+000	  6.9411215910467372e-001	  7.1642216615545840e-001	
  4.4226352763874415e+000	  4.4414989881272220e+000	  4.1806070878686450e+000	  8.7668717424158504e-001	  8.0351932946699800e-001	  8.2651658670711392e-001	  9.1187735967518668e-001	  8.1417861139534886e-001	  8.0997827579251214e-001	  2.6664988385061865e+000	  3.3547692981616524e+000	  6.9409673682599971e-001	  7.1572115817390192e-001	
  4.4234691684020957e+000	  4.4419064746572250e+000	  4.1810428796758110e+000	  8.7699820535218742e-001	  8.0352073091398346e-001	  8.2653796018149306e-001	  9.1337579948228087e-001	  8.1419106433027455e-001	  8.1001994002606592e-001	  2.6669837308970181e+000	  3.3549030620869451e+000	  6.9405756855127343e-001	  7.1440014779908645e-001	
  4.4245486803555041e+000	  4.4423419547710656e+000	  4.1815197377688511e+000	  8.7742014038973015e-001	  8.0352319024155150e-001	  8.2656453123229578e-001	  9.1493575254687376e-001	  8.1419794577747850e-001	  8.1006582417060002e-001	  2.6675344829349972e+000	  3.3550606947830723e+000	  6.9401848086267093e-001	  7.1333068974612490e-001	
  4.4258193387647502e+000	  4.4427794911293734e+000	  4.1820114328431472e+000	  8.7791978620683808e-001	  8.0352437597861015e-001	  8.2659352809669462e-001	  9.1647275802711081e-001	  8.1420203304882344e-001	  8.1011291237049354e-001	  2.6681197838367607e+000	  3.3552373037247691e+000	  6.9398084206350463e-001	  7.1252169847268387e-001	
  4.4289169053237805e+000	  4.4436829441981862e+000	  4.1830552480040275e+000	  8.7908930361885329e-001	  8.0352254444497639e-001	  8.2665847668848891e-001	  9.1938209333985210e-001	  8.1420319430695109e-001	  8.1021247064778712e-001	  2.6693874709732488e+000	  3.3556083824608862e+000	  6.9391038439443664e-001	  7.1085009801005539e-001	
  4.4323601092988865e+000	  4.4446848171625080e+000	  4.1841998042752797e+000	  8.8029631802083141e-001	  8.0353067248080046e-001	  8.2673655132347679e-001	  9.2195145503329490e-001	  8.1421618736122803e-001	  8.1032356898542468e-001	  2.6707271171497533e+000	  3.3560888384199723e+000	  6.9385900116542887e-001	  7.0949812934027723e-001	
  4.4359335491402101e+000	  4.4457532990511570e+000	  4.1853944902547102e+000	  8.8147075181818735e-001	  8.0355051369089447e-001	  8.2682342573009127e-001	  9.2420201332041985e-001	  8.1424802020365050e-001	  8.1044142346325221e-001	  2.6720847991723349e+000	  3.3566726850273394e+000	  6.9382670196925789e-001	  7.0859365245015105e-001	
  4.4417468359865193e+000	  4.4476177739945877e+000	  4.1874022135226721e+000	  8.8326142830362930e-001	  8.0361092343658302e-001	  8.2697820442954895e-001	  9.2736683510422735e-001	  8.1434657242444886e-001	  8.1064408104768959e-001	  2.6742904860757664e+000	  3.3578074240520945e+000	  6.9381000890557698e-001	  7.0776445082005279e-001	
  4.4473614280181533e+000	  4.4496529008599293e+000	  4.1894732128348391e+000	  8.8485062303775830e-001	  8.0371421790944941e-001	  8.2714878945307324e-001	  9.2993200570047496e-001	  8.1451146115533180e-001	  8.1086021455586377e-001	  2.6764599883263647e+000	  3.3591615641546255e+000	  6.9384000088741504e-001	  7.0749393475684930e-001	
  4.4526293553391874e+000	  4.4518589881272783e+000	  4.1915950709266143e+000	  8.8622359811622275e-001	  8.0386276759598596e-001	  8.2733398936890012e-001	  9.3200236938153125e-001	  8.1473853570576127e-001	  8.1108969041731216e-001	  2.6785742869147846e+000	  3.3606987713040541e+000	  6.9391231864145142e-001	  7.0748317104364433e-001	
  4.4574961418646781e+000	  4.4541990660831763e+000	  4.1937465772390849e+000	  8.8739919234341502e-001	  8.0405006008158209e-001	  8.2753125843151576e-001	  9.3369324223471184e-001	  8.1501288366975544e-001	  8.1133042578311176e-001	  2.6806199827172752e+000	  3.3623661424075384e+000	  6.9401782682586632e-001	  7.0757542885522140e-001	
  4.4582467834862989e+000	  4.4544419030157494e+000	  4.1939475772564165e+000	  8.8761219217008014e-001	  8.0406902084221699e-001	  8.2754972395914150e-001	  9.3399848222591142e-001	  8.1504902979816285e-001	  8.1135449396297132e-001	  2.6808786042597776e+000	  3.3625155756504235e+000	  6.9402204994691907e-001	  7.0755235671529204e-001	
  4.4593126634227076e+000	  4.4550243251999175e+000	  4.1944681609984018e+000	  8.8784590537122077e-001	  8.0411609918442206e-001	  8.2759570318442111e-001	  9.3432789422380824e-001	  8.1511952867250981e-001	  8.1141386994304765e-001	  2.6813469147667748e+000	  3.3629336923934403e+000	  6.9404997173903626e-001	  7.0751783892219067e-001	
  4.4603638572174891e+000	  4.4556152484205045e+000	  4.1949936296274268e+000	  8.8807315379932017e-001	  8.0416546658421117e-001	  8.2764253446566693e-001	  9.3464543026719371e-001	  8.1518998216941285e-001	  8.1147347591061247e-001	  2.6818183503419557e+000	  3.3633550520781430e+000	  6.9407955673774580e-001	  7.0745733547349454e-001	
  4.4613912907993489e+000	  4.4562042210442492e+000	  4.1955151558225179e+000	  8.8829449054842657e-001	  8.0421694736429394e-001	  8.2769044141069392e-001	  9.3495182910148644e-001	  8.1526026180838640e-001	  8.1153332464164218e-001	  2.6822820304592501e+000	  3.3637726875789529e+000	  6.9411062108863320e-001	  7.0738605068558169e-001	
  4.4645147718169680e+000	  4.4580984252620581e+000	  4.1971951848122488e+000	  8.8894746861159846e-001	  8.0439112597661089e-001	  8.2785236791558381e-001	  9.3584119779194841e-001	  8.1548597565271663e-001	  8.1172873111933197e-001	  2.6837350088556096e+000	  3.3651244653656902e+000	  6.9421875745423511e-001	  7.0722423575995730e-001	
  4.4673418663618873e+000	  4.4598520450801589e+000	  4.1987416771493136e+000	  8.8953515649955861e-001	  8.0455922735310170e-001	  8.2800936183807206e-001	  9.3663217731125425e-001	  8.1570023618374421e-001	  8.1191350447663591e-001	  2.6850619225624550e+000	  3.3663749593334042e+000	  6.9432215210989334e-001	  7.0714433918986552e-001	
  4.4700128368524590e+000	  4.4615468729653438e+000	  4.2002714951119762e+000	  8.9007230548898986e-001	  8.0470686653380685e-001	  8.2816873066473351e-001	  9.3735026522938047e-001	  8.1591666563995680e-001	  8.1210031012342621e-001	  2.6863405971159868e+000	  3.3674599413564379e+000	  6.9430451945251903e-001	  7.0714372238682899e-001	
  4.4725374264092812e+000	  4.4631246360067296e+000	  4.2017784661308513e+000	  8.9056486725616746e-001	  8.0481567102259122e-001	  8.2832889968218704e-001	  9.3800534021533977e-001	  8.1613419757857775e-001	  8.1228834490014612e-001	  2.6875646890006881e+000	  3.3683033226793215e+000	  6.9416203020882827e-001	  7.0716886125807044e-001	
  4.4749150876959289e+000	  4.4645426002036093e+000	  4.2032614894553850e+000	  8.9101497004305119e-001	  8.0488606240955307e-001	  8.2848994991856040e-001	  9.3860117445516755e-001	  8.1635141264945388e-001	  8.1247846700894055e-001	  2.6887280906881790e+000	  3.3689717833655846e+000	  6.9398276823050620e-001	  7.0717633541611546e-001	
  4.4771833654958026e+000	  4.4658839030363762e+000	  4.2047360958955711e+000	  8.9143169836694347e-001	  8.0494904219627372e-001	  8.2865185770816974e-001	  9.3915024042687378e-001	  8.1656581777026671e-001	  8.1266988449392552e-001	  2.6898536221316607e+000	  3.3696340211797287e+000	  6.9384092599131908e-001	  7.0717540956869940e-001	
  4.4793427508609733e+000	  4.4671759831773832e+000	  4.2061902934914306e+000	  8.9181856152754280e-001	  8.0501495660584044e-001	  8.2881291061213613e-001	  9.3965879061031321e-001	  8.1677477937853604e-001	  8.1286012883005410e-001	  2.6909402268663158e+000	  3.3703248521737508e+000	  6.9374306799296537e-001	  7.0717571346901043e-001	
  4.4805231714900779e+000	  4.4678350240024312e+000	  4.2069643372169363e+000	  8.9203624843432494e-001	  8.0504419280885620e-001	  8.2890012810228286e-001	  9.3994842872706863e-001	  8.1688916819100810e-001	  8.1296448052859194e-001	  2.6915188624245028e+000	  3.3706623347923474e+000	  6.9368555050596703e-001	  7.0716336471499930e-001	
  4.4818414983789747e+000	  4.4686588359961430e+000	  4.2078930107344421e+000	  8.9226025634726414e-001	  8.0509031278378052e-001	  8.2900055792205563e-001	  9.4024467189963035e-001	  8.1701813261381417e-001	  8.1308543655494303e-001	  2.6921959651132914e+000	  3.3711511374987730e+000	  6.9365238779836658e-001	  7.0716763742089994e-001	
  4.4831275307122116e+000	  4.4694817405900267e+000	  4.2088167510354992e+000	  8.9247673733187161e-001	  8.0514117813838204e-001	  8.2910140354996842e-001	  9.4052888686929326e-001	  8.1714495120355646e-001	  8.1320556739338012e-001	  2.6928641425440083e+000	  3.3716584096511983e+000	  6.9363271888214106e-001	  7.0717872724468245e-001	
  4.4843787567019078e+000	  4.4703021473515463e+000	  4.2097328661048463e+000	  8.9268558309275992e-001	  8.0519628256539733e-001	  8.2920273687496227e-001	  9.4080176599997867e-001	  8.1726990279404987e-001	  8.1332490190190276e-001	  2.6935206766467177e+000	  3.3721811905696746e+000	  6.9362485209423896e-001	  7.0719653320692311e-001	
  4.4871851432955436e+000	  4.4722590170311758e+000	  4.2118794377009214e+000	  8.9313903347355650e-001	  8.0534323115936834e-001	  8.2944406419186811e-001	  9.4138855132096633e-001	  8.1754622669805310e-001	  8.1360228236613719e-001	  2.6950347544708966e+000	  3.3734587472091371e+000	  6.9364774711927368e-001	  7.0688641801256147e-001	
  4.4896318019997157e+000	  4.4739671804964303e+000	  4.2137824085262050e+000	  8.9353588771026238e-001	  8.0547151398577777e-001	  8.2966488471135269e-001	  9.4190726879415509e-001	  8.1776903216367802e-001	  8.1385258900468016e-001	  2.6963539497015523e+000	  3.3745461466513729e+000	  6.9367532193595305e-001	  7.0623741437801490e-001	
  4.4919693605267916e+000	  4.4756468774368070e+000	  4.2156634816745022e+000	  8.9390006609507733e-001	  8.0559281684540462e-001	  8.2988168268780682e-001	  9.4238820022330816e-001	  8.1796100876385203e-001	  8.1409925570049402e-001	  2.6976318468177474e+000	  3.3756382730699097e+000	  6.9371255852109459e-001	  7.0558122400385315e-001	
  4.4942188614838958e+000	  4.4773006685448999e+000	  4.2175284645065263e+000	  8.9423845201172092e-001	  8.0570840173604719e-001	  8.3009504901009190e-001	  9.4283652375243365e-001	  8.1813323584326625e-001	  8.1434175878968107e-001	  2.6988769460876645e+000	  3.3767565484300595e+000	  6.9375755152267582e-001	  7.0513331212863184e-001	
  4.5009929827130684e+000	  4.4826466088449770e+000	  4.2234524711346992e+000	  8.9522033781111998e-001	  8.0613449926046843e-001	  8.3079325732557086e-001	  9.4411043306545550e-001	  8.1872266076343148e-001	  8.1510136038529202e-001	  2.7027816784437699e+000	  3.3806201694706064e+000	  6.9399259132305413e-001	  7.0482521136693144e-001	
  4.5059467252881191e+000	  4.4865826755001645e+000	  4.2279394320960089e+000	  8.9590762948968050e-001	  8.0641856926066602e-001	  8.3131795400043274e-001	  9.4504928366612273e-001	  8.1917263762506631e-001	  8.1567940725522847e-001	  2.7056323137790170e+000	  3.3835400928585391e+000	  6.9414232619938099e-001	  7.0500954272958016e-001	
  4.5108394250904773e+000	  4.4907553252808983e+000	  4.2325186701290800e+000	  8.9652126192553561e-001	  8.0672938001524097e-001	  8.3181995606573678e-001	  9.4588144126106921e-001	  8.1964232746536192e-001	  8.1623735004160825e-001	  2.7085196750673699e+000	  3.3867029710778089e+000	  6.9432559403534111e-001	  7.0531571110807723e-001	
  4.5156620404193824e+000	  4.4950297735620710e+000	  4.2371030161479739e+000	  8.9710988129692060e-001	  8.0706990468968598e-001	  8.3232159817087159e-001	  9.4665356110523347e-001	  8.2011836024580709e-001	  8.1677352093972089e-001	  2.7114062977160436e+000	  3.3899499548747407e+000	  6.9453519615548920e-001	  7.0560964659147896e-001	
  4.5265762292945757e+000	  4.5049474580173907e+000	  4.2476006321156659e+000	  8.9848281375908445e-001	  8.0795688753907957e-001	  8.3354826743855592e-001	  9.4838795862318670e-001	  8.2128758522075451e-001	  8.1799931193078856e-001	  2.7180795996597071e+000	  3.3974989313870965e+000	  6.9510520521403196e-001	  7.0635953693697262e-001	
  4.5340119959627794e+000	  4.5116619514801473e+000	  4.2548264459522747e+000	  8.9931073109063520e-001	  8.0844240511057808e-001	  8.3431152890646765e-001	  9.4948080779806809e-001	  8.2198425589577928e-001	  8.1876595810453101e-001	  2.7224981491939118e+000	  3.4025941014700170e+000	  6.9538089754991128e-001	  7.0669865210325067e-001	
  4.5421347834381418e+000	  4.5191945506818332e+000	  4.2626908446906224e+000	  9.0021111658715702e-001	  8.0903865116291418e-001	  8.3513335835961167e-001	  9.5057420078175281e-001	  8.2272055665561405e-001	  8.1956044780595683e-001	  2.7274209940500280e+000	  3.4083873686201684e+000	  6.9576339934165721e-001	  7.0717892481587608e-001	
  4.5503836785713805e+000	  4.5268811164483562e+000	  4.2706972152696769e+000	  9.0116468169968700e-001	  8.0969670430682383e-001	  8.3601711534018153e-001	  9.5167180965608245e-001	  8.2348810564788222e-001	  8.2033315718497335e-001	  2.7324386214549348e+000	  3.4142901062386737e+000	  6.9619388317388486e-001	  7.0774523497998487e-001	
  4.5621553096561982e+000	  4.5378722887552483e+000	  4.2822412742638587e+000	  9.0258928376542058e-001	  8.1069838607597633e-001	  8.3737818273133380e-001	  9.5330806496919951e-001	  8.2467669850709757e-001	  8.2148179448332437e-001	  2.7397031408986399e+000	  3.4227579253510370e+000	  6.9684652227101962e-001	  7.0860040288541060e-001	
  4.5707188736054967e+000	  4.5458547825727962e+000	  4.2906962940994759e+000	  9.0353263214177171e-001	  8.1133059783575578e-001	  8.3830001439355128e-001	  9.5434795648941184e-001	  8.2539217856281044e-001	  8.2219874026723194e-001	  2.7448861401998665e+000	  3.4289513256238213e+000	  6.9723936737257830e-001	  7.0908719507949691e-001	
  4.5799542889503044e+000	  4.5545747103576222e+000	  4.2997627762489250e+000	  9.0462111439211568e-001	  8.1211494650598681e-001	  8.3934807855442883e-001	  9.5545010634241290e-001	  8.2618450146969802e-001	  8.2295837220129764e-001	  2.7505706167919426e+000	  3.4357636185062961e+000	  6.9776600539313416e-001	  7.0975961185249203e-001	
  4.5884444029106719e+000	  4.5625791075095723e+000	  4.3081366608067002e+000	  9.0568467914895867e-001	  8.1288481145246672e-001	  8.4038937585826690e-001	  9.5648203703138779e-001	  8.2693914307728444e-001	  8.2363767471605798e-001	  2.7558183472869220e+000	  3.4420294360523611e+000	  6.9828257922637171e-001	  7.1042681700061550e-001	
  4.6003360027369782e+000	  4.5738023272310748e+000	  4.3199284029234359e+000	  9.0723738813284549e-001	  8.1401070672066023e-001	  8.4193568079839320e-001	  9.5786807919095718e-001	  8.2795373799203464e-001	  8.2451875526707930e-001	  2.7632023807232629e+000	  3.4509106217054395e+000	  6.9904316184562787e-001	  7.1139105391708879e-001	
  4.6074290546578123e+000	  4.5805189333125744e+000	  4.3269013760737156e+000	  9.0808543373979755e-001	  8.1459511795190342e-001	  8.4278513196900673e-001	  9.5823997567592389e-001	  8.2812825626714381e-001	  8.2462325071749731e-001	  2.7673528809275321e+000	  3.4563893270805219e+000	  6.9944853312994704e-001	  7.1183801286164761e-001	
  4.6182402426001339e+000	  4.5908315906215584e+000	  4.3374391682070348e+000	  9.0973981646995439e-001	  8.1586641149883887e-001	  8.4437578013293657e-001	  9.5931727849796822e-001	  8.2893244796643284e-001	  8.2516677756705825e-001	  2.7740719954922062e+000	  3.4646671974230645e+000	  7.0038290994456709e-001	  7.1302321395825730e-001	
  4.6261300617917591e+000	  4.5982140550075297e+000	  4.3453547093248917e+000	  9.1122413121054135e-001	  8.1697444718879675e-001	  8.4587944981663976e-001	  9.6023806859039784e-001	  8.2964383386897922e-001	  8.2557877480909081e-001	  2.7790532225650697e+000	  3.4706698076758329e+000	  7.0117391242422589e-001	  7.1400910436692233e-001	
  4.6307230007261788e+000	  4.6025232052983061e+000	  4.3499964326425999e+000	  9.1221328982280803e-001	  8.1770487665387992e-001	  8.4690800961429180e-001	  9.6047433887008127e-001	  8.2978758268488584e-001	  8.2555638028493417e-001	  2.7818612979058388e+000	  3.4743822100399182e+000	  7.0172154527905772e-001	  7.1462645317504692e-001	
  4.6362409860917158e+000	  4.6077507545591923e+000	  4.3553636395931798e+000	  9.1354665062240203e-001	  8.1872631852565603e-001	  8.4823900696024390e-001	  9.6056399991023511e-001	  8.2979657955555197e-001	  8.2530057802057000e-001	  2.7851290898979801e+000	  3.4789198218025725e+000	  7.0252995932037232e-001	  7.1556147118449431e-001	
  4.6421373325775486e+000	  4.6132481131822844e+000	  4.3611473689511184e+000	  9.1523728333962606e-001	  8.2003670254434635e-001	  8.4991923996865315e-001	  9.6089889092921443e-001	  8.3004706727580502e-001	  8.2512864709442624e-001	  2.7887232577946279e+000	  3.4836365406207297e+000	  7.0355504886750653e-001	  7.1678105804918968e-001	
  4.6467919656717891e+000	  4.6174812204782265e+000	  4.3658913710551115e+000	  9.1699041257275371e-001	  8.2139284533581636e-001	  8.5170636237696684e-001	  9.6124629117962590e-001	  8.3034489494131325e-001	  8.2499641603926677e-001	  2.7916456790683641e+000	  3.4873786726694029e+000	  7.0461174480525046e-001	  7.1802011455938375e-001	
  4.6488040701167170e+000	  4.6192037553724115e+000	  4.3680153170318734e+000	  9.1843454763556276e-001	  8.2251116197165686e-001	  8.5320971297419057e-001	  9.6108269040053607e-001	  8.3021717811523621e-001	  8.2453432340567878e-001	  2.7927962610019863e+000	  3.4892042375897003e+000	  7.0552036178027366e-001	  7.1902959744270112e-001	
  4.6513197394304502e+000	  4.6214025370826102e+000	  4.3705455572144976e+000	  9.2011890430855281e-001	  8.2383818084794558e-001	  8.5492706482756775e-001	  9.6098671068300290e-001	  8.3015785767667727e-001	  8.2408277095305960e-001	  2.7942587653721684e+000	  3.4913898472281977e+000	  7.0660534260892549e-001	  7.2027037301611785e-001	
  4.6524438691707717e+000	  4.6219526303642668e+000	  4.3718241964038418e+000	  9.2305986370190496e-001	  8.2615653463004957e-001	  8.5794720696257420e-001	  9.6026141927964870e-001	  8.2962365648645298e-001	  8.2276533834652654e-001	  2.7945185346006056e+000	  3.4926219507145335e+000	  7.0854164853888968e-001	  7.2239257356326514e-001	
  4.6545050415635520e+000	  4.6232201292874944e+000	  4.3742270542486512e+000	  9.2679727157728153e-001	  8.2911937660822188e-001	  8.6179556706453098e-001	  9.6007542209407082e-001	  8.2961520741994887e-001	  8.2187284019783469e-001	  2.7955864874661707e+000	  3.4943379825345939e+000	  7.1096725877088063e-001	  7.2513776813700481e-001	
  4.6561175537325106e+000	  4.6238874593004216e+000	  4.3764405660865160e+000	  9.3101441343028712e-001	  8.3244541737435085e-001	  8.6621204487156278e-001	  9.6030692047973221e-001	  8.3002280300459208e-001	  8.2141940885458509e-001	  2.7966587008048491e+000	  3.4955438931561433e+000	  7.1364981448029974e-001	  7.2822681205445039e-001	
  4.6499406980799414e+000	  4.6171702748420431e+000	  4.3707158467307172e+000	  9.3399999832288483e-001	  8.3482252446692318e-001	  8.6938473060673194e-001	  9.5869026836970705e-001	  8.2884405194475397e-001	  8.1954043310034053e-001	  2.7921326967590763e+000	  3.4909984721616683e+000	  7.1572328128279517e-001	  7.3037573342992457e-001	
  4.6546816133179796e+000	  4.6208419569291621e+000	  4.3759503151344514e+000	  9.3852930839107707e-001	  8.3840787542244111e-001	  8.7404880121589601e-001	  9.5994296468742313e-001	  8.3014456461784980e-001	  8.1999228115042699e-001	  2.7955375548840125e+000	  3.4942971488770262e+000	  7.1855285764900390e-001	  7.3378732651446377e-001	
  4.6453184906691201e+000	  4.6113176827709133e+000	  4.3670589657090026e+000	  9.3952085830883558e-001	  8.3917372039407578e-001	  8.7524410116003881e-001	  9.5806646183132971e-001	  8.2868087073597518e-001	  8.1827143200700148e-001	  2.7890242212488165e+000	  3.4872471933277653e+000	  7.1931708786340565e-001	  7.3438194547272528e-001	
  4.6499709345370581e+000	  4.6152892918601527e+000	  4.3718237859183873e+000	  9.4272280006622777e-001	  8.4174332754386783e-001	  8.7845956135278014e-001	  9.5906039376598973e-001	  8.2967783482959423e-001	  8.1869350540075081e-001	  2.7922621936964971e+000	  3.4906233484904212e+000	  7.2136429811324854e-001	  7.3688602476878184e-001	
  4.6450268612876444e+000	  4.6099231310581645e+000	  4.3673610283191389e+000	  9.4424599113969809e-001	  8.4290275951016513e-001	  8.8015831235053255e-001	  9.5837201150085793e-001	  8.2923514785586161e-001	  8.1791487534710305e-001	  2.7888983541233712e+000	  3.4866468721043780e+000	  7.2234268235054633e-001	  7.3788819935286520e-001	
  4.6423633061953460e+000	  4.6069445853181010e+000	  4.3649470893275693e+000	  9.4608735595767923e-001	  8.4438463759316962e-001	  8.8209531836274935e-001	  9.5790076987309591e-001	  8.2896849109851478e-001	  8.1731423374742074e-001	  2.7871234067116029e+000	  3.4846380397704824e+000	  7.2361189671848170e-001	  7.3927403569615147e-001	
  4.6406053706780055e+000	  4.6047137357416270e+000	  4.3634212261997396e+000	  9.4818183450945370e-001	  8.4604079266124788e-001	  8.8426934105273358e-001	  9.5765271500565696e-001	  8.2889915682067561e-001	  8.1682248288158432e-001	  2.7858566585069910e+000	  3.4831114177892863e+000	  7.2499194986172344e-001	  7.4082676287868254e-001	
  4.6338959753303355e+000	  4.5970040127317366e+000	  4.3573428111471539e+000	  9.5252870125894207e-001	  8.4948206589832576e-001	  8.8882397339537822e-001	  9.5660212839260650e-001	  8.2833860482119559e-001	  8.1538101066625390e-001	  2.7810830490028393e+000	  3.4775170037235683e+000	  7.2790778312897020e-001	  7.4399390589721992e-001	
  4.6291769221773498e+000	  4.5911030061531068e+000	  4.3533181450750860e+000	  9.5743262311563526e-001	  8.5334679041384187e-001	  8.9394802932142403e-001	  9.5621273667778151e-001	  8.2837414168722068e-001	  8.1451747690465715e-001	  2.7778090139344616e+000	  3.4732694076040720e+000	  7.3111707803419501e-001	  7.4757923463684339e-001	
  4.6229954696956419e+000	  4.5837995485194885e+000	  4.3478106312738065e+000	  9.6206213754609426e-001	  8.5698795880499756e-001	  8.9880297671022746e-001	  9.5555763915460312e-001	  8.2818269262876842e-001	  8.1349791626205514e-001	  2.7735052055184011e+000	  3.4678793785713706e+000	  7.3416894663518573e-001	  7.5094235665887865e-001	
  4.6136849078159523e+000	  4.5728932752092009e+000	  4.3393904757274049e+000	  9.6859172003777150e-001	  8.6212602825762708e-001	  9.0562626214874242e-001	  9.5453316394745358e-001	  8.2783889897493734e-001	  8.1199276815590538e-001	  2.7669274358338933e+000	  3.4597026518312726e+000	  7.3849628412529278e-001	  7.5568605097000519e-001	
  4.6170849010887478e+000	  4.5754865465837904e+000	  4.3430844517894798e+000	  9.7153523564615529e-001	  8.6440765976554512e-001	  9.0864263932521128e-001	  9.5580018711713721e-001	  8.2910104892288616e-001	  8.1282109165509031e-001	  2.7694432432017058e+000	  3.4617820912178145e+000	  7.4026184520648664e-001	  7.5786226587315153e-001	
  4.6095657231675018e+000	  4.5678508829386537e+000	  4.3359284391239825e+000	  9.7206225149466985e-001	  8.6480250409373471e-001	  9.0933759701604877e-001	  9.5455428780040585e-001	  8.2815188660704875e-001	  8.1179960092435310e-001	  2.7643086086392974e+000	  3.4559338930244898e+000	  7.4068506480140495e-001	  7.5814050772596342e-001	
  4.6086238853826664e+000	  4.5665346176853410e+000	  4.3351068637538610e+000	  9.7388249113661063e-001	  8.6625354249065045e-001	  9.1120164103658263e-001	  9.5456864738187930e-001	  8.2829390549675230e-001	  8.1165320350782710e-001	  2.7636751365588492e+000	  3.4550212999547294e+000	  7.4189832586690829e-001	  7.5952982885976428e-001	
  4.6046083109161371e+000	  4.5619584130784201e+000	  4.3313888388956148e+000	  9.7613896737630590e-001	  8.6801519377537206e-001	  9.1356707901400136e-001	  9.5413159836235784e-001	  8.2811490154964307e-001	  8.1107520302250113e-001	  2.7608649960726641e+000	  3.4515463187704927e+000	  7.4339091113389233e-001	  7.6115355778623994e-001	
  4.6013125251945635e+000	  4.5580883776710612e+000	  4.3283929432910311e+000	  9.7850394651366557e-001	  8.6987017677311385e-001	  9.1603663173122130e-001	  9.5384994113614663e-001	  8.2807108270783714e-001	  8.1062847546341499e-001	  2.7585681482175985e+000	  3.4486194460933204e+000	  7.4495263090913921e-001	  7.6287402912476299e-001	
  4.5981475972784382e+000	  4.5543396308015405e+000	  4.3255394056317851e+000	  9.8086000836549692e-001	  8.7171389237101404e-001	  9.1850236805584162e-001	  9.5361015430409546e-001	  8.2806316499205257e-001	  8.1022886185178311e-001	  2.7563556087278180e+000	  3.4457677210522135e+000	  7.4650007472564983e-001	  7.6458055894716059e-001	
  4.5913933347965887e+000	  4.5463990647435901e+000	  4.3194422326597453e+000	  9.8566961153339727e-001	  8.7547980596827091e-001	  9.2355168640921048e-001	  9.5307401742301667e-001	  8.2801270428529772e-001	  8.0939559864638078e-001	  2.7516126900850248e+000	  3.4396939081861864e+000	  7.4966875791195486e-001	  7.6805964622252143e-001	
  4.5852878419256209e+000	  4.5391259711676257e+000	  4.3139883113666118e+000	  9.9039647455984914e-001	  8.7918097868199685e-001	  9.2852222802967566e-001	  9.5268503034799379e-001	  8.2808111656714778e-001	  8.0872013347642768e-001	  2.7473054965594597e+000	  3.4340932576926617e+000	  7.5277449850922651e-001	  7.7147837583916656e-001	
  4.5799753458661749e+000	  4.5326581694066919e+000	  4.3093440589751379e+000	  9.9503614730230849e-001	  8.8280696969837036e-001	  9.3342188323083164e-001	  9.5251617264084254e-001	  8.2833034053159960e-001	  8.0827844635491963e-001	  2.7435772798112312e+000	  3.4290829877233313e+000	  7.5579939263969631e-001	  7.7482571197802697e-001	
  4.5730892575745390e+000	  4.5248242186701120e+000	  4.3030652842712662e+000	  9.9898147065236431e-001	  8.8590859255117271e-001	  9.3761579537799244e-001	  9.5184945727944925e-001	  8.2811691355571904e-001	  8.0746790279881508e-001	  2.7386607798385318e+000	  3.4229744054016589e+000	  7.5844380041574766e-001	  7.7766561556262981e-001	
  4.5702652717591254e+000	  4.5206370723703193e+000	  4.3010285055137780e+000	  1.0044512325926889e+000	  8.9017658307762915e-001	  9.4340554553626288e-001	  9.5247501722171257e-001	  8.2909637911477929e-001	  8.0771344811173029e-001	  2.7367194943339941e+000	  3.4196800329118746e+000	  7.6193639658261425e-001	  7.8162404226191207e-001	
  4.5591022445075469e+000	  4.5097334922562418e+000	  4.2901034266988587e+000	  1.0037174579660755e+000	  8.8962974868832490e-001	  9.4281323345766199e-001	  9.5015136107127263e-001	  8.2716641419936954e-001	  8.0586699410424500e-001	  2.7288499926359364e+000	  3.4111880954801150e+000	  7.6169959671018050e-001	  7.8098871764111533e-001	
  4.5716738772024152e+000	  4.5216486099546787e+000	  4.3021910493841311e+000	  1.0069336582926778e+000	  8.9223820931125042e-001	  9.4578798917261253e-001	  9.5245571280146391e-001	  8.2921299678019433e-001	  8.0746170886653357e-001	  2.7372295392698343e+000	  3.4204941954784918e+000	  7.6372531755885198e-001	  7.8367604050904927e-001	
  4.5675090085039729e+000	  4.5170381533052302e+000	  4.2985330709720371e+000	  1.0072425457346970e+000	  8.9232030026672549e-001	  9.4629262976069761e-001	  9.5236434792724889e-001	  8.2921175342604914e-001	  8.0726798824299140e-001	  2.7344361534400576e+000	  3.4166789854199999e+000	  7.6370765142393759e-001	  7.8358997973332312e-001	
  4.5642538930008341e+000	  4.5138793591253901e+000	  4.2956435831476139e+000	  1.0071741968770245e+000	  8.9229448485501317e-001	  9.4637376615752133e-001	  9.5197155630012309e-001	  8.2894442525285916e-001	  8.0709645308957634e-001	  2.7324738957203469e+000	  3.4143283295417253e+000	  7.6373174044676584e-001	  7.8348286800368983e-001	
  4.5634846168607508e+000	  4.5131291399899318e+000	  4.2949238451547389e+000	  1.0075305261631229e+000	  8.9261218712167489e-001	  9.4674835680298364e-001	  9.5173248006772015e-001	  8.2877309250133890e-001	  8.0696935116768498e-001	  2.7318704565016092e+000	  3.4137667507592071e+000	  7.6403835471864667e-001	  7.8380644424838808e-001	
  4.5624319789578553e+000	  4.5118123746977714e+000	  4.2939304083903060e+000	  1.0086343532838111e+000	  8.9347843256528947e-001	  9.4790598605633769e-001	  9.5167493536748782e-001	  8.2880414863146923e-001	  8.0685221532555795e-001	  2.7310370477215273e+000	  3.4127046723531720e+000	  7.6477035049110142e-001	  7.8462196746853896e-001	
  4.5614271462421794e+000	  4.5105241263993641e+000	  4.2930701518863223e+000	  1.0097379744604951e+000	  8.9434100060087252e-001	  9.4907600795467773e-001	  9.5169243803438408e-001	  8.2891079735344875e-001	  8.0679659343491827e-001	  2.7302856043341786e+000	  3.4116670898719934e+000	  7.6548798656986550e-001	  7.8541254868767407e-001	
  4.5602473770795973e+000	  4.5090872825705643e+000	  4.2920654319691760e+000	  1.0107720589210099e+000	  8.9515218212472258e-001	  9.5018399995272940e-001	  9.5167675339718771e-001	  8.2898873612101509e-001	  8.0673426218361277e-001	  2.7294267205534748e+000	  3.4105159648855414e+000	  7.6616632116591821e-001	  7.8615186276889271e-001	
  4.5560181666170481e+000	  4.5038780832123360e+000	  4.2885171549652137e+000	  1.0147427695679339e+000	  8.9827218105327788e-001	  9.5445244329045975e-001	  9.5168478799654410e-001	  8.2934572473063906e-001	  8.0659892928942789e-001	  2.7263185897304449e+000	  3.4063087146548821e+000	  7.6877351966063678e-001	  7.8899492326577014e-001	
  4.5544453954047643e+000	  4.5015336921629228e+000	  4.2874911529949591e+000	  1.0178364423862716e+000	  9.0068687264107794e-001	  9.5779719996349033e-001	  9.5215595712344758e-001	  8.3000956772118095e-001	  8.0693307080411114e-001	  2.7252075396196105e+000	  3.4043792392613952e+000	  7.7074613010019599e-001	  7.9120629158659661e-001	
  4.5464296969609865e+000	  4.4938421653374769e+000	  4.2795921670167587e+000	  1.0168153213304389e+000	  8.9991956209717527e-001	  9.5685572352019455e-001	  9.5039653438265415e-001	  8.2851133659881793e-001	  8.0556920331524973e-001	  2.7195600909507438e+000	  3.3983794003468941e+000	  7.7027816423128026e-001	  7.9040191929280257e-001	
  4.5531256798557305e+000	  4.5000568884726420e+000	  4.2861390412977771e+000	  1.0189997896867824e+000	  9.0167128935472862e-001	  9.5895165352185474e-001	  9.5181358434184915e-001	  8.2980203527761309e-001	  8.0653103095992207e-001	  2.7240292339766174e+000	  3.4031942628810969e+000	  7.7163651927014754e-001	  7.9215675563001164e-001	
  4.5515664658655410e+000	  4.4982450573761836e+000	  4.2848433296649455e+000	  1.0195126453618357e+000	  9.0202232183323328e-001	  9.5956898400608603e-001	  9.5180554980181342e-001	  8.2986070843869464e-001	  8.0650146207551898e-001	  2.7229402371602709e+000	  3.4016880250488737e+000	  7.7190106542784320e-001	  7.9240965650005524e-001	
  4.5506659131450959e+000	  4.4972328602684026e+000	  4.2841104619209869e+000	  1.0200138629167295e+000	  9.0242092616795910e-001	  9.6014435540381271e-001	  9.5178412692099601e-001	  8.2989737863516488e-001	  8.0650809717847316e-001	  2.7223358940067803e+000	  3.4008855667177151e+000	  7.7223825819045344e-001	  7.9276002311990335e-001	
  4.5492587097048736e+000	  4.4955037781422815e+000	  4.2829698846853956e+000	  1.0213814287384613e+000	  9.0350150346244251e-001	  9.6164024666126247e-001	  9.5181248854098310e-001	  8.3004359576885767e-001	  8.0652671523539898e-001	  2.7212890863702550e+000	  3.3994671219743173e+000	  7.7314369847731157e-001	  7.9374078493361599e-001	
  4.5483654165448675e+000	  4.4942577691797734e+000	  4.2823304657291201e+000	  1.0227993270915587e+000	  9.0461448560622426e-001	  9.6317950346590109e-001	  9.5197009675275368e-001	  8.3029975064393235e-001	  8.0663776117557073e-001	  2.7205994096066068e+000	  3.3984166806863207e+000	  7.7406165454241282e-001	  7.9475139270106820e-001	
  4.5466461762645167e+000	  4.4922658977248480e+000	  4.2808494306792104e+000	  1.0239277322288152e+000	  9.0550691738944056e-001	  9.6442258886787702e-001	  9.5189770915632743e-001	  8.3034549472230423e-001	  8.0657030430223031e-001	  2.7193228981240010e+000	  3.3967856273574690e+000	  7.7481864476520679e-001	  7.9554813375278921e-001	
  4.5447818273343970e+000	  4.4896086921437295e+000	  4.2796047181249914e+000	  1.0271423508548321e+000	  9.0803686496481784e-001	  9.6793180422348191e-001	  9.5236354763034159e-001	  8.3102481618421431e-001	  8.0694952869097358e-001	  2.7178866875672036e+000	  3.3945050288020262e+000	  7.7690008744542205e-001	  7.9783625189517604e-001	
  4.5412986817586676e+000	  4.4855639792780559e+000	  4.2766281754190851e+000	  1.0294525179473826e+000	  9.0988158667870855e-001	  9.7047903074845376e-001	  9.5221037073778558e-001	  8.3111630911256129e-001	  8.0681913426483287e-001	  2.7151994409591063e+000	  3.3911145111301524e+000	  7.7847295700924091e-001	  7.9946947327609819e-001	
  4.5515763761742880e+000	  4.4951354342491312e+000	  4.2868432148430564e+000	  1.0322109187470172e+000	  9.1203599741869268e-001	  9.7318253187188641e-001	  9.5459533527311591e-001	  8.3324597928388278e-001	  8.0859142215826219e-001	  2.7222474404851957e+000	  3.3985241626884046e+000	  7.8006136423751737e-001	  8.0160453771037155e-001	
  4.5419683066412784e+000	  4.4857684210193574e+000	  4.2777749490813237e+000	  1.0305418303905562e+000	  9.1063573158645161e-001	  9.7177057003071488e-001	  9.5307829499510610e-001	  8.3195798708080171e-001	  8.0755699232707401e-001	  2.7158620034582324e+000	  3.3911580587011305e+000	  7.7897083023938685e-001	  8.0008098079294010e-001	
  4.5400093428485881e+000	  4.4840770379760935e+000	  4.2757949844082415e+000	  1.0301144241790485e+000	  9.1036897143486695e-001	  9.7135718994580633e-001	  9.5250422518790012e-001	  8.3146430301914021e-001	  8.0722959628864011e-001	  2.7145394781447179e+000	  3.3899272356035044e+000	  7.7883812696513688e-001	  7.9984839858685974e-001	
  4.5397342622153030e+000	  4.4838533861307752e+000	  4.2754025150270794e+000	  1.0301884148146867e+000	  9.1045834242715185e-001	  9.7139716801251197e-001	  9.5230931186951406e-001	  8.3129356684540423e-001	  8.0707144137575126e-001	  2.7142425847978311e+000	  3.3897515457180489e+000	  7.7895069866671518e-001	  7.9996624405717986e-001	
  4.5397021275058682e+000	  4.4837009091325131e+000	  4.2753175543721067e+000	  1.0307538120812307e+000	  9.1092029912051264e-001	  9.7194652689263694e-001	  9.5232128692001228e-001	  8.3133731876088790e-001	  8.0699633465517473e-001	  2.7140728933249161e+000	  3.3895741357798532e+000	  7.7934754705904807e-001	  8.0040678689851497e-001	
  4.5397692125134732e+000	  4.4835962421710818e+000	  4.2754765965617612e+000	  1.0313759882302194e+000	  9.1141156213398922e-001	  9.7259936088160481e-001	  9.5246343708978576e-001	  8.3150793490671349e-001	  8.0706593546714189e-001	  2.7140399893615892e+000	  3.3894254196034268e+000	  7.7974589393707228e-001	  8.0084800032871661e-001	
  4.5395488289720296e+000	  4.4832288786344376e+000	  4.2753846775132063e+000	  1.0319137976451824e+000	  9.1183581146792059e-001	  9.7318824533186465e-001	  9.5256149363026044e-001	  8.3164026411545722e-001	  8.0713951681810814e-001	  2.7138345291256600e+000	  3.3890776670104490e+000	  7.8009201990192190e-001	  8.0122209358884455e-001	
  4.5389353070103482e+000	  4.4822715336702741e+000	  4.2750848361982818e+000	  1.0332439429989821e+000	  9.1288926557825723e-001	  9.7466253359785560e-001	  9.5281666114739161e-001	  8.3197998385705141e-001	  8.0738270753797281e-001	  2.7132945219922453e+000	  3.3881804422252446e+000	  7.8095518346161719e-001	  8.0215502901951574e-001	
  4.5386572866250390e+000	  4.4816805877201427e+000	  4.2750974240912170e+000	  1.0344683556921512e+000	  9.1385516431912306e-001	  9.7602876711954489e-001	  9.5316666938501726e-001	  8.3238995363345092e-001	  8.0772718548869615e-001	  2.7130429005155516e+000	  3.3875869056070051e+000	  7.8173659489710479e-001	  8.0301399134776252e-001	
  4.5360201315534292e+000	  4.4789429642114014e+000	  4.2726394907002003e+000	  1.0349399197892668e+000	  9.1425943482914152e-001	  9.7658463031230869e-001	  9.5276304354435248e-001	  8.3211530099874542e-001	  8.0742961980423966e-001	  2.7110338139107251e+000	  3.3853114985172414e+000	  7.8212756832571673e-001	  8.0333788622639057e-001	
  4.5434780695331414e+000	  4.4858363111899884e+000	  4.2801580595813826e+000	  1.0370660965389547e+000	  9.1590702549575820e-001	  9.7871958288275296e-001	  9.5465501717383039e-001	  8.3381715562623893e-001	  8.0887643499482476e-001	  2.7162018952961473e+000	  3.3906260155478609e+000	  7.8332814450882982e-001	  8.0494211943804828e-001	
  4.5347616671014874e+000	  4.4774734798080269e+000	  4.2717732585174257e+000	  1.0353308237171230e+000	  9.1450650459441996e-001	  9.7715658365570368e-001	  9.5301842521662850e-001	  8.3240271122880516e-001	  8.0775295164455285e-001	  2.7103176492994971e+000	  3.3840793715607767e+000	  7.8227946092898781e-001	  8.0347497711858029e-001	
  4.5356585729513936e+000	  4.4784637249623813e+000	  4.2725151426695289e+000	  1.0355405569700808e+000	  9.1473979501911662e-001	  9.7731230136914149e-001	  9.5301529055132239e-001	  8.3239982963130432e-001	  8.0776905852848224e-001	  2.7108658066157436e+000	  3.3848938423016883e+000	  7.8251447542207453e-001	  8.0376007223140167e-001	
  4.5360827544633935e+000	  4.4788088887430479e+000	  4.2728958539829938e+000	  1.0358300725381315e+000	  9.1496933266480240e-001	  9.7758407922243862e-001	  9.5310655757199314e-001	  8.3248854418242002e-001	  8.0779819629083760e-001	  2.7110682790188898e+000	  3.3851175095159829e+000	  7.8270109982357849e-001	  8.0398138466887026e-001	
  4.5360818043062627e+000	  4.4786840000235815e+000	  4.2729769261257129e+000	  1.0362380558159952e+000	  9.1529055980156215e-001	  9.7802229876660884e-001	  9.5323017993688075e-001	  8.3263050036684394e-001	  8.0788023971582013e-001	  2.7110050725719206e+000	  3.3849503141145343e+000	  7.8295876139698917e-001	  8.0425901560498791e-001	
  4.5361726674157952e+000	  4.4786665787084026e+000	  4.2731745447777367e+000	  1.0366355328815939e+000	  9.1560628815476330e-001	  9.7846352273584392e-001	  9.5338555717577544e-001	  8.3279974503960186e-001	  8.0802163466999843e-001	  2.7110373823363436e+000	  3.3848773010344249e+000	  7.8321023580223215e-001	  8.0453604371968557e-001	
  4.5357325802338044e+000	  4.4781628922047396e+000	  4.2728284994807959e+000	  1.0368728274878918e+000	  9.1579799527034167e-001	  9.7874444085616319e-001	  9.5340446444018567e-001	  8.3284501109551101e-001	  8.0806780428665914e-001	  2.7107011408612602e+000	  3.3844297537957000e+000	  7.8337178486909487e-001	  8.0469455820969671e-001	
  4.5355266203524707e+000	  4.4777309620615551e+000	  4.2728802875804579e+000	  1.0377440295622791e+000	  9.1649751703722815e-001	  9.7973924718427652e-001	  9.5375259810425561e-001	  8.3323276596389606e-001	  8.0845190677965950e-001	  2.7104944027784734e+000	  3.3839260374550637e+000	  7.8393653059681212e-001	  8.0530002353914609e-001	
  4.5350461422228898e+000	  4.4771108651672336e+000	  4.2726074547418476e+000	  1.0382576203201359e+000	  9.1691392085897505e-001	  9.8035422024766483e-001	  9.5398949808823064e-001	  8.3349936792117441e-001	  8.0875476921467848e-001	  2.7101312059068441e+000	  3.3832964500939080e+000	  7.8427400474507936e-001	  8.0564610824237748e-001	
  4.5327223358974758e+000	  4.4749076789195987e+000	  4.2702959208466380e+000	  1.0378612128640681e+000	  9.1663007052173362e-001	  9.7996395259228997e-001	  9.5345791672836133e-001	  8.3304262709665722e-001	  8.0835596256484832e-001	  2.7084411735461349e+000	  3.3815263887824427e+000	  7.8409727541201346e-001	  8.0535530675020650e-001	
  4.5355939415281687e+000	  4.4775472586603122e+000	  4.2732370634675156e+000	  1.0387541752060261e+000	  9.1733102320495274e-001	  9.8087764283112633e-001	  9.5427234438162134e-001	  8.3378576432617291e-001	  8.0900685969735175e-001	  2.7104272624654984e+000	  3.3835218433873915e+000	  7.8461100032137865e-001	  8.0602349759558745e-001	
  4.5321675998444508e+000	  4.4742787082828865e+000	  4.2698689177973446e+000	  1.0380632986866216e+000	  9.1680010055253947e-001	  9.8021788471866678e-001	  9.5351167945545989e-001	  8.3312430920028802e-001	  8.0845851427009918e-001	  2.7079871772271411e+000	  3.3809141295421301e+000	  7.8424022465471288e-001	  8.0547505536095654e-001	
  4.5358454042086649e+000	  4.4777013193311355e+000	  4.2736127868308422e+000	  1.0390931457582300e+000	  9.1760927740628428e-001	  9.8126944878718925e-001	  9.5452308666818597e-001	  8.3403847611772441e-001	  8.0927374589613543e-001	  2.7105624123364689e+000	  3.3835324761572547e+000	  7.8482810647142165e-001	  8.0625809203026133e-001	
  4.5313467902584454e+000	  4.4734430390642643e+000	  4.2691534268983649e+000	  1.0380803863475019e+000	  9.1682817649350334e-001	  9.8028247464485085e-001	  9.5348155549489111e-001	  8.3312249601890509e-001	  8.0851053393028505e-001	  2.7073736754089288e+000	  3.3801592330413235e+000	  7.8427452216085081e-001	  8.0546791824989394e-001	
  4.5365938599316822e+000	  4.4783589612612245e+000	  4.2744268477769145e+000	  1.0394243059471113e+000	  9.1788259235968672e-001	  9.8162533363269944e-001	  9.5481553239927397e-001	  8.3431598972571397e-001	  8.0954887803640718e-001	  2.7110300547157857e+000	  3.3839516542790440e+000	  7.8503828639277284e-001	  8.0650370154355411e-001	
  4.5311762986192363e+000	  4.4732245120564071e+000	  4.2690975193309324e+000	  1.0381677122195945e+000	  9.1689496822838845e-001	  9.8042151446073178e-001	  9.5362495737745789e-001	  8.3326772261610982e-001	  8.0869866267091617e-001	  2.7072676823391353e+000	  3.3799124918742507e+000	  7.8431751057252552e-001	  8.0550107187016473e-001	
  4.5348211906054763e+000	  4.4766936462940246e+000	  4.2727009156549967e+000	  1.0390423466667293e+000	  9.1760342777463511e-001	  9.8126869394828142e-001	  9.5448164783386558e-001	  8.3403053059492227e-001	  8.0935492768432871e-001	  2.7097783557418418e+000	  3.3825941224852989e+000	  7.8484566075408324e-001	  8.0621560099704337e-001	
  4.5322984671787285e+000	  4.4742754180279958e+000	  4.2702448409044687e+000	  1.0384740174092619e+000	  9.1715038854562758e-001	  9.8073295949298656e-001	  9.5396974220919428e-001	  8.3358293310934006e-001	  8.0900051958751629e-001	  2.7080164836487253e+000	  3.3806635752898195e+000	  7.8450865448569174e-001	  8.0574304385585582e-001	
  4.5338050297656975e+000	  4.4757108870972822e+000	  4.2717614511221864e+000	  1.0388269004873001e+000	  9.1744086213267417e-001	  9.8108551876360617e-001	  9.5437223679321448e-001	  8.3394424180871640e-001	  8.0933600218235258e-001	  2.7090612644803009e+000	  3.3817499826499149e+000	  7.8472306600740716e-001	  8.0603055575105054e-001	
  4.5325848898611412e+000	  4.4745508010869832e+000	  4.2705745959089052e+000	  1.0385192570493560e+000	  9.1720232742999341e-001	  9.8079291297246951e-001	  9.5413523954919988e-001	  8.3373689692454189e-001	  8.0918880608689114e-001	  2.7081959515057918e+000	  3.3808015857212408e+000	  7.8454642983691936e-001	  8.0578233139876354e-001	
  4.5336774482885351e+000	  4.4755845255367239e+000	  4.2716921365169780e+000	  1.0387523732024282e+000	  9.1739012161906763e-001	  9.8103346247241685e-001	  9.5445833137326319e-001	  8.3402623617535021e-001	  8.0947034754737435e-001	  2.7089629646675437e+000	  3.3815724351639953e+000	  7.8467777255439819e-001	  8.0596304900872606e-001	
  4.5326237333051447e+000	  4.4746049954338609e+000	  4.2706689252420755e+000	  1.0383965627498501e+000	  9.1711905780158531e-001	  9.8069038556452781e-001	  9.5427083966095749e-001	  8.3385863931228266e-001	  8.0938079079679992e-001	  2.7082166270929813e+000	  3.3807496887276960e+000	  7.8447269008697551e-001	  8.0568621281349218e-001	
  4.5337161678699482e+000	  4.4756609848025288e+000	  4.2718042537763745e+000	  1.0385217672475595e+000	  9.1721923054271715e-001	  9.8083317381754886e-001	  9.5465170234902330e-001	  8.3419490356268744e-001	  8.0974452113657902e-001	  2.7090279782514033e+000	  3.3815313273116021e+000	  7.8452530124169462e-001	  8.0578077296307882e-001	
  4.5305043880264382e+000	  4.4726994477873907e+000	  4.2685345863672133e+000	  1.0375832619623901e+000	  9.1651205147035797e-001	  9.7986616640525570e-001	  9.5379939749810394e-001	  8.3342910884176502e-001	  8.0908731569696168e-001	  2.7067129324030450e+000	  3.3791848227597945e+000	  7.8402351671120651e-001	  8.0509274770095085e-001	
  4.5381076635020507e+000	  4.4798530013539981e+000	  4.2760536810872036e+000	  1.0393600829611087e+000	  9.1790393085979394e-001	  9.8158361202752398e-001	  9.5551764179933185e-001	  8.3494646984861420e-001	  8.1035794828209828e-001	  2.7119214393452769e+000	  3.3847256683941027e+000	  7.8503594756838535e-001	  8.0648204275874713e-001	
  4.5325787267378796e+000	  4.4745117861253325e+000	  4.2708084716485795e+000	  1.0381747690708423e+000	  9.1692116495321130e-001	  9.8053223226449793e-001	  9.5458719246834334e-001	  8.3414113364361364e-001	  8.0974232046730243e-001	  2.7082540178899812e+000	  3.3805307412819205e+000	  7.8426563851838604e-001	  8.0543964439641846e-001	
  4.5320835273967210e+000	  4.4741783618948174e+000	  4.2702468395647175e+000	  1.0378880779633384e+000	  9.1673767425417507e-001	  9.8022755459843125e-001	  9.5436219322704285e-001	  8.3393504453771528e-001	  8.0962254917888721e-001	  2.7079233450134064e+000	  3.3803128857163256e+000	  7.8415510789088205e-001	  8.0529568471037516e-001	
  4.5323105129689596e+000	  4.4744497384251032e+000	  4.2703782815584921e+000	  1.0377985048921865e+000	  9.1668381205511884e-001	  9.8009623342119889e-001	  9.5434835625245229e-001	  8.3391047675283680e-001	  8.0959834728474123e-001	  2.7080294325099725e+000	  3.3805035007960598e+000	  7.8412131127516560e-001	  8.0526279361444641e-001	
  4.5327087410244422e+000	  4.4748299751173821e+000	  4.2707735614749414e+000	  1.0377934866036822e+000	  9.1667845688470229e-001	  9.8008319024448354e-001	  9.5446052519122715e-001	  8.3400514539182835e-001	  8.0968864255104100e-001	  2.7082952645278162e+000	  3.3807693650624202e+000	  7.8410627233767238e-001	  8.0525353050280124e-001	
  4.5324557385848374e+000	  4.4746104888383105e+000	  4.2705333623929649e+000	  1.0376198551999969e+000	  9.1654436519429361e-001	  9.7991132563951566e-001	  9.5442127926817233e-001	  8.3396575990767996e-001	  8.0968051624902670e-001	  2.7081237898866584e+000	  3.3805757115739139e+000	  7.8399860647863784e-001	  8.0511967629853565e-001	
  4.5328089691414135e+000	  4.4750522216986557e+000	  4.2708838881396032e+000	  1.0372205148753471e+000	  9.1624044354786593e-001	  9.7950336104599667e-001	  9.5456444203884083e-001	  8.3406962541222474e-001	  8.0987680068711421e-001	  2.7084149329446614e+000	  3.3808646119106944e+000	  7.8373777813473511e-001	  8.0483131767319194e-001	
  4.5324638606620544e+000	  4.4748493595480223e+000	  4.2704996697442370e+000	  1.0366055527018494e+000	  9.1577078862343575e-001	  9.7886182360938712e-001	  9.5447586783551130e-001	  8.3396152412977831e-001	  8.0986922053329824e-001	  2.7081897915007151e+000	  3.3806554947106591e+000	  7.8335982560963013e-001	  8.0438605679706454e-001	
  4.5334822458888508e+000	  4.4759416636223550e+000	  4.2715054348431511e+000	  1.0362535727292790e+000	  9.1548910256815796e-001	  9.7850366935768984e-001	  9.5480553113373223e-001	  8.3422117743427471e-001	  8.1022426334677344e-001	  2.7090224265962375e+000	  3.3814907863520496e+000	  7.8309567067298813e-001	  8.0412987433369720e-001	
  4.5232428716800754e+000	  4.4663541086043006e+000	  4.2613518761942144e+000	  1.0337522947598676e+000	  9.1354385626967072e-001	  9.7606376682008533e-001	  9.5248537520334131e-001	  8.3216557935720581e-001	  8.0850573620046939e-001	  2.7019969370918164e+000	  3.3740508957644977e+000	  7.8167994038428412e-001	  8.0219653702994642e-001	
  4.5318782188085427e+000	  4.4747256056906419e+000	  4.2695235877261295e+000	  1.0354379466882875e+000	  9.1495304323276094e-001	  9.7752953582212621e-001	  9.5388326009378577e-001	  8.3336835840115298e-001	  8.0945636692704459e-001	  2.7076842135640318e+000	  3.3805986064332187e+000	  7.8278658175275628e-001	  8.0370143464313226e-001	
  4.5331908148647564e+000	  4.4757827280826508e+000	  4.2709060313523795e+000	  1.0359086075557868e+000	  9.1526578426158578e-001	  9.7800949886789745e-001	  9.5436005197497964e-001	  8.3379324249940967e-001	  8.0972781302704688e-001	  2.7085603482499079e+000	  3.3813289168984384e+000	  7.8297289356738387e-001	  8.0396400747578245e-001	
  4.5332354003250126e+000	  4.4757596852443120e+000	  4.2710861172405261e+000	  1.0359622299996984e+000	  9.1528654179976454e-001	  9.7810696220532400e-001	  9.5451818624766926e-001	  8.3394524033642414e-001	  8.0986278501311160e-001	  2.7086598450985062e+000	  3.3812916828230564e+000	  7.8296090062714607e-001	  8.0394780014707257e-001	
  4.5330151751026584e+000	  4.4755564785831377e+000	  4.2709845015256995e+000	  1.0358227146500052e+000	  9.1516986733844718e-001	  9.7801414854179802e-001	  9.5455052559446607e-001	  8.3397746536364092e-001	  8.0996877839545089e-001	  2.7085779553435212e+000	  3.3811258241540414e+000	  7.8285459809308333e-001	  8.0381842553018557e-001	
  4.5329877196870392e+000	  4.4755678996100006e+000	  4.2709622393867592e+000	  1.0356927660910247e+000	  9.1506979176555869e-001	  9.7789374966066411e-001	  9.5455636634850349e-001	  8.3397657704124295e-001	  8.1001951843750331e-001	  2.7085856711768699e+000	  3.3811341043821725e+000	  7.8277238885201683e-001	  8.0372645736487669e-001	
  4.5327970277490870e+000	  4.4754245390797083e+000	  4.2707541322560596e+000	  1.0355178264703200e+000	  9.1493480908353941e-001	  9.7771589723588415e-001	  9.5451011250918805e-001	  8.3392764365143801e-001	  8.1000757952499236e-001	  2.7084674527699675e+000	  3.3810200967568562e+000	  7.8266561328741768e-001	  8.0360034761039245e-001	
  4.5329120940412171e+000	  4.4756563437495434e+000	  4.2708122023906876e+000	  1.0350520089339708e+000	  9.1457514001267493e-001	  9.7722241823129352e-001	  9.5452329023088112e-001	  8.3390911806877288e-001	  8.1006436874459431e-001	  2.7085963876438628e+000	  3.3811898755949370e+000	  7.8236819476775543e-001	  8.0326983023907561e-001	
  4.5328949670426280e+000	  4.4757570294868856e+000	  4.2707398959755833e+000	  1.0345555750934226e+000	  9.1419008885850694e-001	  9.7669575039484868e-001	  9.5448477525757847e-001	  8.3384420833788608e-001	  8.1007012952679269e-001	  2.7086205300690334e+000	  3.3812571293398648e+000	  7.8205250956100869e-001	  8.0291307631908448e-001	
  4.5329259670035240e+000	  4.4759013221122759e+000	  4.2707136372918297e+000	  1.0340874711579211e+000	  9.1382851165713952e-001	  9.7619536213635805e-001	  9.5444227014088157e-001	  8.3377698081821516e-001	  8.1006391412489931e-001	  2.7086686135369238e+000	  3.3813609579876314e+000	  7.8175686504921216e-001	  8.0257956858908264e-001	
  4.5334507601460681e+000	  4.4765603017078721e+000	  4.2711681944629607e+000	  1.0335199145062868e+000	  9.1338170245580486e-001	  9.7559207246305824e-001	  9.5453395721572998e-001	  8.3381482038547805e-001	  8.1018944539074100e-001	  2.7091207065759657e+000	  3.3818817545509772e+000	  7.8137589952038045e-001	  8.0217345818984354e-001	
