  1.4145600150953828e+002	
  1.4172637298088341e+002	
  1.4092243950006210e+002	
  1.4193498040626918e+002	
  1.4223289678703154e+002	
  1.4130468965444283e+002	
  1.4252293832335673e+002	
  1.4257863780423409e+002	
  1.4253404636417602e+002	
  1.4247729442681882e+002	
  1.4281285105661078e+002	
  1.4261341613438356e+002	
  1.4286438084638920e+002	
  2.2971909992353562e+002	
  2.2973798948002079e+002	
  2.2965712233832846e+002	
  2.2970068781753289e+002	
  2.2972301832168878e+002	
  2.2965262176147831e+002	
  2.2968502336669829e+002	
  2.2969636671693434e+002	
  2.2966584410701739e+002	
  2.2969271640435400e+002	
  2.2976069879300937e+002	
  2.2974252071552513e+002	
  2.2977502806243365e+002	
  1.2066996909992739e-004	
  1.8570985759306166e-004	
  1.0654218549546434e-004	
  4.7066004582101535e-004	
  5.3399269714505008e-004	
  4.6636604131081719e-004	
  5.4553682811665967e-004	
  5.9542087036575184e-004	
  7.1041793568771771e-004	
  1.9352739416938645e-004	
  1.5032084814197244e-004	
  4.8358262867156634e-004	
  4.0097542059369808e-004	
  1.3411211450909516e+002	
  1.3412204708650142e+002	
  1.3408101975811454e+002	
  1.3410553338166920e+002	
  1.3411717362863209e+002	
  1.3408146814860808e+002	
  1.3409826273211911e+002	
  1.3410430853755400e+002	
  1.3408990971058546e+002	
  1.3409946918019239e+002	
  1.3413313632542486e+002	
  1.3412654675003668e+002	
  1.3414218086943035e+002	
  2.0691575780482718e-001	
  2.0691090347504290e-001	
  2.0672213730992708e-001	
  1.7734759914592016e-001	
  1.6989360849468155e-001	
  1.6261435025688828e-001	
  2.0211124052169571e-001	
  1.8734449062351871e-001	
  1.7543827230218759e-001	
  2.6272787218834320e-001	
  2.3412568793954661e-001	
  1.7895151790184666e-001	
  1.8037305983922070e-001	
  2.7898008729535233e+000	
  2.7900074695268731e+000	
  2.7891544952723506e+000	
  2.7896639622066131e+000	
  2.7899060581788500e+000	
  2.7891637128785756e+000	
  2.7895127013080083e+000	
  2.7896384031021766e+000	
  2.7893389092131464e+000	
  2.7895378482982376e+000	
  2.7902380820565109e+000	
  2.7901010190938100e+000	
  2.7904259450647242e+000	
  1.5548530180558704e+000	
  1.5578285017814359e+000	
  1.5489791079887443e+000	
  1.5600694817073439e+000	
  1.5633433851798100e+000	
  1.5531522180999886e+000	
  1.5664804957935570e+000	
  1.5670945820504323e+000	
  1.5665973619200038e+000	
  1.5659905970352057e+000	
  1.5697084006095756e+000	
  1.5675139742874253e+000	
  1.5702641314600525e+000	
  3.9218123085714490e+002	
  4.2758219489629274e+000	
  5.3573675495258610e-001	
  5.3573675495258577e-001	
  5.3573138042195878e-001	
  5.3573138042195878e-001	
  5.3573138042195878e-001	
  5.3573138042195878e-001	
  5.3573138042195878e-001	
  5.3573138042195878e-001	
  5.3573138042195878e-001	
  5.3573138042195878e-001	
  5.3573138042195878e-001	
  5.3573138042196833e-001	
  5.3573138042196833e-001	
  5.8380926598349991e-001	
  5.8380926598349991e-001	
  5.8380633450752395e-001	
  5.8380633450752395e-001	
  5.8380633450752395e-001	
  5.8380633450752395e-001	
  5.8380633450752395e-001	
  5.8380633450752395e-001	
  5.8380633450752395e-001	
  5.8380633450752617e-001	
  5.8380633450752395e-001	
  5.8380633450752617e-001	
  5.8380633450752395e-001	
  5.6884122606894660e-001	
  5.6884122606894938e-001	
  5.6883635825873791e-001	
  5.6883635825873791e-001	
  5.6883635825873791e-001	
  5.6883635825873791e-001	
  5.6883635825873791e-001	
  5.6883635825874168e-001	
  5.6883635825874168e-001	
  5.6883635825874168e-001	
  5.6883635825874168e-001	
  5.6883635825874168e-001	
  5.6883635825874590e-001	
  5.8857553298549276e-003	
  5.8857553298549414e-003	
  5.8856963068433747e-003	
  5.8856963068433747e-003	
  5.8856963068433747e-003	
  5.8856963068433747e-003	
  5.8856963068433747e-003	
  5.8856963068433747e-003	
  5.8856963068433747e-003	
  5.8856963068433747e-003	
  5.8856963068433946e-003	
  5.8856963068434224e-003	
  5.8856963068434224e-003	
  6.4139084322580985e-003	
  6.4139084322580872e-003	
  6.4138762912222232e-003	
  6.4138762912222440e-003	
  6.4138762912222440e-003	
  6.4138762912222440e-003	
  6.4138762912222440e-003	
  6.4138762912222440e-003	
  6.4138762912222232e-003	
  6.4138762912222379e-003	
  6.4138762912222232e-003	
  6.4138762912222379e-003	
  6.4138762912222232e-003	
  6.2494135929771592e-003	
  6.2494135929771870e-003	
  6.2493599877674463e-003	
  6.2493599877674463e-003	
  6.2493599877674463e-003	
  6.2493599877674463e-003	
  6.2493599877674463e-003	
  6.2493599877675070e-003	
  6.2493599877675478e-003	
  6.2493599877675070e-003	
  6.2493599877675478e-003	
  6.2493599877675478e-003	
  6.2493599877675469e-003	
  5.3573675495258677e-001	
  5.3573675495258555e-001	
  5.3573138042195989e-001	
  5.3573138042196000e-001	
  5.3573138042196000e-001	
  5.3573138042196000e-001	
  5.3573138042196000e-001	
  5.3573138042196000e-001	
  5.3573138042196000e-001	
  5.3573138042196000e-001	
  5.3573138042195989e-001	
  5.3573138042196156e-001	
  5.3573138042196933e-001	
  5.8380926598349880e-001	
  5.8380926598349958e-001	
  5.8380633450752462e-001	
  5.8380633450752462e-001	
  5.8380633450752462e-001	
  5.8380633450752462e-001	
  5.8380633450752462e-001	
  5.8380633450752462e-001	
  5.8380633450752462e-001	
  5.8380633450751740e-001	
  5.8380633450752462e-001	
  5.8380633450751740e-001	
  5.8380633450752462e-001	
  5.6884122606894616e-001	
  5.6884122606894816e-001	
  5.6883635825873324e-001	
  5.6883635825873324e-001	
  5.6883635825873324e-001	
  5.6883635825873324e-001	
  5.6883635825873324e-001	
  5.6883635825874268e-001	
  5.6883635825874013e-001	
  5.6883635825874268e-001	
  5.6883635825874013e-001	
  5.6883635825874013e-001	
  5.6883635825874956e-001	
  1.1128796657729640e-002	
  1.1128796657729596e-002	
  1.1128686249594196e-002	
  1.1128686249594276e-002	
  1.1128686249594276e-002	
  1.1128686249594276e-002	
  1.1128686249594276e-002	
  1.1128686249594276e-002	
  1.1128686249594276e-002	
  1.1128686249594318e-002	
  1.1128686249594318e-002	
  1.1128686249594339e-002	
  1.1128686249594460e-002	
  1.2127401185376020e-002	
  1.2127401185376046e-002	
  1.2127341176364558e-002	
  1.2127341176364556e-002	
  1.2127341176364556e-002	
  1.2127341176364556e-002	
  1.2127341176364556e-002	
  1.2127341176364556e-002	
  1.2127341176364558e-002	
  1.2127341176364293e-002	
  1.2127341176364556e-002	
  1.2127341176364293e-002	
  1.2127341176364558e-002	
  1.1816474057547949e-002	
  1.1816474057548026e-002	
  1.1816374433697339e-002	
  1.1816374433697339e-002	
  1.1816374433697339e-002	
  1.1816374433697339e-002	
  1.1816374433697339e-002	
  1.1816374433697719e-002	
  1.1816374433697508e-002	
  1.1816374433697719e-002	
  1.1816374433697508e-002	
  1.1816374433697638e-002	
  1.1816374433697848e-002	
  2.3142771648356261e-001	
  2.3142771648356261e-001	
  2.3141823950526758e-001	
  2.3141823950526758e-001	
  2.3141823950526758e-001	
  2.3141823950526758e-001	
  2.3141823950526758e-001	
  2.3141823950526758e-001	
  2.3141823950527102e-001	
  2.3141823950527102e-001	
  2.3141823950526755e-001	
  2.3141823950526758e-001	
  2.3141823950527268e-001	
  2.5424350181948371e-003	
  2.5424350181948376e-003	
  2.5423308774583163e-003	
  2.5423308774583163e-003	
  2.5423308774583163e-003	
  2.5423308774583163e-003	
  2.5423308774583163e-003	
  2.5423308774583163e-003	
  2.5423308774583076e-003	
  2.5423308774583132e-003	
  2.5423308774582885e-003	
  2.5423308774582664e-003	
  2.5423308774583245e-003	
  2.3142771648356200e-001	
  2.3142771648356261e-001	
  2.3141823950526755e-001	
  2.3141823950526755e-001	
  2.3141823950526755e-001	
  2.3141823950526755e-001	
  2.3141823950526755e-001	
  2.3141823950526755e-001	
  2.3141823950526755e-001	
  2.3141823950526758e-001	
  2.3141823950526755e-001	
  2.3141823950526758e-001	
  2.3141823950527271e-001	
  4.8074205666172806e-003	
  4.8074205666172798e-003	
  4.8072249058646556e-003	
  4.8072249058646556e-003	
  4.8072249058646556e-003	
  4.8072249058646556e-003	
  4.8072249058646556e-003	
  4.8072249058646556e-003	
  4.8072249058644986e-003	
  4.8072249058645324e-003	
  4.8072249058646556e-003	
  4.8072249058645324e-003	
  4.8072249058646738e-003	
