5e+12
5.5154e+12
5.4528e+12
5.2916e+12
5.1586e+12
5.0295e+12
4.9158e+12
4.8689e+12
4.9469e+12
5.0144e+12
5.0256e+12
4.9924e+12
4.9436e+12
4.8234e+12
4.6472e+12
4.5255e+12
4.49e+12
4.5403e+12
4.6221e+12
4.6692e+12
4.65e+12
4.6848e+12
4.7218e+12
4.8175e+12
4.9317e+12
5.083e+12
5.1916e+12
5.3149e+12
5.3482e+12
5.3476e+12
5.3613e+12
5.4819e+12
5.6077e+12
5.729e+12
5.7739e+12
5.9133e+12
6.0338e+12
6.1505e+12
6.2511e+12
6.3633e+12
6.5112e+12
6.9434e+12
7.0336e+12
7.1284e+12
7.2764e+12
7.4522e+12
7.6482e+12
7.8235e+12
7.9456e+12
8.0467e+12
8.2209e+12
8.4305e+12
8.6715e+12
8.6156e+12
8.3598e+12
7.72e+12
7.0846e+12
6.6673e+12
6.5367e+12
