0.35649	0.35649	0.35649	0.35649	0.35649	0.35649	0.35649	0.35649	0.35649	0.35649	0.35649	0.35649	0.35649
0.44015	0.44015	0.44015	0.44015	0.44015	0.44015	0.44015	0.44009	0.44013	0.44013	0.44013	0.44013	0.44013
0.579	0.579	0.579	0.579	0.579	0.579	0.579	0.57893	0.57898	0.57898	0.57899	0.57899	0.57899
0.78296	0.78296	0.78296	0.78296	0.78296	0.78296	0.78296	0.78297	0.78298	0.78298	0.78298	0.78298	0.78298
0.97333	0.97333	0.97333	0.97333	0.97333	0.97333	0.97333	0.97333	0.97334	0.97334	0.97334	0.97334	0.97334
1.1682	1.1682	1.1682	1.1682	1.1682	1.1682	1.1682	1.1682	1.1682	1.1682	1.1682	1.1682	1.1682
1.3622	1.3622	1.3622	1.3622	1.3622	1.3622	1.3622	1.3622	1.3622	1.3622	1.3622	1.3622	1.3622
1.4853	1.4853	1.4853	1.4853	1.4853	1.4853	1.4853	1.4853	1.4853	1.4853	1.4853	1.4853	1.4853
1.4569	1.4569	1.4569	1.4569	1.4569	1.4569	1.4569	1.4569	1.4569	1.4569	1.4569	1.4569	1.4569
1.3866	1.3866	1.3866	1.3866	1.3866	1.3866	1.3866	1.3866	1.3866	1.3866	1.3866	1.3866	1.3866
1.3589	1.3589	1.3589	1.3589	1.3589	1.3589	1.3589	1.3589	1.3589	1.3589	1.3589	1.3589	1.3589
1.3894	1.3894	1.3894	1.3894	1.3894	1.3894	1.3894	1.3894	1.3894	1.3894	1.3894	1.3894	1.3894
1.4369	1.4369	1.4369	1.4369	1.4369	1.4369	1.4369	1.4369	1.4369	1.4369	1.4369	1.4369	1.4369
1.5692	1.5692	1.5692	1.5692	1.5692	1.5692	1.5692	1.5693	1.5692	1.5692	1.5692	1.5692	1.5692
1.7896	1.7896	1.7896	1.7896	1.7896	1.7896	1.7896	1.7896	1.7896	1.7896	1.7896	1.7896	1.7896
1.9721	1.9721	1.9721	1.9721	1.9721	1.9721	1.9721	1.9721	1.9721	1.9721	1.9721	1.9721	1.9721
2.064	2.064	2.064	2.064	2.064	2.064	2.064	2.064	2.064	2.064	2.064	2.064	2.064
2.0338	2.0338	2.0338	2.0338	2.0338	2.0338	2.0338	2.0338	2.0338	2.0338	2.0338	2.0338	2.0338
1.9592	1.9592	1.9592	1.9592	1.9592	1.9592	1.9592	1.9592	1.9592	1.9592	1.9592	1.9592	1.9592
1.9335	1.9335	1.9335	1.9335	1.9335	1.9335	1.9335	1.9335	1.9335	1.9335	1.9335	1.9335	1.9335
1.9896	1.9896	1.9896	1.9896	1.9896	1.9896	1.9896	1.9896	1.9896	1.9897	1.9897	1.9897	1.9897
2.0244	2.0244	2.0244	2.0244	2.0244	2.0244	2.0244	2.0244	2.0244	2.0244	2.0244	2.0244	2.0244
2.0544	2.0544	2.0544	2.0544	2.0544	2.0544	2.0544	2.0544	2.0543	2.0543	2.0543	2.0543	2.0543
2.0123	2.0123	2.0123	2.0123	2.0123	2.0123	2.0123	2.0123	2.0123	2.0123	2.0123	2.0123	2.0123
1.9274	1.9274	1.9274	1.9274	1.9274	1.9274	1.9274	1.9274	1.9274	1.9274	1.9274	1.9274	1.9274
1.8372	1.8372	1.8372	1.8372	1.8372	1.8372	1.8372	1.8372	1.8372	1.8372	1.8372	1.8372	1.8372
1.7886	1.7886	1.7886	1.7886	1.7886	1.7886	1.7886	1.7886	1.7886	1.7886	1.7886	1.7886	1.7886
1.7715	1.7715	1.7715	1.7715	1.7715	1.7715	1.7715	1.7715	1.7715	1.7715	1.7715	1.7715	1.7715
1.8459	1.8459	1.846	1.846	1.846	1.846	1.846	1.8459	1.8459	1.8459	1.8459	1.8459	1.8459
1.9486	1.9486	1.9486	1.9486	1.9486	1.9486	1.9486	1.9486	1.9486	1.9486	1.9486	1.9486	1.9486
2.0334	2.0334	2.0334	2.0334	2.0334	2.0334	2.0334	2.0334	2.0334	2.0334	2.0334	2.0334	2.0334
2.0553	2.0553	2.0553	2.0553	2.0553	2.0553	2.0553	2.0553	2.0553	2.0553	2.0553	2.0553	2.0553
1.9922	1.9922	1.9923	1.9923	1.9923	1.9923	1.9923	1.9922	1.9922	1.9922	1.9922	1.9922	1.9922
1.9204	1.9204	1.9204	1.9204	1.9204	1.9204	1.9204	1.9204	1.9204	1.9204	1.9204	1.9204	1.9204
1.9394	1.9394	1.9394	1.9394	1.9394	1.9394	1.9394	1.9394	1.9394	1.9394	1.9394	1.9394	1.9394
1.8648	1.8648	1.8648	1.8648	1.8648	1.8648	1.8648	1.8648	1.8648	1.8648	1.8648	1.8648	1.8648
1.8367	1.8367	1.8367	1.8367	1.8367	1.8367	1.8367	1.8367	1.8367	1.8367	1.8367	1.8367	1.8367
1.803	1.803	1.803	1.803	1.803	1.803	1.803	1.803	1.803	1.803	1.803	1.803	1.803
1.7839	1.7839	1.7839	1.7839	1.7839	1.7839	1.7839	1.7839	1.7839	1.7839	1.7839	1.7839	1.7839
1.754	1.754	1.754	1.754	1.754	1.754	1.754	1.754	1.754	1.754	1.754	1.754	1.754
1.6854	1.6854	1.6854	1.6854	1.6854	1.6854	1.6854	1.6854	1.6854	1.6854	1.6854	1.6854	1.6854
1.5333	1.5333	1.5333	1.5332	1.5332	1.5332	1.5332	1.5333	1.5333	1.5333	1.5333	1.5333	1.5333
1.5773	1.5773	1.5773	1.5773	1.5773	1.5773	1.5773	1.5773	1.5773	1.5773	1.5773	1.5773	1.5773
1.6057	1.6057	1.6057	1.6057	1.6057	1.6057	1.6057	1.6057	1.6057	1.6057	1.6057	1.6057	1.6057
1.5939	1.5939	1.5939	1.5939	1.5939	1.5939	1.5939	1.5939	1.5939	1.5939	1.5939	1.5939	1.5939
1.5613	1.5613	1.5613	1.5613	1.5613	1.5613	1.5613	1.5613	1.5613	1.5613	1.5613	1.5613	1.5613
1.5186	1.5186	1.5186	1.5187	1.5187	1.5187	1.5187	1.5187	1.5186	1.5186	1.5186	1.5186	1.5186
1.4929	1.4929	1.4929	1.4929	1.4929	1.4929	1.4929	1.4929	1.4929	1.4929	1.4929	1.4929	1.4929
1.5104	1.5104	1.5104	1.5104	1.5104	1.5104	1.5104	1.5104	1.5104	1.5104	1.5104	1.5104	1.5104
1.5421	1.5421	1.5421	1.5421	1.5421	1.5421	1.5421	1.5421	1.5421	1.5421	1.5421	1.5421	1.5421
1.5097	1.5097	1.5097	1.5097	1.5097	1.5097	1.5097	1.5097	1.5097	1.5097	1.5097	1.5097	1.5097
1.3378	1.3378	1.3378	1.3377	1.3377	1.3377	1.3377	1.3378	1.3378	1.3378	1.3378	1.3378	1.3378
1.1041	1.1041	1.1041	1.104	1.104	1.104	1.104	1.104	1.1041	1.1041	1.1041	1.1041	1.1041
1.0977	1.0977	1.0977	1.0977	1.0977	1.0977	1.0977	1.0977	1.0977	1.0977	1.0977	1.0977	1.0977
1.2461	1.2461	1.2461	1.2461	1.2461	1.2461	1.2461	1.2461	1.2461	1.2461	1.2461	1.2461	1.2461
1.6925	1.6925	1.6925	1.6925	1.6925	1.6925	1.6925	1.6925	1.6925	1.6925	1.6925	1.6925	1.6925
2.1268	2.1268	2.1268	2.1268	2.1268	2.1268	2.1268	2.1268	2.1268	2.1268	2.1268	2.1268	2.1268
2.4037	2.4037	2.4037	2.4037	2.4037	2.4037	2.4037	2.4037	2.4037	2.4037	2.4037	2.4037	2.4037
2.4336	2.4336	2.4336	2.4336	2.4336	2.4336	2.4336	2.4336	2.4336	2.4336	2.4336	2.4336	2.4336
