2.775e+12
2.8824e+12
2.8832e+12
2.8333e+12
2.7793e+12
2.6898e+12
2.6034e+12
2.5795e+12
2.6163e+12
2.6496e+12
2.6534e+12
2.6429e+12
2.6149e+12
2.5509e+12
2.4786e+12
2.4316e+12
2.3864e+12
2.3749e+12
2.4019e+12
2.4215e+12
2.4188e+12
2.4554e+12
2.4839e+12
2.5277e+12
2.7358e+12
2.8485e+12
2.8868e+12
2.9204e+12
2.9208e+12
2.93e+12
2.9419e+12
3.0509e+12
3.1605e+12
3.2436e+12
3.3735e+12
3.5331e+12
3.6389e+12
3.7654e+12
3.8899e+12
4.0307e+12
4.1948e+12
4.5376e+12
4.6344e+12
4.7267e+12
4.8606e+12
5.03e+12
5.2569e+12
5.4624e+12
5.614e+12
5.7338e+12
5.9154e+12
6.1274e+12
6.3499e+12
6.2363e+12
5.9115e+12
5.2752e+12
4.6751e+12
4.282e+12
4.1273e+12
