0.00018386	0.00018668	0.00018739	9.0621e-05	8.5994e-05	8.4571e-05	8.3671e-05	6.9784e-05	7.7186e-05	0.00010653	NaN	NaN	NaN
0.00017628	0.00017897	0.00017944	8.2467e-05	7.8484e-05	7.7979e-05	7.9745e-05	6.6819e-05	7.4515e-05	0.00010219	NaN	NaN	NaN
0.00016989	0.00017233	0.00017243	7.7677e-05	7.3963e-05	7.3987e-05	7.62e-05	6.3827e-05	7.1978e-05	9.8876e-05	NaN	NaN	NaN
0.00016298	0.00016513	0.00016475	7.3847e-05	7.0325e-05	7.0826e-05	7.2532e-05	6.0595e-05	6.9296e-05	9.5735e-05	NaN	NaN	NaN
0.00015808	0.0001599	0.00015895	7.1121e-05	6.7849e-05	6.8946e-05	6.9429e-05	5.8028e-05	6.7303e-05	9.3266e-05	NaN	NaN	NaN
0.00015609	0.00015755	0.00015593	7.0435e-05	6.7431e-05	6.9324e-05	6.6925e-05	5.6082e-05	6.6068e-05	9.173e-05	NaN	NaN	NaN
0.00015499	0.00015613	0.00015375	6.9986e-05	6.7391e-05	7.0443e-05	6.4714e-05	5.4592e-05	6.5256e-05	9.0574e-05	NaN	NaN	NaN
0.00015199	0.0001529	0.00014961	6.6967e-05	6.4913e-05	6.9492e-05	6.1951e-05	5.2902e-05	6.4023e-05	8.851e-05	NaN	NaN	NaN
0.00015013	0.0001509	0.00014652	6.305e-05	6.1503e-05	6.7965e-05	5.9494e-05	5.1836e-05	6.3165e-05	8.6464e-05	NaN	NaN	NaN
0.00014772	0.00014853	0.00014284	5.8963e-05	5.7681e-05	6.6509e-05	5.6863e-05	5.0759e-05	6.2203e-05	8.4289e-05	NaN	NaN	NaN
0.00014469	0.00014578	0.0001386	5.5292e-05	5.3662e-05	6.5739e-05	5.3958e-05	4.9501e-05	6.1137e-05	8.2087e-05	NaN	NaN	NaN
0.00014135	0.0001424	0.00013525	5.3318e-05	5.1822e-05	6.3458e-05	5.2504e-05	4.8246e-05	5.9431e-05	8.0214e-05	NaN	NaN	NaN
0.00013871	0.00013973	0.00013266	5.2017e-05	5.0656e-05	6.2002e-05	5.1234e-05	4.7147e-05	5.7956e-05	7.8668e-05	NaN	NaN	NaN
0.00013569	0.0001367	0.00012977	5.1191e-05	4.9997e-05	6.1242e-05	4.9801e-05	4.5855e-05	5.6426e-05	7.7217e-05	NaN	NaN	NaN
0.00013093	0.00013193	0.00012511	4.9809e-05	4.8803e-05	5.9871e-05	4.7944e-05	4.4143e-05	5.4511e-05	7.5332e-05	NaN	NaN	NaN
0.00012675	0.00012767	0.000121	4.8249e-05	4.7364e-05	5.8195e-05	4.6258e-05	4.2656e-05	5.2751e-05	7.3451e-05	NaN	NaN	NaN
0.00012657	0.00012748	0.00012096	4.8414e-05	4.7646e-05	5.8454e-05	4.5736e-05	4.225e-05	5.2046e-05	7.2839e-05	NaN	NaN	NaN
0.00012788	0.00012875	0.00012234	4.8645e-05	4.7948e-05	5.866e-05	4.5698e-05	4.2337e-05	5.1731e-05	7.2547e-05	NaN	NaN	NaN
0.00012782	0.00012865	0.00012225	4.7701e-05	4.7039e-05	5.7348e-05	4.5436e-05	4.2228e-05	5.1115e-05	7.1721e-05	NaN	NaN	NaN
0.00012688	0.00012768	0.00012128	4.6564e-05	4.5947e-05	5.5831e-05	4.4951e-05	4.189e-05	5.0317e-05	7.0707e-05	NaN	NaN	NaN
0.00012448	0.00012521	0.00011886	4.5113e-05	4.4551e-05	5.4083e-05	4.3947e-05	4.1035e-05	4.9149e-05	6.9323e-05	NaN	NaN	NaN
0.0001231	0.00012385	0.00011736	4.3705e-05	4.3208e-05	5.2292e-05	4.3404e-05	4.0611e-05	4.8351e-05	6.8444e-05	NaN	NaN	NaN
0.00012246	0.0001232	0.00011662	4.2782e-05	4.2339e-05	5.1072e-05	4.3065e-05	4.0359e-05	4.777e-05	6.7842e-05	NaN	NaN	NaN
0.00012325	0.00012396	0.00011731	4.2314e-05	4.1881e-05	5.0262e-05	4.3185e-05	4.0533e-05	4.761e-05	6.7625e-05	NaN	NaN	NaN
0.00010642	0.0001052	0.00010128	3.7483e-05	3.3474e-05	4.3933e-05	3.8328e-05	3.6276e-05	4.179e-05	5.9059e-05	8.2805e-05	2.6627e-05	4.1526e-05
0.00010515	0.00010397	9.9783e-05	3.5655e-05	3.1659e-05	4.1336e-05	3.8037e-05	3.6089e-05	4.1224e-05	5.8128e-05	8.1883e-05	2.5025e-05	4.2227e-05
0.00010648	0.00010544	0.00010108	3.5788e-05	3.1823e-05	4.1255e-05	3.8293e-05	3.6427e-05	4.1306e-05	5.8195e-05	8.2779e-05	2.5217e-05	4.3783e-05
0.00010954	0.00010866	0.00010417	3.6911e-05	3.2932e-05	4.2306e-05	3.9189e-05	3.7419e-05	4.2075e-05	5.9001e-05	8.4954e-05	2.6222e-05	4.6327e-05
0.00011123	0.00011048	0.00010588	3.7715e-05	3.3759e-05	4.3149e-05	3.9626e-05	3.7899e-05	4.2395e-05	5.947e-05	8.6273e-05	2.702e-05	4.7575e-05
0.00011093	0.00011025	0.00010552	3.7463e-05	3.3551e-05	4.2761e-05	3.947e-05	3.7773e-05	4.2073e-05	5.9241e-05	8.62e-05	2.6899e-05	4.7564e-05
0.00011099	0.00011039	0.00010551	3.7365e-05	3.3484e-05	4.2513e-05	3.943e-05	3.7764e-05	4.1842e-05	5.9106e-05	8.6357e-05	2.69e-05	4.7838e-05
0.00010776	0.00010696	0.00010218	3.4657e-05	3.0768e-05	3.8983e-05	3.8186e-05	3.6659e-05	4.0517e-05	5.7057e-05	8.3177e-05	2.4476e-05	4.6366e-05
0.00010412	0.00010317	9.8399e-05	3.1982e-05	2.8168e-05	3.5442e-05	3.6885e-05	3.5549e-05	3.9001e-05	5.488e-05	7.9922e-05	2.2252e-05	4.475e-05
0.00010192	0.0001009	9.6125e-05	3.0376e-05	2.6655e-05	3.3208e-05	3.6031e-05	3.4844e-05	3.7931e-05	5.3283e-05	7.7802e-05	2.1036e-05	4.3898e-05
9.6426e-05	9.5561e-05	9.0343e-05	2.7051e-05	2.3651e-05	2.9038e-05	3.4414e-05	3.3326e-05	3.6199e-05	5.1022e-05	7.4146e-05	1.8648e-05	4.1393e-05
9.276e-05	9.2085e-05	8.6433e-05	2.4688e-05	2.1554e-05	2.5854e-05	3.3428e-05	3.2468e-05	3.5097e-05	4.9255e-05	7.1637e-05	1.7027e-05	4.0521e-05
9.1188e-05	9.0797e-05	8.4775e-05	2.3657e-05	2.075e-05	2.4368e-05	3.2924e-05	3.2077e-05	3.449e-05	4.8219e-05	7.0471e-05	1.6518e-05	4.0466e-05
8.8771e-05	8.8576e-05	8.222e-05	2.2285e-05	1.9588e-05	2.249e-05	3.2265e-05	3.1529e-05	3.3744e-05	4.6942e-05	6.876e-05	1.5636e-05	3.9996e-05
8.6374e-05	8.6385e-05	7.9694e-05	2.1015e-05	1.852e-05	2.08e-05	3.1631e-05	3.0992e-05	3.3033e-05	4.5771e-05	6.7132e-05	1.4815e-05	3.9458e-05
8.4164e-05	8.4331e-05	7.74e-05	1.9866e-05	1.7521e-05	1.9288e-05	3.1112e-05	3.0566e-05	3.2436e-05	4.4731e-05	6.5627e-05	1.4035e-05	3.9128e-05
8.2229e-05	8.2452e-05	7.5388e-05	1.8906e-05	1.6641e-05	1.7967e-05	3.0714e-05	3.0271e-05	3.1963e-05	4.373e-05	6.4168e-05	1.3338e-05	3.9172e-05
8.1467e-05	8.187e-05	7.4406e-05	1.825e-05	1.6048e-05	1.6776e-05	3.0894e-05	3.0607e-05	3.2093e-05	4.2992e-05	6.3599e-05	1.2915e-05	4.1357e-05
8.0706e-05	8.1129e-05	7.3495e-05	1.7664e-05	1.5504e-05	1.6089e-05	3.0597e-05	3.0334e-05	3.1745e-05	4.267e-05	6.3128e-05	1.247e-05	4.0608e-05
8.0126e-05	8.0535e-05	7.2809e-05	1.7224e-05	1.5087e-05	1.5564e-05	3.0339e-05	3.0109e-05	3.1436e-05	4.2336e-05	6.2668e-05	1.2123e-05	3.9976e-05
7.9526e-05	7.9904e-05	7.2107e-05	1.6807e-05	1.4681e-05	1.5016e-05	3.0155e-05	2.9983e-05	3.1208e-05	4.1909e-05	6.211e-05	1.1781e-05	3.982e-05
7.8747e-05	7.9113e-05	7.1198e-05	1.6299e-05	1.4189e-05	1.4352e-05	3.0001e-05	2.9897e-05	3.1021e-05	4.1462e-05	6.1486e-05	1.1364e-05	3.9903e-05
7.7878e-05	7.8396e-05	7.0056e-05	1.5602e-05	1.3556e-05	1.3457e-05	2.9996e-05	2.9849e-05	3.0979e-05	4.1211e-05	6.1164e-05	1.0853e-05	4.051e-05
7.675e-05	7.7276e-05	6.8687e-05	1.4904e-05	1.2884e-05	1.2606e-05	2.9838e-05	2.9733e-05	3.0805e-05	4.0826e-05	6.0472e-05	1.0279e-05	4.0645e-05
7.57e-05	7.6217e-05	6.7397e-05	1.4293e-05	1.2301e-05	1.1896e-05	2.9578e-05	2.9485e-05	3.0507e-05	4.047e-05	5.9815e-05	9.7818e-06	4.0222e-05
7.4839e-05	7.5323e-05	6.6326e-05	1.3823e-05	1.1848e-05	1.1355e-05	2.9297e-05	2.9212e-05	3.018e-05	4.0123e-05	5.9208e-05	9.3947e-06	3.9599e-05
7.3801e-05	7.4219e-05	6.5043e-05	1.3362e-05	1.1393e-05	1.0778e-05	2.9047e-05	2.9011e-05	2.9915e-05	3.9585e-05	5.8355e-05	9.0022e-06	3.9565e-05
7.2538e-05	7.2876e-05	6.3544e-05	1.3097e-05	1.1072e-05	1.0291e-05	2.8918e-05	2.8942e-05	2.989e-05	3.8811e-05	5.7211e-05	8.7168e-06	4.1508e-05
7.1457e-05	7.1712e-05	6.244e-05	1.3065e-05	1.0983e-05	1.0072e-05	2.8882e-05	2.9107e-05	2.9949e-05	3.794e-05	5.6067e-05	8.61e-06	4.3912e-05
7.1932e-05	7.2195e-05	6.3135e-05	1.3379e-05	1.1256e-05	1.0403e-05	2.8856e-05	2.909e-05	2.9836e-05	3.8008e-05	5.6322e-05	8.8172e-06	4.3592e-05
7.3313e-05	7.3619e-05	6.4821e-05	1.3929e-05	1.1777e-05	1.1096e-05	2.8801e-05	2.8924e-05	2.9572e-05	3.8591e-05	5.7361e-05	9.2413e-06	4.1532e-05
7.5245e-05	7.561e-05	6.7029e-05	1.4616e-05	1.2485e-05	1.2188e-05	2.8385e-05	2.8204e-05	2.8761e-05	3.9768e-05	5.9072e-05	9.8422e-06	3.6375e-05
7.6432e-05	7.6888e-05	6.8877e-05	1.5471e-05	1.3453e-05	1.3732e-05	2.7514e-05	2.7339e-05	2.7836e-05	4.0355e-05	5.9997e-05	1.0651e-05	3.2237e-05
7.6856e-05	7.7088e-05	6.9535e-05	1.619e-05	1.4152e-05	1.4888e-05	2.6862e-05	2.6498e-05	2.6964e-05	4.0363e-05	5.9942e-05	1.1258e-05	2.9306e-05
7.699e-05	7.7034e-05	6.981e-05	1.6616e-05	1.4519e-05	1.5462e-05	2.6596e-05	2.6198e-05	2.6553e-05	4.0163e-05	5.966e-05	1.1549e-05	2.8427e-05
