  0.0000000000000000e+000	
  6.4467155772454969e+000	
  1.2893431154490994e+001	
  1.9340146731736489e+001	
  6.9541443547985182e+001	
  1.1974274036423387e+002	
  1.6994403718048255e+002	
  2.2014533399673124e+002	
  3.2537311952803361e+002	
  4.3060090505933601e+002	
  5.3582869059063842e+002	
  6.4105647612194082e+002	
  8.3192780980390489e+002	
  1.0227991434858690e+003	
  1.2136704771678330e+003	
  1.4045418108497970e+003	
  1.7615213945253095e+003	
  2.1185009782008219e+003	
  2.4754805618763344e+003	
  2.8324601455518468e+003	
  3.2406757415033089e+003	
  3.6488913374547710e+003	
  4.0571069334062331e+003	
  4.4653225293576952e+003	
  5.2054736973508734e+003	
  5.9456248653440516e+003	
  6.6857760333372298e+003	
  7.4259272013304080e+003	
  8.9779343600055618e+003	
  1.0529941518680716e+004	
  1.2081948677355871e+004	
  1.3633955836031026e+004	
  1.5185962994706180e+004	
  1.8777841938792368e+004	
  2.2369720882878555e+004	
  2.5961599826964743e+004	
  2.9553478771050930e+004	
  3.3145357715137114e+004	
  3.8457591278528009e+004	
  4.3769824841918904e+004	
  4.9082058405309799e+004	
  5.4394291968700694e+004	
  5.9706525532091589e+004	
  6.7141461717921440e+004	
  7.4576397903751291e+004	
  8.0625025392690790e+004	
  8.6673652881630289e+004	
  9.2722280370569788e+004	
  9.7702909646109489e+004	
  9.9601689297638732e+004	
  9.9981739689086724e+004	
  1.0002867030087202e+005	
  1.0007560091265732e+005	
  1.0012253152444262e+005	
  1.0016946213622791e+005	
  1.0024890071288888e+005	
  1.0032833928954984e+005	
  1.0040777786621080e+005	
  1.0048721644287177e+005	
  1.0065992405361927e+005	
  1.0083263166436677e+005	
  1.0100533927511427e+005	
  1.0117804688586177e+005	
  1.0135075449660927e+005	
  1.0170878077665233e+005	
  1.0206680705669540e+005	
  1.0242483333673846e+005	
  1.0278285961678153e+005	
  1.0314088589682459e+005	
  1.0407809769190979e+005	
  1.0501530948699499e+005	
  1.0595252128208018e+005	
  1.0688973307716538e+005	
  1.0782694487225058e+005	
  1.1006096485557768e+005	
  1.1229498483890478e+005	
  1.1452900482223189e+005	
  1.1676302480555899e+005	
  1.2033315373339593e+005	
  1.2390328266123286e+005	
  1.2747341158906980e+005	
  1.3104354051690674e+005	
  1.3461366944474366e+005	
  1.4208385899269840e+005	
  1.4955404854065314e+005	
  1.5702423808860788e+005	
  1.6449442763656261e+005	
  1.7196461718451735e+005	
  1.8601103654540802e+005	
  2.0005745590629868e+005	
  2.1410387526718935e+005	
  2.2815029462808001e+005	
  2.6044293223300794e+005	
  2.9273556983793585e+005	
  3.2502820744286379e+005	
  3.5732084504779172e+005	
  3.9352395324534876e+005	
  4.0000000000000000e+005	
