  8.2611989692405663e-001	
  8.1550483389840900e-001	
  7.8497534839215788e-001	
  9.5868901072162671e-001	
  9.5456953840723568e-001	
  9.1614541807205763e-001	
  9.9624435139104994e-001	
  1.0120449638710936e+000	
  1.0511744141235855e+000	
  9.1809881820194694e-001	
  8.1599231765945734e-001	
  9.3168602107256138e-001	
  9.6102572373446604e-001	
  9.4237632194391663e-001	
  9.2897336570600531e-001	
  8.9318878007834501e-001	
  9.6855968309807750e-001	
  9.5384042568813143e-001	
  9.2333064615333038e-001	
  1.0184315090205327e+000	
  1.0281607256233349e+000	
  1.0631740623798993e+000	
  9.9373297162827079e-001	
  9.0790831983018150e-001	
  9.2187722479899037e-001	
  9.7285869783746537e-001	
  3.1630555648711330e-004	
  4.6409575167631221e-004	
  2.5779671720899702e-004	
  1.2819247663698992e-003	
  1.3527298237203836e-003	
  1.1391820783369275e-003	
  1.5023033215477378e-003	
  1.5238715072944313e-003	
  1.7440155390028528e-003	
  1.0538164365583805e-003	
  3.7249197924005994e-004	
  1.2167313874046574e-003	
  1.0211295220265285e-003	
  1.9725219954456701e+001	
  1.9719626902801661e+001	
  1.9700187367229333e+001	
  1.9745553779107905e+001	
  1.9738725188333056e+001	
  1.9721868690475283e+001	
  1.9772142531232966e+001	
  1.9777168900927464e+001	
  1.9796326649543563e+001	
  1.9756429610899414e+001	
  1.9708407351570479e+001	
  1.9721723599616119e+001	
  1.9745747322145021e+001	
  2.0724232078128529e-001	
  2.0720433495126633e-001	
  2.0696370488091059e-001	
  1.2147328212944490e-001	
  1.0697921161604497e-001	
  1.0220382663550512e-001	
  1.8150982146757139e-001	
  1.5578749875703060e-001	
  1.4261389877705569e-001	
  2.6112761935236539e-001	
  2.3938986983086635e-001	
  1.1205250702306349e-001	
  1.0400378948265680e-001	
  4.1061282291374718e-001	
  4.1049655669550722e-001	
  4.1009245511891168e-001	
  4.1103551204167416e-001	
  4.1089356230699042e-001	
  4.1054315644417233e-001	
  4.1158822540671075e-001	
  4.1169271125237122e-001	
  4.1209095413090563e-001	
  4.1126159314297706e-001	
  4.1026332967499829e-001	
  4.1054014144900963e-001	
  4.1103953515247688e-001	
  9.0942350275218121e-003	
  8.9774567592133502e-003	
  8.6400420980658841e-003	
  1.0530341591503989e-002	
  1.0484292784138630e-002	
  1.0060109185043849e-002	
  1.0947301159164854e-002	
  1.1118259562430757e-002	
  1.1544012810231898e-002	
  1.0102855868019327e-002	
  8.9894469208976480e-003	
  1.0236604465309418e-002	
  1.0560149945554627e-002	
  1.3554484733274310e+002	
  1.4798538415341509e+000	
  7.6972056176363468e-001	
  7.6764044368589446e-001	
  5.6279848937268895e-001	
  6.8177188170449632e-001	
  1.5640495926683218e-001	
  5.4590355896089779e-002	
  2.4933324495021926e-002	
  1.3209371912280637e-002	
  7.7232869380948754e-003	
  4.8173401831662320e-003	
  3.1577522648865096e-003	
  2.1560353416995312e-003	
  1.0927217570212435e-003	
  7.9585385799827624e-001	
  7.4932113138188006e-001	
  1.3491689417050248e-001	
  5.3730576504435834e-001	
  1.3352275060038707e-001	
  5.8108588675877489e-002	
  2.9998055403720282e-002	
  1.7166506697642213e-002	
  1.0576691168001608e-002	
  6.8526788551625797e-003	
  4.6221943163454321e-003	
  3.2263147206328061e-003	
  1.6881644303737293e-003	
  8.3585135049305348e-001	
  8.1058047888199114e-001	
  1.7934127270777403e-001	
  2.5092465999521935e-001	
  8.0286448284536530e-002	
  3.6711359026040787e-002	
  1.9582180716055046e-002	
  1.1461806773186343e-002	
  7.1774012263684682e-003	
  4.7074911045357493e-003	
  3.2054196022195764e-003	
  2.2541279621548509e-003	
  1.1925225534784422e-003	
  8.4691334831160370e-003	
  8.4462462193872732e-003	
  6.1923969603304412e-003	
  7.5014458042406886e-003	
  1.7209030788829698e-003	
  6.0065046334973639e-004	
  2.7433807035169615e-004	
  1.4534097128809828e-004	
  8.4978304219460643e-005	
  5.3004556590309035e-005	
  3.4744330325266839e-005	
  2.3722571569494999e-005	
  1.2023072898801850e-005	
  8.7567491008607480e-003	
  8.2447513189962286e-003	
  1.4844853591152293e-003	
  5.9119545271470219e-003	
  1.4691456457363351e-003	
  6.3936654628548174e-004	
  3.3006743933270197e-004	
  1.8888240688222160e-004	
  1.1637492237462260e-004	
  7.5399759442495260e-005	
  5.0857824640379621e-005	
  3.5499015632390835e-005	
  1.8574807695866260e-005	
  9.1954224650999013e-003	
  8.9174109049409683e-003	
  1.9729809490074911e-003	
  2.7604887919659019e-003	
  8.8325252064113834e-004	
  4.0387140119802541e-004	
  2.1542876567901730e-004	
  1.2609437738151736e-004	
  7.8960495206496716e-005	
  5.1788358634470272e-005	
  3.5263671506156416e-005	
  2.4798259776562107e-005	
  1.3119257010462257e-005	
  7.6972056176363668e-001	
  7.6764044368589346e-001	
  5.6279848937304311e-001	
  6.8177188170444925e-001	
  1.5640495926685793e-001	
  5.4590355896095205e-002	
  2.4933324495022131e-002	
  1.3209371912280837e-002	
  7.7232869380947653e-003	
  4.8173401831662303e-003	
  3.1577522648865669e-003	
  2.1560353416995312e-003	
  1.0927217570212435e-003	
  7.9585385799827779e-001	
  7.4932113138187895e-001	
  1.3491689417050171e-001	
  5.3730576504449656e-001	
  1.3352275060039087e-001	
  5.8108588675885760e-002	
  2.9998055403720861e-002	
  1.7166506697642369e-002	
  1.0576691168001608e-002	
  6.8526788551625918e-003	
  4.6221943163454217e-003	
  3.2263147206327658e-003	
  1.6881644303737352e-003	
  8.3585135049305370e-001	
  8.1058047888198625e-001	
  1.7934127270781119e-001	
  2.5092465999507507e-001	
  8.0286448284532921e-002	
  3.6711359026041349e-002	
  1.9582180716053995e-002	
  1.1461806773186343e-002	
  7.1774012263685532e-003	
  4.7074911045357553e-003	
  3.2054196022196007e-003	
  2.2541279621548535e-003	
  1.1925225534784323e-003	
  1.6000564423760990e-002	
  1.5957323973993857e-002	
  1.1699172318622034e-002	
  1.4172331418903034e-002	
  3.2512677348990964e-003	
  1.1347968990625590e-003	
  5.1830142625432717e-004	
  2.7458978859633639e-004	
  1.6054780966783409e-004	
  1.0014044810611435e-004	
  6.5641768027714753e-005	
  4.4818579764209782e-005	
  2.2714951039973082e-005	
  1.6543816802170246e-002	
  1.5576517471751096e-002	
  2.8045857399394392e-003	
  1.1169246781823700e-002	
  2.7756049720660475e-003	
  1.2079326326605497e-003	
  6.2358475510211121e-004	
  3.5684886006678683e-004	
  2.1986303055489197e-004	
  1.4245010245497164e-004	
  9.6083891839520333e-005	
  6.7067036442269057e-005	
  3.5092728136030293e-005	
  1.7375288825747744e-002	
  1.6849969709740766e-002	
  3.7280629040873968e-003	
  5.2161050405880672e-003	
  1.6689573181416354e-003	
  7.6313864438937835e-004	
  4.0706525833982850e-004	
  2.3826270438597770e-004	
  1.4920047602449672e-004	
  9.7857134013634169e-005	
  6.6632770751757998e-005	
  4.6857762909862131e-005	
  2.4789603790794990e-005	
  9.1033157909386442e-001	
  8.9605915041588313e-001	
  4.6203218334768127e-002	
  1.5491479530157684e-001	
  6.6844250566808469e-002	
  3.4258307266492767e-002	
  1.9639636526828833e-002	
  1.2082145003827365e-002	
  7.8436828428196693e-003	
  5.2874896021156588e-003	
  3.6781069833777881e-003	
  2.6307277108133000e-003	
  1.4273249190217669e-003	
  1.0023728831572296e-002	
  9.8665740561833665e-003	
  5.0874707999038100e-004	
  1.7057783683498298e-003	
  7.3602702613775482e-004	
  3.7722077438267669e-004	
  2.1625350119183848e-004	
  1.3303739882841227e-004	
  8.6367376153881516e-005	
  5.8220941926369010e-005	
  4.0499910007216079e-005	
  2.8967138806341840e-005	
  1.5716381013875879e-005	
  9.1033157909386442e-001	
  8.9605915041588313e-001	
  4.6203218334768127e-002	
  1.5491479530157240e-001	
  6.6844250566811439e-002	
  3.4258307266493288e-002	
  1.9639636526828833e-002	
  1.2082145003827330e-002	
  7.8436828428194438e-003	
  5.2874896021156588e-003	
  3.6781069833776874e-003	
  2.6307277108132071e-003	
  1.4273249190217380e-003	
  1.8923538170397259e-002	
  1.8626849738377090e-002	
  9.6045044012887503e-004	
  3.2202947910827816e-003	
  1.3895263618476006e-003	
  7.1214533269591809e-004	
  4.0825938595162234e-004	
  2.5115786096590692e-004	
  1.6305073348065098e-004	
  1.0991380900674625e-004	
  7.6458731628563497e-005	
  5.4686311447103321e-005	
  2.9670548851155112e-005	
