 -4.8018372247484731e+000	
 -4.8018638291108529e+000	
 -4.8018904224603753e+000	
 -4.8019170045888737e+000	
 -4.8021818762070678e+000	
 -4.8024456846104124e+000	
 -4.8027084299964162e+000	
 -4.8052559622491220e+000	
 -4.8077230319815145e+000	
 -4.8101182419635347e+000	
 -4.8309426534298705e+000	
 -4.8496188228469572e+000	
 -4.8668165185474788e+000	
 -4.9405213130634396e+000	
 -4.9976739342473264e+000	
 -5.0440079358705647e+000	
 -5.1175138675140230e+000	
 -5.1778240172771772e+000	
 -5.2319787299915932e+000	
 -5.2833118738661033e+000	
 -5.3666206817878370e+000	
 -5.4471238291916579e+000	
 -5.5247773361304375e+000	
 -5.5996445171156983e+000	
 -5.6722306523733224e+000	
 -5.7749423156051582e+000	
 -5.8737128326646904e+000	
 -5.9684952950714854e+000	
 -6.0602960007586359e+000	
 -6.1494291576008608e+000	
 -6.2360351267868319e+000	
 -6.3333596980753581e+000	
 -6.4276634584310433e+000	
 -6.5194427673713751e+000	
 -6.6091111194831464e+000	
 -6.7954852787935893e+000	
 -6.9152097044010707e+000	
 -7.0329604942076518e+000	
 -7.1496599926681448e+000	
 -7.2651923093013382e+000	
 -7.3786166488504223e+000	
 -7.4900846652375952e+000	
 -7.6228136962266380e+000	
 -7.7530745767478981e+000	
 -7.8812331314983552e+000	
 -8.0077580391560979e+000	
 -8.1328450184392498e+000	
 -8.3087842045459492e+000	
 -8.4795108308317602e+000	
 -8.6466554425682638e+000	
 -8.6920406247767978e+000	
 -8.7389823268912981e+000	
 -8.7890746590612032e+000	
 -8.8392227529950915e+000	
 -8.8896291842852637e+000	
 -8.9347438763364160e+000	
 -8.8945384380508798e+000	
 -8.8361920775514857e+000	
 -8.7908965692713448e+000	
 -8.7577892404361322e+000	
 -8.7302658651782217e+000	
 -8.6826009631670864e+000	
 -8.6408702670255355e+000	
 -8.6040769139232864e+000	
 -8.5717758761740814e+000	
 -8.5297442989632479e+000	
 -8.4950560415679721e+000	
 -8.4660467549992902e+000	
 -8.4415517370416424e+000	
 -8.4206053920007342e+000	
 -8.3784473856194364e+000	
 -8.3476780828724007e+000	
 -8.3214202736798804e+000	
 -8.2967324947743606e+000	
 -8.2729669984853427e+000	
 -8.2363830650536975e+000	
 -8.2028373867427682e+000	
 -8.1684768811013377e+000	
 -8.1332811089686032e+000	
 -8.0979480530876113e+000	
 -8.0627034344850088e+000	
 -8.0797201105787799e+000	
 -8.1063997237666996e+000	
 -8.1261892828012883e+000	
 -8.1434886371676285e+000	
 -8.1574066838921979e+000	
 -8.1695561708665654e+000	
 -8.1813908647274669e+000	
 -8.1974921796866838e+000	
 -8.2127447035416079e+000	
 -8.2003144037656739e+000	
 -8.1869000979406525e+000	
 -8.1748108080413893e+000	
 -8.1639140478894099e+000	
 -8.1518940522948835e+000	
 -8.1405156721381378e+000	
 -8.1291665947024185e+000	
 -8.1074925085015117e+000	
 -8.0867171069902710e+000	
 -8.0647450945248167e+000	
 -8.0425473148179059e+000	
 -8.0020084472913755e+000	
 -7.9616099725443590e+000	
 -7.9190809953932906e+000	
 -7.8778940299405464e+000	
 -7.8101023308622120e+000	
 -7.7418538191947883e+000	
 -7.6733599644437378e+000	
 -7.6054552014027665e+000	
 -7.5194949771442143e+000	
 -7.5039526853962757e+000	
 -7.4612855480559181e+000	
 -7.4148170972853089e+000	
 -7.3675599141714843e+000	
 -7.3231793833130610e+000	
 -7.2778936707647013e+000	
 -7.2340609269943013e+000	
 -7.1902368771147307e+000	
 -7.1462559283024252e+000	
 -7.1025077230656430e+000	
 -7.0257443684693666e+000	
 -7.0180722898384174e+000	
 -7.0146100681627299e+000	
 -7.0113703740418698e+000	
 -7.0081338761179834e+000	
 -7.0049726801471035e+000	
 -7.0018727944963777e+000	
 -6.9969928055919617e+000	
 -6.9921353231603423e+000	
 -6.9873007400630405e+000	
 -6.9824926313494240e+000	
 -6.9815119152621952e+000	
 -6.9805304135365231e+000	
 -6.9795485071056929e+000	
 -6.9785667796079531e+000	
 -6.9753245406676267e+000	
 -6.9720894644842435e+000	
 -6.9688639844784905e+000	
 -6.9656494556366022e+000	
 -6.9604136275125406e+000	
 -6.9586572062312335e+000	
 -6.9568769878661785e+000	
 -6.9550896756918057e+000	
 -6.9532853366088831e+000	
 -6.9514815739384339e+000	
 -6.9496795705051850e+000	
 -6.9428303781451373e+000	
 -6.9361024609095878e+000	
 -6.9294360124949606e+000	
 -6.9228070643332362e+000	
 -6.9104787600028361e+000	
 -6.8985207302858509e+000	
 -6.8866723407268182e+000	
 -6.8780327922463025e+000	
 -6.8711011934595723e+000	
 -6.8640445876407830e+000	
 -6.8569648867763400e+000	
 -6.8498969281146627e+000	
 -6.8310308324379676e+000	
 -6.8136039943030857e+000	
 -6.8008354162601981e+000	
 -6.7885230021897947e+000	
 -6.7617302590683437e+000	
 -6.7317824430579432e+000	
 -6.7009149803294310e+000	
 -6.6707402359026391e+000	
 -6.6027832125443719e+000	
 -6.5413387187552852e+000	
 -6.4762729636845817e+000	
 -6.4113402661677421e+000	
 -6.3492152361237508e+000	
 -6.2739472181967404e+000	
 -6.2005241728096960e+000	
 -6.1273057215139870e+000	
 -6.0564168168860677e+000	
 -5.9355552571724868e+000	
 -5.8196713332074879e+000	
 -5.7003984580128453e+000	
 -5.6711188510915056e+000	
 -5.6456459746311305e+000	
 -5.6298103267945487e+000	
 -5.6144754611621162e+000	
 -5.5997944574804892e+000	
 -5.5687383915355992e+000	
 -5.5393189418931899e+000	
 -5.5089672449903926e+000	
 -5.4789993019800365e+000	
 -5.4119743313177926e+000	
 -5.3525190953798152e+000	
 -5.2853316448648879e+000	
 -5.2281294171265813e+000	
 -5.1566894060859347e+000	
 -5.0897315987398217e+000	
 -5.0238255227492701e+000	
 -4.9438621145417860e+000	
 -4.8637853036848089e+000	
 -4.7929912875599445e+000	
 -4.7243375443849489e+000	
 -4.6997618980795242e+000	
 -4.6685472421639229e+000	
 -4.6683609065810705e+000	
 -4.6595616231998038e+000	
 -4.6557659482250324e+000	
 -4.6500783492875453e+000	
 -4.6418315181268044e+000	
 -4.6324642577476594e+000	
 -4.6239960489558030e+000	
 -4.6001595111653248e+000	
 -4.5801486276593195e+000	
 -4.5566910128845839e+000	
 -4.5365053405203026e+000	
 -4.4962452563900301e+000	
 -4.4605569673912271e+000	
 -4.4320279456993017e+000	
 -4.4144883054165751e+000	
 -4.3907192640283421e+000	
 -4.3751035347140421e+000	
 -4.3540960233912074e+000	
 -4.3460243405769594e+000	
 -4.3280856650051991e+000	
 -4.3229725636690919e+000	
 -4.3074048341770199e+000	
 -4.3051530655866532e+000	
 -4.2917042982928422e+000	
 -4.2921613807701542e+000	
 -4.2816582441840279e+000	
 -4.2832531750157665e+000	
 -4.2770224170454174e+000	
 -4.2773073291242358e+000	
 -4.2741072596875762e+000	
 -4.2757084843949578e+000	
 -4.2779675055923949e+000	
 -4.2841985731897347e+000	
 -4.2912874029256143e+000	
 -4.3067871597241014e+000	
 -4.3206046107754359e+000	
 -4.3439329372602087e+000	
 -4.3314380453136625e+000	
 -4.3487600141044469e+000	
 -4.3457164010781701e+000	
 -4.3507311354011868e+000	
 -4.3530662339925641e+000	
 -4.3544510429589511e+000	
 -4.3586669642271536e+000	
 -4.3640128003328282e+000	
 -4.3683624466183124e+000	
 -4.3799220555408303e+000	
 -4.3922496693423740e+000	
 -4.4050863442959276e+000	
 -4.4184616259622667e+000	
 -4.4471990414406415e+000	
 -4.4768718650090022e+000	
 -4.5080400429388101e+000	
 -4.5013680010378421e+000	
 -4.5097676206439230e+000	
 -4.5158918933603243e+000	
 -4.5217805539682354e+000	
 -4.5270832687638318e+000	
 -4.5318717156918042e+000	
 -4.5440333278229383e+000	
 -4.5553834366145463e+000	
 -4.5682263809974089e+000	
 -4.5935869833068077e+000	
 -4.6214702627485060e+000	
 -4.6239323430959933e+000	
 -4.6347362168753792e+000	
 -4.6372252262685265e+000	
 -4.6386687272560456e+000	
 -4.6434157971710910e+000	
 -4.6480145033966913e+000	
 -4.6529640929570126e+000	
 -4.6702286884925392e+000	
 -4.6847906096891823e+000	
 -4.6948435806402067e+000	
 -4.6983220859132535e+000	
 -4.7039623548517095e+000	
 -4.7233827336052858e+000	
 -4.7391194186389152e+000	
 -4.7512452032747454e+000	
 -4.7517350581970375e+000	
 -4.7558496913536752e+000	
 -4.7668647637838513e+000	
 -4.7764014397050358e+000	
 -4.7877826666002932e+000	
 -4.8001658165938155e+000	
 -4.8148447927198745e+000	
 -4.8129400087503216e+000	
 -4.8214699060316057e+000	
 -4.8253144787299140e+000	
 -4.8336202411523033e+000	
 -4.8407569123964933e+000	
 -4.8498653421443771e+000	
 -4.8599727537371740e+000	
 -4.8727237196337647e+000	
 -4.8698069019867951e+000	
 -4.8783283247035847e+000	
 -4.8811026422599380e+000	
 -4.8865212842500449e+000	
 -4.8913320842945973e+000	
 -4.8969394907295571e+000	
 -4.9070801731064817e+000	
 -4.9170588632703183e+000	
