   2.4238985423275223e+00	   2.4386723565282074e+00	   2.3000281525342570e+00	   2.4145590840361772e+00	   2.4271379445421597e+00	   2.3194353698397325e+00	   2.4071522480027467e+00	   2.4136466049697236e+00	   2.4196311915433997e+00	   2.4105243144441784e+00	   2.4778181566940636e+00	   2.4473530617464814e+00	   2.4665517377530604e+00	
   2.4239205073440346e+00	   2.4386923264195168e+00	   2.3000479576735913e+00	   2.4145611150312232e+00	   2.4271395444641666e+00	   2.3194362481451658e+00	   2.4071519223435631e+00	   2.4136463030629658e+00	   2.4196309736686876e+00	   2.4105238045426991e+00	   2.4778293039132131e+00	   2.4473544034377466e+00	   2.4665500785539085e+00	
   2.4239602321446787e+00	   2.4387271683500118e+00	   2.3000854467358236e+00	   2.4145667023831230e+00	   2.4271437026908451e+00	   2.3194387240896357e+00	   2.4071512333081055e+00	   2.4136456603367078e+00	   2.4196305068237018e+00	   2.4105237609448844e+00	   2.4778487245403502e+00	   2.4473577937098736e+00	   2.4665473922546366e+00	
   2.4240117498207798e+00	   2.4387708529379477e+00	   2.3001356982003367e+00	   2.4145767414352721e+00	   2.4271508108711970e+00	   2.3194432867125134e+00	   2.4071502212486755e+00	   2.4136447098887022e+00	   2.4196298030488785e+00	   2.4105249509839104e+00	   2.4778732596141682e+00	   2.4473635174285850e+00	   2.4665444129010035e+00	
   2.4249037802781745e+00	   2.4394140478376722e+00	   2.3009602775631386e+00	   2.4150221479608689e+00	   2.4274040423359389e+00	   2.3196928466177757e+00	   2.4071470988796677e+00	   2.4136403233354353e+00	   2.4196135447417815e+00	   2.4106812447622463e+00	   2.4782916405332833e+00	   2.4475832018755042e+00	   2.4666045972763966e+00	
   2.4260730019132808e+00	   2.4402033290694671e+00	   2.3020019813112702e+00	   2.4157527368343286e+00	   2.4278083429459207e+00	   2.3201563663257887e+00	   2.4071773162778887e+00	   2.4136659293125078e+00	   2.4195952489787338e+00	   2.4109766071603285e+00	   2.4788593841012987e+00	   2.4479537493000776e+00	   2.4667959917778823e+00	
   2.4274138752917707e+00	   2.4410993662830700e+00	   2.3032130514745326e+00	   2.4166624513456179e+00	   2.4283272664091631e+00	   2.3208093327762778e+00	   2.4072590470373951e+00	   2.4137398260028826e+00	   2.4195822556751789e+00	   2.4113818068310788e+00	   2.4795487209208504e+00	   2.4484489497947375e+00	   2.4671204330355172e+00	
   2.4302571804398791e+00	   2.4430673495238189e+00	   2.3059456832029199e+00	   2.4186723147726128e+00	   2.4295756033155924e+00	   2.3224934000808237e+00	   2.4075781423360807e+00	   2.4140390660344835e+00	   2.4195885331752573e+00	   2.4123861576489913e+00	   2.4811511731152369e+00	   2.4496806536547187e+00	   2.4680559666543633e+00	
   2.4331987577989564e+00	   2.4452542323650928e+00	   2.3090588047156659e+00	   2.4208173262394119e+00	   2.4310897380827425e+00	   2.3246403964226006e+00	   2.4081305910743391e+00	   2.4145711724135128e+00	   2.4196581630066460e+00	   2.4136199465783634e+00	   2.4830313784815110e+00	   2.4512156455743410e+00	   2.4693515800160593e+00	
   2.4361030246954609e+00	   2.4476088489751247e+00	   2.3124383929712953e+00	   2.4229665955009572e+00	   2.4328192353780813e+00	   2.3271289574159506e+00	   2.4089143454677018e+00	   2.4153412972233639e+00	   2.4198124422250600e+00	   2.4150251331940882e+00	   2.4851280367066262e+00	   2.4529940119226907e+00	   2.4709343108029236e+00	
   2.4389309186711716e+00	   2.4500881119020872e+00	   2.3159782223627032e+00	   2.4250859930559119e+00	   2.4347230932726736e+00	   2.3298487684999798e+00	   2.4099068229760423e+00	   2.4163318353627270e+00	   2.4200652411016850e+00	   2.4165643431468209e+00	   2.4873882037992820e+00	   2.4549643531922927e+00	   2.4727407599419124e+00	
   2.4440741684340734e+00	   2.4549814636473313e+00	   2.3228191128659876e+00	   2.4290105883262734e+00	   2.4386506668057701e+00	   2.3353054189909779e+00	   2.4122249152277675e+00	   2.4186815227581602e+00	   2.4208203936168275e+00	   2.4197302610777349e+00	   2.4919467868026546e+00	   2.4590436331450061e+00	   2.4765715760506217e+00	
   2.4490369168012553e+00	   2.4600581303957614e+00	   2.3296517326937769e+00	   2.4329045105277527e+00	   2.4429042061024862e+00	   2.3409378830858674e+00	   2.4150118245251577e+00	   2.4215446544330677e+00	   2.4219620573213683e+00	   2.4231664581946077e+00	   2.4967713779324896e+00	   2.4634694055529054e+00	   2.4808078682178141e+00	
   2.4539262392121435e+00	   2.4652607979720003e+00	   2.3363935356718502e+00	   2.4368132853119047e+00	   2.4473706200442753e+00	   2.3465839566205910e+00	   2.4181312649648019e+00	   2.4247728862227635e+00	   2.4234770381208199e+00	   2.4267977509073124e+00	   2.5017713819103924e+00	   2.4681178031229574e+00	   2.4853020891088318e+00	
   2.4586843644353986e+00	   2.4704876631856489e+00	   2.3429782668287995e+00	   2.4407025629126617e+00	   2.4519604418782630e+00	   2.3521940709923488e+00	   2.4214902594539458e+00	   2.4282597878012830e+00	   2.4253347896165174e+00	   2.4305631234874863e+00	   2.5068416916945413e+00	   2.4728936576655207e+00	   2.4899619229366534e+00	
   2.4634084036077351e+00	   2.4757973203542591e+00	   2.3495307495149937e+00	   2.4445730331700970e+00	   2.4566532901183851e+00	   2.3577992538892665e+00	   2.4250237379796844e+00	   2.4319316813175349e+00	   2.4274957258255037e+00	   2.4344389262167563e+00	   2.5120073868770558e+00	   2.4777725916392788e+00	   2.4947282330136655e+00	
   2.4732601036203716e+00	   2.4872628823844987e+00	   2.3634431563323264e+00	   2.4527740951250427e+00	   2.4669549974957423e+00	   2.3698863836425814e+00	   2.4330460960289693e+00	   2.4402685360064025e+00	   2.4329971026047983e+00	   2.4430481528151557e+00	   2.5232197284429829e+00	   2.4884627659886256e+00	   2.5052224166850285e+00	
   2.4826492503582362e+00	   2.4985307260593550e+00	   2.3770202470456572e+00	   2.4607869281824013e+00	   2.4772809628197221e+00	   2.3819440921845749e+00	   2.4414516276563702e+00	   2.4489843017512820e+00	   2.4394409994363140e+00	   2.4518772709242960e+00	   2.5343240953272157e+00	   2.4991698033485625e+00	   2.5158106837815297e+00	
   2.4920651701439569e+00	   2.5096609364092002e+00	   2.3903687090512702e+00	   2.4689722579584794e+00	   2.4875606248724678e+00	   2.3939087229132223e+00	   2.4501206018888042e+00	   2.4579348697737724e+00	   2.4465878441665936e+00	   2.4609071062026961e+00	   2.5453030692073679e+00	   2.5097983087055793e+00	   2.5263290740809747e+00	
   2.5018769406890939e+00	   2.5207145139886786e+00	   2.4035419699563709e+00	   2.4777235904580297e+00	   2.4978596169839808e+00	   2.4058200770035736e+00	   2.4590775130940004e+00	   2.4671244042084890e+00	   2.4542865793564879e+00	   2.4702245210391394e+00	   2.5562054041424651e+00	   2.5204018545151681e+00	   2.5368236817942607e+00	
   2.5121586686166966e+00	   2.5317461004480646e+00	   2.4165576619717739e+00	   2.4871113776165124e+00	   2.5082371965311059e+00	   2.4177045291405377e+00	   2.4683844401229367e+00	   2.4766096663933435e+00	   2.4624643482158772e+00	   2.4798630136467952e+00	   2.5670973739568237e+00	   2.5310490200696876e+00	   2.5473755912126794e+00	
   2.5231180201492576e+00	   2.5431511297781886e+00	   2.4298313129471634e+00	   2.4972863236508784e+00	   2.5190594712966732e+00	   2.4299270345444266e+00	   2.4783459097593252e+00	   2.4867106728894459e+00	   2.4713536180115141e+00	   2.4900972756213577e+00	   2.5783709581832204e+00	   2.5421196790895513e+00	   2.5583591054857653e+00	
   2.5342769956458282e+00	   2.5545857899304538e+00	   2.4429420626882772e+00	   2.5077823504335348e+00	   2.5300001535101697e+00	   2.4420991526148592e+00	   2.4886132527010769e+00	   2.4970905788967586e+00	   2.4806596464683013e+00	   2.5005638739137113e+00	   2.5896924573220623e+00	   2.5532865656394206e+00	   2.5694523324568861e+00	
   2.5455562158845426e+00	   2.5660406575985517e+00	   2.4559052760353843e+00	   2.5184955411215895e+00	   2.5410340590521017e+00	   2.4542165561719558e+00	   2.4991081254396890e+00	   2.5076824168332115e+00	   2.4903213778186659e+00	   2.5112049212081762e+00	   2.6010491852490771e+00	   2.5645289914287863e+00	   2.5806336411783324e+00	
   2.5569320920295140e+00	   2.5775089163783917e+00	   2.4687434657813543e+00	   2.5293870035157204e+00	   2.5521429427586626e+00	   2.4662877960511969e+00	   2.5097785389800125e+00	   2.5184376205387577e+00	   2.5002767866414994e+00	   2.5219862738068759e+00	   2.6124300627747168e+00	   2.5758297476438856e+00	   2.5918826396840413e+00	
   2.5683837978394690e+00	   2.5889848664843447e+00	   2.4814626828520430e+00	   2.5404279706562267e+00	   2.5633164235399977e+00	   2.4783131770888036e+00	   2.5205959556995192e+00	   2.5293289197552693e+00	   2.5104739972768675e+00	   2.5328834917415830e+00	   2.6238282536497803e+00	   2.5871795961755004e+00	   2.6031890235816197e+00	
   2.5913352734144741e+00	   2.6119152227941265e+00	   2.5066731448848714e+00	   2.5626211301828383e+00	   2.5856881341595388e+00	   2.5021826931264934e+00	   2.5422825587844025e+00	   2.5511409455202121e+00	   2.5310911268992502e+00	   2.5547303251566618e+00	   2.6465653359597052e+00	   2.6098508541814591e+00	   2.6257536316036787e+00	
   2.6111262216133966e+00	   2.6316757419515429e+00	   2.5278950494292043e+00	   2.5821149771890863e+00	   2.6052657286353940e+00	   2.5226641483199135e+00	   2.5616196444943862e+00	   2.5705808649040716e+00	   2.5497283798976595e+00	   2.5739909336579512e+00	   2.6662968414116586e+00	   2.6296875566883364e+00	   2.6455964413981650e+00	
   2.6309190966955400e+00	   2.6513694790489817e+00	   2.5487253664815954e+00	   2.6016586909722190e+00	   2.6248087748223448e+00	   2.5427756708566358e+00	   2.5809816593352637e+00	   2.5900366584830259e+00	   2.5686098903085988e+00	   2.5932396807601910e+00	   2.6859242378220518e+00	   2.6494448883613315e+00	   2.6653401404565971e+00	
   2.6506001844684857e+00	   2.6709365660788884e+00	   2.5692600550948952e+00	   2.6211761855181939e+00	   2.6442967851414219e+00	   2.5626871659533279e+00	   2.6003236796650366e+00	   2.6094650867135276e+00	   2.5876095474499654e+00	   2.6124543098949635e+00	   2.7054321630781550e+00	   2.6691285579021522e+00	   2.6850193702229230e+00	
   2.6700772601544540e+00	   2.6903100230682666e+00	   2.5894956151688620e+00	   2.6405709435381617e+00	   2.6636583951074821e+00	   2.5823944671597405e+00	   2.6196080899944456e+00	   2.6288314617668620e+00	   2.6066429767079597e+00	   2.6315752737796263e+00	   2.7247585853041745e+00	   2.6886743350434110e+00	   2.7045765915251181e+00	
   2.6930027163015984e+00	   2.7131259458541193e+00	   2.6133033465415525e+00	   2.6634432055740747e+00	   2.6864963774520549e+00	   2.6056218871819330e+00	   2.6423890940163379e+00	   2.6517044303382953e+00	   2.6291950825745305e+00	   2.6541489784215395e+00	   2.7475031306011695e+00	   2.7117115922591011e+00	   2.7276264234787693e+00	
   2.7153745165812420e+00	   2.7354212874631285e+00	   2.6364739685768410e+00	   2.6858952088372199e+00	   2.7089261421268578e+00	   2.6283836012887956e+00	   2.6649252978242273e+00	   2.6743271071291805e+00	   2.6516214132891460e+00	   2.6763930149936543e+00	   2.7697633022019477e+00	   2.7343335307570533e+00	   2.7502951632597452e+00	
   2.7372165063031160e+00	   2.7572140158205549e+00	   2.6590876645391082e+00	   2.7078798281480903e+00	   2.7309045297289858e+00	   2.6506627211445748e+00	   2.6870948031206328e+00	   2.6965757023188330e+00	   2.6738044941631998e+00	   2.6982334104154764e+00	   2.7915113722219327e+00	   2.7564827879903220e+00	   2.7724961390808525e+00	
   2.7584937476589944e+00	   2.7785057811294624e+00	   2.6812205376612313e+00	   2.7293463279724159e+00	   2.7524223890582622e+00	   2.6725221254933627e+00	   2.7088431823998471e+00	   2.7183974657810985e+00	   2.6956522126557743e+00	   2.7196385453622582e+00	   2.8127483344099447e+00	   2.7781555811922418e+00	   2.7942247789209693e+00	
   2.7837970285287605e+00	   2.8039393867856921e+00	   2.7078007704821361e+00	   2.7548961159533247e+00	   2.7781460835994323e+00	   2.6987891024819435e+00	   2.7348027182473555e+00	   2.7444433568062410e+00	   2.7217489796595244e+00	   2.7452044461146023e+00	   2.8380766273567377e+00	   2.8040436858763509e+00	   2.8201728001440944e+00	
   2.8080438000115420e+00	   2.8284875801944054e+00	   2.7334507335020852e+00	   2.7795158194333749e+00	   2.8030958035525297e+00	   2.7243076272113935e+00	   2.7600954424661142e+00	   2.7698231846387591e+00	   2.7472575564673098e+00	   2.7700257323471673e+00	   2.8625389974688185e+00	   2.8291397963680329e+00	   2.8453644229374744e+00	
   2.8313640340021489e+00	   2.8522631258947753e+00	   2.7583038914356242e+00	   2.8032692774286190e+00	   2.8273238902674658e+00	   2.7491050205253682e+00	   2.7846577024149606e+00	   2.7944721519156248e+00	   2.7721116587181731e+00	   2.7941012500768592e+00	   2.8861962035934274e+00	   2.8534766199366834e+00	   2.8697967326509195e+00	
   2.8539138535951190e+00	   2.8753742512911140e+00	   2.7824965931902756e+00	   2.8263112936186547e+00	   2.8509364355789475e+00	   2.7733183040553757e+00	   2.8085538613038747e+00	   2.8184539879732577e+00	   2.7963111730807304e+00	   2.8175246668049549e+00	   2.9091543119741603e+00	   2.8771592491657070e+00	   2.8935770030944310e+00	
   2.8773511921856967e+00	   2.8994590750098501e+00	   2.8077269505649198e+00	   2.8503374248396285e+00	   2.8756063887151160e+00	   2.7986496039740425e+00	   2.8334534997929093e+00	   2.8434425890810657e+00	   2.8214739808690763e+00	   2.8419460741107669e+00	   2.9330279352827420e+00	   2.9018525753627529e+00	   2.9183748245009387e+00	
   2.9002685548635245e+00	   2.9230334841977492e+00	   2.8323401007508089e+00	   2.8739586983274399e+00	   2.8998586363698573e+00	   2.8235118975326570e+00	   2.8579198634052951e+00	   2.8679925054197009e+00	   2.8461452635222364e+00	   2.8659259291393906e+00	   2.9563478681802096e+00	   2.9260563418793186e+00	   2.9426988765514310e+00	
   2.9229576841457194e+00	   2.9463223679744481e+00	   2.8565543511941325e+00	   2.8974493868559521e+00	   2.9239016886581259e+00	   2.8481000612072438e+00	   2.8821370282320240e+00	   2.8922832756392323e+00	   2.8704999593126779e+00	   2.8896722804242940e+00	   2.9793151585912230e+00	   2.9499636362129915e+00	   2.9667300612454484e+00	
   2.9457241151840128e+00	   2.9695819959481500e+00	   2.8806419460873109e+00	   2.9211214594554962e+00	   2.9479966161852520e+00	   2.8726978870288931e+00	   2.9063597975196278e+00	   2.9165652861203260e+00	   2.8947616475039362e+00	   2.9134530821278255e+00	   3.0021709278107811e+00	   2.9738154865107216e+00	   2.9907114376106758e+00	
   2.9757396161379734e+00	   3.0000025528222385e+00	   2.9120586978141776e+00	   2.9524155200337638e+00	   2.9795759732475124e+00	   2.9049178294497757e+00	   2.9379690420838318e+00	   2.9482276208886793e+00	   2.9261820417034943e+00	   2.9445837759531646e+00	   3.0319404352677606e+00	   3.0049352140401075e+00	   3.0219838652812863e+00	
   2.9985746583919664e+00	   3.0230429022299186e+00	   2.9354171172684116e+00	   2.9764915875633360e+00	   3.0037205019946578e+00	   2.9292790138360938e+00	   2.9622031355018152e+00	   2.9724919206606653e+00	   2.9501980900781621e+00	   2.9683960020093050e+00	   3.0545324530908182e+00	   3.0286658306858696e+00	   3.0458597257074458e+00	
   3.0224763589672681e+00	   3.0471667762133374e+00	   2.9596148359847949e+00	   3.0016251461051753e+00	   3.0289391074697534e+00	   2.9544615786481443e+00	   2.9872856471484002e+00	   2.9976282716334635e+00	   2.9749776670327455e+00	   2.9931245325412750e+00	   3.0783205767813286e+00	   3.0536558090304506e+00	   3.0709076269751923e+00	
   3.0471801012119157e+00	   3.0722719121061730e+00	   2.9844448862487134e+00	   3.0276593263750189e+00	   3.0552256460028491e+00	   2.9804151653951725e+00	   3.0133120865986451e+00	   3.0237503899373106e+00	   3.0006540230179795e+00	   3.0187760005186646e+00	   3.1032500093999551e+00	   3.0798816438557650e+00	   3.0971895177932671e+00	
   3.0725445561864668e+00	   3.0981087140420516e+00	   3.0097433967540748e+00	   3.0544510952245165e+00	   3.0823237359830875e+00	   3.0069771828428298e+00	   3.0401912545864445e+00	   3.0507424340534834e+00	   3.0272379955972841e+00	   3.0452211910800995e+00	   3.1289211071792762e+00	   3.1069147062419038e+00	   3.1243079566841438e+00	
   3.1003514482587384e+00	   3.1264170326685767e+00	   3.0373302077594451e+00	   3.0838654826048852e+00	   3.1120473786565772e+00	   3.0360366308511733e+00	   3.0697653183711449e+00	   3.0804308327781706e+00	   3.0566082213631058e+00	   3.0742900323003575e+00	   3.1570231780810238e+00	   3.1365373558813512e+00	   3.1540262124579805e+00	
   3.1286881436090384e+00	   3.1552336815953312e+00	   3.0653128684941304e+00	   3.1139067035478969e+00	   3.1423593741390166e+00	   3.0656408579335781e+00	   3.1000426370119252e+00	   3.1108081846987434e+00	   3.0868049222617198e+00	   3.1040180295024471e+00	   3.1855978875707023e+00	   3.1667001902798071e+00	   3.1843001043173023e+00	
   3.1574835457342290e+00	   3.1844995609947624e+00	   3.0936466588571454e+00	   3.1444839451489837e+00	   3.1731841970481156e+00	   3.0957182717657625e+00	   3.1309178672654312e+00	   3.1417719836366804e+00	   3.1177061242748114e+00	   3.1343112763335843e+00	   3.2145924291698003e+00	   3.1973478028573337e+00	   3.2150640052778714e+00	
   3.1721753040475313e+00	   3.1994422045293929e+00	   3.1079507561382393e+00	   3.1602022017942750e+00	   3.1890223221029554e+00	   3.1110848398009900e+00	   3.1468888438039686e+00	   3.1577843781961907e+00	   3.1337646735631339e+00	   3.1499226507023868e+00	   3.2294196572378269e+00	   3.2130733862555578e+00	   3.2308765654699729e+00	
   3.1731449199730219e+00	   3.2004363289207527e+00	   3.1088716916085137e+00	   3.1613026211470703e+00	   3.1901320686875705e+00	   3.1121572969944062e+00	   3.1480277450701397e+00	   3.1589262127686948e+00	   3.1349125950687529e+00	   3.1510253272992919e+00	   3.2304373639075741e+00	   3.2141765312007311e+00	   3.2319983853802148e+00	
   3.1741767481535237e+00	   3.2014888188186301e+00	   3.1098434309607534e+00	   3.1623918172652838e+00	   3.1912308023833691e+00	   3.1132125633423726e+00	   3.1491642561463693e+00	   3.1600655401646858e+00	   3.1360606914587983e+00	   3.1521288513125532e+00	   3.2314991053659829e+00	   3.2152671784504623e+00	   3.2331050460287072e+00	
   3.1752469186267049e+00	   3.2025711810615030e+00	   3.1108550639647685e+00	   3.1634796607928761e+00	   3.1923260882415496e+00	   3.1142580859274940e+00	   3.1502966100237622e+00	   3.1612002726009201e+00	   3.1372079194178282e+00	   3.1532342259740345e+00	   3.2325869486578851e+00	   3.2163528334306442e+00	   3.2342005877871309e+00	
   3.1763154527495678e+00	   3.2036478447606451e+00	   3.1118643719802139e+00	   3.1645683399190441e+00	   3.1934192320793189e+00	   3.1152984733647848e+00	   3.1514247869559515e+00	   3.1623302437273924e+00	   3.1383540656492146e+00	   3.1543377929572243e+00	   3.2336719049862483e+00	   3.2174365409164327e+00	   3.2352910454815018e+00	
   3.1781780449021713e+00	   3.2055216278798158e+00	   3.1136065921491127e+00	   3.1664818373858297e+00	   3.1953348937037580e+00	   3.1171177529923435e+00	   3.1534067699878165e+00	   3.1643137089472733e+00	   3.1403768215863832e+00	   3.1562758946064138e+00	   3.2355673831964062e+00	   3.2193373298681727e+00	   3.2372046698682642e+00	
   3.1800112457701188e+00	   3.2073644565635382e+00	   3.1153071339376934e+00	   3.1683763367677140e+00	   3.1972288044982551e+00	   3.1189113196575327e+00	   3.1553766477278180e+00	   3.1662838895210506e+00	   3.1423957248295795e+00	   3.1581978102322039e+00	   3.2374367153227150e+00	   3.2212160201809801e+00	   3.2390996796432447e+00	
   3.1818190204579584e+00	   3.2091802885560416e+00	   3.1169723188880663e+00	   3.1702506924912419e+00	   3.1991004018635825e+00	   3.1206774705971578e+00	   3.1573335539330829e+00	   3.1682401434129397e+00	   3.1444100950702709e+00	   3.1601024159863687e+00	   3.2392800405508657e+00	   3.2230705121829706e+00	   3.2409724802473425e+00	
   3.1847600214692600e+00	   3.2121303501296046e+00	   3.1196645685309261e+00	   3.1733026560310091e+00	   3.2021434719875801e+00	   3.1235380379003761e+00	   3.1605287755371747e+00	   3.1714326657103693e+00	   3.1477156945372791e+00	   3.1632067827199664e+00	   3.2422717040045539e+00	   3.2260810627465935e+00	   3.2440127268412584e+00	
   3.1876429905703034e+00	   3.2150177766451060e+00	   3.1222786356305492e+00	   3.1763067753580314e+00	   3.2051330125883362e+00	   3.1263346372130698e+00	   3.1636866334394358e+00	   3.1745857438406726e+00	   3.1510051145292972e+00	   3.1662675813213306e+00	   3.2452011311487357e+00	   3.2290331169932482e+00	   3.2469950082995624e+00	
   3.1904717525749025e+00	   3.2178462925409397e+00	   3.1248212979233796e+00	   3.1792616138183529e+00	   3.2080678395233870e+00	   3.1290675502350269e+00	   3.1668034797987317e+00	   3.1776958065016818e+00	   3.1542747718183075e+00	   3.1692827201362905e+00	   3.2480695945580798e+00	   3.2319258934318924e+00	   3.2499177096721756e+00	
   3.1932523325511162e+00	   3.2206217644862862e+00	   3.1273040108543988e+00	   3.1821691582931391e+00	   3.2109503697269082e+00	   3.1317421369266456e+00	   3.1698772561558193e+00	   3.1807609157675536e+00	   3.1575213415561145e+00	   3.1722528658563518e+00	   3.2508819049999524e+00	   3.2347626859641307e+00	   3.2527829385522962e+00	
   3.1988397504796775e+00	   3.2261852278633962e+00	   3.1322763271114784e+00	   3.1880061577864831e+00	   3.2167239869435260e+00	   3.1370932801221434e+00	   3.1760500729306327e+00	   3.1869109936053626e+00	   3.1640968936992846e+00	   3.1782204221546961e+00	   3.2565097287841231e+00	   3.2404371332662154e+00	   3.2585083656452647e+00	
   3.2042337298821946e+00	   3.2315458990366963e+00	   3.1370541949638042e+00	   3.1936607657636817e+00	   3.2223044658142812e+00	   3.1422658595482740e+00	   3.1820479198312399e+00	   3.1928807516054132e+00	   3.1705486973095169e+00	   3.1840162039974413e+00	   3.2619363083374320e+00	   3.2459142813329080e+00	   3.2640367038801297e+00	
   3.2094432884372508e+00	   3.2367162800229377e+00	   3.1416553281119532e+00	   3.1991354207407241e+00	   3.2276981103116582e+00	   3.1472691361185423e+00	   3.1878751963332737e+00	   3.1986759968162146e+00	   3.1768660700075375e+00	   3.1896426365199892e+00	   3.2671699668993215e+00	   3.2512001037103571e+00	   3.2693747798744064e+00	
   3.2144940611457931e+00	   3.2417214387608393e+00	   3.1461136361493969e+00	   3.2044445664598018e+00	   3.2329204955035813e+00	   3.1521202912004829e+00	   3.1935361098417516e+00	   3.2043018405486245e+00	   3.1830406948325969e+00	   3.1951082184236621e+00	   3.2722320000246548e+00	   3.2563116213741741e+00	   3.2745349596582343e+00	
   3.2269506724265615e+00	   3.2540359116797783e+00	   3.1571544611662197e+00	   3.2175311651238916e+00	   3.2457632729013071e+00	   3.1641238906722307e+00	   3.2075004459232996e+00	   3.2181644058602701e+00	   3.1983839847950772e+00	   3.2086081332740362e+00	   3.2846735700754315e+00	   3.2688672806906811e+00	   3.2872020576297651e+00	
   3.2383822069640571e+00	   3.2653251656359732e+00	   3.1672210817697275e+00	   3.2296017884479147e+00	   3.2575881058517449e+00	   3.1751648205853500e+00	   3.2204534966853249e+00	   3.2310130665087442e+00	   3.2127065712269793e+00	   3.2211011501222120e+00	   3.2960933691592316e+00	   3.2804051725472307e+00	   3.2988584084708723e+00	
   3.2488900461945951e+00	   3.2756884686319814e+00	   3.1764192965693980e+00	   3.2407208552389108e+00	   3.2684624635556907e+00	   3.1852960450052765e+00	   3.2324289566553426e+00	   3.2428842109972864e+00	   3.2260245654825206e+00	   3.2326338849930378e+00	   3.3065760522514105e+00	   3.2909972482564229e+00	   3.3095644853223831e+00	
   3.2646305305923482e+00	   3.2911925554713664e+00	   3.1901330053438457e+00	   3.2574022688744924e+00	   3.2847511398327471e+00	   3.2004497593769234e+00	   3.2504484646388683e+00	   3.2607356368761171e+00	   3.2461704384321015e+00	   3.2499697169617945e+00	   3.3222582485135703e+00	   3.3068396658517347e+00	   3.3255843889318228e+00	
   3.2783018343603021e+00	   3.3046376450879786e+00	   3.2019450557417208e+00	   3.2719355683182303e+00	   3.2989128442511069e+00	   3.2135854733582638e+00	   3.2662282416292676e+00	   3.2763554488427609e+00	   3.2639397642421115e+00	   3.2651207481666731e+00	   3.3358673838461805e+00	   3.3205842774167520e+00	   3.3394966182151751e+00	
   3.2899710721957138e+00	   3.3160927822667823e+00	   3.2119094594571891e+00	   3.2843870316041395e+00	   3.3110161698049589e+00	   3.2247574160863017e+00	   3.2798339265212308e+00	   3.2898111900336913e+00	   3.2793875501893139e+00	   3.2781496194941138e+00	   3.3474713593050844e+00	   3.3322995817741781e+00	   3.3513713837719683e+00	
   3.2998768486736330e+00	   3.3257951757587940e+00	   3.2203050978591690e+00	   3.2949615955362157e+00	   3.3212701825969142e+00	   3.2341981063274350e+00	   3.2914359483369786e+00	   3.3012748400170349e+00	   3.2926616683954264e+00	   3.2892479671770110e+00	   3.3573031370600903e+00	   3.3422053601340056e+00	   3.3614160974619653e+00	
   3.3156222633577803e+00	   3.3411695062968132e+00	   3.2334374769050380e+00	   3.3118188022652499e+00	   3.3375554356832593e+00	   3.2491046058610538e+00	   3.3100950432614997e+00	   3.3196860219279500e+00	   3.3142571156134646e+00	   3.3070450779068494e+00	   3.3729153733526331e+00	   3.3578839729937733e+00	   3.3773451087855721e+00	
   3.3262800390595113e+00	   3.3515122978393510e+00	   3.2422074019799587e+00	   3.3231655369165685e+00	   3.3484518987199094e+00	   3.2590526774746365e+00	   3.3227571352874756e+00	   3.3321521109063350e+00	   3.3291419698009213e+00	   3.3191178124555378e+00	   3.3834398527921161e+00	   3.3683370987536003e+00	   3.3879743362964763e+00	
   3.3330221226324599e+00	   3.3579969336696149e+00	   3.2475830168102480e+00	   3.3302987301002234e+00	   3.3552399767478187e+00	   3.2651894741299423e+00	   3.3308485700736541e+00	   3.3400931977010071e+00	   3.3388664054026171e+00	   3.3268116832565306e+00	   3.3900814191897104e+00	   3.3748112567419817e+00	   3.3945797213880322e+00	
   3.3368335058969438e+00	   3.3615930556921638e+00	   3.2504110546279716e+00	   3.3342660552130732e+00	   3.3589421439070875e+00	   3.2684511043019602e+00	   3.3354968677135677e+00	   3.3446264744614829e+00	   3.3447053154551138e+00	   3.3312099168134930e+00	   3.3938124421397924e+00	   3.3782986185076420e+00	   3.3981605092458604e+00	
   3.3384943410822330e+00	   3.3630317894613531e+00	   3.2512502849084002e+00	   3.3358785734936052e+00	   3.3603100290083847e+00	   3.2694930714359036e+00	   3.3376640678531380e+00	   3.3466880918046358e+00	   3.3478910618103956e+00	   3.3332218498518089e+00	   3.3953972537042505e+00	   3.3795048005521307e+00	   3.3994438696485587e+00	
   3.3379466861488667e+00	   3.3622960249735834e+00	   3.2502410493167613e+00	   3.3350598385616546e+00	   3.3593167380597522e+00	   3.2683805286165803e+00	   3.3371381251200409e+00	   3.3460871241975254e+00	   3.3479944752710384e+00	   3.3326841417990720e+00	   3.3947835396052342e+00	   3.3784416734197187e+00	   3.3984179197923359e+00	
   3.3359067462957999e+00	   3.3600962901202771e+00	   3.2479413690763823e+00	   3.3326291720922061e+00	   3.3567597028632679e+00	   3.2658143774915120e+00	   3.3348509908016615e+00	   3.3437462994213032e+00	   3.3460771483530367e+00	   3.3304624485492225e+00	   3.3926982856500514e+00	   3.3758713946949470e+00	   3.3958678981822095e+00	
   3.3327666189025189e+00	   3.3568115368459619e+00	   3.2446429761747084e+00	   3.3290317922315995e+00	   3.3530618491463189e+00	   3.2621574481578679e+00	   3.3313155906028915e+00	   3.3401691036779342e+00	   3.3427739852334506e+00	   3.3270334604843828e+00	   3.3895197576533747e+00	   3.3721897526897791e+00	   3.3921975396036275e+00	
   3.3289699680137099e+00	   3.3528793394557508e+00	   3.2408215726513681e+00	   3.3246888063316762e+00	   3.3486421601517948e+00	   3.2578593037841612e+00	   3.3269306857441912e+00	   3.3357523529553119e+00	   3.3384938776116675e+00	   3.3228147549415952e+00	   3.3856822621108931e+00	   3.3678219715096018e+00	   3.3878211097992112e+00	
   3.3209095125195227e+00	   3.3446000101174347e+00	   3.2327931971006256e+00	   3.3156127302232457e+00	   3.3394587865480982e+00	   3.2489292408233936e+00	   3.3177188086063958e+00	   3.3264970180616751e+00	   3.3293202532794899e+00	   3.3139271854370431e+00	   3.3775698927021574e+00	   3.3587584868078251e+00	   3.3787452965935914e+00	
   3.3122383168087870e+00	   3.3357264789724068e+00	   3.2243672932490557e+00	   3.3057940108105277e+00	   3.3295702985348430e+00	   3.2394228457028627e+00	   3.3076042241863606e+00	   3.3163548481715632e+00	   3.3190290263693645e+00	   3.3042268513098429e+00	   3.3688361129805799e+00	   3.3490423772698033e+00	   3.3689865212136714e+00	
   3.3031526507052598e+00	   3.3264510710896502e+00	   3.2155262752288203e+00	   3.2955657982230000e+00	   3.3192841686901406e+00	   3.2295132174256622e+00	   3.2970686011862012e+00	   3.3057969530050624e+00	   3.3082653604540573e+00	   3.2941067667189894e+00	   3.3596963969784319e+00	   3.3389357262001473e+00	   3.3588423243694048e+00	
   3.2938343609176446e+00	   3.3169460296925970e+00	   3.2064497610372635e+00	   3.2851077811564484e+00	   3.3087702956483001e+00	   3.2193744932450969e+00	   3.2862973930155981e+00	   3.2950040165774110e+00	   3.2972636290235315e+00	   3.2837544091432052e+00	   3.3503168750875716e+00	   3.3286024779772005e+00	   3.3484712459983497e+00	
   3.2737938103256137e+00	   3.2965216905922761e+00	   3.1869101941049216e+00	   3.2626729835920263e+00	   3.2862244348264604e+00	   3.1976242031060012e+00	   3.2631853349602169e+00	   3.2718477960289780e+00	   3.2736441420863929e+00	   3.2615366023695804e+00	   3.3301274083411530e+00	   3.3064419134293446e+00	   3.3262328242850883e+00	
   3.2548652406262004e+00	   3.2772283295365225e+00	   3.1686200024559370e+00	   3.2412917566888613e+00	   3.2647583739843649e+00	   3.1770524155876720e+00	   3.2410139866555325e+00	   3.2496414523264794e+00	   3.2508110442458467e+00	   3.2403234226746078e+00	   3.3110122192798137e+00	   3.2853929764374699e+00	   3.3050814490294096e+00	
   3.2355497106963100e+00	   3.2575718717035338e+00	   3.1496396842009662e+00	   3.2197191132235443e+00	   3.2430917415407681e+00	   3.1560711741887886e+00	   3.2188274968463060e+00	   3.2274115617348551e+00	   3.2281688735479626e+00	   3.2189910258227319e+00	   3.2915368261164946e+00	   3.2641050717928772e+00	   3.2837330560553033e+00	
   3.2305423008538128e+00	   3.2525517761446046e+00	   3.1448077724703074e+00	   3.2140259836898677e+00	   3.2374669572927988e+00	   3.1506006102514998e+00	   3.2128983169622631e+00	   3.2214921584072695e+00	   3.2220354096501524e+00	   3.2133512025712534e+00	   3.2866285976607510e+00	   3.2586994318626723e+00	   3.2782720407105743e+00	
   3.2251724247041023e+00	   3.2472671860508822e+00	   3.1393588202633356e+00	   3.2081228125132437e+00	   3.2317094135362447e+00	   3.1447215470621228e+00	   3.2069191385621778e+00	   3.2155399713120887e+00	   3.2159546483376800e+00	   3.2075697569733994e+00	   3.2815651139983539e+00	   3.2532099755356425e+00	   3.2727597280474576e+00	
   3.2197904206041246e+00	   3.2419988877863659e+00	   3.1339077676685068e+00	   3.2021697608411048e+00	   3.2259371828725651e+00	   3.1387886874070134e+00	   3.2008602243261328e+00	   3.2095164346429952e+00	   3.2098154513222195e+00	   3.2017353679524065e+00	   3.2765309730877341e+00	   3.2477460904504025e+00	   3.2672538526029991e+00	
   3.2145999365842757e+00	   3.2370642632711655e+00	   3.1286827747239059e+00	   3.1963960757819287e+00	   3.2204944515504557e+00	   3.1330657926054926e+00	   3.1949657561306664e+00	   3.2036896893066187e+00	   3.2037668808605551e+00	   3.1960956371261804e+00	   3.2719530762556359e+00	   3.2427646324368782e+00	   3.2621980711417589e+00	
   3.2090832539215071e+00	   3.2318960791846996e+00	   3.1231207067557682e+00	   3.1902483437341780e+00	   3.2147776342426257e+00	   3.1269768625536862e+00	   3.1887059951622767e+00	   3.1975189988642478e+00	   3.1973035052781174e+00	   3.1901144571955524e+00	   3.2671950696860321e+00	   3.2375693939871915e+00	   3.2569300756298460e+00	
   3.2039160655219248e+00	   3.2271049898647743e+00	   3.1179072797130361e+00	   3.1844749997652291e+00	   3.2094596994376428e+00	   3.1212733743105519e+00	   3.1828428567026750e+00	   3.1917444113558173e+00	   3.1912446103346839e+00	   3.1845245056122398e+00	   3.2628082621219878e+00	   3.2327591517348018e+00	   3.2520470554274148e+00	
   3.1991209710205473e+00	   3.2226721717603612e+00	   3.1130158729501081e+00	   3.1791112934012937e+00	   3.2045306248363659e+00	   3.1159432392161346e+00	   3.1773922730531274e+00	   3.1863770359988020e+00	   3.1856162064855091e+00	   3.1793381137345325e+00	   3.2587672447695639e+00	   3.2283102687463137e+00	   3.2475309084913908e+00	
   3.1946997139192690e+00	   3.2185693734212673e+00	   3.1084247788067745e+00	   3.1741599185014580e+00	   3.1999617783768959e+00	   3.1109646639197721e+00	   3.1723439182285795e+00	   3.1814026080044457e+00	   3.1804102281397513e+00	   3.1745427583775059e+00	   3.2550300574351101e+00	   3.2241780700451415e+00	   3.2433396679105924e+00	
   3.1869124141012479e+00	   3.2112470456014410e+00	   3.1000741109645951e+00	   3.1654556406012246e+00	   3.1918215582840346e+00	   3.1020125430953094e+00	   3.1634273243269173e+00	   3.1725968881268116e+00	   3.1712665884742126e+00	   3.1660781384406484e+00	   3.2483336797039390e+00	   3.2167474853553371e+00	   3.2358218025740757e+00	
   3.1807963273274233e+00	   3.2053958424310882e+00	   3.0932400195795640e+00	   3.1584827545227125e+00	   3.1851932384654540e+00	   3.0946498416147836e+00	   3.1561039889155986e+00	   3.1653485198357854e+00	   3.1636948632048778e+00	   3.1592152868945416e+00	   3.2429804227533188e+00	   3.2106768131744157e+00	   3.2296733406427918e+00	
   3.1755074274320720e+00	   3.2002071545818778e+00	   3.0869100325586496e+00	   3.1525098673440790e+00	   3.1793644623859425e+00	   3.0880173580865762e+00	   3.1498233116169083e+00	   3.1591045164312690e+00	   3.1573117752603359e+00	   3.1533114013656820e+00	   3.2382091982000993e+00	   3.2052466862306090e+00	   3.2242096729867806e+00	
   3.1706846494775176e+00	   3.1953599646734929e+00	   3.0808354842908003e+00	   3.1471025754825201e+00	   3.1739539564231407e+00	   3.0817667475590174e+00	   3.1440956748042774e+00	   3.1533861914827006e+00	   3.1515825321750408e+00	   3.1479253433995011e+00	   3.2337145288115403e+00	   3.2001315363975662e+00	   3.2190809054744465e+00	
   3.1694442540947190e+00	   3.1940664928159390e+00	   3.0791592846432758e+00	   3.1455418475372161e+00	   3.1723583285095156e+00	   3.0799091555041120e+00	   3.1422361915763557e+00	   3.1515312989986706e+00	   3.1495938115318389e+00	   3.1462833896451867e+00	   3.2325301678702729e+00	   3.1986641667792171e+00	   3.2175781312321017e+00	
   3.1675596467020113e+00	   3.1921449521122578e+00	   3.0765669853489483e+00	   3.1435459849000842e+00	   3.1703115385020979e+00	   3.0774179887799415e+00	   3.1402261292388967e+00	   3.1495144905284742e+00	   3.1476631053806181e+00	   3.1443280119421000e+00	   3.2307559114095366e+00	   3.1966805855399802e+00	   3.2156323146209673e+00	
   3.1655280235733989e+00	   3.1900512982148670e+00	   3.0738472842204425e+00	   3.1413487350339109e+00	   3.1680451613854896e+00	   3.0747254889446221e+00	   3.1379465245146827e+00	   3.1472225993179128e+00	   3.1455207897612611e+00	   3.1421477660400496e+00	   3.2287869084827054e+00	   3.1944851922227806e+00	   3.2134446649554631e+00	
   3.1635431967621739e+00	   3.1879895989159399e+00	   3.0712323144254294e+00	   3.1391733512029840e+00	   3.1657888770667171e+00	   3.0721026305684567e+00	   3.1356152913391799e+00	   3.1448811833959702e+00	   3.1432442432113863e+00	   3.1399498192201953e+00	   3.2268388235392815e+00	   3.1923034517846798e+00	   3.2112670368074721e+00	
   3.1596568512381902e+00	   3.1839110565713362e+00	   3.0659658863118038e+00	   3.1349181113641769e+00	   3.1613259240361620e+00	   3.0668491288225970e+00	   3.1310065147093948e+00	   3.1402501427279788e+00	   3.1386755795849584e+00	   3.1356037482348476e+00	   3.2229762687603296e+00	   3.1879692606966343e+00	   3.2069502367518159e+00	
   3.1567585562604408e+00	   3.1807654780892070e+00	   3.0616681923482054e+00	   3.1316442444784407e+00	   3.1577857259518942e+00	   3.0625444774688111e+00	   3.1272732569745885e+00	   3.1364899384418181e+00	   3.1349056725277711e+00	   3.1321636223041365e+00	   3.2200078185586558e+00	   3.1845348513506933e+00	   3.2035220954054591e+00	
   3.1539781657409311e+00	   3.1777195477001712e+00	   3.0573517547081797e+00	   3.1285799537988610e+00	   3.1544196706264036e+00	   3.0583360875504315e+00	   3.1238283249318797e+00	   3.1330085398789036e+00	   3.1315238317459797e+00	   3.1289579526486082e+00	   3.2171374546759095e+00	   3.1812406897311702e+00	   3.2002553831053171e+00	
   3.1500319490047843e+00	   3.1733573874925347e+00	   3.0511021227432509e+00	   3.1243018367188045e+00	   3.1496575482998024e+00	   3.0523225455654730e+00	   3.1190258839063025e+00	   3.1281436259294932e+00	   3.1268823670749257e+00	   3.1244695141994812e+00	   3.2130056892678676e+00	   3.1765473635152590e+00	   3.1956131026641601e+00	
   3.1467398262623996e+00	   3.1695949157030210e+00	   3.0454459802786111e+00	   3.1207109879228421e+00	   3.1455161424176814e+00	   3.0469270103964345e+00	   3.1148367803562520e+00	   3.1238847081826231e+00	   3.1228134601115838e+00	   3.1206050162589065e+00	   3.2094355944516071e+00	   3.1724455832136322e+00	   3.1915607229827567e+00	
   3.1430647768047431e+00	   3.1654390317526087e+00	   3.0392807599188063e+00	   3.1168372788770307e+00	   3.1410609578322872e+00	   3.0411385577084826e+00	   3.1104456331081631e+00	   3.1194150201214490e+00	   3.1186432469648189e+00	   3.1164849496811255e+00	   3.2054689916878112e+00	   3.1680031034008738e+00	   3.1871907850243146e+00	
   3.1427121905119573e+00	   3.1648173858724524e+00	   3.0379653128736557e+00	   3.1163033111442306e+00	   3.1402252477484214e+00	   3.0398469701147719e+00	   3.1094599232981679e+00	   3.1183973061433510e+00	   3.1175503946314311e+00	   3.1157121994897996e+00	   3.2048731922208673e+00	   3.1671712320731467e+00	   3.1863529577164265e+00	
   3.1405106150255158e+00	   3.1624630218468366e+00	   3.0345209040249528e+00	   3.1141839069087482e+00	   3.1378842408055134e+00	   3.0367771310276934e+00	   3.1073811408531165e+00	   3.1162784801513883e+00	   3.1157795041061225e+00	   3.1136193395643472e+00	   3.2026481954845263e+00	   3.1648174718614399e+00	   3.1840794535450607e+00	
   3.1382172326825906e+00	   3.1599631076460550e+00	   3.0311047097638375e+00	   3.1118569565959113e+00	   3.1352967922986847e+00	   3.0335789703337039e+00	   3.1048932716469189e+00	   3.1137503681454848e+00	   3.1134976104198877e+00	   3.1112206678076646e+00	   3.2002264441407768e+00	   3.1622240312290590e+00	   3.1815279613805290e+00	
   3.1344340837238018e+00	   3.1557603018715739e+00	   3.0253413658343269e+00	   3.1079545352211353e+00	   3.1308812168762743e+00	   3.0281309534069796e+00	   3.1005270623743466e+00	   3.1093158026146357e+00	   3.1092823726882224e+00	   3.1070774847732880e+00	   3.1961302985954974e+00	   3.1577970805550057e+00	   3.1771647237800118e+00	
   3.1315602224158945e+00	   3.1524404887248045e+00	   3.0204961818971294e+00	   3.1049579021591613e+00	   3.1273412054443348e+00	   3.0235809387516333e+00	   3.0969868803724898e+00	   3.1057068059618698e+00	   3.1057987231879065e+00	   3.1037824209821121e+00	   3.1928914655577496e+00	   3.1542371778596494e+00	   3.1736590597832777e+00	
   3.1286412003958328e+00	   3.1490924018672950e+00	   3.0155360556573112e+00	   3.1019936105143358e+00	   3.1238360837232446e+00	   3.0190064000023771e+00	   3.0935814732629674e+00	   3.1022274057933328e+00	   3.1025475768233388e+00	   3.1005711035664283e+00	   3.1896345102981658e+00	   3.1507004923457500e+00	   3.1701944399364810e+00	
   3.1254535053177070e+00	   3.1454558305090834e+00	   3.0102025661090632e+00	   3.0987888273626849e+00	   3.1200579417291725e+00	   3.0141035752391372e+00	   3.0899389108983581e+00	   3.0985038096373061e+00	   3.0991012383028798e+00	   3.0971196011530409e+00	   3.1860855396303749e+00	   3.1468820988137636e+00	   3.1664564151722829e+00	
