   9.9615195335837683e+00	
   9.9615279622990958e+00	
   9.9615435059889528e+00	
   9.9615639997945635e+00	
   9.9619070261328755e+00	
   9.9623486671986399e+00	
   9.9628633696206368e+00	
   9.9640137618300741e+00	
   9.9653061770238764e+00	
   9.9666940270335562e+00	
   9.9681419292912494e+00	
   9.9709504139733749e+00	
   9.9737967675693806e+00	
   9.9766540785902116e+00	
   9.9794866028987457e+00	
   9.9823308157150770e+00	
   9.9884242182646652e+00	
   9.9944210254770667e+00	
   1.0000378118887772e+01	
   1.0006346702515593e+01	
   1.0012345164067675e+01	
   1.0018557794641300e+01	
   1.0024777377596941e+01	
   1.0030994867326029e+01	
   1.0037209277908241e+01	
   1.0043417371454796e+01	
   1.0055783510783641e+01	
   1.0066395621252033e+01	
   1.0076915913390733e+01	
   1.0087352137112273e+01	
   1.0097684649965592e+01	
   1.0109865014024553e+01	
   1.0121788069026826e+01	
   1.0133465728816141e+01	
   1.0144909893600891e+01	
   1.0158630274281258e+01	
   1.0171918255692621e+01	
   1.0184822163739540e+01	
   1.0197404517095796e+01	
   1.0210553662660438e+01	
   1.0223449062742350e+01	
   1.0236204103850707e+01	
   1.0248955314745388e+01	
   1.0265636299344147e+01	
   1.0278216673816438e+01	
   1.0291291930226098e+01	
   1.0304791348364278e+01	
   1.0318624840372362e+01	
   1.0333765862201760e+01	
   1.0349183684175358e+01	
   1.0364849255882486e+01	
   1.0372841885245942e+01	
   1.0373377491141367e+01	
   1.0373917706593977e+01	
   1.0374457423167172e+01	
   1.0374990730173771e+01	
   1.0375913646181987e+01	
   1.0376817008362879e+01	
   1.0377703293571274e+01	
   1.0379137364205270e+01	
   1.0380534464886813e+01	
   1.0381897429937393e+01	
   1.0383230710601044e+01	
   1.0385898582924943e+01	
   1.0388466047560490e+01	
   1.0390941451737607e+01	
   1.0393338742018592e+01	
   1.0399251541966807e+01	
   1.0404665265623750e+01	
   1.0409625260522672e+01	
   1.0417030636303213e+01	
   1.0423427938028798e+01	
   1.0428847363228925e+01	
   1.0433411877860607e+01	
   1.0440557536352104e+01	
   1.0445260249714806e+01	
   1.0448080118967962e+01	
   1.0449487592939739e+01	
   1.0449757706086897e+01	
   1.0448974268206429e+01	
   1.0447475873955396e+01	
   1.0445443670195504e+01	
   1.0443103097092273e+01	
   1.0438300914824826e+01	
   1.0433231648228299e+01	
   1.0427966647067674e+01	
   1.0422595428485184e+01	
   1.0411100715671317e+01	
   1.0400225482723050e+01	
   1.0389161711383121e+01	
   1.0386296046190497e+01	
   1.0383232726454803e+01	
   1.0380167490439154e+01	
   1.0377228092489879e+01	
   1.0374097319192055e+01	
   1.0371151700556458e+01	
   1.0368385834829645e+01	
   1.0365790148131570e+01	
   1.0361089722041546e+01	
   1.0357169761551948e+01	
   1.0353597060457982e+01	
   1.0350212042662493e+01	
   1.0349184419718314e+01	
   1.0347814226316203e+01	
   1.0346365021783674e+01	
   1.0344945283058966e+01	
   1.0342097181100794e+01	
   1.0339730663117093e+01	
   1.0337410703505483e+01	
   1.0334103165840760e+01	
   1.0331113468183563e+01	
   1.0327930668533620e+01	
   1.0327172922062411e+01	
   1.0325503038923380e+01	
   1.0323786220185863e+01	
   1.0320849850161672e+01	
   1.0318367742589009e+01	
   1.0315871040512185e+01	
   1.0313202891040124e+01	
