0.21157	1.0918	1.3079	1.997	2.9406	3.6324	7.5516	8.7695	8.4168	6.5285	NaN	NaN	NaN
-6.691	-5.9017	-5.7867	-4.9517	-4.116	-3.559	0.49324	1.6673	1.2567	-0.53438	NaN	NaN	NaN
-9.0778	-8.3759	-8.3673	-7.3578	-6.6268	-6.2134	-1.9689	-0.83662	-1.3117	-3.023	NaN	NaN	NaN
-10.131	-9.5152	-9.626	-8.4111	-7.7849	-7.5346	-3.0587	-1.96	-2.5093	-4.1502	NaN	NaN	NaN
-9.8374	-9.3116	-9.5717	-8.1177	-7.6031	-7.5525	-2.8433	-1.7833	-2.4129	-3.9735	NaN	NaN	NaN
-9.0535	-8.6169	-9.0585	-7.3395	-6.9399	-7.1287	-2.2066	-1.2025	-1.904	-3.3719	NaN	NaN	NaN
-8.5729	-8.2168	-8.8753	-6.8602	-6.5679	-7.0425	-1.9019	-0.96203	-1.7418	-3.1091	NaN	NaN	NaN
-8.2411	-7.9477	-8.86	-6.5168	-6.3122	-7.1252	-1.7393	-0.87445	-1.7372	-3.0031	NaN	NaN	NaN
-7.367	-7.1052	-8.3153	-5.6354	-5.4832	-6.6947	-1.0849	-0.31999	-1.2582	-2.4099	NaN	NaN	NaN
-7.1651	-6.8873	-8.4462	-5.4207	-5.2604	-6.9459	-1.0943	-0.45091	-1.4701	-2.4998	NaN	NaN	NaN
-7.2513	-6.8878	-8.8533	-5.4926	-5.2273	-7.4772	-1.3616	-0.86163	-1.9675	-2.8681	NaN	NaN	NaN
-7.3228	-6.9782	-8.9253	-5.5986	-5.3543	-7.5717	-1.5921	-1.1194	-2.1677	-3.0552	NaN	NaN	NaN
-6.9918	-6.6625	-8.5895	-5.302	-5.0751	-7.2585	-1.418	-0.96893	-1.9597	-2.8357	NaN	NaN	NaN
-6.959	-6.6588	-8.5827	-5.2973	-5.1011	-7.2696	-1.5192	-1.1042	-2.0561	-2.9136	NaN	NaN	NaN
-7.5917	-7.311	-9.2294	-5.947	-5.7711	-7.9257	-2.248	-1.8518	-2.7638	-3.6163	NaN	NaN	NaN
-7.603	-7.3344	-9.2302	-5.9791	-5.8163	-7.9389	-2.3669	-1.9836	-2.8402	-3.6948	NaN	NaN	NaN
-6.318	-6.0582	-7.9299	-4.7338	-4.5816	-6.6651	-1.2484	-0.88418	-1.6853	-2.5269	NaN	NaN	NaN
-5.1485	-4.8969	-6.7439	-3.6142	-3.4725	-5.5132	-0.27586	0.065291	-0.68174	-1.5016	NaN	NaN	NaN
-4.7951	-4.5587	-6.3925	-3.3063	-3.1815	-5.1926	-0.10263	0.21132	-0.49491	-1.2889	NaN	NaN	NaN
-5.0199	-4.7969	-6.6163	-3.5705	-3.4604	-5.4426	-0.48596	-0.1943	-0.85969	-1.6343	NaN	NaN	NaN
-5.73	-5.5106	-7.299	-4.3109	-4.205	-6.1446	-1.3239	-1.04	-1.6485	-2.4236	NaN	NaN	NaN
-5.595	-5.3815	-7.1803	-4.2055	-4.1093	-6.0436	-1.3134	-1.0499	-1.6282	-2.3866	NaN	NaN	NaN
-5.2367	-5.0328	-6.8336	-3.8799	-3.7968	-5.7165	-1.0872	-0.84858	-1.3888	-2.1318	NaN	NaN	NaN
-4.3167	-4.1144	-5.9054	-3.0015	-2.9236	-4.8141	-0.32469	-0.10655	-0.59823	-1.3269	NaN	NaN	NaN
-6.671	-6.9384	-8.0429	-5.4636	-5.8166	-7.0536	-3.0333	-2.8331	-3.2395	-3.9597	-6.4079	-6.161	-4.6685
-5.398	-5.6291	-6.7619	-4.2174	-4.5365	-5.7884	-1.868	-1.6787	-2.0461	-2.758	-5.1079	-4.87	-3.4102
-4.1756	-4.3368	-5.509	-3.0341	-3.2855	-4.5602	-0.78844	-0.60261	-0.92267	-1.6232	-3.797	-3.5846	-2.1337
-3.0466	-3.1517	-4.3711	-1.9511	-2.1484	-3.4517	0.1794	0.34901	0.063342	-0.61121	-2.599	-2.4123	-0.99331
-2.9758	-3.0491	-4.3148	-1.9185	-2.0852	-3.4188	0.11464	0.25922	-0.0022058	-0.6497	-2.4891	-2.3222	-0.92772
-3.4414	-3.489	-4.7887	-2.4124	-2.5544	-3.9089	-0.45612	-0.32401	-0.56194	-1.1941	-2.9321	-2.7764	-1.4042
-3.2508	-3.2669	-4.6002	-2.2515	-2.3629	-3.7373	-0.37355	-0.24813	-0.46309	-1.0808	-2.7111	-2.5679	-1.2177
-3.2878	-3.3388	-4.644	-2.2789	-2.4241	-3.7701	-0.40471	-0.28055	-0.46274	-1.104	-2.8349	-2.6664	-1.3346
-3.3911	-3.4852	-4.7661	-2.3707	-2.5582	-3.8801	-0.49708	-0.37793	-0.53531	-1.1961	-3.0394	-2.8425	-1.5389
-3.1055	-3.2273	-4.4857	-2.0797	-2.294	-3.592	-0.21801	-0.098038	-0.22673	-0.90651	-2.8328	-2.6129	-1.339
-4.8414	-5.018	-6.2536	-3.7832	-4.0519	-5.3333	-1.8846	-1.7527	-1.8757	-2.5851	-4.7072	-4.4404	-3.2024
-4.7751	-4.9971	-6.2012	-3.6954	-4.0093	-5.2622	-1.781	-1.6499	-1.7434	-2.4829	-4.7546	-4.449	-3.2569
-3.9988	-4.246	-5.4381	-2.9081	-3.2468	-4.4878	-0.99718	-0.87711	-0.93604	-1.6962	-4.04	-3.7092	-2.5409
-3.999	-4.267	-5.4656	-2.8929	-3.2524	-4.5012	-0.97795	-0.86907	-0.90572	-1.6819	-4.0928	-3.733	-2.588
-4.2211	-4.4886	-5.7114	-3.0977	-3.4569	-4.7317	-1.1757	-1.0738	-1.0881	-1.8813	-4.3308	-3.9385	-2.8223
-4.4037	-4.6656	-5.9249	-3.2619	-3.6157	-4.9294	-1.3317	-1.2395	-1.2357	-2.0424	-4.5145	-4.0901	-2.9952
-4.5001	-4.7279	-6.0353	-3.3419	-3.6621	-5.0254	-1.4073	-1.3122	-1.2876	-2.1106	-4.5724	-4.1128	-3.0599
-4.0214	-4.2028	-5.5823	-2.8532	-3.129	-4.5582	-0.92537	-0.82998	-0.77716	-1.6164	-4.0199	-3.545	-2.4968
-4.0601	-4.2119	-5.6657	-2.87	-3.1183	-4.6203	-0.93001	-0.83999	-0.77022	-1.6249	-4.0124	-3.5104	-2.4661
-4.0832	-4.1662	-5.7078	-2.8748	-3.056	-4.6434	-0.92867	-0.82208	-0.73268	-1.6076	-3.9485	-3.414	-2.4106
-3.9462	-3.955	-5.5864	-2.7211	-2.83	-4.504	-0.77264	-0.64905	-0.53704	-1.4325	-3.7284	-3.1606	-2.2108
-3.6868	-3.6776	-5.3733	-2.443	-2.5357	-4.2717	-0.48955	-0.37281	-0.24365	-1.1531	-3.4463	-2.8559	-1.9026
-4.0692	-3.9563	-5.7934	-2.8007	-2.792	-4.6688	-0.83927	-0.71545	-0.56659	-1.4914	-3.6675	-3.038	-2.1088
-4.1813	-4.0049	-5.9535	-2.8894	-2.8196	-4.807	-0.9309	-0.80324	-0.63728	-1.5753	-3.6906	-3.0248	-2.124
-4.1421	-3.9245	-5.9571	-2.8279	-2.7193	-4.7893	-0.88008	-0.75121	-0.56686	-1.517	-3.5928	-2.8929	-2.0172
-3.9496	-3.7084	-5.7944	-2.6158	-2.486	-4.6071	-0.68534	-0.555	-0.35045	-1.3124	-3.3713	-2.64	-1.7935
-3.6989	-3.4484	-5.5764	-2.3473	-2.2104	-4.3707	-0.42434	-0.30001	-0.077428	-1.0506	-3.1098	-2.3549	-1.5068
-3.6083	-3.3164	-5.4686	-2.2849	-2.1046	-4.2802	-0.42168	-0.29885	-0.056026	-1.0194	-2.9476	-2.1951	-1.3701
-3.3673	-3.0865	-5.1948	-2.077	-1.9053	-4.0264	-0.29394	-0.16294	0.10507	-0.85367	-2.7599	-2.0096	-1.2717
-2.9349	-2.6791	-4.754	-1.6783	-1.5289	-3.6058	0.051201	0.17687	0.46228	-0.49135	-2.3914	-1.6586	-0.93373
-2.4355	-2.2376	-4.2668	-1.2139	-1.1193	-3.1392	0.4795	0.58516	0.88266	-0.064948	-1.9922	-1.2922	-0.51084
-2.4613	-2.3083	-4.2913	-1.2718	-1.219	-3.1828	0.36683	0.46175	0.77246	-0.16651	-2.0972	-1.4176	-0.62506
-1.9933	-1.9124	-3.7747	-0.84133	-0.85669	-2.6877	0.73185	0.84073	1.1864	0.23389	-1.7469	-1.1234	-0.16526
-1.7323	-1.7358	-3.5094	-0.61781	-0.71342	-2.4442	0.88456	0.98097	1.3441	0.4	-1.6332	-1.038	-0.07103
-1.7488	-1.8013	-3.5156	-0.67096	-0.81111	-2.4714	0.76298	0.85327	1.2338	0.29805	-1.7486	-1.1726	-0.23236
