3.623e+014
3.9468e+014
3.9153e+014
3.6903e+014
3.4955e+014
3.258e+014
3.0397e+014
2.9789e+014
3.1338e+014
3.2661e+014
3.2855e+014
3.249e+014
3.1711e+014
2.9677e+014
2.7002e+014
2.5323e+014
2.4551e+014
2.5069e+014
2.6464e+014
2.7427e+014
2.7367e+014
2.8133e+014
2.8812e+014
3.0336e+014
3.3851e+014
3.6848e+014
3.8426e+014
4.0264e+014
4.0564e+014
4.0523e+014
4.0693e+014
4.3496e+014
4.6243e+014
4.8635e+014
5.0471e+014
5.3987e+014
5.6674e+014
5.9551e+014
6.2134e+014
6.5023e+014
6.8645e+014
7.6462e+014
7.745e+014
7.8584e+014
8.0806e+014
8.3562e+014
8.6809e+014
8.9407e+014
9.0911e+014
9.1969e+014
9.4081e+014
9.7011e+014
1.0013e+015
9.9003e+014
9.4996e+014
8.396e+014
7.0651e+014
6.1155e+014
5.7793e+014
