2.7869e+012
3.036e+012
3.0118e+012
2.8387e+012
2.6889e+012
2.5062e+012
2.3382e+012
2.2914e+012
2.4106e+012
2.5124e+012
2.5273e+012
2.4992e+012
2.4393e+012
2.2828e+012
2.0771e+012
1.9479e+012
1.8886e+012
1.9284e+012
2.0357e+012
2.1098e+012
2.1052e+012
2.1641e+012
2.2163e+012
2.3336e+012
2.6039e+012
2.8345e+012
2.9558e+012
3.0972e+012
3.1203e+012
3.1172e+012
3.1302e+012
3.3459e+012
3.5571e+012
3.7412e+012
3.8824e+012
4.1529e+012
4.3595e+012
4.5808e+012
4.7795e+012
5.0018e+012
5.2804e+012
5.8817e+012
5.9577e+012
6.045e+012
6.2158e+012
6.4279e+012
6.6776e+012
6.8775e+012
6.9931e+012
7.0745e+012
7.237e+012
7.4624e+012
7.7021e+012
7.6156e+012
7.3074e+012
6.4584e+012
5.4347e+012
4.7043e+012
4.4456e+012
