 -6.0004562684644047e-001	
 -6.0004562684640705e-001	
 -6.0004562684644047e-001	
 -6.0004562684645157e-001	
 -6.0004562684646823e-001	
 -6.0004562684646823e-001	
 -6.0004562684649032e-001	
 -6.0004562684691132e-001	
 -6.0004562684759932e-001	
 -6.0004562684899543e-001	
 -6.0004562705687969e-001	
 -6.0004562761096758e-001	
 -6.0004562865301414e-001	
 -6.0004565892847406e-001	
 -6.0004572586996929e-001	
 -6.0004584086557622e-001	
 -6.0004621438454531e-001	
 -6.0004685640829414e-001	
 -6.0004785051698728e-001	
 -6.0004927989530743e-001	
 -6.0005289808452833e-001	
 -6.0005832095693079e-001	
 -6.0006582972880296e-001	
 -6.0007562149824589e-001	
 -6.0008781191211269e-001	
 -6.0010997010350853e-001	
 -6.0013726661266931e-001	
 -6.0016942429819375e-001	
 -6.0020597757957217e-001	
 -6.0024630896094577e-001	
 -6.0028966148584773e-001	
 -6.0034174047450106e-001	
 -6.0039561440477307e-001	
 -6.0045066582905515e-001	
 -6.0050660842220549e-001	
 -6.0062561480242360e-001	
 -6.0070969386003537e-001	
 -6.0079642596047478e-001	
 -6.0088582874593277e-001	
 -6.0097772566682572e-001	
 -6.0107189117914750e-001	
 -6.0117182728729435e-001	
 -6.0127344680080907e-001	
 -6.0137629906416512e-001	
 -6.0148007136148673e-001	
 -6.0158463232732218e-001	
 -6.0170579907593746e-001	
 -6.0182800863081209e-001	
 -6.0195120036955063e-001	
 -6.0207524922518885e-001	
 -6.0220000952979569e-001	
 -6.0235009995653399e-001	
 -6.0250118261360852e-001	
 -6.0265341297354569e-001	
 -6.0270613762325786e-001	
 -6.0275500877626964e-001	
 -6.0280311281507859e-001	
 -6.0285004544745924e-001	
 -6.0289550309977935e-001	
 -6.0297816915759772e-001	
 -6.0305469828135594e-001	
 -6.0312542284010440e-001	
 -6.0319093672531210e-001	
 -6.0328348087934824e-001	
 -6.0336730925544213e-001	
 -6.0344433154576649e-001	
 -6.0351597660612999e-001	
 -6.0358329054985793e-001	
 -6.0373352694908711e-001	
 -6.0386913591218749e-001	
 -6.0399420128112857e-001	
 -6.0411067474221247e-001	
 -6.0421922237824821e-001	
 -6.0435335606339535e-001	
 -6.0447436917187058e-001	
 -6.0458348112248950e-001	
 -6.0468183573171830e-001	
 -6.0477021681637522e-001	
 -6.0486494495991228e-001	
 -6.0494755333898020e-001	
 -6.0500816973268279e-001	
 -6.0506970165712981e-001	
 -6.0512223939430587e-001	
 -6.0517680260074735e-001	
 -6.0523228333571966e-001	
 -6.0528781223740968e-001	
 -6.0534296422008782e-001	
 -6.0541560396407368e-001	
 -6.0548566856624420e-001	
 -6.0555054463521163e-001	
 -6.0560895408058446e-001	
 -6.0566163675152351e-001	
 -6.0572037354986774e-001	
 -6.0577483352451245e-001	
 -6.0582606056993415e-001	
 -6.0587431815595494e-001	
 -6.0591954422073990e-001	
 -6.0599394472772883e-001	
 -6.0606036384208872e-001	
 -6.0612043588617504e-001	
 -6.0617495494532847e-001	
 -6.0622452553232475e-001	
 -6.0631584653210668e-001	
 -6.0639312870732409e-001	
 -6.0645920478516924e-001	
 -6.0651648017410353e-001	
 -6.0656573323881080e-001	
 -6.0662553236562622e-001	
 -6.0667447536185137e-001	
 -6.0668005572527894e-001	
 -6.0668302614032021e-001	
 -6.0668185232532301e-001	
 -6.0667583226895783e-001	
 -6.0666543581463506e-001	
 -6.0664798030111355e-001	
 -6.0662737487364427e-001	
 -6.0660479185244554e-001	
 -6.0658043028027153e-001	
 -6.0655407014248519e-001	
 -6.0649862996912318e-001	
 -6.0647884640647409e-001	
 -6.0645873687343987e-001	
 -6.0644957368666530e-001	
 -6.0644828226216552e-001	
 -6.0644704368125835e-001	
 -6.0644582133940006e-001	
 -6.0644459061971756e-001	
 -6.0644291845245846e-001	
 -6.0644128124466323e-001	
 -6.0643972945149494e-001	
 -6.0643830705089630e-001	
 -6.0643569476544679e-001	
 -6.0643399242787310e-001	
 -6.0643319986967836e-001	
 -6.0643324414012478e-001	
 -6.0643557126969450e-001	
 -6.0643682870516091e-001	
 -6.0643820384112468e-001	
 -6.0643959163632899e-001	
 -6.0644089538544499e-001	
 -6.0644221033691681e-001	
 -6.0644332815685309e-001	
 -6.0644427199152351e-001	
 -6.0644507954647353e-001	
 -6.0644599807597499e-001	
 -6.0644657276485869e-001	
 -6.0644710529141554e-001	
 -6.0644748615547717e-001	
 -6.0644782849086176e-001	
 -6.0644812656140434e-001	
 -6.0644861791313187e-001	
 -6.0644893536308109e-001	
 -6.0644909827305127e-001	
 -6.0644913115330912e-001	
 -6.0644891625404285e-001	
 -6.0644803892251442e-001	
 -6.0644639646112553e-001	
 -6.0644121050667321e-001	
 -6.0643394239243031e-001	
 -6.0642495721234124e-001	
 -6.0641433400927724e-001	
 -6.0638542845012466e-001	
 -6.0635053018062002e-001	
 -6.0631068726460113e-001	
 -6.0626505760006522e-001	
 -6.0621422503965139e-001	
 -6.0612906023945112e-001	
 -6.0603987555093175e-001	
 -6.0594443330234016e-001	
 -6.0584570318806830e-001	
 -6.0570718354329589e-001	
 -6.0556588784135479e-001	
 -6.0542253978743599e-001	
 -6.0527944608643092e-001	
 -6.0501963546416504e-001	
 -6.0493937092648764e-001	
 -6.0485564231057531e-001	
 -6.0477547515203967e-001	
 -6.0469821232878063e-001	
 -6.0460057110655629e-001	
 -6.0450467719164158e-001	
 -6.0440935470178603e-001	
 -6.0424668574298657e-001	
 -6.0408334196338265e-001	
 -6.0392878050368504e-001	
 -6.0387641555745408e-001	
 -6.0382369849777551e-001	
 -6.0377233436009248e-001	
 -6.0367587788151034e-001	
 -6.0358406883078719e-001	
 -6.0349057451440080e-001	
 -6.0338736418329320e-001	
 -6.0328091116969618e-001	
 -6.0318353209892206e-001	
 -6.0314787604886277e-001	
 -6.0311232880418097e-001	
 -6.0307774011547055e-001	
 -6.0299341205331980e-001	
 -6.0291419112430611e-001	
 -6.0283226503532750e-001	
 -6.0275391980713278e-001	
 -6.0267240287667345e-001	
 -6.0259731235772318e-001	
 -6.0251788672279172e-001	
 -6.0245859710544392e-001	
 -6.0240612646741365e-001	
 -6.0235665162922714e-001	
 -6.0230717341405726e-001	
 -6.0222086237687544e-001	
 -6.0213722761646937e-001	
 -6.0205350469422014e-001	
 -6.0194376609042677e-001	
 -6.0190462136829104e-001	
 -6.0186651521526735e-001	
 -6.0182941751231678e-001	
 -6.0173533035365956e-001	
 -6.0164787927542496e-001	
 -6.0161554303990483e-001	
 -6.0158433418796042e-001	
 -6.0155409279907035e-001	
 -6.0147573508923347e-001	
 -6.0140278302114170e-001	
 -6.0134215382045464e-001	
 -6.0130002023601015e-001	
 -6.0126237438954666e-001	
 -6.0122777198852972e-001	
 -6.0119296256678068e-001	
 -6.0113648282350285e-001	
 -6.0108150825902884e-001	
 -6.0102739294065710e-001	
 -6.0091560284229506e-001	
 -6.0088188925929942e-001	
 -6.0085071007439839e-001	
 -6.0081997306047508e-001	
 -6.0076275157847459e-001	
 -6.0070759127786921e-001	
 -6.0065311303095115e-001	
 -6.0057384617303533e-001	
 -6.0054839834379159e-001	
 -6.0052641470881607e-001	
 -6.0050475555488081e-001	
 -6.0047114335078178e-001	
 -6.0043854453570145e-001	
 -6.0040640049723482e-001	
 -6.0032851346577287e-001	
 -6.0026514182896129e-001	
 -6.0024691778809180e-001	
 -6.0023882831427855e-001	
 -6.0023025699585419e-001	
 -6.0022211000647963e-001	
 -6.0020591208287311e-001	
 -6.0019066378871111e-001	
 -6.0017572986011891e-001	
 -6.0012562852740836e-001	
 -6.0008132538421100e-001	
 -6.0006503861771010e-001	
 -6.0005138952544046e-001	
 -6.0003841230747534e-001	
 -6.0001457815029757e-001	
 -5.9999165268554711e-001	
 -5.9996877834731777e-001	
 -5.9992464005823298e-001	
 -5.9987906545439040e-001	
 -5.9987460840220441e-001	
 -5.9986889440381330e-001	
 -5.9986192171787855e-001	
 -5.9984918054692993e-001	
 -5.9983705094850492e-001	
 -5.9982534938048693e-001	
 -5.9978999096216268e-001	
 -5.9975889084246203e-001	
 -5.9974545697390236e-001	
 -5.9973489046986250e-001	
 -5.9972400095361500e-001	
 -5.9970787883044396e-001	
 -5.9969213961814649e-001	
 -5.9967691093781261e-001	
 -5.9961559284430721e-001	
 -5.9960999439753615e-001	
 -5.9960457613447482e-001	
 -5.9960024624309693e-001	
 -5.9959417829644690e-001	
 -5.9958872990304024e-001	
 -5.9958334367548938e-001	
 -5.9956594978422928e-001	
 -5.9955232446381901e-001	
