 -5.9878753309638988e-001	 -5.9878753309638988e-001	 -5.9878753309638988e-001	 -5.9878753309638988e-001	 -5.9878753309672295e-001	 -5.9878753310038668e-001	 -5.9878753309705601e-001	 -5.9878753309683397e-001	 -5.9878753309705601e-001	 -5.9878753309672295e-001	 -5.9878753309605681e-001	 -5.9878753309616783e-001	 -5.9878753309638988e-001	
 -5.9878753309638988e-001	 -5.9878753309638988e-001	 -5.9878753309638988e-001	 -5.9878753309638988e-001	 -5.9878753309672295e-001	 -5.9878753310038668e-001	 -5.9878753309683397e-001	 -5.9878753309683397e-001	 -5.9878753309705601e-001	 -5.9878753309672295e-001	 -5.9878753309605681e-001	 -5.9878753309616783e-001	 -5.9878753309616783e-001	
 -5.9878753309638988e-001	 -5.9878753309638988e-001	 -5.9878753309616783e-001	 -5.9878753309638988e-001	 -5.9878753309672295e-001	 -5.9878753310038668e-001	 -5.9878753309683397e-001	 -5.9878753309672295e-001	 -5.9878753309705601e-001	 -5.9878753309650090e-001	 -5.9878753309616783e-001	 -5.9878753309616783e-001	 -5.9878753309616783e-001	
 -5.9878753309638988e-001	 -5.9878753309638988e-001	 -5.9878753309616783e-001	 -5.9878753309638988e-001	 -5.9878753309672295e-001	 -5.9878753310027566e-001	 -5.9878753309683397e-001	 -5.9878753309650090e-001	 -5.9878753309705601e-001	 -5.9878753309650090e-001	 -5.9878753309605681e-001	 -5.9878753309616783e-001	 -5.9878753309616783e-001	
 -5.9878753309638988e-001	 -5.9878753309638988e-001	 -5.9878753309616783e-001	 -5.9878753309638988e-001	 -5.9878753309683397e-001	 -5.9878753310027566e-001	 -5.9878753309683397e-001	 -5.9878753309638988e-001	 -5.9878753309705601e-001	 -5.9878753309650090e-001	 -5.9878753309605681e-001	 -5.9878753309638988e-001	 -5.9878753309616783e-001	
 -5.9878753309638988e-001	 -5.9878753309638988e-001	 -5.9878753309616783e-001	 -5.9878753309638988e-001	 -5.9878753309683397e-001	 -5.9878753310038668e-001	 -5.9878753309683397e-001	 -5.9878753309638988e-001	 -5.9878753309716704e-001	 -5.9878753309638988e-001	 -5.9878753309583477e-001	 -5.9878753309638988e-001	 -5.9878753309605681e-001	
 -5.9878753309638988e-001	 -5.9878753309638988e-001	 -5.9878753309583477e-001	 -5.9878753309638988e-001	 -5.9878753309683397e-001	 -5.9878753310038668e-001	 -5.9878753309683397e-001	 -5.9878753309650090e-001	 -5.9878753309738908e-001	 -5.9878753309650090e-001	 -5.9878753309572375e-001	 -5.9878753309650090e-001	 -5.9878753309616783e-001	
 -5.9878753309650090e-001	 -5.9878753309650090e-001	 -5.9878753309583477e-001	 -5.9878753309638988e-001	 -5.9878753309683397e-001	 -5.9878753310060873e-001	 -5.9878753309683397e-001	 -5.9878753309705601e-001	 -5.9878753309816624e-001	 -5.9878753309816624e-001	 -5.9878753309816624e-001	 -5.9878753310038668e-001	 -5.9878753310460553e-001	
 -5.9878753309672295e-001	 -5.9878753309672295e-001	 -5.9878753309583477e-001	 -5.9878753309616783e-001	 -5.9878753309683397e-001	 -5.9878753310060873e-001	 -5.9878753309738908e-001	 -5.9878753309816624e-001	 -5.9878753310071975e-001	 -5.9878753310271815e-001	 -5.9878753310571575e-001	 -5.9878753311193300e-001	 -5.9878753312769817e-001	
 -5.9878753309683397e-001	 -5.9878753309683397e-001	 -5.9878753309583477e-001	 -5.9878753309616783e-001	 -5.9878753309683397e-001	 -5.9878753310094179e-001	 -5.9878753309849930e-001	 -5.9878753310071975e-001	 -5.9878753310560473e-001	 -5.9878753311159993e-001	 -5.9878753312037070e-001	 -5.9878753313391542e-001	 -5.9878753317266220e-001	
 -5.9878753311704003e-001	 -5.9878753311704003e-001	 -5.9878753309972055e-001	 -5.9878753310027566e-001	 -5.9878753310127486e-001	 -5.9878753312891941e-001	 -5.9878753325670608e-001	 -5.9878753349018599e-001	 -5.9878753386854999e-001	 -5.9878753442077493e-001	 -5.9878753516184879e-001	 -5.9878753608433311e-001	 -5.9878753836539733e-001	
 -5.9878753317177402e-001	 -5.9878753317177402e-001	 -5.9878753311071176e-001	 -5.9878753311104482e-001	 -5.9878753311304322e-001	 -5.9878753320496969e-001	 -5.9878753368536319e-001	 -5.9878753454167821e-001	 -5.9878753590758560e-001	 -5.9878753787034888e-001	 -5.9878754043696247e-001	 -5.9878754352293839e-001	 -5.9878755065145839e-001	
 -5.9878753327469170e-001	 -5.9878753327469170e-001	 -5.9878753313125088e-001	 -5.9878753313158395e-001	 -5.9878753313491462e-001	 -5.9878753334874357e-001	 -5.9878753449071898e-001	 -5.9878753650599581e-001	 -5.9878753968112264e-001	 -5.9878754416609059e-001	 -5.9878754988629268e-001	 -5.9878755654418914e-001	 -5.9878757098508206e-001	
 -5.9878753621989134e-001	 -5.9878753621989134e-001	 -5.9878753371822580e-001	 -5.9878753371855886e-001	 -5.9878753376596539e-001	 -5.9878753744835311e-001	 -5.9878755674680484e-001	 -5.9878758792353270e-001	 -5.9878763091492093e-001	 -5.9878768149634887e-001	 -5.9878773316524025e-001	 -5.9878778026012380e-001	 -5.9878785194067419e-001	
 -5.9878754253339661e-001	 -5.9878754253339661e-001	 -5.9878753498010528e-001	 -5.9878753498054937e-001	 -5.9878753512254690e-001	 -5.9878754622477715e-001	 -5.9878760338738513e-001	 -5.9878769205956583e-001	 -5.9878780636624107e-001	 -5.9878793001966191e-001	 -5.9878804322688328e-001	 -5.9878813610514392e-001	 -5.9878825776760181e-001	
 -5.9878755280484697e-001	 -5.9878755280484697e-001	 -5.9878753703868082e-001	 -5.9878753703901388e-001	 -5.9878753733511036e-001	 -5.9878756048370452e-001	 -5.9878767760657148e-001	 -5.9878785226230580e-001	 -5.9878806413948826e-001	 -5.9878827608894625e-001	 -5.9878845334482289e-001	 -5.9878858671835733e-001	 -5.9878874478735966e-001	
 -5.9878758321585401e-001	 -5.9878758321585401e-001	 -5.9878754315778604e-001	 -5.9878754315723093e-001	 -5.9878754391118338e-001	 -5.9878760263010200e-001	 -5.9878789072242977e-001	 -5.9878829175252779e-001	 -5.9878873277774414e-001	 -5.9878912168775944e-001	 -5.9878940824875659e-001	 -5.9878959993597825e-001	 -5.9878980510308377e-001	
 -5.9878763039666882e-001	 -5.9878763039666882e-001	 -5.9878755269471284e-001	 -5.9878755269271444e-001	 -5.9878755415943008e-001	 -5.9878766788568072e-001	 -5.9878820962233625e-001	 -5.9878891605769091e-001	 -5.9878962469572805e-001	 -5.9879018373865112e-001	 -5.9879055552292115e-001	 -5.9879078543956243e-001	 -5.9879102011872742e-001	
 -5.9878769678067822e-001	 -5.9878769678067822e-001	 -5.9878756617692819e-001	 -5.9878756617270934e-001	 -5.9878756864550908e-001	 -5.9878775951949237e-001	 -5.9878864232576490e-001	 -5.9878972176652390e-001	 -5.9879071302637588e-001	 -5.9879142202601265e-001	 -5.9879185822675485e-001	 -5.9879211665536669e-001	 -5.9879237687032738e-001	
 -5.9878778450872527e-001	 -5.9878778450872527e-001	 -5.9878758407838628e-001	 -5.9878758407105881e-001	 -5.9878758787856867e-001	 -5.9878788039169351e-001	 -5.9878919418654419e-001	 -5.9879070238233467e-001	 -5.9879197693202268e-001	 -5.9879281649843907e-001	 -5.9879330677847786e-001	 -5.9879359227066331e-001	 -5.9879387959604902e-001	
 -5.9878798724999349e-001	 -5.9878798724999349e-001	 -5.9878762571330402e-001	 -5.9878762569776089e-001	 -5.9878763260701184e-001	 -5.9878815913227967e-001	 -5.9879041289212509e-001	 -5.9879275118512876e-001	 -5.9879449632893600e-001	 -5.9879553215602677e-001	 -5.9879610982216391e-001	 -5.9879644435256729e-001	 -5.9879678178609286e-001	
 -5.9878826753090308e-001	 -5.9878826753090308e-001	 -5.9878768371046664e-001	 -5.9878768368093471e-001	 -5.9878769490773198e-001	 -5.9878854373962564e-001	 -5.9879201331403120e-001	 -5.9879528819939409e-001	 -5.9879749149949202e-001	 -5.9879871826107323e-001	 -5.9879939359430701e-001	 -5.9879978496135688e-001	 -5.9880017850533207e-001	
 -5.9878863722240272e-001	 -5.9878863722240272e-001	 -5.9878776077249007e-001	 -5.9878776071797812e-001	 -5.9878777768107572e-001	 -5.9878905050392284e-001	 -5.9879402932516701e-001	 -5.9879833617026978e-001	 -5.9880100317333262e-001	 -5.9880243598731120e-001	 -5.9880322169192368e-001	 -5.9880367573250659e-001	 -5.9880413180102288e-001	
 -5.9878910961053133e-001	 -5.9878910961053133e-001	 -5.9878785993650041e-001	 -5.9878785983824567e-001	 -5.9878788418754603e-001	 -5.9878969798510262e-001	 -5.9879650329830447e-001	 -5.9880193966665995e-001	 -5.9880509564580464e-001	 -5.9880675671375450e-001	 -5.9880766410458364e-001	 -5.9880818742319430e-001	 -5.9880871345840969e-001	
 -5.9878969954885175e-001	 -5.9878969954885175e-001	 -5.9878798461165950e-001	 -5.9878798443657733e-001	 -5.9878801808554982e-001	 -5.9879050736588724e-001	 -5.9879948645857883e-001	 -5.9880615865526288e-001	 -5.9880984199112142e-001	 -5.9881175461840019e-001	 -5.9881279589235614e-001	 -5.9881339627299024e-001	 -5.9881399989258899e-001	
 -5.9879080622904368e-001	 -5.9879080622904368e-001	 -5.9878822038650359e-001	 -5.9878821999004295e-001	 -5.9878827128123646e-001	 -5.9879202984769453e-001	 -5.9880487777141944e-001	 -5.9881356450053325e-001	 -5.9881809777673212e-001	 -5.9882041993386537e-001	 -5.9882168058444929e-001	 -5.9882240708497569e-001	 -5.9882313739145765e-001	
 -5.9879225565184768e-001	 -5.9879225565184768e-001	 -5.9878853196115855e-001	 -5.9878853110351127e-001	 -5.9878860583817417e-001	 -5.9879403548668275e-001	 -5.9881168077313696e-001	 -5.9882266086130898e-001	 -5.9882812794720408e-001	 -5.9883086530831964e-001	 -5.9883244164971039e-001	 -5.9883331825560937e-001	 -5.9883418346895478e-001	
 -5.9879411029273300e-001	 -5.9879411029273300e-001	 -5.9878893412612655e-001	 -5.9878893237441666e-001	 -5.9878903760601787e-001	 -5.9879662298134573e-001	 -5.9882013129453071e-001	 -5.9883367460966674e-001	 -5.9884018900935310e-001	 -5.9884346560623580e-001	 -5.9884524248399185e-001	 -5.9884625080608433e-001	 -5.9884727070202981e-001	
 -5.9879643669802363e-001	 -5.9879643670024407e-001	 -5.9878944297553360e-001	 -5.9878943959656983e-001	 -5.9878958380721325e-001	 -5.9879990325217847e-001	 -5.9883045846420568e-001	 -5.9884679788180240e-001	 -5.9885443466300980e-001	 -5.9885825919092639e-001	 -5.9886025678390631e-001	 -5.9886142724807634e-001	 -5.9886261367436688e-001	
 -5.9879930331407927e-001	 -5.9879930333628373e-001	 -5.9879007552043895e-001	 -5.9879006934204781e-001	 -5.9879026261289159e-001	 -5.9880399881762081e-001	 -5.9884286064881831e-001	 -5.9886218002236369e-001	 -5.9887095651367517e-001	 -5.9887529138158424e-001	 -5.9887758840682093e-001	 -5.9887892275212185e-001	 -5.9888026255416893e-001	
 -5.9880277849477803e-001	 -5.9880277861723563e-001	 -5.9879084933156523e-001	 -5.9879083856673176e-001	 -5.9879109275318143e-001	 -5.9880904303233340e-001	 -5.9885751226274042e-001	 -5.9887992823171032e-001	 -5.9888983681710695e-001	 -5.9889467962492837e-001	 -5.9889727765305434e-001	 -5.9889876691887611e-001	 -5.9890026296394172e-001	
 -5.9880758254537980e-001	 -5.9880758309238669e-001	 -5.9879193039358292e-001	 -5.9879191107559127e-001	 -5.9879225202175146e-001	 -5.9881615118151377e-001	 -5.9887715878470527e-001	 -5.9890314051824767e-001	 -5.9891430665093282e-001	 -5.9891972458070430e-001	 -5.9892262743732605e-001	 -5.9892428891961114e-001	 -5.9892596090205252e-001	
 -5.9881336312062050e-001	 -5.9881336487099812e-001	 -5.9879324645573107e-001	 -5.9879321347178216e-001	 -5.9879366257098443e-001	 -5.9882491361928913e-001	 -5.9890004269258501e-001	 -5.9892948859008310e-001	 -5.9894182371511562e-001	 -5.9894777591329440e-001	 -5.9895094759465639e-001	 -5.9895276895838290e-001	 -5.9895460457637384e-001	
 -5.9882019705059797e-001	 -5.9882020152801640e-001	 -5.9879482143243568e-001	 -5.9879476757596084e-001	 -5.9879534966811310e-001	 -5.9883556854567477e-001	 -5.9892620723112078e-001	 -5.9895886857386227e-001	 -5.9897224136917782e-001	 -5.9897865914715354e-001	 -5.9898207535125092e-001	 -5.9898403904923292e-001	 -5.9898602039332172e-001	
 -5.9882815315714932e-001	 -5.9882816299161590e-001	 -5.9879667880713416e-001	 -5.9879659424377785e-001	 -5.9879733804935054e-001	 -5.9884837558432658e-001	 -5.9895560738365550e-001	 -5.9899111641326108e-001	 -5.9900537431256673e-001	 -5.9901219243196913e-001	 -5.9901582533006259e-001	 -5.9901791574823449e-001	 -5.9902002895551032e-001	
 -5.9884843440793922e-001	 -5.9884847100322158e-001	 -5.9880151760050015e-001	 -5.9880132340672798e-001	 -5.9880251292099285e-001	 -5.9886338502157521e-001	 -5.9902640304987376e-001	 -5.9906644531237951e-001	 -5.9908206755709958e-001	 -5.9908959470800216e-001	 -5.9909361832899410e-001	 -5.9909591885753954e-001	 -5.9909828598347925e-001	
 -5.9886545829956894e-001	 -5.9886553404531195e-001	 -5.9880568297587811e-001	 -5.9880536237966187e-001	 -5.9880696291936264e-001	 -5.9886512536744263e-001	 -5.9908214124515524e-001	 -5.9912410636675517e-001	 -5.9914044758824225e-001	 -5.9914817022932443e-001	 -5.9915231185259099e-001	 -5.9915479447814057e-001	 -5.9915722791836767e-001	
 -5.9888515840267331e-001	 -5.9888529968554760e-001	 -5.9881061325051110e-001	 -5.9881010738371820e-001	 -5.9881222583690885e-001	 -5.9886426370259205e-001	 -5.9914272991268280e-001	 -5.9918571677430865e-001	 -5.9920227912457769e-001	 -5.9921043848498723e-001	 -5.9921487312941668e-001	 -5.9921729643352961e-001	 -5.9921998727330283e-001	
 -5.9890759917280434e-001	 -5.9890784226135363e-001	 -5.9881636556868845e-001	 -5.9881559785779359e-001	 -5.9881836223640850e-001	 -5.9886348193283201e-001	 -5.9920754526399111e-001	 -5.9925101651614465e-001	 -5.9926796322484766e-001	 -5.9927639564794077e-001	 -5.9928091772354364e-001	 -5.9928359045091639e-001	 -5.9928627243299726e-001	
 -5.9893282788803237e-001	 -5.9893322032633645e-001	 -5.9882299711588871e-001	 -5.9882187053983404e-001	 -5.9882543384215392e-001	 -5.9886337810555190e-001	 -5.9927637342960249e-001	 -5.9932001688167702e-001	 -5.9933745872775557e-001	 -5.9934586570942194e-001	 -5.9935043866476967e-001	 -5.9935322864446139e-001	 -5.9935599910965198e-001	
 -5.9896087918265284e-001	 -5.9896148131721727e-001	 -5.9883056659981726e-001	 -5.9882896053164991e-001	 -5.9883350530343105e-001	 -5.9892069792899516e-001	 -5.9934901624281167e-001	 -5.9939251216167833e-001	 -5.9941007365815757e-001	 -5.9941856310063990e-001	 -5.9942328635198550e-001	 -5.9942603787999094e-001	 -5.9942894504949606e-001	
 -5.9899304025146094e-001	 -5.9899393917872690e-001	 -5.9883949068195719e-001	 -5.9883722967157826e-001	 -5.9884302502388742e-001	 -5.9903863206023367e-001	 -5.9942813024516095e-001	 -5.9947112012204151e-001	 -5.9948851460533970e-001	 -5.9949724471097809e-001	 -5.9950206347214596e-001	 -5.9950486792326174e-001	 -5.9950782632767208e-001	
 -5.9902827014135518e-001	 -5.9902956242485761e-001	 -5.9884956017874913e-001	 -5.9884645112906476e-001	 -5.9885377708179810e-001	 -5.9917918804708314e-001	 -5.9951044363903971e-001	 -5.9955265401534508e-001	 -5.9956998947752194e-001	 -5.9957879349126220e-001	 -5.9958364195500380e-001	 -5.9958651414515618e-001	 -5.9958951657013149e-001	
 -5.9906654847907692e-001	 -5.9906834729739344e-001	 -5.9886084389626504e-001	 -5.9885665604531013e-001	 -5.9886584567447887e-001	 -5.9931533003465542e-001	 -5.9959554078992117e-001	 -5.9963683629271625e-001	 -5.9965413271678703e-001	 -5.9966288244683863e-001	 -5.9966774739728113e-001	 -5.9967065810551112e-001	 -5.9967371049274298e-001	
 -5.9910783819072666e-001	 -5.9911027322046007e-001	 -5.9887341256215088e-001	 -5.9886787338625513e-001	 -5.9887218695953148e-001	 -5.9944174108472748e-001	 -5.9968309807434395e-001	 -5.9972340700198412e-001	 -5.9974054825195910e-001	 -5.9974925468420093e-001	 -5.9975414387103410e-001	 -5.9975707655235411e-001	 -5.9976016696083878e-001	
 -5.9915209065108943e-001	 -5.9915530778342774e-001	 -5.9888734033985980e-001	 -5.9888013097775250e-001	 -5.9887338288766578e-001	 -5.9956307686037658e-001	 -5.9977284895174066e-001	 -5.9981211609794194e-001	 -5.9982903191668768e-001	 -5.9983772126581680e-001	 -5.9984262283041545e-001	 -5.9984556941716782e-001	 -5.9984868869555896e-001	
 -5.9920654918477201e-001	 -5.9921086621239628e-001	 -5.9889570555460292e-001	 -5.9889554269110246e-001	 -5.9887263799407453e-001	 -5.9970006060150460e-001	 -5.9987846965858793e-001	 -5.9991652572388698e-001	 -5.9993320298445951e-001	 -5.9994185656775390e-001	 -5.9994676113483969e-001	 -5.9994972700350147e-001	 -5.9995287656766649e-001	
 -5.9926476394656092e-001	 -5.9927041840346362e-001	 -5.9889728612139148e-001	 -5.9891240987919314e-001	 -5.9887197672814363e-001	 -5.9983475188263302e-001	 -5.9998654683690589e-001	 -6.0002346299614651e-001	 -6.0003987708190376e-001	 -6.0004847555295004e-001	 -6.0005337414970050e-001	 -6.0005633985860118e-001	 -6.0005952027009091e-001	
 -5.9932664109474398e-001	 -5.9933389180855112e-001	 -5.9889645216837373e-001	 -5.9893077742767531e-001	 -5.9887187496865391e-001	 -5.9996592157329776e-001	 -6.0009678227146424e-001	 -6.0013256999202902e-001	 -6.0014875706826398e-001	 -6.0015728174278582e-001	 -6.0016217389291526e-001	 -6.0016516668914832e-001	 -6.0016835738141427e-001	
 -5.9939208029979874e-001	 -5.9940120449308854e-001	 -5.9889578080940531e-001	 -5.9895069136817192e-001	 -5.9887200134478569e-001	 -6.0009346789346996e-001	 -6.0020895149970332e-001	 -6.0024370191524845e-001	 -6.0025969922716804e-001	 -6.0026817948832800e-001	 -6.0027307557297682e-001	 -6.0027607377799441e-001	 -6.0027929602857188e-001	
 -5.9946097793661668e-001	 -5.9947226847945068e-001	 -5.9889568898396917e-001	 -5.9897219973503724e-001	 -5.9887209517406337e-001	 -6.0021859839787250e-001	 -6.0032297055878647e-001	 -6.0035684459636141e-001	 -6.0037261759271487e-001	 -6.0038105710535916e-001	 -6.0038594272371348e-001	 -6.0038893656266801e-001	 -6.0039217680230017e-001	
 -5.9954778998205782e-001	 -5.9956207579747733e-001	 -5.9889582666183827e-001	 -5.9900009321300907e-001	 -5.9887212900266995e-001	 -6.0036692638221201e-001	 -6.0046174916461581e-001	 -6.0049466955014452e-001	 -6.0051021313467512e-001	 -6.0051858220488974e-001	 -6.0052345629957316e-001	 -6.0052647389763347e-001	 -6.0052972715229913e-001	
 -5.9963923496475502e-001	 -5.9965697657682338e-001	 -5.9889594719408912e-001	 -5.9903043755793473e-001	 -5.9887211348541580e-001	 -6.0051544922123945e-001	 -6.0060311803955546e-001	 -6.0063513218178155e-001	 -6.0065041993973001e-001	 -6.0065871469117127e-001	 -6.0066357102728229e-001	 -6.0066657936530543e-001	 -6.0066984786388833e-001	
 -5.9973513147737467e-001	 -5.9975680261248332e-001	 -5.9889597554974028e-001	 -5.9906333233272768e-001	 -5.9887209654008178e-001	 -6.0066460969432356e-001	 -6.0074654321595755e-001	 -6.0077766590171944e-001	 -6.0079271786761534e-001	 -6.0080095274239742e-001	 -6.0080579080823426e-001	 -6.0080879339530213e-001	 -6.0081210123552609e-001	
 -5.9976922938043131e-001	 -5.9979236694318594e-001	 -5.9889596832529701e-001	 -5.9907529812319726e-001	 -5.9887209624509552e-001	 -6.0071618619250700e-001	 -6.0079627384879153e-001	 -6.0082704410735488e-001	 -6.0084194403398072e-001	 -6.0085009319443827e-001	 -6.0085488125816156e-001	 -6.0085785336927433e-001	 -6.0086107716339487e-001	
 -5.9980147049498722e-001	 -5.9982602240316041e-001	 -5.9889596544338008e-001	 -5.9908674743558432e-001	 -5.9887209639153394e-001	 -6.0076394469299466e-001	 -6.0084225442069705e-001	 -6.0087251654628027e-001	 -6.0088715278072691e-001	 -6.0089513773120551e-001	 -6.0089981406130644e-001	 -6.0090270877777296e-001	 -6.0090589885264389e-001	
 -5.9983407633412700e-001	 -5.9986008168966265e-001	 -5.9889596468176709e-001	 -5.9909846416339452e-001	 -5.9887209648479267e-001	 -6.0081118501120745e-001	 -6.0088762117271877e-001	 -6.0091726195055095e-001	 -6.0093158337537478e-001	 -6.0093939488292669e-001	 -6.0094397920851250e-001	 -6.0094682802658284e-001	 -6.0094993541193187e-001	
 -5.9986701427328093e-001	 -5.9989450653863408e-001	 -5.9889596459061778e-001	 -5.9911044531069102e-001	 -5.9887209651687812e-001	 -6.0085782578933600e-001	 -6.0093230678925913e-001	 -6.0096127207021066e-001	 -6.0097525939972751e-001	 -6.0098289500110091e-001	 -6.0098738341929359e-001	 -6.0099017300696556e-001	 -6.0099320531747935e-001	
 -5.9990025150369330e-001	 -5.9992925817220488e-001	 -5.9889596462403549e-001	 -5.9912268761175280e-001	 -5.9887209651188211e-001	 -6.0090379120381066e-001	 -6.0097625789556908e-001	 -6.0100448886979407e-001	 -6.0101816795077312e-001	 -6.0102561343444716e-001	 -6.0102997496613852e-001	 -6.0103269129951897e-001	 -6.0103566526981123e-001	
 -5.9996481435642401e-001	 -5.9999677685107500e-001	 -5.9889596464934858e-001	 -5.9914692732832009e-001	 -5.9887209651154905e-001	 -6.0098989222912014e-001	 -6.0105833332857461e-001	 -6.0108511688394817e-001	 -6.0109810011987896e-001	 -6.0110518435563254e-001	 -6.0110934519896908e-001	 -6.0111193672351959e-001	 -6.0111478920843453e-001	
 -6.0003012410847489e-001	 -6.0006506161358608e-001	 -5.9889596466278228e-001	 -5.9917208625626106e-001	 -5.9887209651587892e-001	 -6.0107267852349544e-001	 -6.0113706446718318e-001	 -6.0116239993524001e-001	 -6.0117468633436033e-001	 -6.0118142530474206e-001	 -6.0118540154552313e-001	 -6.0118788007257340e-001	 -6.0119058580065943e-001	
 -6.0009595997989607e-001	 -6.0013383957702171e-001	 -5.9889596466378148e-001	 -5.9919813144071465e-001	 -5.9887209652553786e-001	 -6.0115180810293989e-001	 -6.0121227011833422e-001	 -6.0123622220231709e-001	 -6.0124788749327251e-001	 -6.0125430460999940e-001	 -6.0125809174571554e-001	 -6.0126045032515840e-001	 -6.0126304307572820e-001	
 -6.0016211262825525e-001	 -6.0020285297102127e-001	 -5.9889596466067285e-001	 -5.9922502697429270e-001	 -5.9887209653741724e-001	 -6.0122717866595288e-001	 -6.0128400290415662e-001	 -6.0130670911773265e-001	 -6.0131782844918824e-001	 -6.0132395298440056e-001	 -6.0132756909059282e-001	 -6.0132982336658092e-001	 -6.0133230198466947e-001	
 -6.0026468742135908e-001	 -6.0030960042045667e-001	 -5.9889596466122796e-001	 -5.9926823783618133e-001	 -5.9887209654108098e-001	 -6.0133661267780525e-001	 -6.0138861606484628e-001	 -6.0140973130418107e-001	 -6.0142012525310484e-001	 -6.0142586168476786e-001	 -6.0142925284467630e-001	 -6.0143136835566491e-001	 -6.0143368387755025e-001	
 -6.0036699738463817e-001	 -6.0041567167667953e-001	 -5.9889596466977668e-001	 -5.9931326705642274e-001	 -5.9887209653142204e-001	 -6.0143822923830470e-001	 -6.0148642910295980e-001	 -6.0150627557109537e-001	 -6.0151604406721848e-001	 -6.0152144628500270e-001	 -6.0152464315021970e-001	 -6.0152663733548106e-001	 -6.0152881204256214e-001	
 -6.0046855291728818e-001	 -6.0052050121905953e-001	 -5.9889596467987971e-001	 -5.9935997737237123e-001	 -5.9887209651354745e-001	 -6.0153315820898889e-001	 -6.0157836109764329e-001	 -6.0159713376051194e-001	 -6.0160639147799344e-001	 -6.0161151333693041e-001	 -6.0161453981566471e-001	 -6.0161642653078218e-001	 -6.0161849806084078e-001	
 -6.0056897952143196e-001	 -6.0062367716684495e-001	 -5.9894740913890576e-001	 -5.9940823485982175e-001	 -5.9887209649267525e-001	 -6.0162233304572599e-001	 -6.0166513219150897e-001	 -6.0168301007257341e-001	 -6.0169185376002243e-001	 -6.0169674146604013e-001	 -6.0169962797884669e-001	 -6.0170142699367268e-001	 -6.0170339672316331e-001	
 -6.0066799087721279e-001	 -6.0072490453888516e-001	 -5.9904329461379913e-001	 -5.9945790773097141e-001	 -5.9887209647313533e-001	 -6.0170647184731862e-001	 -6.0174733500428790e-001	 -6.0176448508664215e-001	 -6.0177296818064718e-001	 -6.0177765011071305e-001	 -6.0178041310132713e-001	 -6.0178213255956958e-001	 -6.0178401182431340e-001	
 -6.0090067884888132e-001	 -6.0096094157779945e-001	 -5.9929534168501331e-001	 -5.9958324241649041e-001	 -5.9887209878783931e-001	 -6.0189339426841570e-001	 -6.0193071073777471e-001	 -6.0194642561639533e-001	 -6.0195419255071325e-001	 -6.0195846178079382e-001	 -6.0196097472375865e-001	 -6.0196253416922030e-001	 -6.0196424335956511e-001	
 -6.0112186349625674e-001	 -6.0118287385335645e-001	 -5.9957358294771002e-001	 -5.9971425413141155e-001	 -5.9887210321318829e-001	 -6.0205923846878839e-001	 -6.0209449435300044e-001	 -6.0210924939485544e-001	 -6.0211650244168524e-001	 -6.0212045929386449e-001	 -6.0212277474824827e-001	 -6.0212420737759675e-001	 -6.0212576725393596e-001	
 -6.0133046108412636e-001	 -6.0139017776739134e-001	 -5.9985464432565916e-001	 -5.9984919499789235e-001	 -5.9887210866338414e-001	 -6.0220863417848047e-001	 -6.0224239386852396e-001	 -6.0225632081167824e-001	 -6.0226307061606033e-001	 -6.0226672967333972e-001	 -6.0226885899083982e-001	 -6.0227016876845951e-001	 -6.0227159694947741e-001	
 -6.0152599035934173e-001	 -6.0158297614576473e-001	 -6.0013110643752920e-001	 -5.9998639217651029e-001	 -5.9943324099454021e-001	 -6.0234410794168802e-001	 -6.0237651204497755e-001	 -6.0238967070069815e-001	 -6.0239597487377061e-001	 -6.0239937778461261e-001	 -6.0240135297406905e-001	 -6.0240256518728774e-001	 -6.0240387106846871e-001	
 -6.0170843417695075e-001	 -6.0176176958581795e-001	 -6.0039918203147469e-001	 -6.0012433723866110e-001	 -6.0033410409032761e-001	 -6.0246722602597114e-001	 -6.0249842611659332e-001	 -6.0251092910179604e-001	 -6.0251686106593816e-001	 -6.0252004868854847e-001	 -6.0252189140608259e-001	 -6.0252301789742724e-001	 -6.0252422479378787e-001	
 -6.0193422976495548e-001	 -6.0198185528492765e-001	 -6.0074179908953251e-001	 -6.0030930798116167e-001	 -6.0144906334358428e-001	 -6.0261592684507370e-001	 -6.0264581580127263e-001	 -6.0265756831201500e-001	 -6.0266310881029739e-001	 -6.0266605047298860e-001	 -6.0266773403261364e-001	 -6.0266875878767223e-001	 -6.0266987192414412e-001	
 -6.0213802481867695e-001	 -6.0217971601561615e-001	 -6.0105793792419870e-001	 -6.0049077583734789e-001	 -6.0204370465788415e-001	 -6.0274820400141316e-001	 -6.0277709259493051e-001	 -6.0278826960780130e-001	 -6.0279340984414898e-001	 -6.0279614113822877e-001	 -6.0279771112603520e-001	 -6.0279866627999112e-001	 -6.0279964660925334e-001	
 -6.0232160259976464e-001	 -6.0235758032178843e-001	 -6.0134507405340543e-001	 -6.0066693190696796e-001	 -6.0231349845329962e-001	 -6.0286684986177175e-001	 -6.0289493128418137e-001	 -6.0290545853314281e-001	 -6.0291035043669172e-001	 -6.0291287519209646e-001	 -6.0291428064618291e-001	 -6.0291512125598690e-001	 -6.0291609773599486e-001	
 -6.0248689309105874e-001	 -6.0251764334051661e-001	 -6.0160317419222231e-001	 -6.0083665017851562e-001	 -6.0253697497303360e-001	 -6.0297392446895248e-001	 -6.0300116249623059e-001	 -6.0301114609073725e-001	 -6.0301568932430438e-001	 -6.0301803698359357e-001	 -6.0301937035767139e-001	 -6.0302017879731995e-001	 -6.0302099971598633e-001	
 -6.0263570011898082e-001	 -6.0266180449675133e-001	 -6.0183359292420580e-001	 -6.0099927920864715e-001	 -6.0276028879879817e-001	 -6.0307056476693877e-001	 -6.0309684587012136e-001	 -6.0310634311366851e-001	 -6.0311050997585713e-001	 -6.0311268269486185e-001	 -6.0311390717771030e-001	 -6.0311463581030900e-001	 -6.0311537771307044e-001	
 -6.0279627370263267e-001	 -6.0281752031321467e-001	 -6.0207887128049808e-001	 -6.0118652026253105e-001	 -6.0296856740393867e-001	 -6.0317488368299976e-001	 -6.0319997728774943e-001	 -6.0320878180952775e-001	 -6.0321262229734440e-001	 -6.0321457285827940e-001	 -6.0321564495158242e-001	 -6.0321628060566734e-001	 -6.0321697015086606e-001	
 -6.0293743489947538e-001	 -6.0295463985970965e-001	 -6.0229113913035093e-001	 -6.0136274297828418e-001	 -6.0310364062254873e-001	 -6.0326664314280798e-001	 -6.0329056022012661e-001	 -6.0329869498498834e-001	 -6.0330219788451434e-001	 -6.0330396407848319e-001	 -6.0330495176608157e-001	 -6.0330554156673433e-001	 -6.0330612457515365e-001	
 -6.0303730607014217e-001	 -6.0305184155329261e-001	 -6.0243929384229400e-001	 -6.0149479938420569e-001	 -6.0317671201381984e-001	 -6.0333247202082330e-001	 -6.0335593033378210e-001	 -6.0336388655224393e-001	 -6.0336731512988795e-001	 -6.0336905426960907e-001	 -6.0337001882326824e-001	 -6.0337058927639742e-001	 -6.0337118026243530e-001	
 -6.0312840604981321e-001	 -6.0314071343292586e-001	 -6.0257265104846081e-001	 -6.0162059421564607e-001	 -6.0323877226109435e-001	 -6.0339511001283874e-001	 -6.0341892510795692e-001	 -6.0342699839066594e-001	 -6.0343047224120649e-001	 -6.0343221988246043e-001	 -6.0343318154931769e-001	 -6.0343374877291911e-001	 -6.0343433886111963e-001	
 -6.0319709246847708e-001	 -6.0320789860435209e-001	 -6.0267175025741082e-001	 -6.0171830982913566e-001	 -6.0328640266904543e-001	 -6.0344502093900854e-001	 -6.0346953981682550e-001	 -6.0347789592274381e-001	 -6.0348142913024816e-001	 -6.0348321565995011e-001	 -6.0348420818179260e-001	 -6.0348479051119952e-001	 -6.0348539216281694e-001	
 -6.0326227514295727e-001	 -6.0327183284769603e-001	 -6.0276431469286074e-001	 -6.0181263693614984e-001	 -6.0333231132947418e-001	 -6.0349517844460188e-001	 -6.0352070637892385e-001	 -6.0352928471751888e-001	 -6.0353292758019705e-001	 -6.0353474965824105e-001	 -6.0353574378857466e-001	 -6.0353632954424086e-001	 -6.0353693694148447e-001	
 -6.0332476738156338e-001	 -6.0333330637662996e-001	 -6.0285152897232575e-001	 -6.0190390503656044e-001	 -6.0337671356902600e-001	 -6.0354599263090503e-001	 -6.0357251521414579e-001	 -6.0358109879987687e-001	 -6.0358477837296753e-001	 -6.0358659375392421e-001	 -6.0358758224932085e-001	 -6.0358816627681389e-001	 -6.0358877204302885e-001	
 -6.0338513795843429e-001	 -6.0339285817967436e-001	 -6.0293431292679500e-001	 -6.0199239498259782e-001	 -6.0341999872237650e-001	 -6.0359721025016189e-001	 -6.0362421154691592e-001	 -6.0363277894726064e-001	 -6.0363641341953933e-001	 -6.0363822235087738e-001	 -6.0363921741557469e-001	 -6.0363980154776176e-001	 -6.0364040524729656e-001	
 -6.0344374909993004e-001	 -6.0345081733426120e-001	 -6.0301334234269532e-001	 -6.0207833551761958e-001	 -6.0346253595433552e-001	 -6.0364830035486428e-001	 -6.0367532372151977e-001	 -6.0368395904319971e-001	 -6.0368756966766579e-001	 -6.0368937692023561e-001	 -6.0369036785279384e-001	 -6.0369094814949342e-001	 -6.0369154732886621e-001	
 -6.0351942729808261e-001	 -6.0352583674438964e-001	 -6.0311356448061737e-001	 -6.0218905987718951e-001	 -6.0351836786676216e-001	 -6.0371571116968337e-001	 -6.0374268125296116e-001	 -6.0375138112678250e-001	 -6.0375498935072436e-001	 -6.0375678538682198e-001	 -6.0375776691978800e-001	 -6.0375834280879115e-001	 -6.0375893754849308e-001	
 -6.0359274386012629e-001	 -6.0359867502945974e-001	 -6.0320898913690524e-001	 -6.0229597361971532e-001	 -6.0357344465744589e-001	 -6.0378168860020232e-001	 -6.0380853923647226e-001	 -6.0381695764644139e-001	 -6.0382046889129182e-001	 -6.0382219487353783e-001	 -6.0382313304352397e-001	 -6.0382368310885060e-001	 -6.0382425119098748e-001	
 -6.0366358355834482e-001	 -6.0366915596909987e-001	 -6.0330006433517713e-001	 -6.0239929512195811e-001	 -6.0362756366638681e-001	 -6.0384511291922127e-001	 -6.0387115715776485e-001	 -6.0387915477178034e-001	 -6.0388242772257961e-001	 -6.0388404976974286e-001	 -6.0388493889240724e-001	 -6.0388545798373272e-001	 -6.0388599177985114e-001	
 -6.0373151431292182e-001	 -6.0373679484182485e-001	 -6.0338689341254970e-001	 -6.0249911839460601e-001	 -6.0368033001922949e-001	 -6.0390483332961598e-001	 -6.0392956432175904e-001	 -6.0393693177540619e-001	 -6.0393999451202607e-001	 -6.0394148928821778e-001	 -6.0394229088367446e-001	 -6.0394276168196370e-001	 -6.0394324728707538e-001	
 -6.0379604142846155e-001	 -6.0380105708401910e-001	 -6.0346938739797018e-001	 -6.0259546419039189e-001	 -6.0373127128809934e-001	 -6.0395995837747574e-001	 -6.0398305071140967e-001	 -6.0398993576971094e-001	 -6.0399274537659142e-001	 -6.0399412330325308e-001	 -6.0399487633167048e-001	 -6.0399531389188077e-001	 -6.0399576222214257e-001	
 -6.0386978614890285e-001	 -6.0387448794529952e-001	 -6.0356412048723218e-001	 -6.0270836415121654e-001	 -6.0379048568448557e-001	 -6.0402112993851453e-001	 -6.0404241157063776e-001	 -6.0404901884880680e-001	 -6.0405160867260665e-001	 -6.0405290398746203e-001	 -6.0405361345583497e-001	 -6.0405402340635295e-001	 -6.0405444317757073e-001	
 -6.0393801843228179e-001	 -6.0394241165817597e-001	 -6.0365247980187497e-001	 -6.0281621681135267e-001	 -6.0384622031084412e-001	 -6.0407671414730579e-001	 -6.0409699039565279e-001	 -6.0410325376281104e-001	 -6.0410574693925412e-001	 -6.0410697209356545e-001	 -6.0410763202445317e-001	 -6.0410801724342100e-001	 -6.0410841302216411e-001	
 -6.0400110776215321e-001	 -6.0400520880576902e-001	 -6.0373488467591052e-001	 -6.0291919675137251e-001	 -6.0389860404852502e-001	 -6.0412815614330206e-001	 -6.0414794908947300e-001	 -6.0415366429977801e-001	 -6.0415605558239438e-001	 -6.0415720182083188e-001	 -6.0415781521072631e-001	 -6.0415817507486480e-001	 -6.0415854537132496e-001	
 -6.0405952673292518e-001	 -6.0406336059215526e-001	 -6.0381181901525416e-001	 -6.0301750555857847e-001	 -6.0394792352480575e-001	 -6.0417621660324716e-001	 -6.0419527396871064e-001	 -6.0420057308496755e-001	 -6.0420278964423701e-001	 -6.0420385628023876e-001	 -6.0420442997399793e-001	 -6.0420476363720610e-001	 -6.0420510550440731e-001	
 -6.0411366848045489e-001	 -6.0411726029419022e-001	 -6.0388369370245609e-001	 -6.0311133274448814e-001	 -6.0399443490932736e-001	 -6.0422102268797850e-001	 -6.0423895065409017e-001	 -6.0424405773651380e-001	 -6.0424609553422215e-001	 -6.0424708766781965e-001	 -6.0424762223565409e-001	 -6.0424793104718599e-001	 -6.0424824623694917e-001	
 -6.0420161748320211e-001	 -6.0420482643719353e-001	 -6.0400179617836613e-001	 -6.0327004782423366e-001	 -6.0407193170830542e-001	 -6.0429396477201802e-001	 -6.0431011478434549e-001	 -6.0431475503208709e-001	 -6.0431657094106583e-001	 -6.0431745166666939e-001	 -6.0431792211401714e-001	 -6.0431819567707823e-001	 -6.0431847290465246e-001	
 -6.0427844940080799e-001	 -6.0428133549894625e-001	 -6.0410637298902170e-001	 -6.0341569576871645e-001	 -6.0414192513269516e-001	 -6.0435791663548954e-001	 -6.0437279545866307e-001	 -6.0437699477422502e-001	 -6.0437864162943278e-001	 -6.0437943485802670e-001	 -6.0437985645023229e-001	 -6.0438010215968507e-001	 -6.0438034981658006e-001	
 -6.0434586427515757e-001	 -6.0434847641210876e-001	 -6.0419911276898830e-001	 -6.0354924805250398e-001	 -6.0420540005978740e-001	 -6.0441460363946931e-001	 -6.0442867833809810e-001	 -6.0443208775950996e-001	 -6.0443365677820271e-001	 -6.0443427745304756e-001	 -6.0443475180838035e-001	 -6.0443483269578824e-001	 -6.0443514236985241e-001	
 -6.0440528952099282e-001	 -6.0440768137093315e-001	 -6.0428161150927195e-001	 -6.0367162268015750e-001	 -6.0426323201745458e-001	 -6.0446516811785145e-001	 -6.0447795129048298e-001	 -6.0448122244682878e-001	 -6.0448255670308981e-001	 -6.0448323175721352e-001	 -6.0448353000575050e-001	 -6.0448380388122835e-001	 -6.0448393136247613e-001	
 -6.0445789251672988e-001	 -6.0446010149928231e-001	 -6.0435504536371365e-001	 -6.0378368339675248e-001	 -6.0431617559741913e-001	 -6.0451040914510923e-001	 -6.0452170500258084e-001	 -6.0452506006736240e-001	 -6.0452618892548049e-001	 -6.0452679598843595e-001	 -6.0452705261693218e-001	 -6.0452726282156366e-001	 -6.0452741438232760e-001	
 -6.0455031017170313e-001	 -6.0455221786259727e-001	 -6.0448416396718940e-001	 -6.0398926659999130e-001	 -6.0441412642242565e-001	 -6.0459086841668785e-001	 -6.0460026362962882e-001	 -6.0460288825114894e-001	 -6.0460385135485684e-001	 -6.0460431660203096e-001	 -6.0460456093258674e-001	 -6.0460470333612015e-001	 -6.0460484617275156e-001	
 -6.0462372339309400e-001	 -6.0462539675520954e-001	 -6.0458511842775842e-001	 -6.0415947982195295e-001	 -6.0449694379272056e-001	 -6.0465547563004485e-001	 -6.0466342887699476e-001	 -6.0466547513304825e-001	 -6.0466627525845862e-001	 -6.0466664638270107e-001	 -6.0466685062621206e-001	 -6.0466696230587758e-001	 -6.0466707967543609e-001	
 -6.0468262709922893e-001	 -6.0468410124947525e-001	 -6.0466346541176996e-001	 -6.0430006350231658e-001	 -6.0456725746327322e-001	 -6.0470759620867565e-001	 -6.0471415158003250e-001	 -6.0471580504828371e-001	 -6.0471644611881370e-001	 -6.0471675200446384e-001	 -6.0471690923613597e-001	 -6.0471700213104995e-001	 -6.0471709420284459e-001	
 -6.0472996146065938e-001	 -6.0473126114013454e-001	 -6.0472343337936163e-001	 -6.0441587810011743e-001	 -6.0462698869945264e-001	 -6.0474969189172612e-001	 -6.0475503612111847e-001	 -6.0475638226864525e-001	 -6.0475690526073933e-001	 -6.0475715424757048e-001	 -6.0475728250819483e-001	 -6.0475735794385255e-001	 -6.0475743314947206e-001	
 -6.0476766285888495e-001	 -6.0476879747461965e-001	 -6.0476841621703858e-001	 -6.0451093354474406e-001	 -6.0467751075943266e-001	 -6.0478309044509349e-001	 -6.0478732076429953e-001	 -6.0478841540567707e-001	 -6.0478881632630710e-001	 -6.0478900056537555e-001	 -6.0478910637573602e-001	 -6.0478916080963785e-001	 -6.0478921827855636e-001	
 -6.0480879521096487e-001	 -6.0480968205656183e-001	 -6.0481334188944302e-001	 -6.0462070792710598e-001	 -6.0473773473501691e-001	 -6.0481927357558529e-001	 -6.0482202727429879e-001	 -6.0482264252603724e-001	 -6.0482290922769799e-001	 -6.0482304380404805e-001	 -6.0482309756193509e-001	 -6.0482314036092166e-001	 -6.0482317730703450e-001	
 -6.0483695665047854e-001	 -6.0483764006746821e-001	 -6.0484171389318941e-001	 -6.0470081262287145e-001	 -6.0478290429744064e-001	 -6.0484402414007210e-001	 -6.0484607186839234e-001	 -6.0484659247661554e-001	 -6.0484679093331106e-001	 -6.0484689641615574e-001	 -6.0484694628193392e-001	 -6.0484697715534885e-001	 -6.0484700654295231e-001	
 -6.0484011200034882e-001	 -6.0484076774924844e-001	 -6.0484493417523044e-001	 -6.0471026012176576e-001	 -6.0478824387566466e-001	 -6.0484668209870307e-001	 -6.0484847906572270e-001	 -6.0484885837042146e-001	 -6.0484899673873826e-001	 -6.0484903282786995e-001	 -6.0484905574309522e-001	 -6.0484907012470224e-001	 -6.0484908538760429e-001	
 -6.0484272979965947e-001	 -6.0484332939836349e-001	 -6.0484714237563075e-001	 -6.0471917696502953e-001	 -6.0479325168460996e-001	 -6.0484822366124735e-001	 -6.0484953265727004e-001	 -6.0485092250617267e-001	 -6.0483975616021368e-001	 -6.0484892192413930e-001	 -6.0484994672704850e-001	 -6.0484894192869287e-001	 -6.0484694866846933e-001	
 -6.0484439236585530e-001	 -6.0484489974310662e-001	 -6.0484782562031381e-001	 -6.0472747735651478e-001	 -6.0479778960897956e-001	 -6.0484826657314361e-001	 -6.0484833325558096e-001	 -6.0484848014408232e-001	 -6.0484533436988563e-001	 -6.0484753595679841e-001	 -6.0484761525614328e-001	 -6.0484750199163440e-001	 -6.0484742133182223e-001	
 -6.0484455212150845e-001	 -6.0484491197643209e-001	 -6.0484628093393500e-001	 -6.0473502228608478e-001	 -6.0480165908716188e-001	 -6.0484600946075773e-001	 -6.0484410395766908e-001	 -6.0484299022955934e-001	 -6.0484372606683934e-001	 -6.0484253853454462e-001	 -6.0484235042135293e-001	 -6.0484232705748653e-001	 -6.0484228667845308e-001	
 -6.0484260484638952e-001	 -6.0484274060146337e-001	 -6.0484174618058439e-001	 -6.0474162804147191e-001	 -6.0480461871592617e-001	 -6.0484057215193232e-001	 -6.0483620897766599e-001	 -6.0483449418979873e-001	 -6.0483377909237301e-001	 -6.0483347586104408e-001	 -6.0483330462901552e-001	 -6.0483318002579889e-001	 -6.0483305516745300e-001	
 -6.0483660746246670e-001	 -6.0483635397501345e-001	 -6.0483142402645296e-001	 -6.0474831040213672e-001	 -6.0480671861451452e-001	 -6.0482903280212330e-001	 -6.0482152484653273e-001	 -6.0481915974330835e-001	 -6.0481782068622092e-001	 -6.0481763277531186e-001	 -6.0481739223705588e-001	 -6.0481724930305791e-001	 -6.0481710707027680e-001	
 -6.0482652241988788e-001	 -6.0482579195686448e-001	 -6.0481638711495922e-001	 -6.0475304456431012e-001	 -6.0480680755614635e-001	 -6.0481309414395223e-001	 -6.0480292340747699e-001	 -6.0480001958651552e-001	 -6.0479893851927979e-001	 -6.0479834876903116e-001	 -6.0479806053459484e-001	 -6.0479790565393099e-001	 -6.0479774663269037e-001	
 -6.0481273292345428e-001	 -6.0481149070013007e-001	 -6.0479768895649322e-001	 -6.0475574310059343e-001	 -6.0480480065538966e-001	 -6.0479406850000306e-001	 -6.0478174877620638e-001	 -6.0477845866691027e-001	 -6.0477743396569750e-001	 -6.0477666695124555e-001	 -6.0477634393552027e-001	 -6.0477617042398180e-001	 -6.0477599433483853e-001	
 -6.0479573672367337e-001	 -6.0479398720747479e-001	 -6.0477617250676019e-001	 -6.0475638218926431e-001	 -6.0480069598178865e-001	 -6.0477268282543850e-001	 -6.0475836286866258e-001	 -6.0475471973597816e-001	 -6.0475336119147904e-001	 -6.0475266303305908e-001	 -6.0475230954604164e-001	 -6.0475210798560664e-001	 -6.0475190508513244e-001	
 -6.0477588298946117e-001	 -6.0477364728106497e-001	 -6.0475220607969504e-001	 -6.0475494832856747e-001	 -6.0479450309314231e-001	 -6.0474907501217867e-001	 -6.0473266231331202e-001	 -6.0472862434213237e-001	 -6.0472699654168238e-001	 -6.0472631259489429e-001	 -6.0472592856652962e-001	 -6.0472570703196116e-001	 -6.0472548488665900e-001	
 -6.0473120746618036e-001	 -6.0472811544587390e-001	 -6.0470046253968679e-001	 -6.0474648959241151e-001	 -6.0477703501227165e-001	 -6.0469842513999339e-001	 -6.0467810823927604e-001	 -6.0467342857717377e-001	 -6.0467157693611107e-001	 -6.0467079534731738e-001	 -6.0467036179134848e-001	 -6.0467011179454744e-001	 -6.0466986159390945e-001	
 -6.0471369182879542e-001	 -6.0471033019759979e-001	 -6.0468083602804867e-001	 -6.0474180018144086e-001	 -6.0476923202101851e-001	 -6.0467938129016297e-001	 -6.0465810765442107e-001	 -6.0465343709603658e-001	 -6.0465170139112345e-001	 -6.0465089989913956e-001	 -6.0465048542734934e-001	 -6.0465025181322130e-001	 -6.0465001506615490e-001	
 -6.0469547591490702e-001	 -6.0469171417487644e-001	 -6.0466084960497657e-001	 -6.0473627430968069e-001	 -6.0476059586711539e-001	 -6.0465986016644546e-001	 -6.0463710961300432e-001	 -6.0463204807859050e-001	 -6.0462850400533341e-001	 -6.0463194886617444e-001	 -6.0463099343310844e-001	 -6.0462941651884261e-001	 -6.0463079211070525e-001	
 -6.0468718726247594e-001	 -6.0468329688911915e-001	 -6.0465175444168739e-001	 -6.0473355586387889e-001	 -6.0475652245894906e-001	 -6.0465103838536205e-001	 -6.0462801552130241e-001	 -6.0462314365106185e-001	 -6.0462086471579912e-001	 -6.0462122966642440e-001	 -6.0462057699284255e-001	 -6.0462013009487947e-001	 -6.0461995827276738e-001	
 -6.0468602858954057e-001	 -6.0468212598707716e-001	 -6.0465047816826711e-001	 -6.0473316616249662e-001	 -6.0475594700970525e-001	 -6.0464980686480985e-001	 -6.0462677516104346e-001	 -6.0462194210719744e-001	 -6.0461990777704866e-001	 -6.0461967486058477e-001	 -6.0461910580156264e-001	 -6.0461880523543510e-001	 -6.0461852542437189e-001	
 -6.0468486652665021e-001	 -6.0468095222598883e-001	 -6.0464919770542025e-001	 -6.0473277308581430e-001	 -6.0475536845450151e-001	 -6.0464857196795840e-001	 -6.0462552346007836e-001	 -6.0462070084943420e-001	 -6.0461880890194664e-001	 -6.0461822181556713e-001	 -6.0461770407949089e-001	 -6.0461743605266793e-001	 -6.0461719093296562e-001	
 -6.0468370101607327e-001	 -6.0467977476807988e-001	 -6.0464791282333064e-001	 -6.0473237672620250e-001	 -6.0475478672217253e-001	 -6.0464733300347184e-001	 -6.0462425567586742e-001	 -6.0461942627743070e-001	 -6.0461758588492565e-001	 -6.0461683018964152e-001	 -6.0461635123654212e-001	 -6.0461605226014292e-001	 -6.0461582383342094e-001	
 -6.0468253204504219e-001	 -6.0467859424473414e-001	 -6.0464662397330393e-001	 -6.0473197706578663e-001	 -6.0475420190142515e-001	 -6.0464608999388769e-001	 -6.0462297751617822e-001	 -6.0461813050582958e-001	 -6.0461629593056010e-001	 -6.0461546634504870e-001	 -6.0461499231800886e-001	 -6.0461470376094173e-001	 -6.0461444555148791e-001	
 -6.0468094476673340e-001	 -6.0467699143029741e-001	 -6.0464487419320534e-001	 -6.0473143097983240e-001	 -6.0475340550936174e-001	 -6.0464440204455183e-001	 -6.0462123053328654e-001	 -6.0461634931630037e-001	 -6.0461449367044118e-001	 -6.0461361469021924e-001	 -6.0461313818549467e-001	 -6.0461286478130649e-001	 -6.0461259228994368e-001	
 -6.0467935139363327e-001	 -6.0467538347219740e-001	 -6.0464311804542259e-001	 -6.0473087883250454e-001	 -6.0475260351366966e-001	 -6.0464270746118931e-001	 -6.0461947231094104e-001	 -6.0461455569693623e-001	 -6.0461266463918140e-001	 -6.0461176227688540e-001	 -6.0461127445188279e-001	 -6.0461105316034214e-001	 -6.0461073943296473e-001	
 -6.0467775226979992e-001	 -6.0467376940109840e-001	 -6.0464135617488424e-001	 -6.0473032075414324e-001	 -6.0475179581243044e-001	 -6.0464100715218461e-001	 -6.0461769813657806e-001	 -6.0461274798251363e-001	 -6.0461081894935820e-001	 -6.0460990909139145e-001	 -6.0460943766060815e-001	 -6.0460920527061202e-001	 -6.0460889403757268e-001	
 -6.0467614791903657e-001	 -6.0467214946124948e-001	 -6.0463959006185064e-001	 -6.0472975686576280e-001	 -6.0475098249002102e-001	 -6.0463930263510157e-001	 -6.0461591170746232e-001	 -6.0461093058594706e-001	 -6.0460897816438930e-001	 -6.0460807368301062e-001	 -6.0460762422720471e-001	 -6.0460736049161579e-001	 -6.0460707496889921e-001	
 -6.0467246662543328e-001	 -6.0466843285855720e-001	 -6.0463555040546346e-001	 -6.0472844710690588e-001	 -6.0474910398744530e-001	 -6.0463540357635903e-001	 -6.0461184270454993e-001	 -6.0460682014351619e-001	 -6.0460489116531679e-001	 -6.0460401615425319e-001	 -6.0460357389768848e-001	 -6.0460331320877359e-001	 -6.0460306032872335e-001	
 -6.0466877433174027e-001	 -6.0466470437425812e-001	 -6.0463152433887224e-001	 -6.0472711054271322e-001	 -6.0474720135073046e-001	 -6.0463151698197937e-001	 -6.0460783791327355e-001	 -6.0460284672880782e-001	 -6.0460094695391486e-001	 -6.0460022838493277e-001	 -6.0459978036386808e-001	 -6.0459948769298055e-001	 -6.0459929347422836e-001	
 -6.0466508498424609e-001	 -6.0466098126799039e-001	 -6.0462754063994595e-001	 -6.0472575000924955e-001	 -6.0474527758347385e-001	 -6.0462767185598398e-001	 -6.0460397536299393e-001	 -6.0459910337473666e-001	 -6.0459730333628503e-001	 -6.0459664120193768e-001	 -6.0459622253861145e-001	 -6.0459596498718682e-001	 -6.0459578753202514e-001	
 -6.0466141464277090e-001	 -6.0465728149550202e-001	 -6.0462363223701132e-001	 -6.0472436894665194e-001	 -6.0474333674831460e-001	 -6.0462389984006215e-001	 -6.0460032264375574e-001	 -6.0459565378101487e-001	 -6.0459400881618386e-001	 -6.0459334771834072e-001	 -6.0459298303039422e-001	 -6.0459277795676947e-001	 -6.0459261285095156e-001	
 -6.0465323344005562e-001	 -6.0464905189039353e-001	 -6.0461520865517926e-001	 -6.0472117024834571e-001	 -6.0473888357515104e-001	 -6.0461576893999780e-001	 -6.0459303989768287e-001	 -6.0458905283422570e-001	 -6.0458778473204688e-001	 -6.0458725341838715e-001	 -6.0458698937637667e-001	 -6.0458684675257501e-001	 -6.0458670546204019e-001	
 -6.0465083444405376e-001	 -6.0464664390957878e-001	 -6.0461282402191063e-001	 -6.0472019822710443e-001	 -6.0473754118173240e-001	 -6.0461346592721732e-001	 -6.0459114852551288e-001	 -6.0458742143343347e-001	 -6.0458627486037475e-001	 -6.0458579648425825e-001	 -6.0458556203624170e-001	 -6.0458543375008222e-001	 -6.0458530732410143e-001	
 -6.0464847518892917e-001	 -6.0464428300366357e-001	 -6.0461052698101980e-001	 -6.0471922455840321e-001	 -6.0473619992440497e-001	 -6.0461124873900651e-001	 -6.0458941911789577e-001	 -6.0458594389523057e-001	 -6.0458495950133084e-001	 -6.0458445932232152e-001	 -6.0458426884835159e-001	 -6.0458427116905078e-001	 -6.0458410058739087e-001	
 -6.0464616022837259e-001	 -6.0464196983878171e-001	 -6.0460832592679203e-001	 -6.0471824976215949e-001	 -6.0473486150536271e-001	 -6.0460912189697069e-001	 -6.0458785041117569e-001	 -6.0458465792379013e-001	 -6.0458379341843393e-001	 -6.0458338639424181e-001	 -6.0458319760381407e-001	 -6.0458316466804884e-001	 -6.0458298732457560e-001	
 -6.0464389344294656e-001	 -6.0463970477786511e-001	 -6.0460622790625695e-001	 -6.0471727443589529e-001	 -6.0473352725654017e-001	 -6.0460709021836756e-001	 -6.0458644269345552e-001	 -6.0458356258119572e-001	 -6.0458276585362292e-001	 -6.0458247243511121e-001	 -6.0458230605797691e-001	 -6.0458219165948623e-001	 -6.0458212297243019e-001	
 -6.0464137731419676e-001	 -6.0463719411352201e-001	 -6.0460396864370214e-001	 -6.0471616618684720e-001	 -6.0473201548072453e-001	 -6.0460490035685321e-001	 -6.0458503437466060e-001	 -6.0458249091210892e-001	 -6.0458180152500596e-001	 -6.0458156235765337e-001	 -6.0458142957697802e-001	 -6.0458134319207879e-001	 -6.0458129134999261e-001	
 -6.0463893215656483e-001	 -6.0463475534699995e-001	 -6.0460184966470987e-001	 -6.0471506056880564e-001	 -6.0473051182852178e-001	 -6.0460284341479209e-001	 -6.0458382412664768e-001	 -6.0458160106791059e-001	 -6.0458101649374374e-001	 -6.0458079012637445e-001	 -6.0458073819591451e-001	 -6.0458064023038993e-001	 -6.0458065592494670e-001	
 -6.0463656140619104e-001	 -6.0463239612329467e-001	 -6.0459987107663871e-001	 -6.0471395909900139e-001	 -6.0472901800834311e-001	 -6.0460091959302353e-001	 -6.0458279576136587e-001	 -6.0458087245951475e-001	 -6.0458039506894323e-001	 -6.0458019953602005e-001	 -6.0458017433340228e-001	 -6.0458009810926416e-001	 -6.0458010604158563e-001	
 -6.0463426772483508e-001	 -6.0463012110767433e-001	 -6.0459803224965913e-001	 -6.0471286295127324e-001	 -6.0472753550044889e-001	 -6.0459912780674863e-001	 -6.0458193369272717e-001	 -6.0458029207388631e-001	 -6.0457991625251228e-001	 -6.0457977368344462e-001	 -6.0457973310812374e-001	 -6.0457969165672587e-001	 -6.0457967225568954e-001	
 -6.0463129747623245e-001	 -6.0462718863540932e-001	 -6.0459580738381202e-001	 -6.0471137585105250e-001	 -6.0472553221102565e-001	 -6.0459694631864735e-001	 -6.0458106497762731e-001	 -6.0457976948358194e-001	 -6.0457950588099774e-001	 -6.0457941600100540e-001	 -6.0457938136870837e-001	 -6.0457936056124151e-001	 -6.0457934300850447e-001	
 -6.0462932476867959e-001	 -6.0462524673887685e-001	 -6.0459440176097168e-001	 -6.0471035584508392e-001	 -6.0472416190682221e-001	 -6.0459556424441452e-001	 -6.0458059409451703e-001	 -6.0457951783798869e-001	 -6.0457932148227922e-001	 -6.0457926058643530e-001	 -6.0457923611800801e-001	 -6.0457922345991122e-001	 -6.0457921245504753e-001	
 -6.0462742522193746e-001	 -6.0462337992939208e-001	 -6.0459311400040683e-001	 -6.0470934313494595e-001	 -6.0472280471557394e-001	 -6.0459429115522489e-001	 -6.0458022911447085e-001	 -6.0457935421076581e-001	 -6.0457920938339349e-001	 -6.0457914377298749e-001	 -6.0457917206913070e-001	 -6.0457915664280382e-001	 -6.0457918255907295e-001	
 -6.0462600269883815e-001	 -6.0462198644151144e-001	 -6.0459218744668419e-001	 -6.0470856565741915e-001	 -6.0472176475634409e-001	 -6.0459337382978706e-001	 -6.0458000588037297e-001	 -6.0457927400481282e-001	 -6.0457917260359206e-001	 -6.0457914083744679e-001	 -6.0457915185463396e-001	 -6.0457914749678654e-001	 -6.0457915029543674e-001	
 -6.0462462301058562e-001	 -6.0462063917354758e-001	 -6.0459132502110879e-001	 -6.0470779295862531e-001	 -6.0472073320927411e-001	 -6.0459251586586493e-001	 -6.0457983198047849e-001	 -6.0457923461632035e-001	 -6.0457916791334387e-001	 -6.0457916203249251e-001	 -6.0457915811196195e-001	 -6.0457917126788274e-001	 -6.0457915845246735e-001	
 -6.0462328542842947e-001	 -6.0461933514155408e-001	 -6.0459052378503131e-001	 -6.0470702522030795e-001	 -6.0471970984810053e-001	 -6.0459171610116602e-001	 -6.0457970582961096e-001	 -6.0457922734269420e-001	 -6.0457919814993488e-001	 -6.0457919866230281e-001	 -6.0457920955103717e-001	 -6.0457922434720146e-001	 -6.0457922377699091e-001	
 -6.0462063140842570e-001	 -6.0461675550749217e-001	 -6.0458902473059517e-001	 -6.0470545004809306e-001	 -6.0471761534330870e-001	 -6.0459021306835670e-001	 -6.0457955257930962e-001	 -6.0457929217094808e-001	 -6.0457932068358478e-001	 -6.0457934338042918e-001	 -6.0457936374491705e-001	 -6.0457937493563207e-001	 -6.0457938497660013e-001	
 -6.0461814147783066e-001	 -6.0461434456993146e-001	 -6.0458774510407931e-001	 -6.0470389553646253e-001	 -6.0471555546437461e-001	 -6.0458891792247726e-001	 -6.0457953542703002e-001	 -6.0457944971714639e-001	 -6.0457952128356585e-001	 -6.0457960176485415e-001	 -6.0457959606474709e-001	 -6.0457957533299744e-001	 -6.0457960224391538e-001	
 -6.0461581441295653e-001	 -6.0461210417661615e-001	 -6.0458666930773841e-001	 -6.0470236268983513e-001	 -6.0471353185298504e-001	 -6.0458781408267992e-001	 -6.0457961966320362e-001	 -6.0457967285132419e-001	 -6.0457975875549685e-001	 -6.0457982940265165e-001	 -6.0457983612649535e-001	 -6.0457983786954550e-001	 -6.0457986906037320e-001	
 -6.0461364413533225e-001	 -6.0461002801637242e-001	 -6.0458577563171634e-001	 -6.0470085196728807e-001	 -6.0471154471586352e-001	 -6.0458688168540942e-001	 -6.0457977624683856e-001	 -6.0457993198881343e-001	 -6.0458002311436498e-001	 -6.0458008071162528e-001	 -6.0458009985531191e-001	 -6.0458012187614152e-001	 -6.0458013132691502e-001	
 -6.0460866790901235e-001	 -6.0460532699124769e-001	 -6.0458421414388841e-001	 -6.0469686894926156e-001	 -6.0470635142984008e-001	 -6.0458517405659329e-001	 -6.0458027169707496e-001	 -6.0458047867195663e-001	 -6.0458055825429735e-001	 -6.0458058949020010e-001	 -6.0458061403090291e-001	 -6.0458062471646645e-001	 -6.0458063442891952e-001	
 -6.0460447763444058e-001	 -6.0460141717122440e-001	 -6.0458320169221036e-001	 -6.0469302593624263e-001	 -6.0470138959756170e-001	 -6.0458401925167493e-001	 -6.0458061932333607e-001	 -6.0458077232039553e-001	 -6.0458082833048099e-001	 -6.0458083428316378e-001	 -6.0458084300318848e-001	 -6.0458084705417026e-001	 -6.0458084895331776e-001	
 -6.0460090001046574e-001	 -6.0459810753954457e-001	 -6.0458245384653608e-001	 -6.0468930586243808e-001	 -6.0469663596052214e-001	 -6.0458315682188069e-001	 -6.0458074598901401e-001	 -6.0458060466184183e-001	 -6.0458091263349001e-001	 -6.0458078685066141e-001	 -6.0458065157864560e-001	 -6.0458079658687325e-001	 -6.0458072094338178e-001	
 -6.0459487061459427e-001	 -6.0459256619638246e-001	 -6.0458093438908733e-001	 -6.0468225389698205e-001	 -6.0468774390742830e-001	 -6.0458151407394300e-001	 -6.0457960379967091e-001	 -6.0457918953404910e-001	 -6.0457905226463104e-001	 -6.0457897087806689e-001	 -6.0457890645371215e-001	 -6.0457888300557983e-001	 -6.0457885541187473e-001	
 -6.0458967742582637e-001	 -6.0458775262284270e-001	 -6.0457876809416611e-001	 -6.0467545216580376e-001	 -6.0467934093244580e-001	 -6.0457941331282239e-001	 -6.0457679538161724e-001	 -6.0457543244840650e-001	 -6.0457815908709911e-001	 -6.0457504959676722e-001	 -6.0457524807766561e-001	 -6.0457507721556336e-001	 -6.0457415602332976e-001	
 -6.0458461554935283e-001	 -6.0458300752341820e-001	 -6.0457533199542723e-001	 -6.0466877826859111e-001	 -6.0467124949359352e-001	 -6.0457628102306149e-001	 -6.0457170894112622e-001	 -6.0457063323127169e-001	 -6.0456877851822188e-001	 -6.0456979667355970e-001	 -6.0456961795185560e-001	 -6.0456951662335445e-001	 -6.0457020455373378e-001	
 -6.0457907868871619e-001	 -6.0457768230803843e-001	 -6.0457021406290501e-001	 -6.0466209770970725e-001	 -6.0466330292552328e-001	 -6.0457174232408928e-001	 -6.0456462450142467e-001	 -6.0456339342473964e-001	 -6.0456118969942629e-001	 -6.0456203288694610e-001	 -6.0456195416824787e-001	 -6.0456154520815986e-001	 -6.0456168016698175e-001	
 -6.0456381577400631e-001	 -6.0456251683427276e-001	 -6.0455295038774892e-001	 -6.0464715943087111e-001	 -6.0464603921817073e-001	 -6.0455656745550534e-001	 -6.0454289672329242e-001	 -6.0454014849664617e-001	 -6.0453905076007786e-001	 -6.0453854416386843e-001	 -6.0453828975393087e-001	 -6.0453816212635569e-001	 -6.0453801366522342e-001	
 -6.0454224046924132e-001	 -6.0454067176052284e-001	 -6.0452762733731458e-001	 -6.0463060834758942e-001	 -6.0462752029899480e-001	 -6.0453417969896783e-001	 -6.0451392454463626e-001	 -6.0450966466618627e-001	 -6.0450999160799324e-001	 -6.0450812075596438e-001	 -6.0450786100929577e-001	 -6.0450777648013432e-001	 -6.0450750007912113e-001	
 -6.0451412066941934e-001	 -6.0451214363688166e-001	 -6.0449567593612308e-001	 -6.0461175921400212e-001	 -6.0460691595609628e-001	 -6.0450562765457239e-001	 -6.0447835577515097e-001	 -6.0447442561673004e-001	 -6.0447113229533667e-001	 -6.0447202949576173e-001	 -6.0447159349386048e-001	 -6.0447134006158532e-001	 -6.0447134273622360e-001	
 -6.0447982585365434e-001	 -6.0447741074465267e-001	 -6.0445776669582063e-001	 -6.0459011125657547e-001	 -6.0458365837845474e-001	 -6.0447161390253523e-001	 -6.0443721754066537e-001	 -6.0443209490057548e-001	 -6.0443113036878771e-001	 -6.0442940299432202e-001	 -6.0442905756330489e-001	 -6.0442881090072564e-001	 -6.0442844350427904e-001	
 -6.0443979152269289e-001	 -6.0443695829281996e-001	 -6.0441441422687259e-001	 -6.0456530821351162e-001	 -6.0455735619391326e-001	 -6.0443257081821411e-001	 -6.0439083210239719e-001	 -6.0438454341416037e-001	 -6.0438332421097751e-001	 -6.0438181993505147e-001	 -6.0438135497509204e-001	 -6.0438116285799204e-001	 -6.0438088288627956e-001	
 -6.0436771676064538e-001	 -6.0436430616384040e-001	 -6.0433803599635461e-001	 -6.0451979366515918e-001	 -6.0450969734959781e-001	 -6.0436309591826998e-001	 -6.0431043087305625e-001	 -6.0430375982356566e-001	 -6.0430108235531854e-001	 -6.0430054232618602e-001	 -6.0430000939815098e-001	 -6.0429974690512367e-001	 -6.0429949573903574e-001	
 -6.0428700671999458e-001	 -6.0428313453386728e-001	 -6.0425411599607237e-001	 -6.0446652446977112e-001	 -6.0445453781432512e-001	 -6.0428577090232416e-001	 -6.0422415130090279e-001	 -6.0421726992165858e-001	 -6.0421471798477455e-001	 -6.0421382841291393e-001	 -6.0421330249760263e-001	 -6.0421300937774092e-001	 -6.0421272488608846e-001	
 -6.0419936839006816e-001	 -6.0419513103604494e-001	 -6.0416391572237771e-001	 -6.0440580651588416e-001	 -6.0439214567475918e-001	 -6.0420190107013383e-001	 -6.0413176864126950e-001	 -6.0412480959326498e-001	 -6.0412072790261284e-001	 -6.0412082642646858e-001	 -6.0412019349753709e-001	 -6.0411979122687587e-001	 -6.0411963140882818e-001	
 -6.0410661460930104e-001	 -6.0410207988914610e-001	 -6.0406891827635700e-001	 -6.0433825509398353e-001	 -6.0432313756830780e-001	 -6.0411278712624306e-001	 -6.0403609089987320e-001	 -6.0402771668277566e-001	 -6.0402669412784604e-001	 -6.0402417745708537e-001	 -6.0402364949940779e-001	 -6.0402342721821434e-001	 -6.0402292795569412e-001	
 -6.0397307912340992e-001	 -6.0396830947251345e-001	 -6.0393385591428483e-001	 -6.0423497421535632e-001	 -6.0421813192923501e-001	 -6.0398351267032524e-001	 -6.0390005662225299e-001	 -6.0389226023604969e-001	 -6.0388848577108689e-001	 -6.0388832069313558e-001	 -6.0388768295727147e-001	 -6.0388727855154034e-001	 -6.0388710710546079e-001	
 -6.0383593177282258e-001	 -6.0383100834682235e-001	 -6.0379561529189107e-001	 -6.0412248910168831e-001	 -6.0410420923406871e-001	 -6.0384957075376722e-001	 -6.0376128020078745e-001	 -6.0375363967035689e-001	 -6.0374977743982150e-001	 -6.0374945786534351e-001	 -6.0374881679892134e-001	 -6.0374842047272725e-001	 -6.0374817391373181e-001	
 -6.0369656131920024e-001	 -6.0369152732964171e-001	 -6.0365515159399585e-001	 -6.0400272139415900e-001	 -6.0398324130539471e-001	 -6.0371246188783978e-001	 -6.0362108608269516e-001	 -6.0361274653830677e-001	 -6.0361039778011882e-001	 -6.0360884823951189e-001	 -6.0360824792649037e-001	 -6.0360794493297121e-001	 -6.0360757278532517e-001	
 -6.0355644971066269e-001	 -6.0355137196366204e-001	 -6.0351458855822937e-001	 -6.0387751999568806e-001	 -6.0385703099929966e-001	 -6.0357363438479084e-001	 -6.0348084538586200e-001	 -6.0347249637937583e-001	 -6.0347002689931095e-001	 -6.0346866357097184e-001	 -6.0346806926503405e-001	 -6.0346774632169531e-001	 -6.0346741087324851e-001	
 -6.0329655347246547e-001	 -6.0329164510397604e-001	 -6.0325651647885614e-001	 -6.0363090670123576e-001	 -6.0360897915667788e-001	 -6.0331387996315211e-001	 -6.0322516793798187e-001	 -6.0321770757965076e-001	 -6.0321525628903583e-001	 -6.0321419521369712e-001	 -6.0321359113146844e-001	 -6.0321332879753609e-001	 -6.0321298383581023e-001	
 -6.0322226835418657e-001	 -6.0321737167379208e-001	 -6.0318184010832443e-001	 -6.0355885812712895e-001	 -6.0353656092915209e-001	 -6.0323840143450269e-001	 -6.0314884509071742e-001	 -6.0314068798861253e-001	 -6.0313824417723705e-001	 -6.0313672607725799e-001	 -6.0313608704187782e-001	 -6.0313572723458275e-001	 -6.0313532245348522e-001	
 -6.0314576529663100e-001	 -6.0314081877621550e-001	 -6.0310479986269705e-001	 -6.0348594598458316e-001	 -6.0346331116312157e-001	 -6.0316181586594908e-001	 -6.0306972083901123e-001	 -6.0306125031917013e-001	 -6.0305765634727226e-001	 -6.0305692297024649e-001	 -6.0305644912883594e-001	 -6.0305604498911425e-001	 -6.0305593840326299e-001	
 -6.0306829159995079e-001	 -6.0306330717951884e-001	 -6.0302744643436768e-001	 -6.0341230496430143e-001	 -6.0338937095361089e-001	 -6.0308481221349464e-001	 -6.0299160951116093e-001	 -6.0298334919717256e-001	 -6.0298071349829119e-001	 -6.0297949655774286e-001	 -6.0297883553384057e-001	 -6.0297854611646162e-001	 -6.0297813752019369e-001	
 -6.0299122230422775e-001	 -6.0298623857035771e-001	 -6.0295083768713287e-001	 -6.0333824270586423e-001	 -6.0331503842780965e-001	 -6.0300794218315357e-001	 -6.0291525847910865e-001	 -6.0290732533041513e-001	 -6.0290482577285420e-001	 -6.0290357026926422e-001	 -6.0290298313447899e-001	 -6.0290265992712921e-001	 -6.0290233881810096e-001	
 -6.0289388548673273e-001	 -6.0288897939653197e-001	 -6.0285444667063093e-001	 -6.0324229690011943e-001	 -6.0321879880065321e-001	 -6.0291016879110426e-001	 -6.0281973257869659e-001	 -6.0281202477130424e-001	 -6.0280945348445414e-001	 -6.0280833648618248e-001	 -6.0280775608401171e-001	 -6.0280745208829423e-001	 -6.0280713588800605e-001	
 -6.0279892467574037e-001	 -6.0279407390029238e-001	 -6.0276169913608957e-001	 -6.0314694982177564e-001	 -6.0312323599587270e-001	 -6.0281414820428925e-001	 -6.0272695776564245e-001	 -6.0271926663268971e-001	 -6.0271725386706887e-001	 -6.0271620620522270e-001	 -6.0271465532857338e-001	 -6.0271499877295742e-001	 -6.0271376355613970e-001	
 -6.0270564238107394e-001	 -6.0270092254766094e-001	 -6.0267031491834100e-001	 -6.0305227633694614e-001	 -6.0302836046899344e-001	 -6.0271981384618645e-001	 -6.0263471265720181e-001	 -6.0262701697244569e-001	 -6.0262541163269567e-001	 -6.0262378037978515e-001	 -6.0262266034372125e-001	 -6.0262267287092275e-001	 -6.0262169245006714e-001	
 -6.0254533754078299e-001	 -6.0254087428790459e-001	 -6.0251106074982186e-001	 -6.0288607511460590e-001	 -6.0286188695601872e-001	 -6.0255727192504160e-001	 -6.0247708685323698e-001	 -6.0247006140323744e-001	 -6.0246780144102008e-001	 -6.0246674763220209e-001	 -6.0246616973347322e-001	 -6.0246591951340633e-001	 -6.0246557047594074e-001	
 -6.0238814719615341e-001	 -6.0238388371935958e-001	 -6.0235592394308757e-001	 -6.0272307051800755e-001	 -6.0269865226725283e-001	 -6.0239727369126861e-001	 -6.0232061652776281e-001	 -6.0231379135478047e-001	 -6.0231138409649887e-001	 -6.0231040958380611e-001	 -6.0230998265486946e-001	 -6.0230965134311365e-001	 -6.0230947070971652e-001	
 -6.0223732674102859e-001	 -6.0223327813146987e-001	 -6.0220704475344444e-001	 -6.0256458168717053e-001	 -6.0254003447479665e-001	 -6.0224428058563984e-001	 -6.0217256719186096e-001	 -6.0216603264917623e-001	 -6.0216401247981111e-001	 -6.0216297772719418e-001	 -6.0216240158716960e-001	 -6.0216218560793511e-001	 -6.0216180157768306e-001	
 -6.0218901581521322e-001	 -6.0218502209530289e-001	 -6.0215963982312992e-001	 -6.0251451872439521e-001	 -6.0248991615685643e-001	 -6.0219492223656523e-001	 -6.0212335127407535e-001	 -6.0211662297293689e-001	 -6.0211423750733406e-001	 -6.0211325587478104e-001	 -6.0211280004152101e-001	 -6.0211248157970854e-001	 -6.0211228111983761e-001	
 -6.0214019566418031e-001	 -6.0213612400161765e-001	 -6.0210973357033293e-001	 -6.0246456154522399e-001	 -6.0243988593033926e-001	 -6.0214527885216196e-001	 -6.0207254387245612e-001	 -6.0206648720884104e-001	 -6.0206015434227655e-001	 -6.0206217067149126e-001	 -6.0206328425194133e-001	 -6.0206228629622327e-001	 -6.0206510389626544e-001	
 -6.0209135749045295e-001	 -6.0208730097588425e-001	 -6.0206100537152363e-001	 -6.0241477375677643e-001	 -6.0239004460727053e-001	 -6.0209547400713603e-001	 -6.0202356925143086e-001	 -6.0201747366372960e-001	 -6.0201447308028122e-001	 -6.0201468229292843e-001	 -6.0201384468705488e-001	 -6.0201396679193664e-001	 -6.0201344703292303e-001	
 -6.0199792065063207e-001	 -6.0199401961136267e-001	 -6.0196981991378351e-001	 -6.0231883743622205e-001	 -6.0229405472644881e-001	 -6.0200163312884580e-001	 -6.0193227580085384e-001	 -6.0192585815965760e-001	 -6.0192369705125426e-001	 -6.0192273425019316e-001	 -6.0192223247113041e-001	 -6.0192196934027997e-001	 -6.0192169214234870e-001	
 -6.0190770734291910e-001	 -6.0190398261283917e-001	 -6.0188193246069055e-001	 -6.0222457899317128e-001	 -6.0219977385223000e-001	 -6.0191070468185170e-001	 -6.0184434877785797e-001	 -6.0183817036618681e-001	 -6.0183615055775519e-001	 -6.0183520535939117e-001	 -6.0183472759600676e-001	 -6.0183448160189279e-001	 -6.0183419980974762e-001	
 -6.0181866066200129e-001	 -6.0181508319601118e-001	 -6.0179583299746486e-001	 -6.0213161820033001e-001	 -6.0210679065164641e-001	 -6.0182025400135064e-001	 -6.0175578448340428e-001	 -6.0174969553949964e-001	 -6.0174742676766257e-001	 -6.0174660471457031e-001	 -6.0174624029241119e-001	 -6.0174592912809466e-001	 -6.0174579876370871e-001	
 -6.0171820519172581e-001	 -6.0171478488557639e-001	 -6.0169647453278685e-001	 -6.0202528508435105e-001	 -6.0200047484681996e-001	 -6.0171885418047744e-001	 -6.0165770757170112e-001	 -6.0165178067927982e-001	 -6.0165009453505558e-001	 -6.0164907190030092e-001	 -6.0164850616595267e-001	 -6.0164833213316449e-001	 -6.0164792258110555e-001	
 -6.0161821056814446e-001	 -6.0161493971067070e-001	 -6.0160041556545085e-001	 -6.0192057540409127e-001	 -6.0189576724289928e-001	 -6.0161679508519139e-001	 -6.0155743715339938e-001	 -6.0155166814401806e-001	 -6.0154933810518951e-001	 -6.0154863271777437e-001	 -6.0154836585457616e-001	 -6.0154802223366666e-001	 -6.0154800135481246e-001	
 -6.0152278988245822e-001	 -6.0151966388100053e-001	 -6.0150499179634220e-001	 -6.0181870127973269e-001	 -6.0179395073589603e-001	 -6.0152117347422873e-001	 -6.0146509584657615e-001	 -6.0145944947609387e-001	 -6.0145813266554438e-001	 -6.0145700451430528e-001	 -6.0145638122788281e-001	 -6.0145626232721572e-001	 -6.0145574615610986e-001	
 -6.0149043028434601e-001	 -6.0148736559806348e-001	 -6.0147433678070517e-001	 -6.0178460993975946e-001	 -6.0175986617228006e-001	 -6.0148803940862638e-001	 -6.0143202652840344e-001	 -6.0142634130011530e-001	 -6.0142409160612864e-001	 -6.0142336428015142e-001	 -6.0142302766152955e-001	 -6.0142272044449996e-001	 -6.0142263805096352e-001	
 -6.0145787466292511e-001	 -6.0145483133500210e-001	 -6.0144198481359989e-001	 -6.0175064946677015e-001	 -6.0172590837914708e-001	 -6.0145485389839770e-001	 -6.0139889290278248e-001	 -6.0139306051276709e-001	 -6.0139133613223983e-001	 -6.0139034904638233e-001	 -6.0138980733948078e-001	 -6.0138962552758191e-001	 -6.0138923922592458e-001	
 -6.0142535945018061e-001	 -6.0142235856996962e-001	 -6.0141015798587105e-001	 -6.0171684616139309e-001	 -6.0169210537641682e-001	 -6.0142148314878963e-001	 -6.0136562077206523e-001	 -6.0136019607615054e-001	 -6.0135887371082219e-001	 -6.0135813689765616e-001	 -6.0135701001695629e-001	 -6.0135730031940504e-001	 -6.0135601464195165e-001	
 -6.0134491542862545e-001	 -6.0134201903128126e-001	 -6.0133178032151235e-001	 -6.0163299801896386e-001	 -6.0160829271671545e-001	 -6.0134067459705065e-001	 -6.0128668095016380e-001	 -6.0128126108871527e-001	 -6.0127938831733285e-001	 -6.0127857751923752e-001	 -6.0127816630051178e-001	 -6.0127792915920519e-001	 -6.0127770721352114e-001	
 -6.0126760524459311e-001	 -6.0126483370925854e-001	 -6.0125604841843039e-001	 -6.0155094666991538e-001	 -6.0152630376830718e-001	 -6.0126321319986520e-001	 -6.0121170343729879e-001	 -6.0120648774786289e-001	 -6.0120489568682434e-001	 -6.0120402025498620e-001	 -6.0120358501591920e-001	 -6.0120338936897610e-001	 -6.0120309862665700e-001	
 -6.0119094460520106e-001	 -6.0118830086208774e-001	 -6.0118366159034320e-001	 -6.0147012720868087e-001	 -6.0144553295804482e-001	 -6.0118469468717350e-001	 -6.0113504539183182e-001	 -6.0113001460881943e-001	 -6.0112780876198091e-001	 -6.0112727614258787e-001	 -6.0112706811421557e-001	 -6.0112675043633157e-001	 -6.0112676998580472e-001	
 -6.0111530504391997e-001	 -6.0111275332708214e-001	 -6.0110835934723550e-001	 -6.0138938848619539e-001	 -6.0136487248330095e-001	 -6.0110906872457015e-001	 -6.0106155667238870e-001	 -6.0105644385510804e-001	 -6.0105525333042920e-001	 -6.0105421716671881e-001	 -6.0105365657003862e-001	 -6.0105354309603065e-001	 -6.0105308854596640e-001	
 -6.0103974880598710e-001	 -6.0103732902738738e-001	 -6.0103724336757480e-001	 -6.0130978187622475e-001	 -6.0128532753800368e-001	 -6.0103151488177797e-001	 -6.0098553711041003e-001	 -6.0098071384373508e-001	 -6.0097846449624903e-001	 -6.0097801212721791e-001	 -6.0097786308255241e-001	 -6.0097752557342066e-001	 -6.0097761430499830e-001	
 -6.0096704798706657e-001	 -6.0096470639292576e-001	 -6.0096425622158112e-001	 -6.0123204323359047e-001	 -6.0120768284654957e-001	 -6.0095956925654281e-001	 -6.0091518730709392e-001	 -6.0091023222885731e-001	 -6.0090928047817904e-001	 -6.0090817002744767e-001	 -6.0090757191133548e-001	 -6.0090749329255733e-001	 -6.0090697326442566e-001	
 -6.0089402656793300e-001	 -6.0089182204647873e-001	 -6.0089636599736096e-001	 -6.0115528108639626e-001	 -6.0113098986602775e-001	 -6.0088406393909999e-001	 -6.0084126277504257e-001	 -6.0083671126764937e-001	 -6.0083433336199921e-001	 -6.0083402519406359e-001	 -6.0083396374166487e-001	 -6.0083359705798145e-001	 -6.0083378716613289e-001	
 -6.0083590034765155e-001	 -6.0083374614627871e-001	 -6.0083722338433176e-001	 -6.0109294110732847e-001	 -6.0106873485166190e-001	 -6.0082710245379367e-001	 -6.0078567565680085e-001	 -6.0078091639048647e-001	 -6.0078023515597323e-001	 -6.0077904354116640e-001	 -6.0077842164363293e-001	 -6.0077837554373126e-001	 -6.0077779911149598e-001	
 -6.0078825689913185e-001	 -6.0078621285086786e-001	 -6.0079351794706248e-001	 -6.0104272133976178e-001	 -6.0101857240779655e-001	 -6.0077803712632605e-001	 -6.0073719500686185e-001	 -6.0073277394079305e-001	 -6.0073035251750895e-001	 -6.0073010630290469e-001	 -6.0073004096816707e-001	 -6.0072968015423278e-001	 -6.0072987559045554e-001	
 -6.0074136433618808e-001	 -6.0073932867199531e-001	 -6.0074618717953499e-001	 -6.0099314159089978e-001	 -6.0096904822981578e-001	 -6.0073123005488505e-001	 -6.0069106672988593e-001	 -6.0068633045451403e-001	 -6.0068551041592144e-001	 -6.0068441136817974e-001	 -6.0068380647371189e-001	 -6.0068375722976963e-001	 -6.0068322324224876e-001	
 -6.0069490706904372e-001	 -6.0069296461207067e-001	 -6.0070206660545189e-001	 -6.0094410880251470e-001	 -6.0092008158552090e-001	 -6.0068445090866174e-001	 -6.0064510666169024e-001	 -6.0064069108400897e-001	 -6.0063881632899108e-001	 -6.0063830848733346e-001	 -6.0063810370691861e-001	 -6.0063782649977249e-001	 -6.0063782377239860e-001	
 -6.0061300032154818e-001	 -6.0061114042275765e-001	 -6.0062218295231506e-001	 -6.0085703052992212e-001	 -6.0083314175396474e-001	 -6.0060272145623372e-001	 -6.0056458753998676e-001	 -6.0056020240295549e-001	 -6.0055905537692578e-001	 -6.0055822599458519e-001	 -6.0055776625278501e-001	 -6.0055765644650982e-001	 -6.0055730075458946e-001	
 -6.0053378400837243e-001	 -6.0053198883625036e-001	 -6.0054758191163682e-001	 -6.0077226987598209e-001	 -6.0074860592140844e-001	 -6.0052357932371958e-001	 -6.0048875991325357e-001	 -6.0048392549927332e-001	 -6.0048395631029372e-001	 -6.0048280343361071e-001	 -6.0048065632967162e-001	 -6.0048154966052536e-001	 -6.0047931443185654e-001	
 -6.0045583901002786e-001	 -6.0045418945575690e-001	 -6.0047376413652209e-001	 -6.0068931992274255e-001	 -6.0066579310447121e-001	 -6.0044291130456617e-001	 -6.0040948736994615e-001	 -6.0040537520300585e-001	 -6.0040377795289590e-001	 -6.0040325690247087e-001	 -6.0040299940611330e-001	 -6.0040278999018426e-001	 -6.0040271540173773e-001	
 -6.0035149735715443e-001	 -6.0034998520885896e-001	 -6.0037182647709741e-001	 -6.0057662893453490e-001	 -6.0055337401720976e-001	 -6.0034179734758109e-001	 -6.0030796031751432e-001	 -6.0030388848630878e-001	 -6.0030309273351179e-001	 -6.0030213393813536e-001	 -6.0030166553048936e-001	 -6.0030156589141459e-001	 -6.0030114895459619e-001	
 -6.0031664684412345e-001	 -6.0031522006720461e-001	 -6.0033961087757604e-001	 -6.0053972858042926e-001	 -6.0051653408821348e-001	 -6.0030465228355645e-001	 -6.0027199382195473e-001	 -6.0026818548808425e-001	 -6.0026624278108898e-001	 -6.0026597379836399e-001	 -6.0026582783856419e-001	 -6.0026556952808008e-001	 -6.0026563243420483e-001	
 -6.0028175470294709e-001	 -6.0028032889902772e-001	 -6.0030500479191229e-001	 -6.0050311215775753e-001	 -6.0047996769818646e-001	 -6.0026900063236965e-001	 -6.0023690756594306e-001	 -6.0023278531562418e-001	 -6.0023195975644761e-001	 -6.0023103606832162e-001	 -6.0023055512636869e-001	 -6.0023047837753918e-001	 -6.0023008494414221e-001	
 -6.0024708161554585e-001	 -6.0024574435812994e-001	 -6.0027191227995935e-001	 -6.0046679960834570e-001	 -6.0044370567480243e-001	 -6.0023328345915061e-001	 -6.0020197438082068e-001	 -6.0019818860923557e-001	 -6.0019813522849130e-001	 -6.0019708648417769e-001	 -6.0019595082949628e-001	 -6.0019635639230184e-001	 -6.0019488149931632e-001	
 -6.0015813218361469e-001	 -6.0015690268810928e-001	 -6.0018601560929419e-001	 -6.0037274037161303e-001	 -6.0034985103996075e-001	 -6.0014642543126939e-001	 -6.0011508134738545e-001	 -6.0011145292393486e-001	 -6.0011033079243603e-001	 -6.0010967616053179e-001	 -6.0010934155685369e-001	 -6.0010920057440575e-001	 -6.0010895655493446e-001	
 -6.0007451822019497e-001	 -6.0007339110434987e-001	 -6.0010455281045427e-001	 -6.0028224634134375e-001	 -6.0025962210241701e-001	 -6.0006556778180453e-001	 -6.0003412356723906e-001	 -6.0003070137804038e-001	 -6.0002970881667395e-001	 -6.0002904998202045e-001	 -6.0002876468789879e-001	 -6.0002861641628158e-001	 -6.0002839214079451e-001	
 -6.0004605835972669e-001	 -6.0004499290855495e-001	 -6.0007878626777700e-001	 -6.0025204800484566e-001	 -6.0022949134841408e-001	 -6.0003410636766397e-001	 -6.0000481034971909e-001	 -6.0000147311589647e-001	 -5.9999954838874103e-001	 -5.9999941438826365e-001	 -5.9999930545906466e-001	 -5.9999906084218235e-001	 -5.9999915225694700e-001	
 -6.0001758830274809e-001	 -6.0001649029328696e-001	 -6.0005078216240904e-001	 -6.0022207023036067e-001	 -6.0019956803547547e-001	 -6.0000448957642227e-001	 -5.9997616496509920e-001	 -5.9997239104114808e-001	 -5.9997185638371864e-001	 -5.9997088871954762e-001	 -5.9997040461545748e-001	 -5.9997036151393512e-001	 -5.9996993659194864e-001	
 -5.9998930736704370e-001	 -5.9998830124263769e-001	 -6.0002439862139045e-001	 -6.0019233161934249e-001	 -6.0016988614852718e-001	 -5.9997495943808765e-001	 -5.9994765777304782e-001	 -5.9994422009079784e-001	 -5.9994474374713835e-001	 -5.9994343124936123e-001	 -5.9994216654923882e-001	 -5.9994266071372593e-001	 -5.9994085016812360e-001	
 -5.9991541087456302e-001	 -5.9991448702567673e-001	 -5.9995405714241556e-001	 -6.0011404454829442e-001	 -6.0009180954168073e-001	 -5.9990230326323335e-001	 -5.9987543764117301e-001	 -5.9987222336987944e-001	 -5.9987119948834433e-001	 -5.9987062805155755e-001	 -5.9987031809916047e-001	 -5.9987019890617166e-001	 -5.9986996774530343e-001	
 -5.9984565138471169e-001	 -5.9984477946717352e-001	 -5.9988586189840820e-001	 -6.0003847901490825e-001	 -6.0001650742869117e-001	 -5.9983573493449516e-001	 -5.9980808815696118e-001	 -5.9980495291778180e-001	 -5.9980408740323288e-001	 -5.9980346386401262e-001	 -5.9980318924379716e-001	 -5.9980306234641567e-001	 -5.9980284618088575e-001	
 -5.9979116845099156e-001	 -5.9979038337854007e-001	 -5.9983566472709970e-001	 -5.9998086402790474e-001	 -5.9995904279097623e-001	 -5.9977287522960943e-001	 -5.9975226443509388e-001	 -5.9974961892739209e-001	 -5.9974760018099982e-001	 -5.9974774321114310e-001	 -5.9974780691518514e-001	 -5.9974753542257897e-001	 -5.9974781003713229e-001	
 -5.9974984580069002e-001	 -5.9974900431070122e-001	 -5.9979349783845226e-001	 -5.9993603464181255e-001	 -5.9991437037021367e-001	 -5.9973693900949865e-001	 -5.9971381698753490e-001	 -5.9971029645400353e-001	 -5.9971056929564170e-001	 -5.9970924597796404e-001	 -5.9970865639524806e-001	 -5.9970869067682564e-001	 -5.9970807365905543e-001	
 -5.9971648630852137e-001	 -5.9971578413098303e-001	 -5.9976398415462207e-001	 -5.9990071181326154e-001	 -5.9987916645276584e-001	 -5.9970038464984832e-001	 -5.9967928682724825e-001	 -5.9967666731530755e-001	 -5.9967425538531849e-001	 -5.9967460465071287e-001	 -5.9967473344046951e-001	 -5.9967440689456808e-001	 -5.9967477651534651e-001	
 -5.9968381303654450e-001	 -5.9968302574497923e-001	 -5.9973091107778931e-001	 -5.9986589681526592e-001	 -5.9984445469141168e-001	 -5.9966950751411119e-001	 -5.9964731292183604e-001	 -5.9964390845934634e-001	 -5.9964410251467370e-001	 -5.9964289028358042e-001	 -5.9964231235021259e-001	 -5.9964236875298393e-001	 -5.9964178074911612e-001	
 -5.9965143219986583e-001	 -5.9965074755219394e-001	 -5.9970090391714415e-001	 -5.9983148359832317e-001	 -5.9981016851506919e-001	 -5.9963694433351478e-001	 -5.9961550321818713e-001	 -5.9961267998909218e-001	 -5.9961104146089017e-001	 -5.9961091740967642e-001	 -5.9961087889426334e-001	 -5.9961062837121659e-001	 -5.9961076117498457e-001	
 -5.9959825407729372e-001	 -5.9959756325844715e-001	 -5.9964879272400573e-001	 -5.9977450872683580e-001	 -5.9975340909756980e-001	 -5.9958508457624848e-001	 -5.9956316072939941e-001	 -5.9956020314633207e-001	 -5.9955968801506110e-001	 -5.9955899376162858e-001	 -5.9955861408322875e-001	 -5.9955858582561028e-001	 -5.9955825415880515e-001	
 -5.9954670059869652e-001	 -5.9954604823697633e-001	 -5.9959908690776498e-001	 -5.9971898490773778e-001	 -5.9969816957650135e-001	 -5.9953403331591826e-001	 -5.9951477730812996e-001	 -5.9951129191337937e-001	 -5.9951170822836186e-001	 -5.9951046203798875e-001	 -5.9950889400794960e-001	 -5.9950947099429719e-001	 -5.9950764979233018e-001	
 -5.9949639149525780e-001	 -5.9949581358142989e-001	 -5.9955037407088962e-001	 -5.9966478028472547e-001	 -5.9964420048763678e-001	 -5.9948161889278317e-001	 -5.9946331858995450e-001	 -5.9946051566561742e-001	 -5.9945953820939035e-001	 -5.9945911537018226e-001	 -5.9945889315127232e-001	 -5.9945877269207415e-001	 -5.9945866476196485e-001	
 -5.9939128125474639e-001	 -5.9939082155824330e-001	 -5.9944475086071147e-001	 -5.9954924688687683e-001	 -5.9952932967011208e-001	 -5.9937082901717620e-001	 -5.9936089701695394e-001	 -5.9935854673776046e-001	 -5.9935766944541058e-001	 -5.9935734396021623e-001	 -5.9935712416092635e-001	 -5.9935703791713646e-001	 -5.9935690844037381e-001	
 -5.9936240257030260e-001	 -5.9936196310927947e-001	 -5.9941812890118573e-001	 -5.9951863159213303e-001	 -5.9949885130372582e-001	 -5.9934501845204657e-001	 -5.9933088656094480e-001	 -5.9932822169705968e-001	 -5.9932725799993758e-001	 -5.9932684700003680e-001	 -5.9932662832784533e-001	 -5.9932650912819518e-001	 -5.9932638583271025e-001	
 -5.9933390671429443e-001	 -5.9933484032892448e-001	 -5.9939180137591475e-001	 -5.9948839583634506e-001	 -5.9946849259562285e-001	 -5.9931880644015223e-001	 -5.9930244730876936e-001	 -5.9930026333354647e-001	 -5.9931062136842073e-001	 -5.9930054225942886e-001	 -5.9930060493329496e-001	 -5.9929669751812575e-001	 -5.9930248896611360e-001	
 -5.9930541009922678e-001	 -5.9930563363663758e-001	 -5.9936535880700248e-001	 -5.9945845145537024e-001	 -5.9943875382684197e-001	 -5.9929091813870627e-001	 -5.9927408242665958e-001	 -5.9927172954499230e-001	 -5.9926630537499026e-001	 -5.9926981122193634e-001	 -5.9926959162170945e-001	 -5.9927061837894424e-001	 -5.9926812215504999e-001	
 -5.9925136946303859e-001	 -5.9925118030179636e-001	 -5.9931386592348979e-001	 -5.9940080459131018e-001	 -5.9938146333127218e-001	 -5.9923754060375867e-001	 -5.9922147585877994e-001	 -5.9921913335037047e-001	 -5.9921811501983946e-001	 -5.9921793715578264e-001	 -5.9921775694626866e-001	 -5.9921767907333834e-001	 -5.9921755113434561e-001	
 -5.9919994296542267e-001	 -5.9920013999714694e-001	 -5.9926396381815294e-001	 -5.9934501992731093e-001	 -5.9932596738132560e-001	 -5.9918679360304594e-001	 -5.9917114633389890e-001	 -5.9916948724003660e-001	 -5.9916759462652625e-001	 -5.9916818572769426e-001	 -5.9916814011296005e-001	 -5.9916746750265926e-001	 -5.9916746649202324e-001	
 -5.9914971350938373e-001	 -5.9914968068464081e-001	 -5.9921512600735749e-001	 -5.9929083006193817e-001	 -5.9927214789146088e-001	 -5.9913694607305334e-001	 -5.9912169736586751e-001	 -5.9911971700887801e-001	 -5.9911727531802850e-001	 -5.9911833630887923e-001	 -5.9911819603419847e-001	 -5.9911822146085925e-001	 -5.9911761058051294e-001	
 -5.9907509849810303e-001	 -5.9907497491940020e-001	 -5.9914061856136680e-001	 -5.9920817440950458e-001	 -5.9919017862120061e-001	 -5.9906277687993281e-001	 -5.9904966789181557e-001	 -5.9904771421015468e-001	 -5.9904692635592838e-001	 -5.9904672369992529e-001	 -5.9904657304232778e-001	 -5.9904651199738090e-001	 -5.9904639339991572e-001	
 -5.9905440742780147e-001	 -5.9905423615980169e-001	 -5.9912084690294520e-001	 -5.9918635025368872e-001	 -5.9916850394525767e-001	 -5.9904157161649874e-001	 -5.9902759743912792e-001	 -5.9902531082045574e-001	 -5.9902450737969737e-001	 -5.9902412285028905e-001	 -5.9902392823130146e-001	 -5.9902381396870208e-001	 -5.9902372321152253e-001	
 -5.9903394202698301e-001	 -5.9903375219982902e-001	 -5.9910120139849976e-001	 -5.9916475870624986e-001	 -5.9914706058161737e-001	 -5.9902103461817457e-001	 -5.9900732504891696e-001	 -5.9900520334799090e-001	 -5.9900433446991030e-001	 -5.9900414378344369e-001	 -5.9900398613410566e-001	 -5.9900395940248874e-001	 -5.9900378723942715e-001	
 -5.9901376485493874e-001	 -5.9901357729308380e-001	 -5.9908172019240702e-001	 -5.9914339609923317e-001	 -5.9912584445598327e-001	 -5.9900091695086477e-001	 -5.9898749033970855e-001	 -5.9898546079995008e-001	 -5.9898481014453164e-001	 -5.9898444192030276e-001	 -5.9898427870330728e-001	 -5.9898415542802841e-001	 -5.9898410762626586e-001	
 -5.9898231689448078e-001	 -5.9898213046127857e-001	 -5.9905091491352369e-001	 -5.9910973685994851e-001	 -5.9909242721212230e-001	 -5.9896970686512674e-001	 -5.9895684968058749e-001	 -5.9895488549954745e-001	 -5.9895418539335221e-001	 -5.9895389621722472e-001	 -5.9895374079566022e-001	 -5.9895366976758790e-001	 -5.9895356612671424e-001	
 -5.9895202452020513e-001	 -5.9895207347504531e-001	 -5.9902085305096886e-001	 -5.9907685755933304e-001	 -5.9905976890950452e-001	 -5.9893985147785322e-001	 -5.9892737784406069e-001	 -5.9892576111286733e-001	 -5.9892483030954402e-001	 -5.9892475650424881e-001	 -5.9892467501765356e-001	 -5.9892423855556487e-001	 -5.9892430266872410e-001	
 -5.9892245045445325e-001	 -5.9892245289305812e-001	 -5.9899138432661925e-001	 -5.9904470693594725e-001	 -5.9902787976318095e-001	 -5.9891073399465089e-001	 -5.9889845188643154e-001	 -5.9889672850665931e-001	 -5.9889520873224189e-001	 -5.9889563533332968e-001	 -5.9889550455582974e-001	 -5.9889544373847858e-001	 -5.9889512236277476e-001	
 -5.9885025772110634e-001	 -5.9885025091865884e-001	 -5.9891774347109461e-001	 -5.9896452368823905e-001	 -5.9894847532648843e-001	 -5.9883914025649077e-001	 -5.9882843711300815e-001	 -5.9882677250067129e-001	 -5.9882612628869847e-001	 -5.9882592960780467e-001	 -5.9882580125103502e-001	 -5.9882574238800945e-001	 -5.9882564781743586e-001	
 -5.9879378530203198e-001	 -5.9879366930637445e-001	 -5.9886115683005503e-001	 -5.9890330144152237e-001	 -5.9888783002060020e-001	 -5.9878232148280475e-001	 -5.9877210395609115e-001	 -5.9877039573497104e-001	 -5.9876990743046310e-001	 -5.9876955482096594e-001	 -5.9876940986680616e-001	 -5.9876934840763507e-001	 -5.9876928820723485e-001	
 -5.9877489234438919e-001	 -5.9877480741621358e-001	 -5.9884137429588868e-001	 -5.9888172111477456e-001	 -5.9886648909923679e-001	 -5.9876429909788698e-001	 -5.9875508067619432e-001	 -5.9875369966899683e-001	 -5.9875301332490416e-001	 -5.9875300769451911e-001	 -5.9875291282718290e-001	 -5.9875291831457123e-001	 -5.9875276735221750e-001	
 -5.9876856909879539e-001	 -5.9876848934414806e-001	 -5.9883488850420719e-001	 -5.9887464642094379e-001	 -5.9885949078997136e-001	 -5.9875801039799281e-001	 -5.9874851942709473e-001	 -5.9874693176464877e-001	 -5.9874641809187779e-001	 -5.9874607986709627e-001	 -5.9874593359843242e-001	 -5.9874580103236319e-001	 -5.9874579358010216e-001	
 -5.9876205141096150e-001	 -5.9876196012431659e-001	 -5.9882835966174053e-001	 -5.9886757149696379e-001	 -5.9885248775193300e-001	 -5.9875139375631381e-001	 -5.9874143859517392e-001	 -5.9873965895629322e-001	 -5.9873895677997613e-001	 -5.9873872525528782e-001	 -5.9873857933778751e-001	 -5.9873855912129237e-001	 -5.9873840035773451e-001	
 -5.9875542528387005e-001	 -5.9875533524411662e-001	 -5.9882182816450857e-001	 -5.9886050222479614e-001	 -5.9884548713340369e-001	 -5.9874467746368065e-001	 -5.9873441896940438e-001	 -5.9873265698950906e-001	 -5.9873201894222738e-001	 -5.9873176976688036e-001	 -5.9873163320545153e-001	 -5.9873156008649620e-001	 -5.9873148185463076e-001	
 -5.9874107903412632e-001	 -5.9874100583401368e-001	 -5.9880779438448162e-001	 -5.9884536478038708e-001	 -5.9883048923248250e-001	 -5.9873024424761390e-001	 -5.9871983222381520e-001	 -5.9871815741718848e-001	 -5.9871757847307361e-001	 -5.9871730928229283e-001	 -5.9871717796222690e-001	 -5.9871707722369827e-001	 -5.9871702585767572e-001	
 -5.9872696035068174e-001	 -5.9872701730712130e-001	 -5.9879389553385565e-001	 -5.9883037342167711e-001	 -5.9881561988839316e-001	 -5.9871584129655986e-001	 -5.9870585499444129e-001	 -5.9870443654208572e-001	 -5.9870427812191984e-001	 -5.9870371456682836e-001	 -5.9870363049585595e-001	 -5.9870320195887228e-001	 -5.9870353137325694e-001	
 -5.9871307145598074e-001	 -5.9871307583458933e-001	 -5.9878012818581627e-001	 -5.9881554578633533e-001	 -5.9880094243280890e-001	 -5.9870222403624052e-001	 -5.9869249244282052e-001	 -5.9869102256615570e-001	 -5.9868948626362606e-001	 -5.9869006304924532e-001	 -5.9868993056899633e-001	 -5.9869001298207269e-001	 -5.9868954321462553e-001	
 -5.9866701487509832e-001	 -5.9866698982302680e-001	 -5.9873322862746825e-001	 -5.9876536149827686e-001	 -5.9875127507658110e-001	 -5.9865682324811154e-001	 -5.9864777007800907e-001	 -5.9864631440564864e-001	 -5.9864579255441974e-001	 -5.9864558137223689e-001	 -5.9864546585919332e-001	 -5.9864541076048994e-001	 -5.9864534080111831e-001	
 -5.9862579243974423e-001	 -5.9862583980996309e-001	 -5.9868954819797260e-001	 -5.9871843438064065e-001	 -5.9870493078728604e-001	 -5.9861669206329182e-001	 -5.9860863405336584e-001	 -5.9860738550387982e-001	 -5.9860689228763420e-001	 -5.9860674628520183e-001	 -5.9860665266187052e-001	 -5.9860658929689059e-001	 -5.9860652492516042e-001	
 -5.9861360285096143e-001	 -5.9861361192126150e-001	 -5.9867731716456429e-001	 -5.9870534142603127e-001	 -5.9869198465212214e-001	 -5.9860408236511731e-001	 -5.9859536192974350e-001	 -5.9859381957994007e-001	 -5.9859330138212208e-001	 -5.9859299910491881e-001	 -5.9859285728092182e-001	 -5.9859274674967100e-001	 -5.9859272669460228e-001	
 -5.9860139325751405e-001	 -5.9860136331335578e-001	 -5.9866509093864373e-001	 -5.9869235923259989e-001	 -5.9867914030209413e-001	 -5.9859178178811590e-001	 -5.9858298119863651e-001	 -5.9858148243907561e-001	 -5.9858081190722334e-001	 -5.9858075193230942e-001	 -5.9858064953177692e-001	 -5.9858071490048737e-001	 -5.9858050193084544e-001	
 -5.9858940482149237e-001	 -5.9858938991896871e-001	 -5.9865305448625339e-001	 -5.9867952168035643e-001	 -5.9866644110195821e-001	 -5.9857991779854736e-001	 -5.9857133498675275e-001	 -5.9857000219221135e-001	 -5.9856958540938088e-001	 -5.9856932807389462e-001	 -5.9856922132051071e-001	 -5.9856909581756934e-001	 -5.9856910840783151e-001	
 -5.9856754883824692e-001	 -5.9856752046583139e-001	 -5.9863072598453915e-001	 -5.9865580540774399e-001	 -5.9864298985645714e-001	 -5.9855826418919733e-001	 -5.9855013056153705e-001	 -5.9854882920529207e-001	 -5.9854839224449119e-001	 -5.9854817867721621e-001	 -5.9854807420944844e-001	 -5.9854802979353305e-001	 -5.9854796185154768e-001	
 -5.9854673107961887e-001	 -5.9854695150030057e-001	 -5.9860903840303070e-001	 -5.9863276532690080e-001	 -5.9862018692857788e-001	 -5.9853788512320705e-001	 -5.9853012664512484e-001	 -5.9852913100344463e-001	 -5.9852907476354300e-001	 -5.9852853817821128e-001	 -5.9852850304475957e-001	 -5.9852796636361560e-001	 -5.9852835195162157e-001	
 -5.9852637241730733e-001	 -5.9852649197689178e-001	 -5.9858785994626462e-001	 -5.9861030664887238e-001	 -5.9859800426520504e-001	 -5.9851764942386865e-001	 -5.9851012930467462e-001	 -5.9850891026091979e-001	 -5.9850850421072632e-001	 -5.9850827773055837e-001	 -5.9850817583673166e-001	 -5.9850811115502722e-001	 -5.9850806905337173e-001	
 -5.9848656500016695e-001	 -5.9848664169170895e-001	 -5.9854544905690865e-001	 -5.9856539479608006e-001	 -5.9855371737449481e-001	 -5.9847857943606808e-001	 -5.9847173603411186e-001	 -5.9847062589213351e-001	 -5.9847020642511684e-001	 -5.9847007276048192e-001	 -5.9846998974011356e-001	 -5.9846996567236577e-001	 -5.9846988594902673e-001	
 -5.9844737257563896e-001	 -5.9844731671154783e-001	 -5.9850467161903786e-001	 -5.9852247272973447e-001	 -5.9851137811206545e-001	 -5.9843890141009215e-001	 -5.9843263054226714e-001	 -5.9843147633997784e-001	 -5.9843117109148469e-001	 -5.9843092202094272e-001	 -5.9843081919863650e-001	 -5.9843079863586279e-001	 -5.9843075880428032e-001	
 -5.9844165550504425e-001	 -5.9844160310951189e-001	 -5.9849840703207757e-001	 -5.9851585985637445e-001	 -5.9850486358992150e-001	 -5.9843370988965638e-001	 -5.9842790712605343e-001	 -5.9842702378387624e-001	 -5.9842650609820414e-001	 -5.9842660944930959e-001	 -5.9842656189457166e-001	 -5.9842663147591235e-001	 -5.9842645222529800e-001	
 -5.9843619510591139e-001	 -5.9843617893595713e-001	 -5.9849233622233378e-001	 -5.9850937581906738e-001	 -5.9849848478221723e-001	 -5.9842869648907282e-001	 -5.9842316608393897e-001	 -5.9842235561513579e-001	 -5.9842226607220717e-001	 -5.9842193568848678e-001	 -5.9842185647474011e-001	 -5.9842166361412374e-001	 -5.9842181942781902e-001	
 -5.9843069441856134e-001	 -5.9843066419851265e-001	 -5.9848626587222231e-001	 -5.9850295728025582e-001	 -5.9849216994734000e-001	 -5.9842332956172584e-001	 -5.9841762135914855e-001	 -5.9841660106418892e-001	 -5.9841624613665712e-001	 -5.9841606990795881e-001	 -5.9841597989451767e-001	 -5.9841598195531365e-001	 -5.9841588533926515e-001	
 -5.9842069021365241e-001	 -5.9842064279080898e-001	 -5.9847559198888955e-001	 -5.9849171833681325e-001	 -5.9848110349913775e-001	 -5.9841333963284171e-001	 -5.9840723833370912e-001	 -5.9840612073036592e-001	 -5.9840570319968922e-001	 -5.9840557065193867e-001	 -5.9840548437029017e-001	 -5.9840549882750338e-001	 -5.9840539410116467e-001	
 -5.9841055722464898e-001	 -5.9841052504805425e-001	 -5.9846502844851379e-001	 -5.9848059010059185e-001	 -5.9847013808400629e-001	 -5.9840325381466108e-001	 -5.9839692133523137e-001	 -5.9839584267895596e-001	 -5.9839544779050069e-001	 -5.9839530125294083e-001	 -5.9839521894244907e-001	 -5.9839517836379752e-001	 -5.9839512039860931e-001	
 -5.9840045093784155e-001	 -5.9840048412207469e-001	 -5.9845459949003921e-001	 -5.9846958706633036e-001	 -5.9845928304735896e-001	 -5.9839291223851010e-001	 -5.9838670195455634e-001	 -5.9838576083193207e-001	 -5.9838521989163951e-001	 -5.9838524364796974e-001	 -5.9838519414068259e-001	 -5.9838506467735364e-001	 -5.9838500783615522e-001	
 -5.9836923934042385e-001	 -5.9836930897005924e-001	 -5.9842186280090193e-001	 -5.9843522184710451e-001	 -5.9842541224564005e-001	 -5.9836238615185167e-001	 -5.9835643279304573e-001	 -5.9835549441766833e-001	 -5.9835515334050182e-001	 -5.9835500817184695e-001	 -5.9835493369819748e-001	 -5.9835487746595639e-001	 -5.9835484054027166e-001	
 -5.9834145477721812e-001	 -5.9834156892679680e-001	 -5.9839143416884344e-001	 -5.9840325367932490e-001	 -5.9839397590766286e-001	 -5.9833548981524931e-001	 -5.9833014637544757e-001	 -5.9832933921055709e-001	 -5.9832902899192852e-001	 -5.9832891495226193e-001	 -5.9832885452237861e-001	 -5.9832879299648312e-001	 -5.9832876158749659e-001	
 -5.9833165936540311e-001	 -5.9833171808643115e-001	 -5.9838132119782728e-001	 -5.9839265659888952e-001	 -5.9838354331276378e-001	 -5.9832526320224844e-001	 -5.9831961799006184e-001	 -5.9831861484582749e-001	 -5.9831824753664442e-001	 -5.9831807518262448e-001	 -5.9831797997400571e-001	 -5.9831790130737694e-001	 -5.9831790389175410e-001	
 -5.9832205438681285e-001	 -5.9832206098553442e-001	 -5.9837124958217469e-001	 -5.9838223315478167e-001	 -5.9837327294021136e-001	 -5.9831568771062660e-001	 -5.9831008905875116e-001	 -5.9830913279845799e-001	 -5.9830876979316550e-001	 -5.9830870693777793e-001	 -5.9830864908039239e-001	 -5.9830874390975897e-001	 -5.9830856009979172e-001	
 -5.9831264395582284e-001	 -5.9831267574905755e-001	 -5.9836145394942530e-001	 -5.9837196790812897e-001	 -5.9836316226646868e-001	 -5.9830645751191014e-001	 -5.9830103663394141e-001	 -5.9830021135243161e-001	 -5.9829991389770409e-001	 -5.9829976193159773e-001	 -5.9829969106095504e-001	 -5.9829955689194581e-001	 -5.9829961153345934e-001	
 -5.9829846757264438e-001	 -5.9829846430292655e-001	 -5.9834636618039116e-001	 -5.9835630689697439e-001	 -5.9834773902300853e-001	 -5.9829237445485628e-001	 -5.9828724680976997e-001	 -5.9828639193471034e-001	 -5.9828612665002723e-001	 -5.9828599103550761e-001	 -5.9828592612409803e-001	 -5.9828595056166112e-001	 -5.9828586259691452e-001	
 -5.9828488495927701e-001	 -5.9828490580382532e-001	 -5.9833180011448217e-001	 -5.9834111393775036e-001	 -5.9833279422294439e-001	 -5.9827940292167536e-001	 -5.9827429188674675e-001	 -5.9827359745767694e-001	 -5.9827227854913900e-001	 -5.9827301923387477e-001	 -5.9827297630998810e-001	 -5.9827300449522003e-001	 -5.9827258672495720e-001	
 -5.9827186124505882e-001	 -5.9827202172069160e-001	 -5.9831764344764338e-001	 -5.9832640429169359e-001	 -5.9831830238543660e-001	 -5.9826659227102397e-001	 -5.9826161005960277e-001	 -5.9826097846971127e-001	 -5.9826090739900639e-001	 -5.9826060109779977e-001	 -5.9826057505818486e-001	 -5.9826025225850898e-001	 -5.9826050961830912e-001	
 -5.9822044156188081e-001	 -5.9822098161532722e-001	 -5.9825870703023032e-001	 -5.9826493183112728e-001	 -5.9825807418090182e-001	 -5.9821649775215757e-001	 -5.9821274111182543e-001	 -5.9821221186595608e-001	 -5.9821197556442218e-001	 -5.9821185537156651e-001	 -5.9821181222929898e-001	 -5.9821167862705860e-001	 -5.9821168825835436e-001	
 -5.9821766752476968e-001	 -5.9821812342975011e-001	 -5.9825583358252832e-001	 -5.9826191040002197e-001	 -5.9825511624744809e-001	 -5.9821349622779518e-001	 -5.9820924104991846e-001	 -5.9820844057489886e-001	 -5.9820789852504941e-001	 -5.9820790334741414e-001	 -5.9820781758890273e-001	 -5.9820769912188876e-001	 -5.9820772504548536e-001	
 -5.9821459898956597e-001	 -5.9821491351408351e-001	 -5.9825281299463740e-001	 -5.9825884902642290e-001	 -5.9825210877428869e-001	 -5.9820999239568184e-001	 -5.9820510878494382e-001	 -5.9820402596033606e-001	 -5.9820383255426712e-001	 -5.9820353784767466e-001	 -5.9820345004724107e-001	 -5.9820357164075411e-001	 -5.9820336957272513e-001	
 -5.9821140629856551e-001	 -5.9821165417672795e-001	 -5.9824981561085178e-001	 -5.9825575898908578e-001	 -5.9824906714966986e-001	 -5.9820658817166805e-001	 -5.9820146133537921e-001	 -5.9820054636394726e-001	 -5.9820023797663158e-001	 -5.9820011735578493e-001	 -5.9820005949517974e-001	 -5.9820000080912372e-001	 -5.9819997779952949e-001	
 -5.9820583515823866e-001	 -5.9820603742133382e-001	 -5.9824460784363431e-001	 -5.9825035697147477e-001	 -5.9824374098149669e-001	 -5.9820089791406961e-001	 -5.9819578003128537e-001	 -5.9819503352132042e-001	 -5.9819472485367342e-001	 -5.9819462737586981e-001	 -5.9819457327281444e-001	 -5.9819444582287495e-001	 -5.9819448373155115e-001	
 -5.9820045199732164e-001	 -5.9820059765725020e-001	 -5.9823940278891374e-001	 -5.9824499065908032e-001	 -5.9823844929374204e-001	 -5.9819547943751328e-001	 -5.9819068332545022e-001	 -5.9818998971539195e-001	 -5.9818974566339111e-001	 -5.9818963504665312e-001	 -5.9818958034385528e-001	 -5.9818953081713921e-001	 -5.9818951701928746e-001	
 -5.9819532462823677e-001	 -5.9819537275607182e-001	 -5.9823429041638843e-001	 -5.9823968912786629e-001	 -5.9823324344621120e-001	 -5.9819058565813155e-001	 -5.9818629275198987e-001	 -5.9818563134683700e-001	 -5.9818441831815949e-001	 -5.9818508637887735e-001	 -5.9818499446739892e-001	 -5.9818517113630065e-001	 -5.9818471914441229e-001	
 -5.9818009079759538e-001	 -5.9818008677403611e-001	 -5.9821799038783929e-001	 -5.9822293418410055e-001	 -5.9821675404370112e-001	 -5.9817560125241531e-001	 -5.9817186092636643e-001	 -5.9817124053884729e-001	 -5.9817103061399202e-001	 -5.9817093326675064e-001	 -5.9817088166858046e-001	 -5.9817086727476099e-001	 -5.9817083958157991e-001	
 -5.9816830569314750e-001	 -5.9816831937042902e-001	 -5.9820466383286863e-001	 -5.9820924493880767e-001	 -5.9820330252280396e-001	 -5.9816427727832355e-001	 -5.9816089698028208e-001	 -5.9816036671112016e-001	 -5.9816020044245466e-001	 -5.9816010415203458e-001	 -5.9816006428714541e-001	 -5.9816004083879104e-001	 -5.9816001430745835e-001	
