  2.0796125406404864e-001	  2.0777089120936534e-001	  2.0710314585872486e-001	  5.7799112664730250e-002	  3.5266650040163251e-002	  3.4920293282051602e-002	  1.5523089427237488e-001	  1.1626350637645858e-001	  1.0073060526279529e-001	  2.5927948111819327e-001	  2.3498342895211413e-001	  3.2415377867367041e-002	  1.1602170819091373e-002	
  2.0796125406404409e-001	  2.0777089120936532e-001	  2.0710314585872486e-001	  5.7799112645542744e-002	  3.5266650040111674e-002	  3.4920293282051547e-002	  1.5522995503765791e-001	  1.1626350637646149e-001	  1.0073060526279669e-001	  2.5927948106500270e-001	  2.3498342895211294e-001	  3.2415377867305376e-002	  1.1602170771855986e-002	
  2.0796125406402721e-001	  2.0777089120936329e-001	  2.0710314585872286e-001	  5.7799112604173516e-002	  3.5266650040060098e-002	  3.4920293282051491e-002	  1.5522901581330226e-001	  1.1626350637646787e-001	  1.0073060526279957e-001	  2.5927948095115416e-001	  2.3498342895210794e-001	  3.2415377867243717e-002	  1.1602170724710724e-002	
  2.0796125406399082e-001	  2.0777089120935796e-001	  2.0710314585871759e-001	  5.7799112540156468e-002	  3.5266650040008528e-002	  3.4920293282051436e-002	  1.5522807659952562e-001	  1.1626350637647725e-001	  1.0073060526280384e-001	  2.5927948077632357e-001	  2.3498342895209728e-001	  3.2415377867182057e-002	  1.1602170677657475e-002	
  2.0796125405884619e-001	  2.0777089120920705e-001	  2.0710314585856796e-001	  5.7799109947291899e-002	  3.5266650039493072e-002	  3.4920293282050867e-002	  1.5521868537389111e-001	  1.1626350637645494e-001	  1.0073060526285832e-001	  2.5927947441830940e-001	  2.3498342895178126e-001	  3.2415377866565669e-002	  1.1602170215053295e-002	
  2.0796125404379176e-001	  2.0777089120724215e-001	  2.0710314585660272e-001	  5.7799105133545789e-002	  3.5266650038977221e-002	  3.4920293282049986e-002	  1.5520929518573773e-001	  1.1626350637592875e-001	  1.0073060526282084e-001	  2.5927946345975367e-001	  2.3498342894908317e-001	  3.2415377865948461e-002	  1.1602169761459646e-002	
  2.0796125401579010e-001	  2.0777089120292361e-001	  2.0710314585227937e-001	  5.7799098058378393e-002	  3.5266650038459989e-002	  3.4920293282048362e-002	  1.5519990605415046e-001	  1.1626350637451753e-001	  1.0073060526258425e-001	  2.5927944845915757e-001	  2.3498342894334223e-001	  3.2415377865328970e-002	  1.1602169317033109e-002	
  2.0796125243285288e-001	  2.0777089115997183e-001	  2.0710314580901248e-001	  5.7798833445607212e-002	  3.5266650032692387e-002	  3.4920293281935001e-002	  1.5510610562543370e-001	  1.1626350616541267e-001	  1.0073060520933882e-001	  2.5927915579440314e-001	  2.3498342888623749e-001	  3.2415377858742829e-002	  1.1602165653520392e-002	
  2.0796124875071609e-001	  2.0777089058797771e-001	  2.0710314523436690e-001	  5.7798349525273685e-002	  3.5266650024019602e-002	  3.4920293280838101e-002	  1.5501240846092804e-001	  1.1626350567868608e-001	  1.0073060508230818e-001	  2.5927879522089603e-001	  2.3498342815855350e-001	  3.2415377848612453e-002	  1.1602162864491233e-002	
  2.0796124307780067e-001	  2.0777088963800569e-001	  2.0710314427927451e-001	  5.7797643630123068e-002	  3.5266650010190512e-002	  3.4920293277976813e-002	  1.5491881636969479e-001	  1.1626350488223285e-001	  1.0073060487237834e-001	  2.5927841000785723e-001	  2.3498342695313360e-001	  3.2415377832006750e-002	  1.1602160951374419e-002	
  2.0796106036914100e-001	  2.0777088550932132e-001	  2.0710313996131324e-001	  5.7772535360695661e-002	  3.5266648565233469e-002	  3.4920293097129566e-002	  1.5399186749706187e-001	  1.1626346858248127e-001	  1.0073059508588711e-001	  2.5927437019959931e-001	  2.3498342203357964e-001	  3.2415376184072586e-002	  1.1602207932134064e-002	
  2.0796067110110356e-001	  2.0777081584067156e-001	  2.0710306954276031e-001	  5.7728063128748647e-002	  3.5266642429696300e-002	  3.4920291622024334e-002	  1.5307502919791730e-001	  1.1626339858807834e-001	  1.0073057605979399e-001	  2.5927011465317806e-001	  2.3498333440866137e-001	  3.2415367715184336e-002	  1.1602316326781667e-002	
  2.0796011619396873e-001	  2.0777071487271581e-001	  2.0710296734247935e-001	  5.7665136162275712e-002	  3.5266628724794774e-002	  3.4920288077509895e-002	  1.5216838084898573e-001	  1.1626329309105711e-001	  1.0073054720148621e-001	  2.5926570227130868e-001	  2.3498320761030347e-001	  3.2415347963841462e-002	  1.1602474329041766e-002	
  2.0795464917932024e-001	  2.0777045811984265e-001	  2.0710269375064258e-001	  5.6945894185835788e-002	  3.5266144056332771e-002	  3.4920208145061471e-002	  1.4736294387063281e-001	  1.1626169564374543e-001	  1.0073009705277039e-001	  2.5923962313698562e-001	  2.3498290485556811e-001	  3.2414657206824113e-002	  1.1603771959315536e-002	
  2.0794488386175269e-001	  2.0776805327565093e-001	  2.0710025123575301e-001	  5.5931047618856589e-002	  3.5264667241744124e-002	  3.4919859089107247e-002	  1.4283862918216497e-001	  1.1625879711468094e-001	  1.0072926484444394e-001	  2.5920899436288208e-001	  2.3497989046176562e-001	  3.2412513522171775e-002	  1.1604410881292515e-002	
  2.0793280720998214e-001	  2.0776477788171627e-001	  2.0709692477415703e-001	  5.4717578674391018e-002	  3.5261854556186578e-002	  3.4919128899536578e-002	  1.3858367299425639e-001	  1.1625450204808506e-001	  1.0072801287967974e-001	  2.5917648252986708e-001	  2.3497578307686429e-001	  3.2408483904171198e-002	  1.1603852196236530e-002	
  2.0790927917219057e-001	  2.0775987248372832e-001	  2.0709190618679377e-001	  5.2148902049558500e-002	  3.5253137912897810e-002	  3.4916901747713128e-002	  1.3105950831533925e-001	  1.1624312861591188e-001	  1.0072463511972775e-001	  2.5911686465232031e-001	  2.3496967684987266e-001	  3.2396404741948666e-002	  1.1599974145066624e-002	
  2.0787694710420745e-001	  2.0774730371068695e-001	  2.0707916666022388e-001	  4.9421534633290833e-002	  3.5238042765585773e-002	  3.4912667341895735e-002	  1.2433846076099689e-001	  1.1622677906149172e-001	  1.0071968114656446e-001	  2.5904733860005352e-001	  2.3495386825714687e-001	  3.2375824411591488e-002	  1.1590188066511685e-002	
  2.0784205213044454e-001	  2.0773181139569646e-001	  2.0706347403833095e-001	  4.6740024234410524e-002	  3.5215454739552558e-002	  3.4905824363405218e-002	  1.1836388226147600e-001	  1.1620517356672966e-001	  1.0071300647185133e-001	  2.5897652236331103e-001	  2.3493436188024669e-001	  3.2345626851734359e-002	  1.1574086504895709e-002	
  2.0780561743778286e-001	  2.0771353721780678e-001	  2.0704497366347926e-001	  4.4225418773301856e-002	  3.5185099374033399e-002	  3.4896070673005146e-002	  1.1306214969998943e-001	  1.1617838334977644e-001	  1.0070456587352310e-001	  2.5890540682028074e-001	  2.3491133237368278e-001	  3.2305891696422159e-002	  1.1552232133861640e-002	
  2.0775525995717470e-001	  2.0769028511804033e-001	  2.0702133023421748e-001	  4.0460930158827096e-002	  3.5119786400169620e-002	  3.4874536459103871e-002	  1.0542656243828100e-001	  1.1612356941571621e-001	  1.0068677518748249e-001	  2.5880612407510067e-001	  2.3488212115416521e-001	  3.2223257029636972e-002	  1.1507661777426631e-002	
  2.0768544729046498e-001	  2.0764263835463911e-001	  2.0697315186165702e-001	  3.7369639885076293e-002	  3.5034641101958058e-002	  3.4844480955917495e-002	  9.9197966257612499e-002	  1.1605648481143813e-001	  1.0066425585536046e-001	  2.5868005891401624e-001	  2.3482195195610878e-001	  3.2117210100417272e-002	  1.1449346848377706e-002	
  2.0761317555057035e-001	  2.0758823531579906e-001	  2.0691818459270259e-001	  3.4856592649592268e-002	  3.4929295727545960e-002	  3.4804343634365423e-002	  9.4103277708644309e-002	  1.1597686443330872e-001	  1.0063667985172879e-001	  2.5855227502705741e-001	  2.3475318872673548e-001	  3.1987215163944135e-002	  1.1377561373902821e-002	
  2.0753831130604447e-001	  2.0752783954937462e-001	  2.0685720083251494e-001	  3.2799021834241313e-002	  3.4806241656121603e-002	  3.4754179478854626e-002	  8.9926856585827455e-002	  1.1588517730212661e-001	  1.0060390845665668e-001	  2.5842256257446855e-001	  2.3467681438970642e-001	  3.1837336888079402e-002	  1.1296398222150525e-002	
  2.0746057889451075e-001	  2.0746185160321784e-001	  2.0679059876691930e-001	  3.1106024671342134e-002	  3.4668819368843244e-002	  3.4694943427408670e-002	  8.6498444389051202e-002	  1.1578242461908259e-001	  1.0056594603554558e-001	  2.5828992900467379e-001	  2.3459335129682163e-001	  3.1672252339367289e-002	  1.1208951917169386e-002	
  2.0737222565055066e-001	  2.0738665770980255e-001	  2.0671455549307055e-001	  2.9171065694250348e-002	  3.4456081380384661e-002	  3.4599679184163748e-002	  8.2572827647770880e-002	  1.1561999731004134e-001	  1.0050290821335892e-001	  2.5813754179296428e-001	  2.3449837449522712e-001	  3.1422470720882147e-002	  1.1081445607914358e-002	
  2.0724069318198360e-001	  2.0726479618666230e-001	  2.0659164087185936e-001	  2.7706896597682506e-002	  3.4222121956607392e-002	  3.4489813093018067e-002	  7.9611977754362448e-002	  1.1544075580899574e-001	  1.0042976396973495e-001	  2.5792044207864434e-001	  2.3434418614757463e-001	  3.1148185290420217e-002	  1.0939318305076419e-002	
  2.0710399947558494e-001	  2.0713517833653908e-001	  2.0646099772131515e-001	  2.6574977930453679e-002	  3.3963806666757884e-002	  3.4362191424865365e-002	  7.7355080455180622e-002	  1.1524233082312894e-001	  1.0034529995386968e-001	  2.5769622254844743e-001	  2.3418013334769155e-001	  3.0845611629079148e-002	  1.0785062092391750e-002	
  2.0696307573422462e-001	  2.0699945472393666e-001	  2.0632426674452445e-001	  2.5680441755793350e-002	  3.3686401930037815e-002	  3.4218211106842852e-002	  7.5615626751036349e-002	  1.1502532909973566e-001	  1.0024906572410508e-001	  2.5746660770872309e-001	  2.3400835876458678e-001	  3.0524187114750103e-002	  1.0626486235818655e-002	
  2.0681812465237984e-001	  2.0685835389160045e-001	  2.0618214917527480e-001	  2.4957716246250924e-002	  3.3396542815500072e-002	  3.4061319274068171e-002	  7.4258672094303549e-002	  1.1479247223315839e-001	  1.0014124043560506e-001	  2.5723134463654157e-001	  2.3382981172542677e-001	  3.0192624546975803e-002	  1.0466994931877993e-002	
  2.0666978410057241e-001	  2.0671286837378439e-001	  2.0603563280167808e-001	  2.4361233143938794e-002	  3.3097667230822400e-002	  3.3894208892685254e-002	  7.3184270438956839e-002	  1.1454664224870809e-001	  1.0002220246188830e-001	  2.5699130770753720e-001	  2.3364574735007074e-001	  2.9853968477042931e-002	  1.0307073542360609e-002	
  2.0651259762714119e-001	  2.0655804282044909e-001	  2.0587966076244377e-001	  2.3794781856668591e-002	  3.2752170523321973e-002	  3.3696156660553526e-002	  7.2209987515987062e-002	  1.1425643961515963e-001	  9.9874157011057174e-002	  2.5673653491282872e-001	  2.3344995728687959e-001	  2.9466892066480781e-002	  1.0129357824724421e-002	
  2.0633187489791438e-001	  2.0637903866176663e-001	  2.0569941931335858e-001	  2.3307097681749208e-002	  3.2395652991202672e-002	  3.3486842956426406e-002	  7.1422974925273025e-002	  1.1395450157226465e-001	  9.9712640313608117e-002	  2.5644562566728024e-001	  2.3322354841731666e-001	  2.9068147355933743e-002	  9.9480964101523427e-003	
  2.0614869693430318e-001	  2.0619708491070149e-001	  2.0551623775912378e-001	  2.2872981720940145e-002	  3.2028205533258552e-002	  3.3265679001497683e-002	  7.0768241381516980e-002	  1.1364074400151167e-001	  9.9537572473852351e-002	  2.5615088047203438e-001	  2.3299344009270706e-001	  2.8658726994225839e-002	  9.7660448168402480e-003	
  2.0596376393598112e-001	  2.0601302415752598e-001	  2.0533094338306410e-001	  2.2476510965603481e-002	  3.1652923786528432e-002	  3.3034158866476454e-002	  7.0206327595128834e-002	  1.1331668117902416e-001	  9.9349350838664183e-002	  2.5585348238973865e-001	  2.3276071934920387e-001	  2.8243227603999936e-002	  9.5861796066253700e-003	
  2.0575521148401052e-001	  2.0580544415313515e-001	  2.0512111016810614e-001	  2.1807737736946820e-002	  3.0943113806083642e-002	  3.2586743806606575e-002	  6.9309280500703854e-002	  1.1268365054106053e-001	  9.8941867197770608e-002	  2.5550853341662988e-001	  2.3249903021312796e-001	  2.7483057665438342e-002	  9.2801107768350453e-003	
  2.0528649618138281e-001	  2.0533743518452133e-001	  2.0465046598985823e-001	  2.1313169758114224e-002	  3.0373665288453863e-002	  3.2220994542426898e-002	  6.8731569451440752e-002	  1.1220672633612451e-001	  9.8629202555908860e-002	  2.5476830796696703e-001	  2.3190690528569169e-001	  2.6838108133464024e-002	  8.9953425457705658e-003	
  2.0501365054465792e-001	  2.0506470496064674e-001	  2.0437617041218747e-001	  2.0800833432689486e-002	  2.9762610726829529e-002	  3.1808506562444390e-002	  6.8137975956996361e-002	  1.1167989491172708e-001	  9.8283253878220747e-002	  2.5432789988605109e-001	  2.3156221572706337e-001	  2.6162461722507281e-002	  8.7302751932586808e-003	
  2.0474649657242949e-001	  2.0479765933586944e-001	  2.0410730162451962e-001	  2.0320414672198698e-002	  2.9179650075138407e-002	  3.1396367444009574e-002	  6.7558554964396805e-002	  1.1114107277690015e-001	  9.7913211109474041e-002	  2.5389837825728417e-001	  2.3122514974412411e-001	  2.5545230594533553e-002	  8.5122225710354705e-003	
  2.0448285101517275e-001	  2.0453414674482487e-001	  2.0384176969121218e-001	  1.9865515436845369e-002	  2.8622195960322051e-002	  3.0997767726467913e-002	  6.7009150214216939e-002	  1.1061334175129807e-001	  9.7526625480183093e-002	  2.5347352189922062e-001	  2.3089268686176098e-001	  2.4959923725456554e-002	  8.2999429050646754e-003	
  2.0422352369811103e-001	  2.0427489951006536e-001	  2.0358047460279480e-001	  1.9418411892787354e-002	  2.8067423756494597e-002	  3.0601985073127919e-002	  6.6484269872237864e-002	  1.1009841697243881e-001	  9.7126827098030596e-002	  2.5305574323271596e-001	  2.3056562716966728e-001	  2.4372940162227873e-002	  8.0845823010610614e-003	
  2.0396727272993198e-001	  2.0401866048907408e-001	  2.0332209404778481e-001	  1.8961372237097311e-002	  2.7493136465643664e-002	  3.0186426025069338e-002	  6.5955977736206761e-002	  1.0957344486108601e-001	  9.6699449411115093e-002	  2.5264202049099582e-001	  2.3024248909435588e-001	  2.3767188974030802e-002	  7.8746461348097180e-003	
  2.0370469735683294e-001	  2.0375608295035347e-001	  2.0305724237452130e-001	  1.8510341384866551e-002	  2.6922472952327400e-002	  2.9763555249878098e-002	  6.5436306733860333e-002	  1.0905371437419645e-001	  9.6260720772590999e-002	  2.5221858933804459e-001	  2.2991144513731368e-001	  2.3167950247260857e-002	  7.6747873404443313e-003	
  2.0344756786120835e-001	  2.0349893134499039e-001	  2.0279774208488086e-001	  1.8064042075440219e-002	  2.6355792611094803e-002	  2.9334856586933526e-002	  6.4921359954287050e-002	  1.0853714795827565e-001	  9.5811555667071613e-002	  2.5180346136880294e-001	  2.2958735548868325e-001	  2.2575226508602119e-002	  7.4806335420379462e-003	
  2.0319592983392312e-001	  2.0324725297628010e-001	  2.0254364708260000e-001	  1.7622866334935375e-002	  2.5793438052158200e-002	  2.8902744085785012e-002	  6.4411183730098368e-002	  1.0802440617716121e-001	  9.5353339402527465e-002	  2.5139684255700678e-001	  2.2927028255233781e-001	  2.1989889741239683e-002	  7.2932101128564070e-003	
  2.0294965698534564e-001	  2.0300092328047903e-001	  2.0229482993812931e-001	  1.7187734432681033e-002	  2.5236181994744995e-002	  2.8468442341865824e-002	  6.3906732035251851e-002	  1.0751670345404842e-001	  9.4887587724397510e-002	  2.5099849744159503e-001	  2.2896006774111416e-001	  2.1412967590906731e-002	  7.1132609856595459e-003	
  2.0270379721864468e-001	  2.0275496336480320e-001	  2.0204599169513837e-001	  1.6706030629107652e-002	  2.4614946488345404e-002	  2.7975603245869986e-002	  6.3344943764912634e-002	  1.0694918394107475e-001	  9.4347657187511327e-002	  2.5059805545907587e-001	  2.2865058129489685e-001	  2.0776897997079092e-002	  6.9216463906292807e-003	
  2.0242245960973759e-001	  2.0247356275780434e-001	  2.0176145787480634e-001	  1.6227853869180481e-002	  2.3995323145305017e-002	  2.7478144770213160e-002	  6.2791408260650647e-002	  1.0638973498614465e-001	  9.3802258990772464e-002	  2.5014325948480209e-001	  2.2829642527121419e-001	  2.0140938542835701e-002	  6.7309006519598261e-003	
  2.0214955267129267e-001	  2.0220054096929679e-001	  2.0148527238751743e-001	  1.5750123667857673e-002	  2.3373079733838027e-002	  2.6970687846734294e-002	  6.2236590312170534e-002	  1.0583013520703204e-001	  9.3250235316673674e-002	  2.4970109143958311e-001	  2.2795294925023246e-001	  1.9504561472385957e-002	  6.5456755727634781e-003	
  2.0188497469530856e-001	  2.0193582507141503e-001	  2.0121730664897364e-001	  1.5279282150695192e-002	  2.2756582063130453e-002	  2.6457852140469827e-002	  6.1680882513375800e-002	  1.0527056860780942e-001	  9.2692088133737346e-002	  2.4927182842597148e-001	  2.2762010930201335e-001	  1.8881095107529319e-002	  6.3703558147600115e-003	
  2.0162805687642574e-001	  2.0167876418288572e-001	  2.0095688808819420e-001	  1.4818683508298887e-002	  2.2150297065028648e-002	  2.5944955605394761e-002	  6.1129075425196980e-002	  1.0471507349651134e-001	  9.2129411700471092e-002	  2.4885433126223708e-001	  2.2729706600494687e-001	  1.8274213589327626e-002	  6.2030644807326892e-003	
  2.0137093254080696e-001	  2.0142143631207063e-001	  2.0069551334921518e-001	  1.4295077575514254e-002	  2.1454431043609182e-002	  2.5345781438000484e-002	  6.0494454157280372e-002	  1.0407343586542854e-001	  9.1457371488316383e-002	  2.4843226588099529e-001	  2.2697406162693912e-001	  1.7587990405682815e-002	  6.0185807987083884e-003	
  2.0106386502927659e-001	  2.0111421335210433e-001	  2.0038389944812807e-001	  1.3776955416763005e-002	  2.0760427310941746e-002	  2.4742259791904329e-002	  5.9869498821016741e-002	  1.0344144675965655e-001	  9.0784165925615723e-002	  2.4793384300366758e-001	  2.2658825545885566e-001	  1.6902368208553304e-002	  5.8350056059445063e-003	
  2.0076934943259742e-001	  2.0081947544069406e-001	  2.0008471269533967e-001	  1.3263105275633052e-002	  2.0066182298821070e-002	  2.4127070068201750e-002	  5.9239830852845142e-002	  1.0280657365368777e-001	  9.0106967137417254e-002	  2.4745425485081562e-001	  2.2621834838521798e-001	  1.6222851872480230e-002	  5.6586107396237369e-003	
  2.0049219366861668e-001	  2.0053407055932590e-001	  1.9979714997070749e-001	  1.4206005920214560e-002	  1.9787261056983214e-002	  2.3884607824144460e-002	  6.7870534769648674e-002	  1.0256346423769254e-001	  8.9865095518431776e-002	  2.4705343412702122e-001	  2.2585925853658453e-001	  1.5934890480024562e-002	  5.5719386139754835e-003	
  2.0045514372287235e-001	  2.0047739388456362e-001	  1.9973944438114441e-001	  1.6691943990070943e-002	  1.9541911540068766e-002	  2.3658429878238581e-002	  8.0029899722573933e-002	  1.0233812765168875e-001	  8.9638281936401137e-002	  2.4702875307630387e-001	  2.2578821182905076e-001	  1.5698015055876223e-002	  5.5134637503586170e-003	
  2.0043105583737270e-001	  2.0042746960480079e-001	  1.9968844764064700e-001	  2.0065628370474667e-002	  1.9333461049000539e-002	  2.3449599367120252e-002	  9.1746608932436829e-002	  1.0213229516362253e-001	  8.9415789998811043e-002	  2.4702200103864511e-001	  2.2572569931744474e-001	  1.5512326906550508e-002	  5.4710540415082399e-003	
  2.0041131991132119e-001	  2.0038140857416831e-001	  1.9964133321987845e-001	  2.3530287643360501e-002	  1.9155613966819002e-002	  2.3259238297281631e-002	  1.0153685406845041e-001	  1.0195000426518025e-001	  8.9199491164994912e-002	  2.4701363796880951e-001	  2.2566797610597086e-001	  1.5359684396071214e-002	  5.4335129639917802e-003	
  2.0039361441915138e-001	  2.0033976583088339e-001	  1.9959872688095584e-001	  2.6677030410035454e-002	  1.8998288080439681e-002	  2.3083293858620853e-002	  1.0935279351251270e-001	  1.0178920107775183e-001	  8.8989607054291361e-002	  2.4700178211334886e-001	  2.2561571693859217e-001	  1.5224706626622651e-002	  5.3991845054509047e-003	
  2.0039449834761294e-001	  2.0030527634956469e-001	  1.9956271539312873e-001	  3.1282492774955636e-002	  1.8747330735706908e-002	  2.2780279550043636e-002	  1.2035014255133888e-001	  1.0153474615930452e-001	  8.8605792874586572e-002	  2.4702145006302573e-001	  2.2557249891370115e-001	  1.5015772780331733e-002	  5.3490038537219314e-003	
  2.0036210204158908e-001	  2.0024908691602111e-001	  1.9950509670907635e-001	  3.4314989368425156e-002	  1.8534516987072844e-002	  2.2503328534725513e-002	  1.2735920209935969e-001	  1.0132951498237355e-001	  8.8243390867409607e-002	  2.4697991084554055e-001	  2.2550179842608128e-001	  1.4836389466313585e-002	  5.3051232946213049e-003	
  2.0033599368835805e-001	  2.0020752702716776e-001	  1.9946228921033421e-001	  3.6208724556155265e-002	  1.8347307992534159e-002	  2.2243052907871930e-002	  1.3178548827902539e-001	  1.0115673591672564e-001	  8.7899756390345349e-002	  2.4694146329463978e-001	  2.2544941287819864e-001	  1.4678005780793060e-002	  5.2665790415238724e-003	
  2.0031727197739158e-001	  2.0017879955289242e-001	  1.9943240689122474e-001	  3.7366192890787076e-002	  1.8180892226785796e-002	  2.1997625103025439e-002	  1.3457623998157689e-001	  1.0100762439780743e-001	  8.7573601758131503e-002	  2.4691052687912454e-001	  2.2541313119680700e-001	  1.4538882880365114e-002	  5.2335838501388968e-003	
  2.0031272959544436e-001	  2.0016535061539192e-001	  1.9941729048724466e-001	  3.8282067203363239e-002	  1.7958781741819793e-002	  2.1648979581182753e-002	  1.3688880405979870e-001	  1.0081754375590103e-001	  8.7103196440729322e-002	  2.4689547983567905e-001	  2.2539595256140801e-001	  1.4357212236942599e-002	  5.1914347217646558e-003	
  2.0031450739535719e-001	  2.0016251827076251e-001	  1.9941279261306896e-001	  3.8638120042672121e-002	  1.7761775910737278e-002	  2.1330534081653373e-002	  1.3801803422265746e-001	  1.0066357721843275e-001	  8.6671969038929444e-002	  2.4688793353516184e-001	  2.2539208191010487e-001	  1.4196269939816701e-002	  5.1533987643346962e-003	
  2.0033039340773187e-001	  2.0017607801692769e-001	  1.9942471830995159e-001	  3.8701440762188295e-002	  1.7580002237505502e-002	  2.1035340116923564e-002	  1.3860707551234175e-001	  1.0053651105849550e-001	  8.6277420719333808e-002	  2.4690129909294620e-001	  2.2540881119716852e-001	  1.4046580181784639e-002	  5.1174600276048567e-003	
  2.0035741013212752e-001	  2.0020200488308640e-001	  1.9944901951628938e-001	  3.8613850878707862e-002	  1.7411357540500026e-002	  2.0759524513152605e-002	  1.3890091827541368e-001	  1.0043101085702745e-001	  8.5917120404240405e-002	  2.4693157785658104e-001	  2.2544110252222760e-001	  1.3907805152294700e-002	  5.0848425901390618e-003	
  2.0039279721939482e-001	  2.0023690378812362e-001	  1.9948229552071287e-001	  3.8459839963506492e-002	  1.7253964677509136e-002	  2.0500597076269826e-002	  1.3901864549481771e-001	  1.0034333994533630e-001	  8.5588554651219062e-002	  2.4697466156964512e-001	  2.2548468465660143e-001	  1.3778257496608782e-002	  5.0545670844504981e-003	
  2.0045568268572639e-001	  2.0029965069593905e-001	  1.9954105169658190e-001	  3.7969858974549200e-002	  1.6879694777026232e-002	  1.9905547390697581e-002	  1.3903730333302430e-001	  1.0015167769977738e-001	  8.4889216201133127e-002	  2.4704457926933396e-001	  2.2556283943575656e-001	  1.3464010355751250e-002	  4.9795897665051774e-003	
  2.0063431738260573e-001	  2.0047858757329701e-001	  1.9971633033278224e-001	  3.7491758742856901e-002	  1.6575438781736878e-002	  1.9403814233125607e-002	  1.3895806323886173e-001	  1.0005033493520839e-001	  8.4335748622820547e-002	  2.4729380655691163e-001	  2.2578726727354778e-001	  1.3214938980287042e-002	  4.9191832905199628e-003	
  2.0079039143977995e-001	  2.0063489829258166e-001	  1.9986890862024898e-001	  3.7067878886041405e-002	  1.6298380488412510e-002	  1.8951431480624715e-002	  1.3891268895665590e-001	  9.9997317911867528e-002	  8.3896785574901669e-002	  2.4751045009438991e-001	  2.2598325115085924e-001	  1.2985868929214632e-002	  4.8651209485994131e-003	
  2.0092858726177026e-001	  2.0077333379171033e-001	  2.0000370599185988e-001	  3.6651901334029631e-002	  1.6022410992874037e-002	  1.8519811687702427e-002	  1.3888390955242247e-001	  9.9947748862979358e-002	  8.3535630467248337e-002	  2.4770079454525173e-001	  2.2615675153034473e-001	  1.2751153919871621e-002	  4.8083977052443628e-003	
  2.0105353051197272e-001	  2.0089863306040237e-001	  2.0012547427386493e-001	  3.6225842220437829e-002	  1.5747285490171580e-002	  1.8104302628868973e-002	  1.3884569002676692e-001	  9.9884821289189407e-002	  8.3223574764976632e-002	  2.4787163386644362e-001	  2.2631379070827856e-001	  1.2517021287356107e-002	  4.7499490288069827e-003	
  2.0118857198020013e-001	  2.0103433204808330e-001	  2.0025649627819350e-001	  3.5637598852099890e-002	  1.5376036496746168e-002	  1.7562702241013407e-002	  1.3875753197796661e-001	  9.9769059167512386e-002	  8.2845200735003163e-002	  2.4805157257297356e-001	  2.2648383419230594e-001	  1.2205721536402188e-002	  4.6731587717646472e-003	
  2.0136304539734828e-001	  2.0120941263861461e-001	  2.0042717943697394e-001	  3.5089284849638379e-002	  1.5036037220866797e-002	  1.7067397212720457e-002	  1.3868009131679671e-001	  9.9665667806166258e-002	  8.2504174945621081e-002	  2.4829329468507921e-001	  2.2670359271658655e-001	  1.1926188295257611e-002	  4.6067219288981557e-003	
  2.0150529023875935e-001	  2.0135228396302762e-001	  2.0056562075420742e-001	  3.4573546020871926e-002	  1.4716226763442074e-002	  1.6602607851366493e-002	  1.3861264507015905e-001	  9.9573200691675731e-002	  8.2189644387759220e-002	  2.4848684620816816e-001	  2.2688288824075506e-001	  1.1667163722849408e-002	  4.5476204244336311e-003	
  2.0162719199491222e-001	  2.0147491429792061e-001	  2.0068395759713978e-001	  3.4048491397677114e-002	  1.4394494261147410e-002	  1.6149482941130628e-002	  1.3852731137078120e-001	  9.9465925169564748e-002	  8.1887577593071276e-002	  2.4864982642741384e-001	  2.2703671240763312e-001	  1.1400941299628306e-002	  4.4834412886175035e-003	
  2.0173823568190782e-001	  2.0158677620502938e-001	  2.0079167446930440e-001	  3.3519393852292308e-002	  1.4075348542219802e-002	  1.5712884116493731e-002	  1.3842051300363650e-001	  9.9339502731146431e-002	  8.1588677782524113e-002	  2.4879675600437881e-001	  2.2717700701271343e-001	  1.1134120602629027e-002	  4.4104570610747898e-003	
  2.0185786749272255e-001	  2.0170747514454046e-001	  2.0090740214227859e-001	  3.2900089929639102e-002	  1.3708975105904398e-002	  1.5212974008596072e-002	  1.3827706330819903e-001	  9.9174115759431511e-002	  8.1226363210714525e-002	  2.4895275325532557e-001	  2.2732849174017486e-001	  1.0840376351174611e-002	  4.3256953610380129e-003	
  2.0199638648456386e-001	  2.0184706885592577e-001	  2.0104215783039889e-001	  3.2323130124613228e-002	  1.3378796183231198e-002	  1.4752766230054941e-002	  1.3815431854078691e-001	  9.9028933701920910e-002	  8.0875239187852513e-002	  2.4913906524892196e-001	  2.2750396393285174e-001	  1.0589066230276299e-002	  4.2679046251823654e-003	
  2.0210003462993104e-001	  2.0196159171385880e-001	  2.0115273841992865e-001	  3.0507142376840796e-002	  1.3118683480179022e-002	  1.4410212347446121e-002	  1.3382025874816275e-001	  9.8921008157214496e-002	  8.0607792983767496e-002	  2.4926446547335709e-001	  2.2764802030288644e-001	  1.0376628694282982e-002	  4.2294451484934156e-003	
  2.0200604720813464e-001	  2.0188058951066801e-001	  2.0106685522079695e-001	  2.8369800637290356e-002	  1.2762204316431205e-002	  1.4001640586571379e-002	  1.2980214023700959e-001	  9.8667123387003980e-002	  8.0286806840524749e-002	  2.4908651824825118e-001	  2.2754600878213235e-001	  1.0075419013511028e-002	  4.1540407936928722e-003	
  2.0196025194102055e-001	  2.0183909958347018e-001	  2.0102128975169908e-001	  2.7483862711641768e-002	  1.2448021937343760e-002	  1.3654189164366067e-002	  1.2882011683066488e-001	  9.8370285444947247e-002	  7.9970067935047587e-002	  2.4899415683610146e-001	  2.2749414365455251e-001	  9.8249150189152860e-003	  4.0923159819009824e-003	
  2.0196051839881868e-001	  2.0183986612378230e-001	  2.0101798345956962e-001	  2.7149456840189660e-002	  1.2161649360521016e-002	  1.3335303447752309e-002	  1.2888818798018842e-001	  9.8096076503851271e-002	  7.9630164227877401e-002	  2.4897545512739847e-001	  2.2749555458483692e-001	  9.6038970217111226e-003	  4.0375438624929393e-003	
  2.0195275930457116e-001	  2.0183294037021818e-001	  2.0100694344175035e-001	  2.6782774443319952e-002	  1.1891304309518928e-002	  1.3028379334180626e-002	  1.2886469725752375e-001	  9.7862477906160913e-002	  7.9288122197456706e-002	  2.4894450988421210e-001	  2.2748714377589518e-001	  9.3911549907932292e-003	  3.9832896211372225e-003	
  2.0193294172939213e-001	  2.0181497419511429e-001	  2.0098485255930379e-001	  2.6277034103501431e-002	  1.1624471066294492e-002	  1.2720451948263255e-002	  1.2856175808411682e-001	  9.7633203985853317e-002	  7.8946138665424423e-002	  2.4889443470796332e-001	  2.2746477724881967e-001	  9.1800789893113650e-003	  3.9296845422556511e-003	
  2.0190814173035329e-001	  2.0179212516931616e-001	  2.0095786306541719e-001	  2.5762234891008394e-002	  1.1360648235575090e-002	  1.2416635123409398e-002	  1.2822253518073973e-001	  9.7387685250341527e-002	  7.8599428964397228e-002	  2.4883659058742710e-001	  2.2743629680730318e-001	  8.9754347566584104e-003	  3.8775507166879095e-003	
  2.0188040714585290e-001	  2.0176666362519566e-001	  2.0092688045769533e-001	  2.5135755310597370e-002	  1.1020559047661124e-002	  1.2027513367155771e-002	  1.2787495914624941e-001	  9.7053902134683290e-002	  7.8130887308590899e-002	  2.4876806721622449e-001	  2.2740465858852274e-001	  8.7161263171156075e-003	  3.8105781550377030e-003	
  2.0184793895038686e-001	  2.0173118042004984e-001	  2.0088596204753881e-001	  2.5247850108201457e-002	  1.0695620145269926e-002	  1.1651623432167538e-002	  1.2989682140742079e-001	  9.6725546724400244e-002	  7.7657494655637205e-002	  2.4870021735078254e-001	  2.2736027714553994e-001	  8.4705322066998684e-003	  3.7459978994271357e-003	
  2.0190732954325166e-001	  2.0178672691285962e-001	  2.0093665243832257e-001	  2.5493303580688770e-002	  1.0423314305615423e-002	  1.1319277454142181e-002	  1.3163481310330824e-001	  9.6473554636001213e-002	  7.7213967307375314e-002	  2.4877329927464445e-001	  2.2743037090789298e-001	  8.2698982136173195e-003	  3.6939811571615987e-003	
  2.0194185638544113e-001	  2.0182178461710576e-001	  2.0096691944031886e-001	  2.5166791352519723e-002	  1.0186017518088192e-002	  1.1016723191451944e-002	  1.3179622902819640e-001	  9.6270228347056827e-002	  7.6808527694185877e-002	  2.4880496908675548e-001	  2.2747453301559994e-001	  8.1005734634418923e-003	  3.6478395449967729e-003	
  2.0195587067039947e-001	  2.0183859726787429e-001	  2.0097903354301475e-001	  2.4525071995322355e-002	  9.9429106462042040e-003	  1.0717300855957543e-002	  1.3128173121656278e-001	  9.6054313776071792e-002	  7.6422682510795106e-002	  2.4880366685840957e-001	  2.2749567736332169e-001	  7.9208220402830574e-003	  3.5985526944676389e-003	
  2.0197268940049862e-001	  2.0185801717384608e-001	  2.0099282826478324e-001	  2.3853898526847009e-002	  9.6389743026966263e-003	  1.0361562146180918e-002	  1.3086239529376884e-001	  9.5767078707722872e-002	  7.5958326632286702e-002	  2.4880240988263183e-001	  2.2752007614641612e-001	  7.6861943511703310e-003	  3.5387108623139061e-003	
  2.0200738138081792e-001	  2.0189453800430457e-001	  2.0102371787149373e-001	  2.3326138441354879e-002	  9.3643475964686005e-003	  1.0038503908525984e-002	  1.3071668235678627e-001	  9.5490900775851872e-002	  7.5502897479308925e-002	  2.4883000921968718e-001	  2.2756610040052350e-001	  7.4832806995836151e-003	  3.4867998015856157e-003	
  2.0204387583469199e-001	  2.0193329364218007e-001	  2.0105670114187332e-001	  2.2791651319841247e-002	  9.1342630908121756e-003	  9.7476619317241869e-003	  1.3054409553098767e-001	  9.5239033608850249e-002	  7.5063334554866676e-002	  2.4886127297690067e-001	  2.2761511645074065e-001	  7.3396957454939281e-003	  3.4401409925093863e-003	
  2.0207076880775043e-001	  2.0196275406749561e-001	  2.0108042091141951e-001	  2.2225682817177468e-002	  8.9126907800699748e-003	  9.4635820394785419e-003	  1.3027724284687514e-001	  9.4990196873564428e-002	  7.4636772049011840e-002	  2.4887802123360228e-001	  2.2765243805576671e-001	  7.2054502208863530e-003	  3.3903311612193906e-003	
  2.0209015228354657e-001	  2.0198434517754671e-001	  2.0109659450348530e-001	  2.1672900056342467e-002	  8.6599955978638975e-003	  9.1752049202182724e-003	  1.2999763493642330e-001	  9.4730892605316433e-002	  7.4215299662125866e-002	  2.4888323237170523e-001	  2.2767951460508357e-001	  7.0077215530034735e-003	  3.3380590259872839e-003	
  2.0211916456311219e-001	  2.0201744898665364e-001	  2.0111991546584254e-001	  2.0723558327810272e-002	  8.2528327165655203e-003	  8.7162205623146551e-003	  1.2952951668809487e-001	  9.4259390613913585e-002	  7.3459992318968034e-002	  2.4888482585524599e-001	  2.2772109926276385e-001	  6.7044393807474774e-003	  3.2594892979652570e-003	
  2.0215943442379161e-001	  2.0206176178500496e-001	  2.0115452794633637e-001	  1.9838344771430524e-002	  7.8940071883943034e-003	  8.3029674947090841e-003	  1.2911012481503695e-001	  9.3808945067796717e-002	  7.2721385824710716e-002	  2.4890531463854934e-001	  2.2777691649841422e-001	  6.4542434757869274e-003	  3.1847770693362726e-003	
  2.0218276542742541e-001	  2.0208909355446808e-001	  2.0117233119166775e-001	  1.8981368182934694e-002	  7.5512242267747635e-003	  7.9193140727086483e-003	  1.2867731058375514e-001	  9.3365650902527950e-002	  7.2000209878806412e-002	  2.4890089379824928e-001	  2.2781122403977641e-001	  6.2058107249888085e-003	  3.1146999018976909e-003	
  2.0220088861427704e-001	  2.0211141951796435e-001	  2.0118500473951179e-001	  1.8168520285982637e-002	  7.2667149264415438e-003	  7.5752722588143893e-003	  1.2823370148161084e-001	  9.2920966628941462e-002	  7.1292020102507500e-002	  2.4888970999056972e-001	  2.2783942175871300e-001	  6.0307056451767175e-003	  3.0461732609210440e-003	
  2.0221909499953214e-001	  2.0213312480239859e-001	  2.0119781584569402e-001	  1.7385834464231104e-002	  6.9285900752871880e-003	  7.2406170009992792e-003	  1.2780294839847076e-001	  9.2484545350798891e-002	  7.0596908239891773e-002	  2.4887918866443237e-001	  2.2786634903116013e-001	  5.7518786945687603e-003	  2.9857529692238287e-003	
  2.0225485181364317e-001	  2.0217689550387510e-001	  2.0122235172128594e-001	  1.5890563970979720e-002	  6.4166458773801715e-003	  6.6577550976608261e-003	  1.2693548586102121e-001	  9.1603386869673495e-002	  6.9187998284484367e-002	  2.4885745568179324e-001	  2.2792133817471014e-001	  5.4239902469187754e-003	  2.8646173914437401e-003	
  2.0227465542521036e-001	  2.0220418487033437e-001	  2.0123102656177183e-001	  1.4552777896868556e-002	  5.9761782033753829e-003	  6.1652422539418810e-003	  1.2609560268414044e-001	  9.0752224227899275e-002	  6.7839802113903253e-002	  2.4881507634535058e-001	  2.2795513726074637e-001	  5.1175946975808391e-003	  2.7580382070919516e-003	
  2.0228947029909586e-001	  2.0222581137601495e-001	  2.0123475493435111e-001	  1.3360680942068692e-002	  5.5834840212790927e-003	  5.7409034121644886e-003	  1.2527959542215780e-001	  8.9929796335597251e-002	  6.6546263452411950e-002	  2.4876834049376567e-001	  2.2798168413708597e-001	  4.8378899245399860e-003	  2.6627556840649125e-003	
  2.0231493983986812e-001	  2.0225745776648002e-001	  2.0124915117189032e-001	  1.2315137767334864e-002	  5.2475779503298979e-003	  5.3792738995203596e-003	  1.2451492793482952e-001	  8.9157301348616214e-002	  6.5319116067991817e-002	  2.4874139439306675e-001	  2.2802091873640848e-001	  4.6116896606059202e-003	  2.5777674507961139e-003	
  2.0231915590584545e-001	  2.0226746986662358e-001	  2.0124230701209267e-001	  1.1391609523346760e-002	  4.9703692647594189e-003	  5.0743830897493720e-003	  1.2376389766101706e-001	  8.8401970498832513e-002	  6.4140094531829533e-002	  2.4868474040181737e-001	  2.2803275393663633e-001	  4.4243606519453055e-003	  2.5008925546389504e-003	
  2.0232611332909570e-001	  2.0228240550385737e-001	  2.0123309220605104e-001	  1.0196689458366145e-002	  4.6415507084394654e-003	  4.7073738309885678e-003	  1.2269314350264363e-001	  8.7327297513743671e-002	  6.2466589422429754e-002	  2.4860651316643770e-001	  2.2804990323368840e-001	  4.1696945457612468e-003	  2.3985576467483311e-003	
  2.0238270665177660e-001	  2.0234481531085385e-001	  2.0127348433253980e-001	  9.2400059438681476e-003	  4.2902131093079847e-003	  4.3670923562937353e-003	  1.2175754919915688e-001	  8.6379750201843936e-002	  6.0944481007910667e-002	  2.4861003171382290e-001	  2.2812742923261919e-001	  3.9266562458199917e-003	  2.3126148503148708e-003	
  2.0229522235093303e-001	  2.0225840070866960e-001	  2.0118359256205948e-001	  9.0907709202675564e-003	  4.2393232942292526e-003	  4.3161535206038262e-003	  1.2155858365180601e-001	  8.6189987845841476e-002	  6.0712776305428651e-002	  2.4846369871506188e-001	  2.2801835480937260e-001	  3.8893632907431590e-003	  2.2974374457476548e-003	
  2.0234723211226630e-001	  2.0230845883909060e-001	  2.0123094185072016e-001	  9.3373261364279730e-003	  4.2052209430707985e-003	  4.2822470466798244e-003	  1.2348071134757123e-001	  8.6040914984962386e-002	  6.0485104721323221e-002	  2.4853950583030929e-001	  2.2808120210000402e-001	  3.8693780650760545e-003	  2.2894226213603327e-003	
  2.0244898932916006e-001	  2.0240859400971062e-001	  2.0132893011919922e-001	  9.5186354239906908e-003	  4.1824886969400246e-003	  4.2520921721084523e-003	  1.2524494019658097e-001	  8.6005694736018684e-002	  6.0307033611934520e-002	  2.4869284212211384e-001	  2.2820694088945495e-001	  3.8528417493367564e-003	  2.2823200720440925e-003	
  2.0251155900042811e-001	  2.0247097600468134e-001	  2.0138931798256890e-001	  9.4971947114660549e-003	  4.1624074813549480e-003	  4.2232136182287633e-003	  1.2560825860276481e-001	  8.6008797492971370e-002	  6.0175006563269857e-002	  2.4878181244193601e-001	  2.2828502383838964e-001	  3.8376227671849373e-003	  2.2760673823971791e-003	
  2.0255187778073794e-001	  2.0251187024647563e-001	  2.0142826814276646e-001	  9.3716601846281829e-003	  4.1400484144915916e-003	  4.1951777609536564e-003	  1.2531784391796608e-001	  8.5977643502680764e-002	  6.0059019466182972e-002	  2.4883451702731502e-001	  2.2833607131663544e-001	  3.8218697441097472e-003	  2.2696150011432162e-003	
  2.0259880104829578e-001	  2.0255934320728200e-001	  2.0147332718274857e-001	  9.2461858915238657e-003	  4.1111297794530826e-003	  4.1612920401466616e-003	  1.2511465050771262e-001	  8.5906009204315861e-002	  5.9912534931661099e-002	  2.4889580745584577e-001	  2.2839536078792602e-001	  3.8019632540179050e-003	  2.2615000641620585e-003	
  2.0267354916305386e-001	  2.0263425315730085e-001	  2.0154597622797235e-001	  9.1785662165951246e-003	  4.0866545967478138e-003	  4.1315512433408655e-003	  1.2517964784591221e-001	  8.5854133233870603e-002	  5.9772125551428017e-002	  2.4900123711890648e-001	  2.2848927963865126e-001	  3.7854997306750681e-003	  2.2547631258196749e-003	
  2.0274395839627013e-001	  2.0270485829988588e-001	  2.0161440745749670e-001	  9.1092840390928961e-003	  4.0652827888828244e-003	  4.1042854369353655e-003	  1.2523233904910117e-001	  8.5829664536734046e-002	  5.9648231774677075e-002	  2.4910059495759465e-001	  2.2857777497688475e-001	  3.7703337473168020e-003	  2.2483958735066496e-003	
  2.0280248058151609e-001	  2.0276369073100173e-001	  2.0167115593690696e-001	  9.0239899293127947e-003	  4.0435188676711973e-003	  4.0772913548210972e-003	  1.2519116600306820e-001	  8.5803057719288756e-002	  5.9536835954602699e-002	  2.4918178834756866e-001	  2.2865144738718421e-001	  3.7547290365377750e-003	  2.2419809235278486e-003	
  2.0285387135390406e-001	  2.0281537587730392e-001	  2.0172084211332977e-001	  8.9424447217911415e-003	  4.0217970214796502e-003	  4.0512666200397188e-003	  1.2513185649208305e-001	  8.5763523812512982e-002	  5.9429062929130555e-002	  2.4925227097341440e-001	  2.2871613976570140e-001	  3.7395981025866725e-003	  2.2357652512177968e-003	
  2.0294438773876278e-001	  2.0290636469917162e-001	  2.0180824018051954e-001	  8.8063715865994985e-003	  3.9837370924757079e-003	  4.0057389864240371e-003	  1.2506607740915693e-001	  8.5686457356688686e-002	  5.9226314113702841e-002	  2.4937626833475243e-001	  2.2883001666458241e-001	  3.7129865361495802e-003	  2.2246957161572759e-003	
  2.0310617285468086e-001	  2.0306789233249831e-001	  2.0196917127679781e-001	  8.8027074510803639e-003	  3.9846881929624578e-003	  4.0024864091798519e-003	  1.2515390383970326e-001	  8.5750359527587874e-002	  5.9198479579913740e-002	  2.4962099519871578e-001	  2.2903342203065619e-001	  3.7163529124134270e-003	  2.2261730269913130e-003	
  2.0306545093695100e-001	  2.0302742900528273e-001	  2.0192728838663571e-001	  8.7537121495793822e-003	  3.9694720984539793e-003	  3.9838498963202006e-003	  1.2515503860228561e-001	  8.5744568595759310e-002	  5.9158151598244835e-002	  2.4955407875813634e-001	  2.2898206405527022e-001	  3.7023796790699626e-003	  2.2201412520947037e-003	
  2.0305904207437675e-001	  2.0302114226201343e-001	  2.0192044752855781e-001	  8.7276591698158251e-003	  3.9621927956715874e-003	  3.9758418095113676e-003	  1.2512550601586339e-001	  8.5717251502531705e-002	  5.9131925388274852e-002	  2.4954193646309322e-001	  2.2897401486185048e-001	  3.6969472856869154e-003	  2.2179233361829575e-003	
  2.0305731120918519e-001	  2.0301942957764693e-001	  2.0191865505062817e-001	  8.7240661413537628e-003	  3.9611618881760478e-003	  3.9748112872308311e-003	  1.2512002181258530e-001	  8.5712291219064901e-002	  5.9127700413220421e-002	  2.4953899822467476e-001	  2.2897183897306511e-001	  3.6962139824450839e-003	  2.2176044026818720e-003	
  2.0305693656408236e-001	  2.0301907100002534e-001	  2.0191822285044692e-001	  8.7204835558969181e-003	  3.9601407388777819e-003	  3.9737732672300531e-003	  1.2511452432823258e-001	  8.5707309128055881e-002	  5.9123353817037760e-002	  2.4953807784824350e-001	  2.2897137144728305e-001	  3.6955111680917743e-003	  2.2173165685578687e-003	
  2.0305665750423935e-001	  2.0301880783269144e-001	  2.0191788640173411e-001	  8.7169470950322313e-003	  3.9591470717122252e-003	  3.9727491365240172e-003	  1.2510912292297721e-001	  8.5702399471549867e-002	  5.9118928929890402e-002	  2.4953733884096593e-001	  2.2897102431213137e-001	  3.6948414141742989e-003	  2.2170402116713640e-003	
  2.0305645271336314e-001	  2.0301861868326526e-001	  2.0191762426812102e-001	  8.7134591675253753e-003	  3.9581682360036192e-003	  3.9717376283451315e-003	  1.2510384812532188e-001	  8.5697589515233805e-002	  5.9114443647445843e-002	  2.4953670635375799e-001	  2.2897077049934986e-001	  3.6941822409281015e-003	  2.2167667644014564e-003	
  2.0305639924989774e-001	  2.0301858572480572e-001	  2.0191749366485162e-001	  8.7088214803718693e-003	  3.9568670195279706e-003	  3.9703875764319808e-003	  1.2509693073437542e-001	  8.5691257300349613e-002	  5.9108295324281593e-002	  2.4953619644889050e-001	  2.2897070812483769e-001	  3.6933096837703525e-003	  2.2164058098130841e-003	
  2.0305641043419906e-001	  2.0301861698727472e-001	  2.0191742780724636e-001	  8.7042615943940856e-003	  3.9555852010876667e-003	  3.9690499911642823e-003	  1.2509025776880822e-001	  8.5685122199338312e-002	  5.9102064445729498e-002	  2.4953578997481515e-001	  2.2897072637997168e-001	  3.6924496851371740e-003	  2.2160496137636440e-003	
  2.0305657575299382e-001	  2.0301880177807582e-001	  2.0191751654933537e-001	  8.6997792406332958e-003	  3.9543261786865345e-003	  3.9677256139955186e-003	  1.2508382559495285e-001	  8.5679183070690598e-002	  5.9095762008258383e-002	  2.4953562180476105e-001	  2.2897093778290842e-001	  3.6916076689958496e-003	  2.2157013104371751e-003	
  2.0305689835766416e-001	  2.0301914315753603e-001	  2.0191776309602674e-001	  8.6953794798824060e-003	  3.9530924221896574e-003	  3.9664170496115005e-003	  1.2507763507374292e-001	  8.5673442515539849e-002	  5.9089399673122024e-002	  2.4953569868494740e-001	  2.2897134607725125e-001	  3.6907865984619126e-003	  2.2153618449010527e-003	
  2.0305783902705951e-001	  2.0302012451530252e-001	  2.0191853111180091e-001	  8.6855801579054995e-003	  3.9503447464647023e-003	  3.9634651794103635e-003	  1.2506430884316369e-001	  8.5661008677202652e-002	  5.9074683293269148e-002	  2.4953619895306203e-001	  2.2897253024472100e-001	  3.6889607606552005e-003	  2.2146064331109673e-003	
  2.0306036623060975e-001	  2.0302268611728286e-001	  2.0192089025999388e-001	  8.6763343619953390e-003	  3.9477847467723351e-003	  3.9606507753790869e-003	  1.2505236489669891e-001	  8.5649742827182823e-002	  5.9059863680543813e-002	  2.4953915238307267e-001	  2.2897570410387819e-001	  3.6873114705496353e-003	  2.2139279754475895e-003	
  2.0306367788853713e-001	  2.0302602682563223e-001	  2.0192403606874715e-001	  8.6676031101443722e-003	  3.9453798569867348e-003	  3.9579471493306753e-003	  1.2504188635209945e-001	  8.5639732888289397e-002	  5.9045081584341526e-002	  2.4954333574481236e-001	  2.2897985725888606e-001	  3.6857842005303268e-003	  2.2132987155142969e-003	
  2.0306771565821199e-001	  2.0303008850352472e-001	  2.0192791017797240e-001	  8.6593316259667881e-003	  3.9431173290452688e-003	  3.9553359023769448e-003	  1.2503285204909090e-001	  8.5630976358070432e-002	  5.9030448350665309e-002	  2.4954865417305139e-001	  2.2898491692908951e-001	  3.6843627262804521e-003	  2.2127137755554591e-003	
  2.0307437884777255e-001	  2.0303680203309135e-001	  2.0193419937974119e-001	  8.6408699650226024e-003	  3.9380385963954604e-003	  3.9493266883620362e-003	  1.2501475807348381e-001	  8.5613309803281759e-002	  5.8997438497984341e-002	  2.4955692902202084e-001	  2.2899323394945520e-001	  3.6810454860335211e-003	  2.2113395926657022e-003	
  2.0309182750886626e-001	  2.0305422960041891e-001	  2.0195157214959017e-001	  8.6378154098345327e-003	  3.9375735731973990e-003	  3.9484949908083601e-003	  1.2501289627663079e-001	  8.5611061425067594e-002	  5.8988397330810030e-002	  2.4958313388318745e-001	  2.2901517133586666e-001	  3.6813093125125061e-003	  2.2115043104548675e-003	
  2.0309532731193763e-001	  2.0305772988342127e-001	  2.0195495645331635e-001	  8.6342368751567977e-003	  3.9365555473711072e-003	  3.9472083574868056e-003	  1.2501235136280331e-001	  8.5609956280110894e-002	  5.8979815988076237e-002	  2.4958807409145320e-001	  2.2901953779835052e-001	  3.6806757862809119e-003	  2.2112020318598791e-003	
  2.0309901224400917e-001	  2.0306141770544622e-001	  2.0195853094882010e-001	  8.6300144904604449e-003	  3.9353753244142026e-003	  3.9456198518595153e-003	  1.2501197801655495e-001	  8.5609032450684380e-002	  5.8971447762263596e-002	  2.4959317253661484e-001	  2.2902414073363261e-001	  3.6798532204654665e-003	  2.2108659985717286e-003	
  2.0310294978082780e-001	  2.0306535823916216e-001	  2.0196236072808482e-001	  8.6257018999565168e-003	  3.9342426409649522e-003	  3.9440350880328582e-003	  1.2501146764153465e-001	  8.5608027247667098e-002	  5.8963215727934393e-002	  2.4959870511823198e-001	  2.2902906276230361e-001	  3.6790988271825972e-003	  2.2105558979484091e-003	
  2.0310719485928586e-001	  2.0306960634659424e-001	  2.0196648360322239e-001	  8.6208434404077289e-003	  3.9329624546084576e-003	  3.9422703082268402e-003	  1.2501066064116503e-001	  8.5606728597232964e-002	  5.8953982100392405e-002	  2.4960463795767843e-001	  2.2903436650885597e-001	  3.6782461137340101e-003	  2.2101998177545099e-003	
  2.0311225669347116e-001	  2.0307466879100367e-001	  2.0197142626751349e-001	  8.6161440742842411e-003	  3.9317399369073651e-003	  3.9405754802457858e-003	  1.2500983559686676e-001	  8.5605446876440228e-002	  5.8944928330513055e-002	  2.4961182631445003e-001	  2.2904069815534184e-001	  3.6774641598955188e-003	  2.2098772319459016e-003	
  2.0311752150659307e-001	  2.0307993298149546e-001	  2.0197657316673284e-001	  8.6115762767990430e-003	  3.9305568748291223e-003	  3.9389258696820636e-003	  1.2500914648821920e-001	  8.5604306969503996e-002	  5.8936082771296375e-002	  2.4961933764152233e-001	  2.2904728483886860e-001	  3.6767177541948077e-003	  2.2095681253325350e-003	
  2.0312296331549021e-001	  2.0308537318636333e-001	  2.0198189836539282e-001	  8.6071166616027758e-003	  3.9294070778669917e-003	  3.9373080748766704e-003	  1.2500866758795579e-001	  8.5603367875078204e-002	  5.8927460573877696e-002	  2.4962712664674902e-001	  2.2905409403003232e-001	  3.6759963834566227e-003	  2.2092695437305751e-003	
  2.0312943035883618e-001	  2.0309183944326994e-001	  2.0198820583173199e-001	  8.6009715974875167e-003	  3.9278034184765049e-003	  3.9350605615940523e-003	  1.2500807001640832e-001	  8.5602173109105645e-002	  5.8916017801754844e-002	  2.4963629254222236e-001	  2.2906217861875527e-001	  3.6749485548070240e-003	  2.2088328031782457e-003	
  2.0313767635545399e-001	  2.0310007590905915e-001	  2.0199635074480049e-001	  8.5974143413851123e-003	  3.9269713453370372e-003	  3.9337715994790792e-003	  1.2500866421787882e-001	  8.5602212285126933e-002	  5.8908539967584009e-002	  2.4964843556633193e-001	  2.2907251917259194e-001	  3.6745423791715451e-003	  2.2086741815763107e-003	
  2.0314311222097509e-001	  2.0310550698783497e-001	  2.0200167894552726e-001	  8.5936875373431622e-003	  3.9260148548752307e-003	  3.9323667369328460e-003	  1.2500946341464486e-001	  8.5602440706598476e-002	  5.8901290706277892e-002	  2.4965628551316074e-001	  2.2907932060531347e-001	  3.6739407696873621e-003	  2.2084199354823930e-003	
  2.0314858492115434e-001	  2.0311097326496069e-001	  2.0200707219379152e-001	  8.5909817153475166e-003	  3.9253569578434431e-003	  3.9313466652612103e-003	  1.2501040712528921e-001	  8.5602901360542591e-002	  5.8895884583393392e-002	  2.4966430005845780e-001	  2.2908617801842832e-001	  3.6735700079339323e-003	  2.2082698176923085e-003	
  2.0315275539247674e-001	  2.0311513962869410e-001	  2.0201116044079920e-001	  8.5881785686139668e-003	  3.9246404661055796e-003	  3.9302715542977509e-003	  1.2501137526837938e-001	  8.5603391842658347e-002	  5.8890594433201326e-002	  2.4967032694833019e-001	  2.2909139558706434e-001	  3.6731106580684464e-003	  2.2080761844686944e-003	
  2.0315698392948445e-001	  2.0311936404081193e-001	  2.0201530774255644e-001	  8.5853594577047897e-003	  3.9239245877890263e-003	  3.9291907812661082e-003	  1.2501234010073187e-001	  8.5603887910709137e-002	  5.8885408756794384e-002	  2.4967643930820752e-001	  2.2909668660032123e-001	  3.6726510367001554e-003	  2.2078848867126770e-003	
  2.0316181954420517e-001	  2.0312420020449648e-001	  2.0201996895583024e-001	  8.5788441297544663e-003	  3.9221780130657491e-003	  3.9267038761806204e-003	  1.2501315927147047e-001	  8.5603942564090457e-002	  5.8874624460967917e-002	  2.4968307677325999e-001	  2.2910270915566622e-001	  3.6713894998286170e-003	  2.2073499498023144e-003	
  2.0317205909593325e-001	  2.0313442908730592e-001	  2.0203004980814468e-001	  8.5730298251114178e-003	  3.9207677749411420e-003	  3.9245547146658467e-003	  1.2501420264928553e-001	  8.5604206870216429e-002	  5.8864219525781900e-002	  2.4969800720369420e-001	  2.2911553635246690e-001	  3.6705675446525379e-003	  2.2070193975719369e-003	
  2.0318233207292064e-001	  2.0314468881496672e-001	  2.0204016421836041e-001	  8.5676829367835883e-003	  3.9194586648882970e-003	  3.9225392564561081e-003	  1.2501612477327265e-001	  8.5605230867220203e-002	  5.8854371250474033e-002	  2.4971303391842248e-001	  2.2912840299369580e-001	  3.6698117484309845e-003	  2.2067047062383702e-003	
  2.0319259978463486e-001	  2.0315494212026239e-001	  2.0205027469094089e-001	  8.5625643149042779e-003	  3.9182051569950031e-003	  3.9205610701856849e-003	  1.2501892479752894e-001	  8.5607015785119867e-002	  5.8845111383754367e-002	  2.4972806237701434e-001	  2.2914126198845466e-001	  3.6690716837632456e-003	  2.2063977363114239e-003	
  2.0320579098221325e-001	  2.0316813228030067e-001	  2.0206302660375725e-001	  8.5454847412871904e-003	  3.9136869560512013e-003	  3.9141800024965001e-003	  1.2501896332236886e-001	  8.5605564958534747e-002	  5.8819416827425607e-002	  2.4974627702615082e-001	  2.2915770123414295e-001	  3.6658811409640726e-003	  2.2050531651461127e-003	
  2.0324455129590463e-001	  2.0320681931392340e-001	  2.0210140618620887e-001	  8.5352800013519491e-003	  3.9115383268306060e-003	  3.9100444943240258e-003	  1.2503337044511117e-001	  8.5616367136418348e-002	  5.8800183528695628e-002	  2.4980399394306599e-001	  2.2920630867318292e-001	  3.6650526708083193e-003	  2.2047307857157640e-003	
  2.0327915077629807e-001	  2.0324134370736693e-001	  2.0213562380898922e-001	  8.5263820765456820e-003	  3.9096228097653344e-003	  3.9060324880946804e-003	  1.2505432903883357e-001	  8.5632897857568210e-002	  5.8786167724824305e-002	  2.4985548306779046e-001	  2.2924966589392071e-001	  3.6640869138814020e-003	  2.2043254120317174e-003	
  2.0332022152344004e-001	  2.0328233500703691e-001	  2.0217594483793402e-001	  8.5033654847258139e-003	  3.9039365596696177e-003	  3.8965843961708030e-003	  1.2507913967152723e-001	  8.5651862625106961e-002	  5.8759513672253412e-002	  2.4991530711107932e-001	  2.2930100743031040e-001	  3.6601996569167300e-003	  2.2026760456150814e-003	
  2.0340291974808297e-001	  2.0336482432190645e-001	  2.0225801485705799e-001	  8.4934804984669321e-003	  3.9026516409329799e-003	  3.8913896355039362e-003	  1.2513104914814657e-001	  8.5694188168746729e-002	  5.8749385592482765e-002	  2.5003965507134046e-001	  2.2940471999729015e-001	  3.6605045446643056e-003	  2.2028270047264203e-003	
  2.0346345019528542e-001	  2.0342517802987314e-001	  2.0231792340234536e-001	  8.4829342981424492e-003	  3.9007632739349735e-003	  3.8855014974253886e-003	  1.2518692804943282e-001	  8.5740457331875755e-002	  5.8750201302955024e-002	  2.5013028358288630e-001	  2.2948051598718130e-001	  3.6594890901914595e-003	  2.2023721732358672e-003	
  2.0351362592070391e-001	  2.0347519962800828e-001	  2.0236752440892780e-001	  8.4708909876958956e-003	  3.8984093792791366e-003	  3.8796209057003388e-003	  1.2523071818566342e-001	  8.5776900047912621e-002	  5.8753862446322587e-002	  2.5020510567646143e-001	  2.2954329710679347e-001	  3.6581005794554897e-003	  2.2017696607868256e-003	
  2.0359139243731392e-001	  2.0355271747093862e-001	  2.0244419784190462e-001	  8.4400740925979160e-003	  3.8916197251315345e-003	  3.8665827909740934e-003	  1.2528401504173250e-001	  8.5821128579934597e-002	  5.8752633289960304e-002	  2.5031995212305663e-001	  2.2964045976459962e-001	  3.6539412037014940e-003	  2.1999952919526753e-003	
  2.0376266106939031e-001	  2.0372341332832905e-001	  2.0261470758464906e-001	  8.4468511025337107e-003	  3.8968142339073837e-003	  3.8645173468923187e-003	  1.2542508027039012e-001	  8.5940879253541630e-002	  5.8790483608336511e-002	  2.5058048146600709e-001	  2.2985527153611596e-001	  3.6602033633495162e-003	  2.2026485537186952e-003	
  2.0383256608501815e-001	  2.0379295634115330e-001	  2.0268387716633332e-001	  8.4404901989928033e-003	  3.8967614533088378e-003	  3.8579062782418908e-003	  1.2553260933234850e-001	  8.6034128583344804e-002	  5.8839538561842999e-002	  2.5068572758379504e-001	  2.2994247098234563e-001	  3.6598344243616728e-003	  2.2023917753928907e-003	
  2.0388874696647785e-001	  2.0384884528690270e-001	  2.0273954621409290e-001	  8.4275077866366732e-003	  3.8950880144721267e-003	  3.8516721849705380e-003	  1.2557474012984254e-001	  8.6072359089391912e-002	  5.8866480829762431e-002	  2.5076985324256051e-001	  2.3001252830669139e-001	  3.6596612059247792e-003	  2.2023270160702463e-003	
  2.0396753497954595e-001	  2.0392725663445918e-001	  2.0281799481638271e-001	  8.4284062144159601e-003	  3.8975171932202068e-003	  3.8495176877801065e-003	  1.2563829712928681e-001	  8.6128814871861581e-002	  5.8889659152244984e-002	  2.5088959311389214e-001	  2.3011106913441878e-001	  3.6630395006746223e-003	  2.2037585359867690e-003	
  2.0409009571084427e-001	  2.0404912097221076e-001	  2.0294027615969351e-001	  8.4497390972189945e-003	  3.9070155853368361e-003	  3.8509274136519622e-003	  1.2579167432346522e-001	  8.6265494445589966e-002	  5.8967876726114483e-002	  2.5107774205232547e-001	  2.3026427021381046e-001	  3.6714800023745636e-003	  2.2072743265901958e-003	
  2.0423671861237080e-001	  2.0419484994943185e-001	  2.0308701404163781e-001	  8.4979126257358865e-003	  3.9247890912538809e-003	  3.8602019423629990e-003	  1.2599804849587851e-001	  8.6450578241302978e-002	  5.9107352446343547e-002	  2.5130526682628090e-001	  2.3044768137122121e-001	  3.6861184248741731e-003	  2.2133655721238220e-003	
  2.0427618511401199e-001	  2.0423370966591692e-001	  2.0312679117973859e-001	  8.5234922005385880e-003	  3.9349096375779205e-003	  3.8646040021301522e-003	  1.2609417129870495e-001	  8.6543473136444449e-002	  5.9212638945229670e-002	  2.5136791065541519e-001	  2.3049626350580987e-001	  3.6942827601674057e-003	  2.2167400192151425e-003	
  2.0439442694271887e-001	  2.0435104031451620e-001	  2.0324572774548327e-001	  8.5859744812953089e-003	  3.9568052550817013e-003	  3.8795638535810291e-003	  1.2626796125066567e-001	  8.6703976172672947e-002	  5.9352827113956584e-002	  2.5155389253716132e-001	  2.3064400347740827e-001	  3.7125774435358772e-003	  2.2243897314889230e-003	
  2.0453905448794865e-001	  2.0449427316629942e-001	  2.0339171421669819e-001	  8.6967725439810843e-003	  3.9940580801366039e-003	  3.9065471673848289e-003	  1.2655418398510729e-001	  8.6969430902835876e-002	  5.9611590399142024e-002	  2.5178467242034069e-001	  2.3082436384217880e-001	  3.7418032502892634e-003	  2.2364822955482241e-003	
  2.0463699537791771e-001	  2.0459084092439267e-001	  2.0349143910473994e-001	  8.8147410852109972e-003	  4.0331659437164435e-003	  3.9366794891535347e-003	  1.2680322270730171e-001	  8.7206671478322131e-002	  5.9883158305668802e-002	  2.5194520577582485e-001	  2.3094590472699930e-001	  3.7722501921108181e-003	  2.2490461148485866e-003	
  2.0473269932660421e-001	  2.0468506946135295e-001	  2.0358932356298046e-001	  8.9530641243144356e-003	  4.0783300700922990e-003	  3.9730270755488533e-003	  1.2705974309861642e-001	  8.7452883586295077e-002	  6.0169955010825608e-002	  2.5210411951507883e-001	  2.3106458990693057e-001	  3.8074919672788834e-003	  2.2635529184250390e-003	
  2.0484025746256113e-001	  2.0479097046947295e-001	  2.0369941743188311e-001	  9.1200992613381191e-003	  4.1321050760407818e-003	  4.0171604923247119e-003	  1.2735765234917037e-001	  8.7737431183845152e-002	  6.0498304403023687e-002	  2.5228345477302666e-001	  2.3119809031345809e-001	  3.8490015123904277e-003	  2.2805303310692669e-003	
  2.0521028428229199e-001	  2.0515660345593872e-001	  2.0407552671079646e-001	  9.5952259783551232e-003	  4.2828981155833504e-003	  4.1420993414890998e-003	  1.2824266358395661e-001	  8.8564486034022116e-002	  6.1431125521722349e-002	  2.5288943626641786e-001	  2.3165962161673734e-001	  3.9635799997146800e-003	  2.3267747331419128e-003	
  2.0498603429602683e-001	  2.0493223279237399e-001	  2.0385290167589898e-001	  9.6150392755708879e-003	  4.2884685783070118e-003	  4.1494046146308165e-003	  1.2812901450268366e-001	  8.8488296211736456e-002	  6.1525245730672820e-002	  2.5255013620332484e-001	  2.3137602801683047e-001	  3.9655221526677014e-003	  2.3274519185314708e-003	
  2.0502932226436021e-001	  2.0497465875889212e-001	  2.0389812864763110e-001	  9.7149844104923271e-003	  4.3208793020809554e-003	  4.1794534905315655e-003	  1.2819094862300748e-001	  8.8558659434305534e-002	  6.1621092378280118e-002	  2.5262504455708690e-001	  2.3142968502925243e-001	  3.9935131136568797e-003	  2.3389559492258210e-003	
  2.0511998527403710e-001	  2.0506408704129805e-001	  2.0399064090267441e-001	  9.8662588293992395e-003	  4.3678256092193899e-003	  4.2187694293676350e-003	  1.2842840374450906e-001	  8.8780888726794488e-002	  6.1821489464354250e-002	  2.5277542347893350e-001	  2.3154265018071013e-001	  4.0291057968973544e-003	  2.3530876709628107e-003	
  2.0514700332057945e-001	  2.0509000286604687e-001	  2.0401953629503400e-001	  1.0001797518077088e-002	  4.4097038502316855e-003	  4.2544103633868425e-003	  1.2862090243226620e-001	  8.8967292411516477e-002	  6.2055390340640379e-002	  2.5282774225872584e-001	  2.3157533747571640e-001	  4.0595474029906445e-003	  2.3651104011300104e-003	
  2.0521548351808011e-001	  2.0515690511552243e-001	  2.0409066781250940e-001	  1.0193885114372272e-002	  4.4697571121381265e-003	  4.3067252341885296e-003	  1.2887530191544536e-001	  8.9214249920914951e-002	  6.2380807910920939e-002	  2.5294797454935020e-001	  2.3165984616221139e-001	  4.1049515792885641e-003	  2.3830719542998961e-003	
  2.0527962036603387e-001	  2.0521940815771458e-001	  2.0415752750103608e-001	  1.0397153597375303e-002	  4.5330452655183793e-003	  4.3617775890648219e-003	  1.2914001658331350e-001	  8.9471008156022949e-002	  6.2717214129108093e-002	  2.5306214271267186e-001	  2.3173880871260455e-001	  4.1524100762211063e-003	  2.4017073876907487e-003	
  2.0532383616851849e-001	  2.0526200542614872e-001	  2.0420449581946809e-001	  1.0604576751185112e-002	  4.5973756094098289e-003	  4.4180339487332604e-003	  1.2938489618891921e-001	  8.9711457694382879e-002	  6.3045495714395702e-002	  2.5314573384701544e-001	  2.3179262981658533e-001	  4.2003354068155391e-003	  2.4203490500246056e-003	
  2.0549120968496495e-001	  2.0542590932770588e-001	  2.0437709338696242e-001	  1.1053261446571760e-002	  4.7365910591850371e-003	  4.5388740187522949e-003	  1.2996246503443873e-001	  9.0264971003534436e-002	  6.3744293440896993e-002	  2.5343489700535315e-001	  2.3199979083976416e-001	  4.3038740414284076e-003	  2.4603091393563458e-003	
  2.0553596514691547e-001	  2.0546754307696599e-001	  2.0442706298538246e-001	  1.1480062422678647e-002	  4.8685545170620882e-003	  4.6555832213546963e-003	  1.3039186091957389e-001	  9.0692379146926835e-002	  6.4361898621656102e-002	  2.5353386005653050e-001	  2.3205245346547232e-001	  4.4010398613264085e-003	  2.4971008699349912e-003	
  2.0570368330017719e-001	  2.0563144640130984e-001	  2.0460021405535708e-001	  1.2000579083456465e-002	  5.0304373394241325e-003	  4.7971434057641985e-003	  1.3099613658521653e-001	  9.1272886089321145e-002	  6.5103025140360676e-002	  2.5382617827246168e-001	  2.3225971376249122e-001	  4.5205939885942939e-003	  2.5421991618753879e-003	
  2.0560167533987120e-001	  2.0552880691110703e-001	  2.0449979452336303e-001	  1.2104400623613449e-002	  5.0621241354668082e-003	  4.8269856368216360e-003	  1.3100744016836927e-001	  9.1302176000866250e-002	  6.5242786237776199e-002	  2.5367704185108536e-001	  2.3212994957792582e-001	  4.5422890557741662e-003	  2.5497702898567330e-003	
  2.0561442107049097e-001	  2.0554063748168208e-001	  2.0451432498780317e-001	  1.2232165062844557e-002	  5.1019109217028923e-003	  4.8640208166220965e-003	  1.3110786727232870e-001	  9.1406366823060886e-002	  6.5398838716963684e-002	  2.5370597683483298e-001	  2.3214498090009855e-001	  4.5723408235844908e-003	  2.5613548529710224e-003	
  2.0564341625320032e-001	  2.0556854626155990e-001	  2.0454499139634308e-001	  1.2389405047170843e-002	  5.1511505307137197e-003	  4.9080945801959052e-003	  1.3125769843455948e-001	  9.1553512300373743e-002	  6.5584666627621649e-002	  2.5376066987500318e-001	  2.3218031183099633e-001	  4.6094600455091521e-003	  2.5752958676359648e-003	
  2.0570178431878722e-001	  2.0562461986395961e-001	  2.0460652068642055e-001	  1.2726726272684400e-002	  5.2567196493987847e-003	  5.0008136617005977e-003	  1.3157448466721175e-001	  9.1863315867683190e-002	  6.5993308719932892e-002	  2.5387085548047095e-001	  2.3225124108865033e-001	  4.6866543186687521e-003	  2.6032742458301930e-003	
  2.0580078909804472e-001	  2.0572108133634209e-001	  2.0470876106516853e-001	  1.3096263199490289e-002	  5.3729989106274583e-003	  5.1025354709771783e-003	  1.3195283924569437e-001	  9.2227482874721267e-002	  6.6461232095064229e-002	  2.5404510515074191e-001	  2.3237323136541696e-001	  4.7713995647924732e-003	  2.6339641035352428e-003	
  2.0578617024029891e-001	  2.0570436637677947e-001	  2.0469731293856094e-001	  1.3419242885399595e-002	  5.4750796885422431e-003	  5.1941416280450259e-003	  1.3218736923691476e-001	  9.2467973464862782e-002	  6.6848123273551191e-002	  2.5404215999238972e-001	  2.3235212271225969e-001	  4.8448972400149427e-003	  2.6599454205766000e-003	
  2.0591829335235892e-001	  2.0583339378733392e-001	  2.0483329543680087e-001	  1.3875570837466093e-002	  5.6204370843880892e-003	  5.3225971016485005e-003	  1.3264649689486641e-001	  9.2909000590807783e-002	  6.7407528065072553e-002	  2.5427198202601153e-001	  2.3251533760991858e-001	  4.9513981020550277e-003	  2.6984122838892926e-003	
  2.0587711518563739e-001	  2.0578974617703474e-001	  2.0479572903989621e-001	  1.4275563272534023e-002	  5.7492979391596420e-003	  5.4387819562017404e-003	  1.3289314091768864e-001	  9.3167056219869579e-002	  6.7843276821093160e-002	  2.5423137808704643e-001	  2.3246016367123210e-001	  5.0438600347875728e-003	  2.7300754518613411e-003	
  2.0605672178745443e-001	  2.0596593648300568e-001	  2.0497915436496283e-001	  1.4787878264972827e-002	  5.9152890291221888e-003	  5.5850315578110888e-003	  1.3341972220679346e-001	  9.3667195135083731e-002	  6.8449556345233975e-002	  2.5453597911232723e-001	  2.3268303460534695e-001	  5.1652665397807418e-003	  2.7731936276850140e-003	
  2.0591996548962768e-001	  2.0582872843909891e-001	  2.0484347080432974e-001	  1.4888263677220013e-002	  5.9488071693236813e-003	  5.6165241513480247e-003	  1.3338739173979994e-001	  9.3656016862961974e-002	  6.8554764639553359e-002	  2.5433120832373440e-001	  2.3250944682869495e-001	  5.1864858843741011e-003	  2.7790317808704099e-003	
  2.0596296678348439e-001	  2.0587081505838414e-001	  2.0488786551730589e-001	  1.5025511718605620e-002	  5.9938290619305336e-003	  5.6589358003407454e-003	  1.3348737964824731e-001	  9.3756493897470414e-002	  6.8692134242000741e-002	  2.5440556700891603e-001	  2.3256275449678473e-001	  5.2209486760692418e-003	  2.7917097981712945e-003	
  2.0598300539957112e-001	  2.0588989573331892e-001	  2.0490912462398966e-001	  1.5179711791514564e-002	  6.0445286020082327e-003	  5.7050259675193900e-003	  1.3361205720183514e-001	  9.3878707989802745e-002	  6.8847569846829604e-002	  2.5444478994188136e-001	  2.3258691715686880e-001	  5.2588207321871260e-003	  2.8049742208563692e-003	
  2.0602420405908534e-001	  2.0592859993013057e-001	  2.0495325833466424e-001	  1.5588919903407000e-002	  6.1805021257059578e-003	  5.8260898805016061e-003	  1.3391858735061304e-001	  9.4181416220205122e-002	  6.9264256204511473e-002	  2.5452935206364863e-001	  2.3263587230064303e-001	  5.3569128406237209e-003	  2.8378585276754246e-003	
  2.0613256182712839e-001	  2.0603410875247177e-001	  2.0506457399951264e-001	  1.6046961370173633e-002	  6.3344059681621472e-003	  5.9616982868219582e-003	  1.3431678846914888e-001	  9.4564222240080528e-002	  6.9754826474725723e-002	  2.5471927481479301e-001	  2.3276930394447831e-001	  5.4678019907849302e-003	  2.8751522996793019e-003	
  2.0609029575991314e-001	  2.0598962020520409e-001	  2.0502514061483326e-001	  1.6439370681428141e-002	  6.4697940684889186e-003	  6.0840786814766352e-003	  1.3452387918751113e-001	  9.4782241994120234e-002	  7.0134985643436024e-002	  2.5467390156923464e-001	  2.3271298680146804e-001	  5.5639568641325573e-003	  2.9058386227252364e-003	
  2.0621409976712410e-001	  2.0611053705519874e-001	  2.0515203957659095e-001	  1.6906948639946469e-002	  6.6301346401575556e-003	  6.2278148878449121e-003	  1.3493290155461482e-001	  9.5174885889164465e-002	  7.0628792783525532e-002	  2.5488829908291749e-001	  2.3286595161730558e-001	  5.6806652901279413e-003	  2.9451747360120465e-003	
  2.0615524858258535e-001	  2.0604946308211788e-001	  2.0509598550136479e-001	  1.7315984837608302e-002	  6.7752471976241452e-003	  6.3601849168808651e-003	  1.3512480699799884e-001	  9.5380584165510485e-002	  7.1000935479916455e-002	  2.5481746732029131e-001	  2.3278863732864041e-001	  5.7843840618542136e-003	  2.9776337244421763e-003	
  2.0629734052792498e-001	  2.0618857544816785e-001	  2.0524108814724784e-001	  1.7808755239678724e-002	  6.9486450564259124e-003	  6.5157391110482943e-003	  1.3555563582955937e-001	  9.5792026305197744e-002	  7.1505752658579821e-002	  2.5506048963831190e-001	  2.3296461554833886e-001	  5.9107575418213924e-003	  3.0193798516404821e-003	
  2.0621106809063178e-001	  2.0610018012197157e-001	  2.0515747841591311e-001	  1.8223130779109052e-002	  7.1017561961991245e-003	  6.6559861976903459e-003	  1.3571280926115745e-001	  9.5967731451881810e-002	  7.1857053357433531e-002	  2.5494678638305646e-001	  2.3285269403054681e-001	  6.0199599850220371e-003	  3.0522414555371590e-003	
  2.0638162660640627e-001	  2.0626807736082597e-001	  2.0533051921322926e-001	  1.8663633044718721e-002	  7.2606578273876760e-003	  6.7983946074512969e-003	  1.3612849576765584e-001	  9.6359063625664640e-002	  7.2304245176519941e-002	  2.5523062953977244e-001	  2.3306510373391881e-001	  6.1364951371201629e-003	  3.0904350475857842e-003	
  2.0625324765925604e-001	  2.0613849994610037e-001	  2.0520380546275790e-001	  1.8929139996065346e-002	  7.3642061302538900e-003	  6.8941268469161531e-003	  1.3616691559478347e-001	  9.6420002806779287e-002	  7.2516053328346486e-002	  2.5504463038832015e-001	  2.3290104311694809e-001	  6.2092011737165890e-003	  3.1107422445503762e-003	
  2.0635718543160039e-001	  2.0624055087064222e-001	  2.0530979828912499e-001	  1.9251224394183291e-002	  7.4837166661075672e-003	  7.0038615701267385e-003	  1.3643406236501784e-001	  9.6675988807530491e-002	  7.2822200098638490e-002	  2.5522053847224713e-001	  2.3303017697492517e-001	  6.2971393213224073e-003	  3.1391109967629587e-003	
  2.0634153944431610e-001	  2.0622328619600597e-001	  2.0529586292678642e-001	  1.9566439582472124e-002	  7.6040116045248199e-003	  7.1138622426900949e-003	  1.3660322823966478e-001	  9.6848920965669452e-002	  7.3094401178712437e-002	  2.5521039700627773e-001	  2.3300825349886900e-001	  6.3844039614404354e-003	  3.1655479009761096e-003	
  2.0641281093099523e-001	  2.0629135455768965e-001	  2.0537040824123537e-001	  2.0165364195878836e-002	  7.8349804260788667e-003	  7.3244117682545462e-003	  1.3699874997546119e-001	  9.7238475409868477e-002	  7.3633690200913066e-002	  2.5534726070613006e-001	  2.3309426802088373e-001	  6.5525070144403933e-003	  3.2166222489582717e-003	
  2.0646412411231294e-001	  2.0633950252356764e-001	  2.0542488099773562e-001	  2.0772540216967651e-002	  8.0729091033171479e-003	  7.5413894558737544e-003	  1.3737967561828995e-001	  9.7615876871513990e-002	  7.4171998039910605e-002	  2.5545312397095798e-001	  2.3315504774708809e-001	  6.7258472571339852e-003	  3.2687482151215826e-003	
  2.0647344893615685e-001	  2.0634594757491331e-001	  2.0543729940132296e-001	  2.1360475622801734e-002	  8.3149328004352638e-003	  7.7644090939552142e-003	  1.3769576583491744e-001	  9.7936626851467021e-002	  7.4662133511978132e-002	  2.5549304363188546e-001	  2.3316303249743126e-001	  6.9026075408331628e-003	  3.3198589261408977e-003	
  2.0660205247732941e-001	  2.0647004089325852e-001	  2.0557033410984635e-001	  2.2254078599779178e-002	  8.6859204260815691e-003	  8.1054637743796076e-003	  1.3829811414442303e-001	  9.8524796917163066e-002	  7.5457444904004675e-002	  2.5573025018448514e-001	  2.3331982844013063e-001	  7.1756162909836826e-003	  3.3996426953159502e-003	
  2.0650236428272431e-001	  2.0636948098446284e-001	  2.0547198248887366e-001	  2.2489334319189449e-002	  8.7963926510374185e-003	  8.2105026037831447e-003	  1.3832420598894893e-001	  9.8570052174041495e-002	  7.5622690112568669e-002	  2.5558637597198913e-001	  2.3319242759501443e-001	  7.2560785955994300e-003	  3.4200931181623171e-003	
  2.0654692562480970e-001	  2.0641278855993955e-001	  2.0551815313170596e-001	  2.2748153233811484e-002	  8.9110897482077324e-003	  8.3201784057384456e-003	  1.3848573898199251e-001	  9.8730171092338601e-002	  7.5833529317725537e-002	  2.5566709570797802e-001	  2.3324721127504164e-001	  7.3421437441048617e-003	  3.4444652658428433e-003	
  2.0655645415764262e-001	  2.0642105655008530e-001	  2.0552909182177215e-001	  2.3019081954645228e-002	  9.0290962670669210e-003	  8.4320687247587036e-003	  1.3864053198971141e-001	  9.8885288253547587e-002	  7.6052363750342952e-002	  2.5569354017410040e-001	  2.3325760783116486e-001	  7.4307245842650804e-003	  3.4698409601742093e-003	
  2.0661497856369715e-001	  2.0647605210652173e-001	  2.0559119789225005e-001	  2.3776444448838988e-002	  9.3610589530908461e-003	  8.7428475165396580e-003	  1.3907867542494823e-001	  9.9321081865072491e-002	  7.6668644735698635e-002	  2.5581550379454338e-001	  2.3332698202273441e-001	  7.6792406103178262e-003	  3.5403387776781138e-003	
  2.0672149137738627e-001	  2.0657883150291872e-001	  2.0570119758425570e-001	  2.4585785660019874e-002	  9.7253496702014094e-003	  9.0802862323655208e-003	  1.3958801212165284e-001	  9.9819370342867600e-002	  7.7346369179868382e-002	  2.5601294726010704e-001	  2.3345677306424356e-001	  7.9525454578160439e-003	  3.6166946520293920e-003	
  2.0660716101817675e-001	  2.0646397107266157e-001	  2.0558798639807324e-001	  2.4784171362549911e-002	  9.8350144297007554e-003	  9.1852074845953022e-003	  1.3957802858277146e-001	  9.9830618749698924e-002	  7.7473345847413097e-002	  2.5584464189019901e-001	  2.3331122607029486e-001	  8.0339579712615239e-003	  3.6351107426455015e-003	
  2.0666484114183062e-001	  2.0652064884302360e-001	  2.0564711289140780e-001	  2.5011781370440595e-002	  9.9490014415946192e-003	  9.2953798643916844e-003	  1.3972810605714148e-001	  9.9977673810711140e-002	  7.7655190805080973e-002	  2.5594423992056536e-001	  2.3338293928571119e-001	  8.1215508834548214e-003	  3.6581021242754093e-003	
  2.0667217231982199e-001	  2.0652697639254541e-001	  2.0565563419013105e-001	  2.5253288950688544e-002	  1.0065640487951744e-002	  9.4074528835684703e-003	  1.3986411132999457e-001	  1.0011370708127276e-001	  7.7843938979622052e-002	  2.5596577119121572e-001	  2.3339087126633121e-001	  8.2113146951793264e-003	  3.6823619585943141e-003	
  2.0671632803206472e-001	  2.0656827541703743e-001	  2.0570283614155827e-001	  2.5932720444449858e-002	  1.0391607036916484e-002	  9.7176761991163013e-003	  1.4023413087809461e-001	  1.0048366820686919e-001	  7.8371494711513362e-002	  2.5606150591750465e-001	  2.3344291117042776e-001	  8.4615747497815471e-003	  3.7501234217721638e-003	
  2.0680910820527748e-001	  2.0665800745113100e-001	  2.0579860170881720e-001	  2.6654246180318950e-002	  1.0742982485462193e-002	  1.0048524001345717e-002	  1.4067310649395642e-001	  1.0091389200313826e-001	  7.8954564073165839e-002	  2.5623358002186231e-001	  2.3355621899493420e-001	  8.7318169225574331e-003	  3.8229242506191332e-003	
  2.0671991242965140e-001	  2.0656734344062450e-001	  2.0571163493775230e-001	  2.7119312351634089e-002	  1.0998147661982413e-002	  1.0293719091440875e-002	  1.4079169094411143e-001	  1.0105463560366527e-001	  7.9257242659835095e-002	  2.5611425818922168e-001	  2.3344119851688980e-001	  8.9296569477857104e-003	  3.8713387964699579e-003	
  2.0687928860073471e-001	  2.0672473432189414e-001	  2.0587310152079175e-001	  2.7570616559244344e-002	  1.1227732180273106e-002	  1.0511836962387441e-002	  1.4116892555953894e-001	  1.0141028482028873e-001	  7.9656432949780059e-002	  2.5637963835422983e-001	  2.3364034272858067e-001	  9.1101652405540141e-003	  3.9192654574565595e-003	
  2.0673654424455773e-001	  2.0658139968458872e-001	  2.0573164797554605e-001	  2.7836336262674944e-002	  1.1386076033478182e-002	  1.0667393435020696e-002	  1.4116110488776798e-001	  1.0142856260151865e-001	  7.9815254582112277e-002	  2.5616946183736028e-001	  2.3345869205164088e-001	  9.2348761649278625e-003	  3.9480451290322665e-003	
  2.0684507089426590e-001	  2.0668857916775715e-001	  2.0584190807165140e-001	  2.8155618185285690e-002	  1.1554419893090060e-002	  1.0832027022187236e-002	  1.4140541186804159e-001	  1.0166181443737300e-001	  8.0080805262181531e-002	  2.5635116967411753e-001	  2.3359434772697599e-001	  9.3694205482224568e-003	  3.9830217839139162e-003	
  2.0681567112839894e-001	  2.0665812658202110e-001	  2.0581382483959018e-001	  2.8467339885411828e-002	  1.1722168561990459e-002	  1.0995865461528398e-002	  1.4153207773637566e-001	  1.0179527241347949e-001	  8.0303621270484557e-002	  2.5631791582579744e-001	  2.3355566090748986e-001	  9.5031689452766913e-003	  4.0173206353325969e-003	
  2.0686792938070786e-001	  2.0670839617138967e-001	  2.0586851016502333e-001	  2.9010903355503454e-002	  1.2016165962117154e-002	  1.1281359292147341e-002	  1.4183120170924046e-001	  1.0209321062185346e-001	  8.0717867130710858e-002	  2.5642051227565393e-001	  2.3361912600015985e-001	  9.7380831302189171e-003	  4.0777812656699634e-003	
  2.0689269599868018e-001	  2.0673128621748982e-001	  2.0589558593640919e-001	  2.9552220493962802e-002	  1.2314759176958977e-002	  1.1570979839123662e-002	  1.4210439947524872e-001	  1.0236893551453141e-001	  8.1120398527894960e-002	  2.5648010485529099e-001	  2.3364789919300541e-001	  9.9774061053220075e-003	  4.1388221128006468e-003	
  2.0691165581725837e-001	  2.0674857781357869e-001	  2.0591690846362501e-001	  3.0075808467696100e-002	  1.2619270040940919e-002	  1.1867305059111162e-002	  1.4236133363358630e-001	  1.0262990855587409e-001	  8.1506553153736602e-002	  2.5653035685156766e-001	  2.3366959646645161e-001	  1.0224286071064291e-002	  4.2000544911773886e-003	
  2.0703941281894456e-001	  2.0687233142217457e-001	  2.0604996949135831e-001	  3.1313476165599277e-002	  1.3345741322216640e-002	  1.2574154971808081e-002	  1.4306043919431152e-001	  1.0332290221311408e-001	  8.2464773303063871e-002	  2.5677703927736961e-001	  2.3382587418842379e-001	  1.0820107859711164e-002	  4.3484403481774845e-003	
  2.0691221679307609e-001	  2.0674495329855244e-001	  2.0592443637800226e-001	  3.1500350219422206e-002	  1.3483774298666994e-002	  1.2726202291185889e-002	  1.4303761166223650e-001	  1.0332571482404015e-001	  8.2590372709047011e-002	  2.5658998012368961e-001	  2.3366456857034776e-001	  1.0940077971894478e-002	  4.3734213247611743e-003	
  2.0699837894389270e-001	  2.0683004547539813e-001	  2.0601194753325311e-001	  3.1855634731881757e-002	  1.3703224719136249e-002	  1.2937724419302786e-002	  1.4324637843348628e-001	  1.0352790656306886e-001	  8.2818247599539541e-002	  2.5673633996219197e-001	  2.3377228095011418e-001	  1.1128361047823181e-002	  4.4198378939580606e-003	
  2.0697514223430299e-001	  2.0680609045367851e-001	  2.0599010128093823e-001	  3.2132015216187054e-002	  1.3876729578061726e-002	  1.3112568293311701e-002	  1.4336441928461199e-001	  1.0365246135792351e-001	  8.3018853100338241e-002	  2.5671190846239361e-001	  2.3374186813857356e-001	  1.1273779886535424e-002	  4.4549973664694620e-003	
  2.0702781176908186e-001	  2.0685705832609041e-001	  2.0604543792068028e-001	  3.2744179966013039e-002	  1.4262148816502005e-002	  1.3492993580203240e-002	  1.4368390436464459e-001	  1.0397268330163480e-001	  8.3462218019911549e-002	  2.5681744833585779e-001	  2.3380627358235412e-001	  1.1601240299944107e-002	  4.5348068456814933e-003	
  2.0705911397674298e-001	  2.0688681259712488e-001	  2.0607939708832049e-001	  3.3335645064606179e-002	  1.4643099049826457e-002	  1.3871694519653538e-002	  1.4398176586089184e-001	  1.0427412408363339e-001	  8.3897169978627284e-002	  2.5688941440014135e-001	  2.3384382982740476e-001	  1.1927545918806516e-002	  4.6139649833943476e-003	
  2.0706349407737565e-001	  2.0688985371609858e-001	  2.0608644607593610e-001	  3.3886709990718134e-002	  1.5005951117990572e-002	  1.4237253363745875e-002	  1.4423248301584565e-001	  1.0453362067654209e-001	  8.4292328788361792e-002	  2.5691856471318802e-001	  2.3384760795175857e-001	  1.2242012624825062e-002	  4.6902000475702336e-003	
  2.0717997647480960e-001	  2.0700386998851858e-001	  2.0620705163983036e-001	  3.4886760162855010e-002	  1.5673787270496231e-002	  1.4896865030711519e-002	  1.4478812150590301e-001	  1.0508471763585164e-001	  8.5035133605459237e-002	  2.5713754542593042e-001	  2.3399185575880074e-001	  1.2825748357692051e-002	  4.8316549908423382e-003	
  2.0700236326284624e-001	  2.0682635016655398e-001	  2.0603079645886643e-001	  3.4945026597185583e-002	  1.5718032393581084e-002	  1.4966759878204281e-002	  1.4467318779711311e-001	  1.0500205929527365e-001	  8.5076676167226306e-002	  2.5686818117735782e-001	  2.3376706541637254e-001	  1.2863464198521168e-002	  4.8405225149730138e-003	
  2.0714236748897941e-001	  2.0696548674650395e-001	  2.0617179023753840e-001	  3.5274340151175906e-002	  1.5940478321435553e-002	  1.5176277362605368e-002	  1.4489599690887278e-001	  1.0521109089243329e-001	  8.5267339098445902e-002	  2.5709591088536055e-001	  2.3394332812071905e-001	  1.3065361661028866e-002	  4.8908886847385345e-003	
  2.0711215498503718e-001	  2.0693488740840707e-001	  2.0614263949413614e-001	  3.5485884305037969e-002	  1.6089107331168705e-002	  1.5328516517667479e-002	  1.4498949329803751e-001	  1.0530998335628002e-001	  8.5426254998245341e-002	  2.5705808396380270e-001	  2.3390453944128103e-001	  1.3196477521650960e-002	  4.9220297761805275e-003	
  2.0714068601556593e-001	  2.0696259706045253e-001	  2.0617288708092718e-001	  3.5862998897936288e-002	  1.6350391216262587e-002	  1.5591324298310139e-002	  1.4517614805612969e-001	  1.0549943160227572e-001	  8.5694099806850527e-002	  2.5711714922003581e-001	  2.3393963010157895e-001	  1.3429509289953666e-002	  4.9788977088909541e-003	
  2.0716131108427407e-001	  2.0698245940865267e-001	  2.0619520764006086e-001	  3.6234867431163900e-002	  1.6612280049900934e-002	  1.5854983175073400e-002	  1.4536036684023909e-001	  1.0568677514393843e-001	  8.5961327512960262e-002	  2.5716384938198339e-001	  2.3396478879741420e-001	  1.3664768013063129e-002	  5.0363348220588350e-003	
  2.0716806339264288e-001	  2.0698854092850216e-001	  2.0620366503018608e-001	  3.6587510245677447e-002	  1.6864880135656526e-002	  1.6111518849196836e-002	  1.4552253481196428e-001	  1.0585465954970616e-001	  8.6212307063943477e-002	  2.5718856164413817e-001	  2.3397251582126583e-001	  1.3893664368724364e-002	  5.0923334975671560e-003	
  2.0725769451065781e-001	  2.0707623063398900e-001	  2.0629765738869724e-001	  3.7584113655679451e-002	  1.7582350322948533e-002	  1.6831435783679526e-002	  1.4604460787544835e-001	  1.0637990024148604e-001	  8.6936206695717833e-002	  2.5736639499222480e-001	  2.3408364759445707e-001	  1.4546474296844270e-002	  5.2528844697454970e-003	
  2.0722495528388005e-001	  2.0704250289647305e-001	  2.0626844787805876e-001	  3.8238564354592552e-002	  1.8072873204316584e-002	  1.7339451533371988e-002	  1.4629961135758118e-001	  1.0665561716840555e-001	  8.7384144072417277e-002	  2.5734305694799342e-001	  2.3404110630033537e-001	  1.5002974913013790e-002	  5.3666600757293357e-003	
  2.0738944837910653e-001	  2.0720605433273087e-001	  2.0643398433102320e-001	  3.8658430434561117e-002	  1.8375312843790605e-002	  1.7623767529082988e-002	  1.4662105486243346e-001	  1.0695599862182069e-001	  8.7688083363966329e-002	  2.5761190207580847e-001	  2.3424829679939735e-001	  1.5280188166539107e-002	  5.4357658022284143e-003	
  2.0715610347604635e-001	  2.0697316931897985e-001	  2.0620119396568010e-001	  3.8566713519958606e-002	  1.8316012554874261e-002	  1.7592759542496623e-002	  1.4645779127916536e-001	  1.0682267033816827e-001	  8.7676245240642103e-002	  2.5725062250997427e-001	  2.3395317638864155e-001	  1.5218254779506968e-002	  5.4185705667066835e-003	
  2.0720557994266628e-001	  2.0702243869823225e-001	  2.0625126466549004e-001	  3.8634671573739676e-002	  1.8363698761055841e-002	  1.7645012536691582e-002	  1.4645138940822783e-001	  1.0682180493048427e-001	  8.7692986004328441e-002	  2.5732986799253260e-001	  2.3401572937304851e-001	  1.5267579533551949e-002	  5.4327649861938953e-003	
  2.0722914077820279e-001	  2.0704587006694444e-001	  2.0627521114372671e-001	  3.8732878758724304e-002	  1.8440592721634553e-002	  1.7719501716349777e-002	  1.4650258167197114e-001	  1.0687157704936688e-001	  8.7734147446490496e-002	  2.5736985814705632e-001	  2.3404550468163832e-001	  1.5344928324266281e-002	  5.4532084739765067e-003	
  2.0724293601940333e-001	  2.0705939660449985e-001	  2.0628981141183597e-001	  3.8923446981331308e-002	  1.8585968494185430e-002	  1.7864158727133921e-002	  1.4660444754234669e-001	  1.0697346925619827e-001	  8.7849019500137696e-002	  2.5739854788946953e-001	  2.3406270043904195e-001	  1.5482139847727989e-002	  5.4877812373609457e-003	
  2.0726504256040454e-001	  2.0708118337248194e-001	  2.0631273290204424e-001	  3.9117512672589852e-002	  1.8731540139409940e-002	  1.8009679115981336e-002	  1.4671014517149092e-001	  1.0707901641399797e-001	  8.7981111031587803e-002	  2.5744024910182350e-001	  2.3409033692010658e-001	  1.5617496796235589e-002	  5.5216747824620030e-003	
  2.0726838272834971e-001	  2.0708427717285147e-001	  2.0631691737500057e-001	  3.9294696890387018e-002	  1.8868063592767940e-002	  1.8148825164447723e-002	  1.4679375239845083e-001	  1.0716554127460017e-001	  8.8107735192230197e-002	  2.5745256445339110e-001	  2.3409429716958507e-001	  1.5745271033956926e-002	  5.5538015815528152e-003	
  2.0730195442377128e-001	  2.0711693525746364e-001	  2.0635342423067088e-001	  3.9915531390209424e-002	  1.9344016523246715e-002	  1.8633990268654099e-002	  1.4709364000310807e-001	  1.0747377950232723e-001	  8.8547247418868588e-002	  2.5752938020374300e-001	  2.3413585744571638e-001	  1.6193824655638758e-002	  5.6681089655894945e-003	
  2.0739399412198983e-001	  2.0720793339197766e-001	  2.0644829252430602e-001	  4.0599944423025010e-002	  1.9872148289641095e-002	  1.9161803177123078e-002	  1.4747855352777436e-001	  1.0785718385832845e-001	  8.9050589545368403e-002	  2.5769827380874083e-001	  2.3425132122526404e-001	  1.6692619086726181e-002	  5.7962296556083905e-003	
  2.0721020867438161e-001	  2.0702450373418943e-001	  2.0626555749872291e-001	  4.0582607517480926e-002	  1.9875065307938627e-002	  1.9194175495449044e-002	  1.4732883255497875e-001	  1.0773975643652581e-001	  8.9043913628470459e-002	  2.5741634904538990e-001	  2.3401903886157172e-001	  1.6700241063911068e-002	  5.7994905342479428e-003	
  2.0734822211698803e-001	  2.0716189985928951e-001	  2.0640424555582271e-001	  4.0837799443808859e-002	  2.0055876429782994e-002	  1.9364931264685518e-002	  1.4750743821927412e-001	  1.0790530474135740e-001	  8.9174425709253768e-002	  2.5763809129784704e-001	  2.3419318001235381e-001	  1.6868877010988260e-002	  5.8431828471555113e-003	
  2.0733346423942711e-001	  2.0714707979001343e-001	  2.0639024252846183e-001	  4.0999158543324664e-002	  2.0194988559009693e-002	  1.9504175101446222e-002	  1.4759051099871831e-001	  1.0799117395468603e-001	  8.9292493088786770e-002	  2.5762192400737410e-001	  2.3417450056286762e-001	  1.7006778101673108e-002	  5.8796995273256011e-003	
  2.0734997767545529e-001	  2.0716322410974550e-001	  2.0640822736214501e-001	  4.1303962792205634e-002	  2.0437514753406195e-002	  1.9751909403308381e-002	  1.4773575517221446e-001	  1.0814180508213281e-001	  8.9509025118909458e-002	  2.5765975723060836e-001	  2.3419510045082978e-001	  1.7240624057536950e-002	  5.9415828077276512e-003	
  2.0737279832475514e-001	  2.0718565172487496e-001	  2.0643248114275370e-001	  4.1613957524890978e-002	  2.0682694385172871e-002	  2.0001551276311272e-002	  1.4789021664108051e-001	  1.0829994289727186e-001	  8.9728597100489055e-002	  2.5770739653934993e-001	  2.3422364174638860e-001	  1.7475491517213875e-002	  6.0036260483948495e-003	
  2.0737046832016304e-001	  2.0718304709620206e-001	  2.0643160488559342e-001	  4.1894030785540923e-002	  2.0910324954852049e-002	  2.0236634354212371e-002	  1.4800990905322542e-001	  1.0842749154483085e-001	  8.9923789486812317e-002	  2.5771533337875469e-001	  2.3422049216309451e-001	  1.7696188680374137e-002	  6.0626459091386777e-003	
  2.0743375403113348e-001	  2.0724555713830234e-001	  2.0649782594385641e-001	  4.2548977805890405e-002	  2.1436000609671074e-002	  2.0768618867187862e-002	  1.4834921996301190e-001	  1.0877238902312449e-001	  9.0388203954064592e-002	  2.5783907316624066e-001	  2.3429999608571922e-001	  1.8203999462465814e-002	  6.1990882755225320e-003	
  2.0739995232603151e-001	  2.0721144158217908e-001	  2.0646700899872322e-001	  4.3072261678521406e-002	  2.1878889528922398e-002	  2.1231170104854657e-002	  1.4854114056465048e-001	  1.0898660009192219e-001	  9.0736489580791141e-002	  2.5780892871237582e-001	  2.3425719615871346e-001	  1.8644671193710435e-002	  6.3217883065748125e-003	
  2.0760856132489061e-001	  2.0741940796752426e-001	  2.0667585968304955e-001	  4.3348719242103942e-002	  2.2085516247306484e-002	  2.1411668138778827e-002	  1.4880393245988321e-001	  1.0922247030428714e-001	  9.0906214686170786e-002	  2.5813972246074851e-001	  2.3452081367163424e-001	  1.8843130161527090e-002	  6.3750694779890395e-003	
  2.0746330388525713e-001	  2.0727449679108964e-001	  2.0653110001199831e-001	  4.3356393942209970e-002	  2.2115116499467537e-002	  2.1454286337703656e-002	  1.4876289491841388e-001	  1.0919783765252213e-001	  9.0967865959023772e-002	  2.5791724073661809e-001	  2.3433717631998288e-001	  1.8875133143714765e-002	  6.3862528217540921e-003	
  2.0743247266559223e-001	  2.0724356704305200e-001	  2.0650084926716974e-001	  4.3392629142128415e-002	  2.2136618020224645e-002	  2.1490748163772749e-002	  1.4872822837201602e-001	  1.0917475703276674e-001	  9.1000154935526559e-002	  2.5787186707807747e-001	  2.3429798701211829e-001	  1.8890866823400694e-002	  6.3901226137473141e-003	
  2.0742966075157640e-001	  2.0724058565426795e-001	  2.0649886208205037e-001	  4.3528820851308339e-002	  2.2242229573577479e-002	  2.1605000817356088e-002	  1.4876406215865040e-001	  1.0921688013462170e-001	  9.1072323549274387e-002	  2.5787317068547028e-001	  2.3429429207013278e-001	  1.8991614214345278e-002	  6.4166206102716575e-003	
  2.0744181752059243e-001	  2.0725263840340050e-001	  2.0651179344960474e-001	  4.3690231550835013e-002	  2.2379544593321338e-002	  2.1743071028739472e-002	  1.4883996468535904e-001	  1.0929536457147661e-001	  9.1168193338896739e-002	  2.5789837508120400e-001	  2.3430971483581350e-001	  1.9130259607035627e-002	  6.4559121612585016e-003	
  2.0744686066623472e-001	  2.0725759853614328e-001	  2.0651760905184366e-001	  4.3846681701540338e-002	  2.2514423723333649e-002	  2.1879501540990453e-002	  1.4891261034528724e-001	  1.0937174672065422e-001	  9.1270591087330030e-002	  2.5791251002465271e-001	  2.3431614455562197e-001	  1.9266683426708599e-002	  6.4954740196929471e-003	
  2.0747588682440421e-001	  2.0728623099538956e-001	  2.0654908956652493e-001	  4.4354888480344037e-002	  2.2942125866226269e-002	  2.2315456171984424e-002	  1.4915646381791908e-001	  1.0962598388010991e-001	  9.1621230176114468e-002	  2.5797788011851197e-001	  2.3435280106876410e-001	  1.9691669378011936e-002	  6.6185146406612843e-003	
  2.0754085405757094e-001	  2.0735069743934423e-001	  2.0661642665433477e-001	  4.4899438982374341e-002	  2.3396667700547318e-002	  2.2773529971111716e-002	  1.4945147231996303e-001	  1.0992498397166080e-001	  9.2014253927430609e-002	  2.5809975981629474e-001	  2.3443482056370832e-001	  2.0139168803154677e-002	  6.7468976995022339e-003	
  2.0741356044807427e-001	  2.0722369092983384e-001	  2.0649011256387781e-001	  4.4923782323464306e-002	  2.3436396945827033e-002	  2.2836547841173525e-002	  1.4935779946527847e-001	  1.0985636303239815e-001	  9.2027630631307589e-002	  2.5790600183134055e-001	  2.3427404035206933e-001	  2.0186559974028812e-002	  6.7642678858703866e-003	
  2.0753220794642174e-001	  2.0734181623780476e-001	  2.0660938199105972e-001	  4.5172221012717062e-002	  2.3619384650420679e-002	  2.3010873760378643e-002	  1.4953753631545183e-001	  1.1002398145129441e-001	  9.2170299265174754e-002	  2.5809775621619269e-001	  2.3442378625719751e-001	  2.0358068616616948e-002	  6.8107989276554115e-003	
  2.0749158391256159e-001	  2.0730133562322267e-001	  2.0656957921645502e-001	  4.5297276035216057e-002	  2.3745587933080004e-002	  2.3142022150549252e-002	  1.4957691620638722e-001	  1.1007259570655913e-001	  9.2266252290981565e-002	  2.5804068929664442e-001	  2.3437266598969342e-001	  2.0491586431507156e-002	  6.8516292310204247e-003	
  2.0752059814607884e-001	  2.0733012398329490e-001	  2.0659977259782977e-001	  4.5550892176488535e-002	  2.3957632272195314e-002	  2.3357656251845958e-002	  1.4970350224421297e-001	  1.1020340268432378e-001	  9.2439238058623516e-002	  2.5809561459302210e-001	  2.3440934958921414e-001	  2.0703342328725918e-002	  6.9158666438058902e-003	
  2.0752689886539108e-001	  2.0733631306153549e-001	  2.0660725239246536e-001	  4.5787425553825686e-002	  2.4163703445954140e-002	  2.3568585794321115e-002	  1.4981144971332438e-001	  1.1031797553221938e-001	  9.2602846940427627e-002	  2.5811498121350623e-001	  2.3441738934858070e-001	  2.0910196791512212e-002	  6.9786039851146746e-003	
  2.0753867750596555e-001	  2.0734795825749811e-001	  2.0662019779198904e-001	  4.6021435073466350e-002	  2.4365908859729887e-002	  2.3775851204948954e-002	  1.4992152339026529e-001	  1.1043392079826420e-001	  9.2764820465908976e-002	  2.5814272114389708e-001	  2.3443234716354444e-001	  2.1113408951688103e-002	  7.0402786948048799e-003	
  2.0766077534861763e-001	  2.0746928922287469e-001	  2.0674785418660510e-001	  4.7244471959256046e-002	  2.5422960620410270e-002	  2.4845702401434806e-002	  1.5056039084114420e-001	  1.1109129385863833e-001	  9.3643461811413142e-002	  2.5838023177622910e-001	  2.3458709902271774e-001	  2.2174661294205627e-002	  7.3663396051152682e-003	
  2.0737654408396169e-001	  2.0718569390350139e-001	  2.0646412232164921e-001	  4.7054528902147667e-002	  2.5286960282480578e-002	  2.4749429409314929e-002	  1.5030149061888728e-001	  1.1087168076473854e-001	  9.3553800184626695e-002	  2.5793698207297650e-001	  2.3422763340663230e-001	  2.2041065647708795e-002	  7.3339667211545431e-003	
  2.0749679169018426e-001	  2.0730549064883097e-001	  2.0658472821566251e-001	  4.7131556932869849e-002	  2.5322525928031178e-002	  2.4787146460545407e-002	  1.5032298147414014e-001	  1.1088972943211972e-001	  9.3540613999056527e-002	  2.5812497949801089e-001	  2.3437951328638840e-001	  2.2070751450647016e-002	  7.3376064128335547e-003	
  2.0754709901191487e-001	  2.0735578526476581e-001	  2.0663518650761570e-001	  4.7236043074721977e-002	  2.5418886176166347e-002	  2.4870556732911671e-002	  1.5040943414737568e-001	  1.1096767841438027e-001	  9.3572433727226054e-002	  2.5820599027256547e-001	  2.3444341676377697e-001	  2.2175605363936857e-002	  7.3682320597136001e-003	
  2.0756970787843301e-001	  2.0737845813152733e-001	  2.0665816500147494e-001	  4.7361206548861189e-002	  2.5541419967244978e-002	  2.4983070619911386e-002	  1.5050407513168676e-001	  1.1105980303119366e-001	  9.3649758454607546e-002	  2.5824556438138074e-001	  2.3447234699605915e-001	  2.2308394190837254e-002	  7.4151810486884542e-003	
  2.0758726879874170e-001	  2.0739594557813795e-001	  2.0667613464054760e-001	  4.7469656445676307e-002	  2.5635102619101249e-002	  2.5075774555912072e-002	  1.5057264906636247e-001	  1.1112899619389156e-001	  9.3731051399052301e-002	  2.5827689841609358e-001	  2.3449458065953657e-001	  2.2401387158238598e-002	  7.4487685424479543e-003	
  2.0758941482715773e-001	  2.0739805786951723e-001	  2.0667872259408643e-001	  4.7561965180777509e-002	  2.5716942820722479e-002	  2.5159903585129297e-002	  1.5061775656200108e-001	  1.1117706189295878e-001	  9.3802845553194181e-002	  2.5828398213001902e-001	  2.3449731575780752e-001	  2.2482222558083270e-002	  7.4762930681051944e-003	
  2.0760339903712166e-001	  2.0741190038434973e-001	  2.0669417021523667e-001	  4.7853194319420665e-002	  2.5971719163949504e-002	  2.5423069635995658e-002	  1.5075414769886050e-001	  1.1132187518155202e-001	  9.4011724366601435e-002	  2.5831751605721470e-001	  2.3451511562593844e-001	  2.2738975287077124e-002	  7.5586267735531891e-003	
  2.0763685058239770e-001	  2.0744518354141891e-001	  2.0672882772007925e-001	  4.8126977847603544e-002	  2.6209323320227917e-002	  2.5662456801552609e-002	  1.5090107779579681e-001	  1.1147217328608709e-001	  9.4206679872125554e-002	  2.5838004144573085e-001	  2.3455752512655917e-001	  2.2978330316845839e-002	  7.6333821893104252e-003	
