0.89165	0.89165	0.89165	0.8384	0.62199	0.21659	0.11693	0.070446	0.044799	0.029699	0.020344	0.01431	0.0075333
0.89166	0.89166	0.89166	0.8531	0.69513	0.26654	0.12758	0.075616	0.047521	0.031227	0.021249	0.014869	0.0077705
0.80424	0.80424	0.80424	0.73923	0.43981	0.14787	0.076401	0.043511	0.026581	0.017104	0.011452	0.0079134	0.0040603
0.80408	0.80408	0.80408	0.77168	0.57646	0.18142	0.089049	0.048953	0.029171	0.018433	0.012175	0.0083234	0.0042062
0.80362	0.80362	0.80362	0.79654	0.71359	0.31801	0.116	0.059641	0.033941	0.02075	0.013371	0.0089688	0.0044108
0.80314	0.80314	0.80314	0.80314	0.77954	0.57895	0.16692	0.077769	0.041448	0.02421	0.015092	0.0098726	0.0046879
0.8028	0.8028	0.8028	0.8028	0.80092	0.73531	0.32292	0.10752	0.052607	0.029028	0.017384	0.011041	0.0050363
0.73302	0.73302	0.73302	0.73302	0.71686	0.49829	0.13658	0.059536	0.030462	0.017321	0.010595	0.006836	0.0031862
0.73519	0.73519	0.73519	0.73519	0.69484	0.36662	0.11009	0.05077	0.026939	0.015699	0.0097742	0.0063903	0.0030339
0.73723	0.73723	0.73723	0.73569	0.65322	0.24042	0.089675	0.04347	0.02383	0.014203	0.0089882	0.0059495	0.0028743
0.73915	0.73915	0.73915	0.73379	0.61312	0.18812	0.07899	0.039338	0.021955	0.013252	0.0084646	0.0056429	0.0027539
0.74139	0.74139	0.74139	0.71885	0.49355	0.14219	0.06427	0.033605	0.019382	0.011975	0.0077829	0.0052586	0.0026165
0.63491	0.63491	0.63491	0.52837	0.16828	0.066739	0.031981	0.017395	0.01031	0.0064968	0.0042861	0.0029299	0.0014827
0.6374	0.6374	0.6374	0.41167	0.12168	0.052473	0.026594	0.015013	0.0091333	0.0058671	0.0039279	0.0027163	0.0013982
0.63979	0.63979	0.63979	0.2835	0.094419	0.043315	0.022867	0.013272	0.0082357	0.0053696	0.0036364	0.0025377	0.0013241
0.64222	0.64222	0.64222	0.17881	0.073173	0.035649	0.019585	0.011685	0.0073985	0.0048979	0.0033567	0.0023651	0.0012519
0.64473	0.64473	0.64473	0.11623	0.052979	0.027792	0.016051	0.0099226	0.00645	0.0043573	0.0030344	0.0021659	0.0011693
0.60778	0.60778	0.57844	0.057114	0.029795	0.01713	0.010552	0.0068406	0.004611	0.0032053	0.0022844	0.0016619	0.0009241
0.61249	0.61199	0.52657	0.051561	0.027297	0.015857	0.0098419	0.006416	0.0043436	0.0030299	0.0021654	0.001579	0.00088103
0.61719	0.61454	0.44102	0.04723	0.025285	0.014805	0.009242	0.0060513	0.0041107	0.0028751	0.0020593	0.0015043	0.00084171
0.62186	0.61385	0.29178	0.041886	0.022873	0.013581	0.0085657	0.0056526	0.0038636	0.0027157	0.0019531	0.0014316	0.00080531
0.62645	0.60912	0.17133	0.036753	0.020519	0.012377	0.0078985	0.0052595	0.0036206	0.0025597	0.0018497	0.0013613	0.00077067
0.59442	0.55822	0.10113	0.02735	0.015644	0.0096024	0.0062083	0.0041762	0.0028983	0.0020627	0.0014988	0.0011082	0.00063209
0.59889	0.54802	0.077386	0.024835	0.014387	0.0089138	0.0058043	0.0039264	0.0027373	0.0019554	0.0014253	0.0010567	0.00060534
0.60322	0.54106	0.06389	0.023153	0.013469	0.0083713	0.0054643	0.0037036	0.0025861	0.0018498	0.0013499	0.0010017	0.00057475
0.60746	0.53576	0.054207	0.021744	0.012658	0.0078727	0.0051417	0.0034865	0.0024354	0.0017426	0.001272	0.00094417	0.00054194
0.6116	0.52609	0.044701	0.020016	0.011725	0.0073264	0.0048023	0.0032659	0.0022868	0.0016396	0.0011989	0.00089125	0.00051285
0.54897	0.43696	0.03076	0.015117	0.0088231	0.0055011	0.0036014	0.0024476	0.0017134	0.0012285	0.00089852	0.00066819	0.00038489
0.54728	0.41955	0.025471	0.014261	0.0083429	0.0052131	0.0034198	0.0023287	0.0016332	0.0011731	0.0008594	0.00064013	0.00036984
0.54607	0.42817	0.024089	0.014341	0.0081736	0.0050138	0.0032442	0.0021859	0.0015202	0.0010845	0.00079008	0.00058573	0.0003359
0.54507	0.45287	0.025148	0.015279	0.0082682	0.0048918	0.0030821	0.0020346	0.0013922	0.00098015	0.00070622	0.00051872	0.00029308
0.54362	0.50226	0.036725	0.020682	0.0097506	0.0052694	0.003114	0.0019597	0.0012921	0.00088299	0.00062087	0.00044679	0.00024439
0.54127	0.53673	0.099945	0.045326	0.015428	0.0069253	0.0036326	0.0021038	0.0013047	0.00085064	0.00057619	0.00040224	0.00021003
0.53875	0.53875	0.53438	0.35449	0.042961	0.01252	0.0052194	0.002623	0.0014774	0.00089858	0.00057754	0.00038697	0.00019031
0.53686	0.53686	0.53687	0.53687	0.11877	0.01966	0.0064871	0.002879	0.0015018	0.0008671	0.00053681	0.00034967	0.00016531
