1.3384	1.4073	1.3108	-0.087511	-0.15577	-0.18338	0.34164	-0.028264	0.13253	0.76356	NaN	NaN	NaN
1.4865	1.552	1.4506	-0.0043947	-0.080034	-0.10649	0.42039	0.038563	0.22305	0.87787	NaN	NaN	NaN
1.6034	1.6655	1.5579	0.027485	-0.054865	-0.076732	0.46489	0.068515	0.2823	0.96795	NaN	NaN	NaN
1.7205	1.7788	1.6636	0.040637	-0.047943	-0.062099	0.4923	0.081134	0.33017	1.0507	NaN	NaN	NaN
1.8395	1.8934	1.7696	0.072459	-0.019586	-0.022662	0.52363	0.10711	0.39264	1.1358	NaN	NaN	NaN
1.9822	2.0195	1.8805	0.14202	0.042872	0.052997	0.57388	0.1625	0.48481	1.237	NaN	NaN	NaN
2.1169	2.1493	1.9978	0.20663	0.11071	0.14446	0.61985	0.22169	0.58379	1.3389	NaN	NaN	NaN
2.2161	2.2446	2.0781	0.22889	0.13945	0.20811	0.62983	0.25375	0.65918	1.4132	NaN	NaN	NaN
2.2605	2.2868	2.103	0.23295	0.15384	0.26865	0.61831	0.28272	0.72576	1.4582	NaN	NaN	NaN
2.2479	2.2755	2.071	0.19185	0.12228	0.29846	0.56639	0.28644	0.76379	1.4647	NaN	NaN	NaN
2.2445	2.2644	2.0294	0.15341	0.073923	0.32998	0.50449	0.29425	0.80355	1.4682	NaN	NaN	NaN
2.2607	2.281	2.048	0.16686	0.089477	0.34126	0.53355	0.32668	0.82462	1.5038	NaN	NaN	NaN
2.2857	2.3064	2.0752	0.18863	0.11322	0.36082	0.57009	0.36637	0.85302	1.5471	NaN	NaN	NaN
2.3417	2.363	2.1333	0.23487	0.16062	0.40557	0.62333	0.4219	0.8978	1.608	NaN	NaN	NaN
2.4277	2.4495	2.2203	0.24471	0.16944	0.42141	0.65853	0.45362	0.9325	1.6826	NaN	NaN	NaN
2.5493	2.5356	2.3264	0.2822	0.18131	0.45477	0.70919	0.49954	0.9817	1.7734	NaN	NaN	NaN
2.6335	2.6202	2.4122	0.37258	0.27417	0.54201	0.80126	0.5953	1.0625	1.8667	NaN	NaN	NaN
2.681	2.6685	2.4626	0.48333	0.38909	0.6428	0.90291	0.70498	1.1467	1.9437	NaN	NaN	NaN
2.7077	2.696	2.4926	0.57265	0.4821	0.7214	0.9862	0.79577	1.2127	2.003	NaN	NaN	NaN
2.7471	2.7361	2.5349	0.64644	0.55859	0.7877	1.0608	0.87541	1.2732	2.067	NaN	NaN	NaN
2.8207	2.7938	2.5894	0.69738	0.59949	0.82277	1.1173	0.93209	1.3203	2.1378	NaN	NaN	NaN
2.8779	2.8517	2.6484	0.74531	0.64907	0.86691	1.1755	0.99237	1.3674	2.2028	NaN	NaN	NaN
2.9394	2.9139	2.7116	0.8131	0.71891	0.92937	1.2477	1.0676	1.4268	2.2741	NaN	NaN	NaN
2.98	2.9554	2.7544	0.89411	0.80318	1.0018	1.3268	1.1524	1.4908	2.3367	NaN	NaN	NaN
3.0564	3.072	2.8125	0.92949	1.0616	1.0222	1.3972	1.2233	1.5523	2.4291	2.2479	1.5992	1.9658
3.0754	3.0908	2.8336	0.94942	1.0839	1.0361	1.4298	1.2599	1.572	2.4644	2.2807	1.6286	1.9977
3.12	3.1297	2.8627	1.0386	1.1852	1.1027	1.5169	1.3531	1.6438	2.5427	2.73	1.788	2.1746
3.1547	3.164	2.9024	1.1637	1.3041	1.2153	1.6317	1.4762	1.7412	2.6236	2.7931	1.8886	2.2599
3.2434	3.2525	2.9931	1.2696	1.4086	1.3153	1.7345	1.5832	1.83	2.7217	2.8851	1.99	2.356
3.3608	3.3699	3.1101	1.3329	1.4757	1.378	1.8082	1.6571	1.8921	2.8211	2.9875	2.0716	2.4437
3.4674	3.4763	3.2169	1.4011	1.5465	1.4437	1.8851	1.735	1.956	2.9174	3.0844	2.1538	2.5299
3.5979	3.6115	3.3242	1.4909	1.636	1.513	1.9836	1.8331	2.0402	3.0385	3.4415	2.2467	2.5961
3.6045	3.6176	3.3349	1.5107	1.6556	1.5233	2.0247	1.878	2.0658	3.0761	3.4657	2.2703	2.6192
3.5848	3.5974	3.3209	1.5416	1.6843	1.542	2.0743	1.9326	2.0994	3.1086	3.4733	2.2952	2.6396
3.6609	3.6723	3.3949	1.4456	1.6	1.4464	2.0384	1.891	2.0489	3.1499	3.5359	2.2585	2.6275
3.676	3.6866	3.4117	1.3948	1.5544	1.389	2.0295	1.8814	2.023	3.1729	3.5581	2.2362	2.6162
3.7389	3.7419	3.4568	1.4383	1.5397	1.4107	2.0739	1.9109	2.0479	3.2349	3.9008	2.1007	2.3381
3.7881	3.7906	3.509	1.47	1.5706	1.4323	2.1253	1.9622	2.08	3.2949	3.9572	2.1381	2.3754
3.8494	3.8509	3.5721	1.4852	1.5858	1.4381	2.1671	2.002	2.1013	3.3581	4.0233	2.1646	2.4037
3.912	3.9128	3.6366	1.5012	1.6014	1.4437	2.2074	2.0401	2.1198	3.4188	4.0895	2.1911	2.4321
3.9548	3.9544	3.6817	1.4969	1.5972	1.4281	2.2358	2.0656	2.1255	3.4717	4.14	2.1989	2.4425
4.0156	4.0056	3.7165	1.4877	1.5414	1.3913	2.2405	2.0517	2.1048	3.5049	4.2778	2.0538	2.2043
4.0908	4.079	3.7881	1.4631	1.5161	1.3554	2.237	2.0434	2.0743	3.5361	4.3475	2.0426	2.1952
4.1483	4.133	3.8416	1.3399	1.3928	1.2175	2.182	1.9756	1.9857	3.5648	4.4079	1.9447	2.1029
4.2052	4.1866	3.8953	1.2584	1.3141	1.1202	2.153	1.9371	1.9227	3.6004	4.4659	1.8865	2.0477
4.2588	4.2393	3.9468	1.2654	1.3191	1.1116	2.1637	1.9459	1.9036	3.6199	4.5161	1.899	2.0622
4.3863	4.3219	4.0391	1.2351	1.2174	1.0509	2.1259	1.8761	1.8277	3.6309	4.674	1.6898	1.7455
4.4609	4.3916	4.1064	1.157	1.138	0.95482	2.0754	1.8158	1.7369	3.6338	4.7384	1.6261	1.6833
4.5451	4.4709	4.1828	1.0899	1.0692	0.86841	2.0322	1.7631	1.6511	3.6422	4.8123	1.5734	1.6331
4.6235	4.5446	4.2543	1.0343	1.0123	0.79241	1.9988	1.7206	1.5737	3.6553	4.8831	1.5318	1.5945
4.6721	4.5902	4.2985	1.0098	0.98382	0.74655	1.9794	1.6957	1.5136	3.6538	4.9275	1.5125	1.5807
4.6895	4.5913	4.2795	1.0444	0.90284	0.74539	1.9456	1.5974	1.4462	3.6055	5.0378	1.1451	0.98159
4.8807	4.7819	4.4798	1.2342	1.0941	0.9099	2.2136	1.851	1.6768	3.8783	5.2464	1.3334	1.1584
4.791	4.6943	4.3972	1.2316	1.09	0.88902	2.1955	1.8315	1.6278	3.837	5.1683	1.3323	1.1682
4.7538	4.6612	4.3678	1.339	1.1896	0.98067	2.2526	1.8944	1.6622	3.836	5.143	1.4315	1.2881
4.8514	4.7566	4.4648	1.423	1.2656	1.0456	2.3161	1.952	1.6829	3.9078	5.2448	1.5145	1.3824
4.9135	4.8367	4.5242	1.4694	1.3751	1.0636	2.3832	2.0476	1.7006	4.0013	5.2651	1.7644	1.7549
4.9467	4.8712	4.5627	1.5759	1.4768	1.1517	2.4654	2.1292	1.7486	4.0633	5.3092	1.8676	1.8677
4.9063	4.8317	4.5286	1.594	1.493	1.1478	2.4797	2.1393	1.7251	4.0707	5.2806	1.8855	1.8918
