  1.8861955077744685e+000	  1.8546293920898016e+000	  1.6863969085192387e+000	 -1.0806922416739528e-001	 -2.4445411655393823e-001	 -4.3468754523157127e-001	  6.1758515017351634e-001	  3.0971662202627925e-001	  4.3312381340809836e-002	  1.8185703295430233e+000	  2.4087398692016482e+000	 -3.0476030880133287e-002	 -1.1694758907410119e-001	
  1.8690392171669679e+000	  1.8379018797347602e+000	  1.6682284679481185e+000	 -1.0853460001680748e-001	 -2.4493947493264834e-001	 -4.3497575517137399e-001	  6.1750612735278487e-001	  3.0964965296131908e-001	  4.3293318209514098e-002	  1.8107651223133736e+000	  2.3928423915029473e+000	 -3.1130631887643645e-002	 -1.1765724123624643e-001	
  1.8456138502402908e+000	  1.8152977811065618e+000	  1.6430858761422584e+000	 -1.0968524733756535e-001	 -2.4613398750938931e-001	 -4.3570165441320086e-001	  6.1730054822395353e-001	  3.0947453752672160e-001	  4.3243545509330517e-002	  1.7993797614068718e+000	  2.3715829856958415e+000	 -3.2727998011683468e-002	 -1.1939134332861201e-001	
  1.8214688051176875e+000	  1.7921437435493015e+000	  1.6169810260466821e+000	 -1.1154355255260651e-001	 -2.4805757920598470e-001	 -4.3689456406936777e-001	  6.1695223617164174e-001	  3.0917619200354629e-001	  4.3158886337213431e-002	  1.7869763313593801e+000	  2.3498915786221986e+000	 -3.5283828720311661e-002	 -1.2217012573623176e-001	
  1.6538474902543232e+000	  1.6302343857075297e+000	  1.4393909684857764e+000	 -1.5806143113838989e-001	 -2.9672961196269831e-001	 -4.7118561712233831e-001	  6.0458150946729461e-001	  2.9790134002083413e-001	  3.9962189892994715e-002	  1.6893559245638734e+000	  2.1936235259398806e+000	 -9.8398537141886067e-002	 -1.9176268960663378e-001	
  1.5378006400073030e+000	  1.5162858582027372e+000	  1.3203419065790367e+000	 -2.1653784299080492e-001	 -3.5867256659749547e-001	 -5.1841638514071864e-001	  5.8520988212795721e-001	  2.7962827095162623e-001	  3.4716788110955576e-002	  1.6145822734394688e+000	  2.0796093699706475e+000	 -1.7738192295368993e-001	 -2.7955858196659911e-001	
  1.4483137478713548e+000	  1.4272758235418515e+000	  1.2303456070330565e+000	 -2.7697296335926769e-001	 -4.2333980453124198e-001	 -5.7127028873049657e-001	  5.6095313553483628e-001	  2.5614210095770140e-001	  2.7828919275885156e-002	  1.5527820597847075e+000	  1.9886802583335417e+000	 -2.5822379300466380e-001	 -3.6983458858930174e-001	
  1.2437402500933281e+000	  1.2218418914502482e+000	  1.0268102183588201e+000	 -4.4008305049036966e-001	 -5.9889152553538327e-001	 -7.2710234276041064e-001	  4.7625591582445281e-001	  1.7174941776376684e-001	  1.5002245099537959e-003	  1.4012585051519366e+000	  1.7778202782736674e+000	 -4.6947742860148356e-001	 -6.0496094749840079e-001	
  1.0881669036106878e+000	  1.0644410801012860e+000	  8.7333370018494172e-001	 -5.8352841314102122e-001	 -7.5280672460098508e-001	 -8.7597225935986955e-001	  3.7664502622125617e-001	  7.0074247911611209e-002	 -3.3320419363325193e-002	  1.2759414681227099e+000	  1.6175618688327731e+000	 -6.4329611706104295e-001	 -7.9510310485086944e-001	
  9.4946405626572528e-001	  9.2473285768468472e-001	  7.3653484241620326e-001	 -7.1199673777500028e-001	 -8.8824944380860860e-001	 -1.0101500707943023e+000	  2.7070840363929705e-001	 -3.9183327358638387e-002	 -7.4891728075399122e-002	  1.1611306460139748e+000	  1.4781885356816016e+000	 -7.8775620849580452e-001	 -9.4820632701964058e-001	
  8.1993648232070449e-001	  7.9485089562814082e-001	  6.0947803264665978e-001	 -8.3259208534103291e-001	 -1.0129757233379166e+000	 -1.1313139350516144e+000	  1.6313121310584933e-001	 -1.5041538247007047e-001	 -1.2199269971091553e-001	  1.0525528249747396e+000	  1.3501370772730503e+000	 -9.1613526023115455e-001	 -1.0802571500899694e+000	
  5.9334289951107344e-001	  5.6809540396374203e-001	  3.8915335562261788e-001	 -1.0492387108457235e+000	 -1.2339123731952562e+000	 -1.3388919363819252e+000	 -3.7513289811941242e-002	 -3.5745759582572756e-001	 -2.2302740364743556e-001	  8.5888940140588232e-001	  1.1275871793032799e+000	 -1.1392245180065208e+000	 -1.3053320574208938e+000	
  5.1388216365433337e-001	  4.8883853894499119e-001	  3.1179230064370955e-001	 -1.1235382300055496e+000	 -1.3089517006174001e+000	 -1.4073981136548674e+000	 -1.0766047361354669e-001	 -4.2967939926741305e-001	 -2.6242433035350565e-001	  7.9174504426382519e-001	  1.0498458275478573e+000	 -1.2142865366766564e+000	 -1.3801003065253559e+000	
  4.3925631996133419e-001	  4.1417707909996437e-001	  2.3983573095587296e-001	 -1.1964491211815531e+000	 -1.3826224900255202e+000	 -1.4745445157353654e+000	 -1.7667555565359372e-001	 -5.0061821084979030e-001	 -3.0320556093199613e-001	  7.2666757914996438e-001	  9.7636762244035502e-001	 -1.2880522369934644e+000	 -1.4536786856934603e+000	
  3.7643230954609308e-001	  3.5108577326803392e-001	  1.7994079336891566e-001	 -1.2651508246008802e+000	 -1.4518928433685518e+000	 -1.5384509232789778e+000	 -2.4389760252907511e-001	 -5.6967826357978701e-001	 -3.4505599459666580e-001	  6.6774401409230855e-001	  9.1453764128823778e-001	 -1.3563806193961359e+000	 -1.5214348514142051e+000	
  2.9188696409643278e-001	  2.6754820112762090e-001	  9.6154002971804431e-002	 -1.3354623574401980e+000	 -1.5226409421608134e+000	 -1.6033355007755157e+000	 -3.1010889221916305e-001	 -6.3757521031759801e-001	 -3.8803987603819312e-001	  6.0232072199029041e-001	  8.3398376836019139e-001	 -1.4269123342321999e+000	 -1.5916376205991067e+000	
  1.7401184527110480e-001	  1.5030621599665395e-001	 -1.8448813772109496e-002	 -1.4545423770351285e+000	 -1.6420634464765493e+000	 -1.7149515476400090e+000	 -4.2329820409381380e-001	 -7.5355154753642406e-001	 -4.6576706535705892e-001	  4.9892573007292995e-001	  7.2062801565597745e-001	 -1.5451018919194759e+000	 -1.7088701547079976e+000	
  6.2608953544041057e-002	  3.8169627664563777e-002	 -1.2500130078585414e-001	 -1.5668921479596865e+000	 -1.7549360340802789e+000	 -1.8213205259963727e+000	 -5.3321394964356283e-001	 -8.6585859969667833e-001	 -5.4593925881940564e-001	  3.9344015127684706e-001	  6.0866718642405004e-001	 -1.6570129722658367e+000	 -1.8197736214148330e+000	
 -5.1815139575417390e-002	 -7.6488839074739801e-002	 -2.3577058178902988e-001	 -1.6762552587427093e+000	 -1.8650196242703254e+000	 -1.9247535580591002e+000	 -6.4052434865391472e-001	 -9.7516525870711135e-001	 -6.2820173201905138e-001	  2.8982875678762454e-001	  4.9501331629731027e-001	 -1.7667084025977386e+000	 -1.9288414022937683e+000	
 -1.6599010353357535e-001	 -1.9004806472511238e-001	 -3.4759561748287648e-001	 -1.7845864124585997e+000	 -1.9737462236264491e+000	 -2.0276356709919563e+000	 -7.4528445565880119e-001	 -1.0816484731962506e+000	 -7.1211612117827450e-001	  1.8984793352538887e-001	  3.8449456826827877e-001	 -1.8748632593832415e+000	 -2.0365067075153176e+000	
 -2.8681395985241664e-001	 -3.1026161386016327e-001	 -4.6575884611066432e-001	 -1.9019938838101824e+000	 -2.0911073210835296e+000	 -2.1405731423473906e+000	 -8.5840514794488509e-001	 -1.1964246840793225e+000	 -8.0653683134279675e-001	  8.1646481811636917e-002	  2.6730400009311595e-001	 -1.9912547467305641e+000	 -2.1521895158951310e+000	
 -4.0415864165543880e-001	 -4.2774788815713727e-001	 -5.7978073092890270e-001	 -2.0159043471337235e+000	 -2.2050266951447739e+000	 -2.2513509386439257e+000	 -9.6899731900534913e-001	 -1.3084300186088083e+000	 -9.0217043657370155e-001	 -2.6139789438883732e-002	  1.5072879958077934e-001	 -2.1047741431731160e+000	 -2.2650972690916316e+000	
 -5.2038180279490032e-001	 -5.4398438282865502e-001	 -6.9320265378913781e-001	 -2.1273657714975247e+000	 -2.3167397045212867e+000	 -2.3601215315567359e+000	 -1.0774858408951760e+000	 -1.4181171343393695e+000	 -9.9870058455719946e-001	 -1.3159963493103444e-001	  3.5917887558190031e-002	 -2.2164834305032910e+000	 -2.3765290497329561e+000	
 -6.3627420628320497e-001	 -6.5898352819016015e-001	 -8.0755896231765600e-001	 -2.2376720856590593e+000	 -2.4269836801308342e+000	 -2.4682072137809374e+000	 -1.1839335776175908e+000	 -1.5256823839165934e+000	 -1.0958246805622407e+000	 -2.3484715804789058e-001	 -7.5627879573270107e-002	 -2.3261582341739251e+000	 -2.4859010860308617e+000	
 -7.4909308218840120e-001	 -7.7088338208453067e-001	 -9.1896902681054549e-001	 -2.3463528954327240e+000	 -2.5351954605344895e+000	 -2.5757410758454613e+000	 -1.2884832941925106e+000	 -1.6313600310334797e+000	 -1.1933080488911729e+000	 -3.3701281039344444e-001	 -1.8474301630333478e-001	 -2.4335008439911876e+000	 -2.5926737793504628e+000	
 -8.7830019273960058e-001	 -9.0017989005775068e-001	 -1.0450598845023196e+000	 -2.4712266073300126e+000	 -2.6600401926237804e+000	 -2.7000926154177041e+000	 -1.4093950596905103e+000	 -1.7537666954654529e+000	 -1.3082652627440794e+000	 -4.5609707392502141e-001	 -3.1267939517332088e-001	 -2.5580162768366055e+000	 -2.7166620086853666e+000	
 -1.0066578266880732e+000	 -1.0286175283686916e+000	 -1.1708018320006897e+000	 -2.5938234241273950e+000	 -2.7834243602745667e+000	 -2.8222111810729533e+000	 -1.5284310872446527e+000	 -1.8745673292350773e+000	 -1.4233116007952296e+000	 -5.7425102702335362e-001	 -4.3975387210515304e-001	 -2.6816068736427168e+000	 -2.8401639376801624e+000	
 -1.1326754348174317e+000	 -1.1540853867965106e+000	 -1.2952213818481217e+000	 -2.7147474367834601e+000	 -2.9052005088351374e+000	 -2.9429108664892345e+000	 -1.6457505510675263e+000	 -1.9938277902058488e+000	 -1.5382667752669166e+000	 -6.9057519731274830e-001	 -5.6327496874886140e-001	 -2.8032801607335012e+000	 -2.9618152644294016e+000	
 -1.2578077534669552e+000	 -1.2783110665568476e+000	 -1.4189611955299775e+000	 -2.8343014449617732e+000	 -3.0251905415452640e+000	 -3.0628392385967373e+000	 -1.7614474681360015e+000	 -2.1114220148763518e+000	 -1.6529714061551681e+000	 -8.0570786275113715e-001	 -6.8543279173860494e-001	 -2.9229501100824784e+000	 -3.0812606027831313e+000	
 -1.3811787053803481e+000	 -1.4014958262824617e+000	 -1.5400036407802187e+000	 -2.9523639087618569e+000	 -3.1436753176499188e+000	 -3.1816192880653738e+000	 -1.8755995283451510e+000	 -2.2271365089909789e+000	 -1.7672710438015882e+000	 -9.1925838437434404e-001	 -8.0664602102242799e-001	 -3.0413438357543843e+000	 -3.1993972766503065e+000	
 -1.5411913158203117e+000	 -1.5614582175480507e+000	 -1.6974067582041785e+000	 -3.1060628942383151e+000	 -3.2981590332634703e+000	 -3.3365135114296063e+000	 -2.0247946256994886e+000	 -2.3779563953452154e+000	 -1.9179904362747191e+000	 -1.0683988496006380e+000	 -9.6455331620515228e-001	 -3.1960540019764228e+000	 -3.3538995249881021e+000	
 -1.7007049456687628e+000	 -1.7205772461592606e+000	 -1.8548358509981044e+000	 -3.2578569808475732e+000	 -3.4507279652734590e+000	 -3.4894812083353655e+000	 -2.1720643390092942e+000	 -2.5265910504488343e+000	 -2.0677131054790410e+000	 -1.2165040309529696e+000	 -1.1215575983256620e+000	 -3.3491729585436447e+000	 -3.5069633147517543e+000	
 -1.8571364200189455e+000	 -1.8767187249738582e+000	 -2.0091319646656780e+000	 -3.4078328085805909e+000	 -3.6013577798281737e+000	 -3.6408102486902294e+000	 -2.3176532947180029e+000	 -2.6734766442338964e+000	 -2.2163567870951972e+000	 -1.3626641073898327e+000	 -1.2757845794573175e+000	 -3.5003533663221509e+000	 -3.6580754508114266e+000	
 -2.0102108364954407e+000	 -2.0293202538617106e+000	 -2.1603908833950358e+000	 -3.5552641984125666e+000	 -3.7492493844369923e+000	 -3.7899662683452684e+000	 -2.4612677684291429e+000	 -2.8183070027134605e+000	 -2.3637317056379725e+000	 -1.5058952829926087e+000	 -1.4263811623396183e+000	 -3.6485139528762423e+000	 -3.8059783490212995e+000	
 -2.1633148337414365e+000	 -2.1821723984233321e+000	 -2.3116054507558159e+000	 -3.7011747387715177e+000	 -3.8956449824177897e+000	 -3.9374607102192760e+000	 -2.6032046318663626e+000	 -2.9613082752986131e+000	 -2.5098143153550190e+000	 -1.6490393918189294e+000	 -1.5773072297030621e+000	 -3.7953613598475933e+000	 -3.9526134657609235e+000	
 -2.4962333631527445e+000	 -2.5144030994058708e+000	 -2.6407472173241020e+000	 -4.0218008719942189e+000	 -4.2169396410145499e+000	 -4.2618452354485914e+000	 -2.9162697279909722e+000	 -3.2763515172936630e+000	 -2.8334979730139098e+000	 -1.9626037201777580e+000	 -1.9054167327412497e+000	 -4.1171321167325914e+000	 -4.2737512115185172e+000	
 -2.5394076662491605e+000	 -2.5571074025630969e+000	 -2.6845597777330754e+000	 -4.0527628227199353e+000	 -4.2481295419595222e+000	 -4.2923878527307835e+000	 -2.9447944948365334e+000	 -3.3049426476211563e+000	 -2.8624710665969832e+000	 -1.9990376702470058e+000	 -1.9482778035591064e+000	 -4.1495228930330530e+000	 -4.3064647796768885e+000	
 -2.5652780148710530e+000	 -2.5830996915464643e+000	 -2.7096570967753975e+000	 -4.0833066993514189e+000	 -4.2789617640444089e+000	 -4.3228850511903838e+000	 -2.9734722762931876e+000	 -3.3337050932967793e+000	 -2.8914540479222373e+000	 -2.0258157494692508e+000	 -1.9745071146194393e+000	 -4.1813215435428930e+000	 -4.3386800732992947e+000	
 -2.4999780379326708e+000	 -2.5201695795500356e+000	 -2.6395906333632757e+000	 -4.0960364174998931e+000	 -4.2910375501915565e+000	 -4.3410772865370983e+000	 -2.9971724157271673e+000	 -3.3580557234265118e+000	 -2.9191341909780011e+000	 -1.9930068627502795e+000	 -1.9143018789941069e+000	 -4.1883137110158009e+000	 -4.3437480594593625e+000	
 -2.4160826740641239e+000	 -2.4384545101246990e+000	 -2.5516985863468511e+000	 -4.0862553626072051e+000	 -4.2790691426668470e+000	 -4.3416784578172996e+000	 -3.0125791628922149e+000	 -3.3747227298028815e+000	 -2.9445451160365899e+000	 -1.9424526375823037e+000	 -1.8340988330163288e+000	 -4.1646068575708073e+000	 -4.3147173610196266e+000	
 -2.3430762616667433e+000	 -2.3663321671817394e+000	 -2.4769995588465044e+000	 -4.0587643563366749e+000	 -4.2474596572259493e+000	 -4.3261748795614396e+000	 -3.0208213358295932e+000	 -3.3845977774559222e+000	 -2.9713677887752699e+000	 -1.8950828059597358e+000	 -1.7608883953780241e+000	 -4.1162569689628947e+000	 -4.2573291395485713e+000	
 -2.2937637106120734e+000	 -2.3168293385490424e+000	 -2.4275472908763529e+000	 -4.0271529420512486e+000	 -4.2110433311673967e+000	 -4.3022563424148785e+000	 -3.0213561968293057e+000	 -3.3863889277029324e+000	 -2.9954579809073900e+000	 -1.8613747617858278e+000	 -1.7090959987674514e+000	 -4.0646811003326455e+000	 -4.1960533567892977e+000	
 -2.2584012490168837e+000	 -2.2809430869877856e+000	 -2.3923542711928869e+000	 -3.9986373298185329e+000	 -4.1779680821021348e+000	 -4.2766875651767400e+000	 -3.0169743408646754e+000	 -3.3826620573078614e+000	 -3.0173339968306845e+000	 -1.8361965831192872e+000	 -1.6711509976378158e+000	 -4.0201737401380777e+000	 -4.1429835872860421e+000	
 -2.2297472912952143e+000	 -2.2518141398527591e+000	 -2.3637457434034781e+000	 -3.9744726795075680e+000	 -4.1499853023422295e+000	 -4.2525736109383372e+000	 -3.0095435621545485e+000	 -3.3753432637735337e+000	 -3.0373640314392825e+000	 -1.8154444289152361e+000	 -1.6406307743122017e+000	 -3.9843017182942253e+000	 -4.1003936300674226e+000	
 -2.1428963874506879e+000	 -2.1639340869037405e+000	 -2.2774000508037906e+000	 -3.8998079570493616e+000	 -4.0663096402601129e+000	 -4.1788909079055747e+000	 -2.9703971408124863e+000	 -3.3344848825324069e+000	 -3.1023665632338160e+000	 -1.7520883951926969e+000	 -1.5504639691674704e+000	 -3.8848596746015041e+000	 -3.9866495004075020e+000	
 -2.0872775047560133e+000	 -2.1079932484895370e+000	 -2.2233387888949130e+000	 -3.8459585316524825e+000	 -4.0094280835786256e+000	 -4.1312277674380171e+000	 -2.9241898233374197e+000	 -3.2847550398270586e+000	 -3.1498693831900626e+000	 -1.7104161497856207e+000	 -1.4950912145648143e+000	 -3.8264160672151215e+000	 -3.9256667190267214e+000	
 -2.0701336174682172e+000	 -2.0908280056494144e+000	 -2.2070090511111529e+000	 -3.8290145919314122e+000	 -3.9922053972193394e+000	 -4.1189211115356672e+000	 -2.9074541763052242e+000	 -3.2666032254076161e+000	 -3.1636199028585166e+000	 -1.6979678829919242e+000	 -1.4782513651402374e+000	 -3.8099806156010052e+000	 -3.9097685918358938e+000	
 -2.0552171547552067e+000	 -2.0758659777520005e+000	 -2.1930642079084350e+000	 -3.8128756286284204e+000	 -3.9757618383851057e+000	 -4.1081813413007540e+000	 -2.8919983906212643e+000	 -3.2498292987120925e+000	 -3.1759596023587244e+000	 -1.6868433084126222e+000	 -1.4635919771546213e+000	 -3.7940898098322018e+000	 -3.8942576016590680e+000	
 -2.0410629164194782e+000	 -2.0616739832817199e+000	 -2.1798715525500612e+000	 -3.7978580733294409e+000	 -3.9604194349791566e+000	 -4.0985825391389730e+000	 -2.8776748448005041e+000	 -3.2342793545239168e+000	 -3.1870052112742409e+000	 -1.6763697964974345e+000	 -1.4496936485265399e+000	 -3.7792626155621623e+000	 -3.8797056113960560e+000	
 -2.0278009731795610e+000	 -2.0483873008974030e+000	 -2.1675092259377804e+000	 -3.7839637343752841e+000	 -3.9462106124529273e+000	 -4.0898248624670064e+000	 -2.8643758031595690e+000	 -3.2198255413565802e+000	 -3.1968608121171194e+000	 -1.6666494444609325e+000	 -1.4367154530752213e+000	 -3.7655798826236042e+000	 -3.8662688602497663e+000	
 -2.0039226274265465e+000	 -2.0244718825839225e+000	 -2.1453230392389777e+000	 -3.7590298082362805e+000	 -3.9207036418579255e+000	 -4.0740809925275956e+000	 -2.8404085942863588e+000	 -3.1936722083383273e+000	 -3.2135910993208450e+000	 -1.6492255684517065e+000	 -1.4133910755579349e+000	 -3.7411112259703172e+000	 -3.8423182832801883e+000	
 -1.9828612242884791e+000	 -2.0033960349358226e+000	 -2.1257566929356875e+000	 -3.7374977428396017e+000	 -3.8986564256718870e+000	 -4.0603002272273647e+000	 -2.8197273742772699e+000	 -3.1710334527162987e+000	 -3.2266809982200995e+000	 -1.6340532040192146e+000	 -1.3928671704607209e+000	 -3.7199682185289351e+000	 -3.8216710645301299e+000	
 -1.9644595781851404e+000	 -1.9849831563741871e+000	 -2.1086873324773769e+000	 -3.7188088837465383e+000	 -3.8795185059853354e+000	 -4.0480251279164658e+000	 -2.8017911789843808e+000	 -3.1514029061595616e+000	 -3.2367813790781241e+000	 -1.6209115969978427e+000	 -1.3749612964285562e+000	 -3.7015983049277779e+000	 -3.8037491932848555e+000	
 -1.9481317206637705e+000	 -1.9686525581651404e+000	 -2.0935349781625590e+000	 -3.7024584805511740e+000	 -3.8628026101424906e+000	 -4.0369518973943919e+000	 -2.7861241687910931e+000	 -3.1343121091073067e+000	 -3.2444421141956115e+000	 -1.6093879839125247e+000	 -1.3591090353430868e+000	 -3.6855303030088882e+000	 -3.7880700825901892e+000	
 -1.9278662324764273e+000	 -1.9483989310260519e+000	 -2.0747192479791954e+000	 -3.6824730350071277e+000	 -3.8424508603533969e+000	 -4.0228958058903252e+000	 -2.7670531831264222e+000	 -3.1136255032750970e+000	 -3.2519713827451335e+000	 -1.5952833470468386e+000	 -1.3395050617319715e+000	 -3.6659334519643094e+000	 -3.7689335754482745e+000	
 -1.9098350118232910e+000	 -1.9304068375332051e+000	 -2.0578959011469111e+000	 -3.6652972045134735e+000	 -3.8250388524585510e+000	 -4.0102569233749774e+000	 -2.7509275306764058e+000	 -3.0962586985224805e+000	 -3.2564437289775983e+000	 -1.5829579524642146e+000	 -1.3220999727706628e+000	 -3.6490337519179405e+000	 -3.7523619195737323e+000	
 -1.8939765196883673e+000	 -1.9145896396542961e+000	 -2.0430990773543378e+000	 -3.6503050392973080e+000	 -3.8098734085172392e+000	 -3.9987176601695706e+000	 -2.7370615092605632e+000	 -3.0813910248083110e+000	 -3.2586044409878001e+000	 -1.5722183472779427e+000	 -1.3068083997830326e+000	 -3.6342100764239493e+000	 -3.7377601687214046e+000	
 -1.8795745192028424e+000	 -1.9002406900953117e+000	 -2.0296236610394258e+000	 -3.6370521372225406e+000	 -3.7964689572479449e+000	 -3.9880751235843448e+000	 -2.7249658159258505e+000	 -3.0684468188397762e+000	 -3.2589631086289428e+000	 -1.5626257940982713e+000	 -1.2929704266013697e+000	 -3.6210379610994714e+000	 -3.7247389044289259e+000	
 -1.8663357348188692e+000	 -1.8870635094336841e+000	 -2.0172053872096196e+000	 -3.6251465714735032e+000	 -3.7844187349609371e+000	 -3.9781333410133790e+000	 -2.7142516350996404e+000	 -3.0569993684712582e+000	 -3.2578855215750213e+000	 -1.5538918907838095e+000	 -1.2802815526081757e+000	 -3.6091276897698421e+000	 -3.7129248801641701e+000	
 -1.8436968053099356e+000	 -1.8645533925968349e+000	 -1.9959246569539735e+000	 -3.6053144749280674e+000	 -3.7643424276656567e+000	 -3.9606875541302600e+000	 -2.6967011106618921e+000	 -3.0383033304969276e+000	 -3.2528716349542464e+000	 -1.5391340775825491e+000	 -1.2586854102191181e+000	 -3.5891651601750452e+000	 -3.6930426650774173e+000	
 -1.8223189673818307e+000	 -1.8433231033990749e+000	 -1.9756672320108137e+000	 -3.5874280508327860e+000	 -3.7461679506792800e+000	 -3.9440828507228964e+000	 -2.6813406219045044e+000	 -3.0220099417835877e+000	 -3.2452491612727785e+000	 -1.5252680403553542e+000	 -1.2382320605069941e+000	 -3.5707858714069118e+000	 -3.6745661141840413e+000	
 -1.8028092436979115e+000	 -1.8239412438447733e+000	 -1.9572087786876580e+000	 -3.5709987622430939e+000	 -3.7294347081980872e+000	 -3.9281943788574969e+000	 -2.6672783863940230e+000	 -3.0071231085732064e+000	 -3.2360660163447408e+000	 -1.5125751708722213e+000	 -1.2195870639035711e+000	 -3.5538061410174127e+000	 -3.6574466170620212e+000	
 -1.7839759703079938e+000	 -1.8052470488498784e+000	 -1.9393419436202208e+000	 -3.5555574726424677e+000	 -3.7137040669794619e+000	 -3.9129175524534876e+000	 -2.6540928019397336e+000	 -2.9931897086095116e+000	 -3.2259410687770496e+000	 -1.5003264186492782e+000	 -1.2016451879536261e+000	 -3.5378292653712728e+000	 -3.6413410925473233e+000	
 -1.7655896677496452e+000	 -1.7870134196003029e+000	 -1.9218305656504286e+000	 -3.5406478450665801e+000	 -3.6985086052001570e+000	 -3.8979448240266112e+000	 -2.6414604891025206e+000	 -2.9798760288503034e+000	 -3.2152202536447350e+000	 -1.4883145947761633e+000	 -1.1841399112343387e+000	 -3.5223291468858831e+000	 -3.6256883194731859e+000	
 -1.7314514655539792e+000	 -1.7531493215503513e+000	 -1.8892704179942488e+000	 -3.5131132536991849e+000	 -3.6704430552239042e+000	 -3.8698155972407555e+000	 -2.6180587408529687e+000	 -2.9553079927909787e+000	 -3.1936026289692832e+000	 -1.4657154864370359e+000	 -1.1516377657259103e+000	 -3.4936697789659243e+000	 -3.5967188986097964e+000	
 -1.6972697574061391e+000	 -1.7192422767757787e+000	 -1.8565394844005656e+000	 -3.4856591133042292e+000	 -3.6423959923782556e+000	 -3.8416204846039026e+000	 -2.5946908373991606e+000	 -2.9308699727137455e+000	 -3.1712806332243604e+000	 -1.4426980024379032e+000	 -1.1188929564452943e+000	 -3.4648417458388314e+000	 -3.5674967934892221e+000	
 -1.6644414482375192e+000	 -1.6866723224532310e+000	 -1.8251643352404923e+000	 -3.4589110594274164e+000	 -3.6150867946567189e+000	 -3.8140921447678000e+000	 -2.5714966656014138e+000	 -2.9066554189522975e+000	 -3.1487038596055283e+000	 -1.4202178956272959e+000	 -1.0875067824832607e+000	 -3.4369354040796329e+000	 -3.5393122889270101e+000	
 -1.6314796896518269e+000	 -1.6539922781617644e+000	 -1.7935586323865049e+000	 -3.4324487473214038e+000	 -3.5880843561999498e+000	 -3.7868874405406761e+000	 -2.5484730950351420e+000	 -2.8826986933756515e+000	 -3.1260221289410861e+000	 -1.3973965994479309e+000	 -1.0560248589036592e+000	 -3.4093327872685153e+000	 -3.5114592102106768e+000	
 -1.5988364479048167e+000	 -1.6216170267266961e+000	 -1.7621791535945563e+000	 -3.4061118824668668e+000	 -3.5612160526802272e+000	 -3.7597393826062087e+000	 -2.5253943743878127e+000	 -2.8587734323273217e+000	 -3.1032445867440472e+000	 -1.3743676177581099e+000	 -1.0247473597186918e+000	 -3.3818325866808996e+000	 -3.4836901301066314e+000	
 -1.5555552935073713e+000	 -1.5786812699783992e+000	 -1.7205151290633491e+000	 -3.3710602318786087e+000	 -3.5255219353256262e+000	 -3.7236607344751649e+000	 -2.4942735774688973e+000	 -2.8266244558924347e+000	 -3.0725640651261266e+000	 -1.3432881755590653e+000	 -9.8321381869803659e-001	 -3.3453711612613235e+000	 -3.4469303899911097e+000	
 -1.5126386167697570e+000	 -1.5360980652917577e+000	 -1.6791234110136166e+000	 -3.3361593458615113e+000	 -3.4900123357755053e+000	 -3.6878775037918476e+000	 -2.4629849368513757e+000	 -2.7944048378257813e+000	 -3.0417550396050208e+000	 -1.3119074597747193e+000	 -9.4189892598872671e-001	 -3.3090933460426797e+000	 -3.4103832336057627e+000	
 -1.4704402885349355e+000	 -1.4942225087640759e+000	 -1.6383673766401374e+000	 -3.3017180607904928e+000	 -3.4550323184866505e+000	 -3.6526425229107540e+000	 -2.4317385995825669e+000	 -2.7623351867965829e+000	 -3.0109281344650185e+000	 -1.2804902564906850e+000	 -9.0125827734610642e-001	 -3.2734442122720475e+000	 -3.3745384500337705e+000	
 -1.4285567898187912e+000	 -1.4526515825058484e+000	 -1.5978165596070015e+000	 -3.2675222252511738e+000	 -3.4203688164605728e+000	 -3.6177306196308878e+000	 -2.4004339578231892e+000	 -2.7303291449204403e+000	 -2.9800863213150786e+000	 -1.2487758953031447e+000	 -8.6084022417554085e-001	 -3.2381363856254231e+000	 -3.3390671457360632e+000	
 -1.3868024339830365e+000	 -1.4111959491291959e+000	 -1.5573161163012772e+000	 -3.2333120474020705e+000	 -3.3857618417615365e+000	 -3.5828644729577475e+000	 -2.3687904161059370e+000	 -2.6980883723934923e+000	 -2.9489707783791896e+000	 -1.2166105695698981e+000	 -8.2045292283550175e-001	 -3.2029266510155141e+000	 -3.3037341947180776e+000	
 -1.3455244852196291e+000	 -1.3702068939865919e+000	 -1.5172114190632469e+000	 -3.1993953017286358e+000	 -3.3515121964742267e+000	 -3.5483668647222633e+000	 -2.3371069810526057e+000	 -2.6659016823463721e+000	 -2.9178417520718813e+000	 -1.1843131317520461e+000	 -7.8045066217324877e-001	 -3.1681297373749029e+000	 -3.2688608365126770e+000	
 -1.3047121443916510e+000	 -1.3296753371744297e+000	 -1.4774966103836551e+000	 -3.1657778477132137e+000	 -3.3176124438065724e+000	 -3.5142416303493018e+000	 -2.3054282342473975e+000	 -2.6338036597676195e+000	 -2.8867230790718956e+000	 -1.1519255637625347e+000	 -7.4083294565829849e-001	 -3.1337302635803255e+000	 -3.2344240505922661e+000	
 -1.2643477598515140e+000	 -1.2895829049974772e+000	 -1.4381588220122588e+000	 -3.1324505879779529e+000	 -3.2840482778739855e+000	 -3.4804736929306967e+000	 -2.2737764005333894e+000	 -2.6018096633718679e+000	 -2.8556371338810393e+000	 -1.1194755390130373e+000	 -7.0158562048339146e-001	 -3.0997066577769239e+000	 -3.2003952469843444e+000	
 -1.2086133926898501e+000	 -1.2342159097155081e+000	 -1.3837546545889534e+000	 -3.0863092573091278e+000	 -3.2376421521814747e+000	 -3.4338129460095290e+000	 -2.2295726522965076e+000	 -2.5572417427833782e+000	 -2.8122381690803833e+000	 -1.0740204192244418e+000	 -6.4728941058367351e-001	 -3.0527193046965273e+000	 -3.1534490185113340e+000	
 -1.1536651832977363e+000	 -1.1796196122371150e+000	 -1.3300346102218530e+000	 -3.0406669072799986e+000	 -3.1917874566314008e+000	 -3.3877532550732337e+000	 -2.1854706009480918e+000	 -2.5128828862786001e+000	 -2.7689598311319008e+000	 -1.0285457792426067e+000	 -5.9362244948457654e-001	 -3.0063275105751686e+000	 -3.1071387380833260e+000	
 -1.0997014945237638e+000	 -1.1259918816666215e+000	 -1.2771940774571888e+000	 -2.9957327574841042e+000	 -3.1467435418011114e+000	 -3.3424720265461394e+000	 -2.1416239510033686e+000	 -2.4689042692498386e+000	 -2.7259032165825037e+000	 -9.8322168364750606e-001	 -5.4087582334927387e-001	 -2.9608680086202765e+000	 -3.0618417092800332e+000	
 -1.0463055194236404e+000	 -1.0729210685656021e+000	 -1.2248009155522155e+000	 -2.9512269184243101e+000	 -3.1022144397135909e+000	 -3.2977013090694784e+000	 -2.0979133444508635e+000	 -2.4251792220252311e+000	 -2.6830566346777163e+000	 -9.3783633066679695e-001	 -4.8857605366303680e-001	 -2.9159538266130269e+000	 -3.0171146919086844e+000	
 -9.9374770869176121e-001	 -1.0206695920337294e+000	 -1.1731750074425173e+000	 -2.9072286908344847e+000	 -3.0582570399431130e+000	 -3.2535198053502690e+000	 -2.0543844170389791e+000	 -2.3817178778898773e+000	 -2.6404161984424634e+000	 -8.9263655392868291e-001	 -4.3699338317304548e-001	 -2.8716704990751074e+000	 -2.9730566063772557e+000	
 -9.1835959302755121e-001	 -9.4571039852586747e-001	 -1.0990340768516349e+000	 -2.8439791372969481e+000	 -2.9951363165906519e+000	 -3.1901366295759015e+000	 -1.9914071743675210e+000	 -2.3189506153035166e+000	 -2.5786760738158998e+000	 -8.2711054436368503e-001	 -3.6289641979647680e-001	 -2.8081504044549233e+000	 -2.9099215047623250e+000	
 -8.4444349935042240e-001	 -8.7220495322981595e-001	 -1.0262440788464389e+000	 -2.7818071529133181e+000	 -2.9331582503738796e+000	 -3.1279308895734159e+000	 -1.9291211539667064e+000	 -2.2569845186974913e+000	 -2.5175943685302737e+000	 -7.6215384295708066e-001	 -2.9013452970561016e-001	 -2.7458382378544588e+000	 -2.8480383101956441e+000	
 -7.7196233282350590e-001	 -8.0011741514418588e-001	 -9.5475712790249467e-001	 -2.7207518537595288e+000	 -2.8724008767663234e+000	 -3.0669039268508280e+000	 -1.8675300017804153e+000	 -2.1958403030212237e+000	 -2.4572494264257783e+000	 -6.9774784231846354e-001	 -2.1872438933012717e-001	 -2.6848535033542342e+000	 -2.7875425621063377e+000	
 -7.0066559689807573e-001	 -7.2919630054668616e-001	 -8.8435768194661257e-001	 -2.6605594774530283e+000	 -2.8125510794370090e+000	 -3.0068362006115956e+000	 -1.8065283543454713e+000	 -2.1353676042288328e+000	 -2.3975651413283838e+000	 -6.3386389478747862e-001	 -1.4833717644413547e-001	 -2.6247919886437376e+000	 -2.7279808283841023e+000	
 -6.3080580725982660e-001	 -6.5969516362651692e-001	 -8.1534050705067695e-001	 -2.6014337321268455e+000	 -2.7538073734432178e+000	 -2.9479063347510603e+000	 -1.7463335870381291e+000	 -2.0757564673552498e+000	 -2.3386039536109626e+000	 -5.7081386729196382e-001	 -7.9314737154612125e-002	 -2.5659033592624336e+000	 -2.6696331711462129e+000	
 -5.4778349527828674e-001	 -5.7709798330707329e-001	 -7.3324821988574040e-001	 -2.5311150285084461e+000	 -2.6839856774757420e+000	 -2.8778677656059459e+000	 -1.6745605562038524e+000	 -2.0047473590788512e+000	 -2.2682786545412670e+000	 -4.9549169639218071e-001	  2.7628361780607236e-003	 -2.4959332151045510e+000	 -2.6003297225001276e+000	
 -4.6649538007403901e-001	 -4.9621698145796422e-001	 -6.5282147425504977e-001	 -2.4621344678807944e+000	 -2.6155176949999026e+000	 -2.8092009560513054e+000	 -1.6039859055584360e+000	 -1.9349714113510164e+000	 -2.1991540186030445e+000	 -4.2137612606629737e-001	  8.3192427882572417e-002	 -2.4273378585027983e+000	 -2.5324037814831168e+000	
 -3.8690502036131669e-001	 -4.1701972177488056e-001	 -5.7403708880343629e-001	 -2.3945034968705370e+000	 -2.5484144541487730e+000	 -2.7419255227264516e+000	 -1.5346423091421313e+000	 -1.8664541033553972e+000	 -2.1312450473226496e+000	 -3.4850020916599167e-001	  1.6197458065181358e-001	 -2.3601370050763126e+000	 -2.4658795126477617e+000	
 -3.0890785954262867e-001	 -3.3940541827182091e-001	 -4.9679679266323440e-001	 -2.3281500795093724e+000	 -2.4825873158018652e+000	 -2.6759594893536187e+000	 -1.4665234032713581e+000	 -1.7991759512042682e+000	 -2.0645383884596580e+000	 -2.7685761460150005e-001	  2.3921375303226355e-001	 -2.2942141639257230e+000	 -2.4006250277210928e+000	
 -2.3251345507768750e-001	 -2.6338121555202765e-001	 -4.2112467160382305e-001	 -2.2630766261499957e+000	 -2.4180284582948630e+000	 -2.6112894073130333e+000	 -1.3996608700292956e+000	 -1.7331540815542779e+000	 -1.9990461117851410e+000	 -2.0651528753889981e-001	  3.1489001187079424e-001	 -2.2295609538161010e+000	 -2.3366311823953545e+000	
 -1.0008451007326169e-001	 -1.3158955656944471e-001	 -2.8994284210759336e-001	 -2.1500317322084017e+000	 -2.3058057470821680e+000	 -2.4990089452052722e+000	 -1.2836163292049285e+000	 -1.6185361225191652e+000	 -1.8853467857963269e+000	 -8.4443612965112713e-002	  4.4611499380664554e-001	 -2.1171020955605968e+000	 -2.2252843372350117e+000	
 -7.1929377110091508e-003	 -3.9144291671511233e-002	 -1.9787002237670048e-001	 -2.0706495761027011e+000	 -2.2270351505928598e+000	 -2.4201533472366643e+000	 -1.2020233725795748e+000	 -1.5379928099835682e+000	 -1.8054094985360258e+000	  1.5035618501357817e-003	  5.3813029967875181e-001	 -2.0382039853583667e+000	 -2.1471813332432088e+000	
  8.3129388708469421e-002	  5.0747576741949629e-002	 -1.0831868857863469e-001	 -1.9934029437126410e+000	 -2.1503864938134942e+000	 -2.3434188905580022e+000	 -1.1226023111222672e+000	 -1.4596137992995972e+000	 -1.7276151060230394e+000	  8.5213748841406201e-002	  6.2761408851064182e-001	 -1.9614201152023947e+000	 -2.0711626651279680e+000	
  1.1783291491096470e-001	  8.5289208158645380e-002	 -7.3963787719621976e-002	 -1.9635683786475289e+000	 -2.1206719224406978e+000	 -2.3138348075233406e+000	 -1.0921676924048329e+000	 -1.4294978233904132e+000	 -1.6977745520768694e+000	  1.1714761388703643e-001	  6.6207550748975663e-001	 -1.9315254500105183e+000	 -2.0415059327008045e+000	
  1.4128803536284096e-001	  1.0862888399088000e-001	 -5.0696190702748112e-002	 -1.9435489641284054e+000	 -2.1008804175143281e+000	 -2.2939071788710130e+000	 -1.0714323133383941e+000	 -1.4090707422145243e+000	 -1.6773834785813735e+000	  1.3905763122545878e-001	  6.8518444895349084e-001	 -1.9118309360205421e+000	 -2.0220704166549197e+000	
  1.6518030808865269e-001	  1.3240344500542456e-001	 -2.6975199534207128e-002	 -1.9231694922853260e+000	 -2.0806549101268779e+000	 -2.2736539024447167e+000	 -1.0505514820718931e+000	 -1.3884739022468340e+000	 -1.6570134306510553e+000	  1.6117721385899841e-001	  7.0889126063278241e-001	 -1.8915187005213996e+000	 -2.0019244074661602e+000	
  1.8852066152641456e-001	  1.5563633650783615e-001	 -3.8378255861060140e-003	 -1.9031184404647572e+000	 -2.0607487601361774e+000	 -2.2537288980519765e+000	 -1.0299245228926335e+000	 -1.3681129131208891e+000	 -1.6368012317716785e+000	  1.8284987605610148e-001	  7.3202337147160179e-001	 -1.8715716843569208e+000	 -1.9821766242391625e+000	
  2.3859444489038317e-001	  2.0547423835415302e-001	  4.5794484806460645e-002	 -1.8601930641609643e+000	 -2.0181088277072545e+000	 -2.2111043219287252e+000	 -9.8590902790196555e-001	 -1.3246465374973093e+000	 -1.5936462631144233e+000	  2.2922678716930101e-001	  7.8163605889347565e-001	 -1.8288073281951256e+000	 -1.9398100962696452e+000	
  2.8789874364587575e-001	  2.5454498985655327e-001	  9.4639543455565800e-002	 -1.8178305138063511e+000	 -1.9759746465179973e+000	 -2.1690457940061192e+000	 -9.4262063486749703e-001	 -1.2818517224074677e+000	 -1.5511726417125615e+000	  2.7476796745884435e-001	  8.3049331024387385e-001	 -1.7864971806741403e+000	 -1.8978648571285062e+000	
  3.3634756186695647e-001	  3.0276304254051034e-001	  1.4266011082830765e-001	 -1.7762353867756264e+000	 -1.9346464584460987e+000	 -2.1277109345499978e+000	 -9.0006297750921949e-001	 -1.2398045463026808e+000	 -1.5094170590356226e+000	  3.1960851599222018e-001	  8.7844784084678551e-001	 -1.7450507846212826e+000	 -1.8567942312609498e+000	
  3.8714232022640793e-001	  3.5331622498313564e-001	  1.9298619775809378e-001	 -1.7325327085628839e+000	 -1.8911697473739109e+000	 -2.0842935340993352e+000	 -8.5549736626566730e-001	 -1.1957332877752247e+000	 -1.4656940299281329e+000	  3.6650403001803333e-001	  9.2875861331287446e-001	 -1.7013790033237886e+000	 -1.8134804826374085e+000	
  4.3699073891989570e-001	  4.0292855439072461e-001	  2.4238230115480874e-001	 -1.6896282881125879e+000	 -1.8485048167605767e+000	 -2.0416460857496377e+000	 -8.1174077856727145e-001	 -1.1524675190567324e+000	 -1.4227453652196909e+000	  4.1256826613023101e-001	  9.7809543156857082e-001	 -1.6585525812630175e+000	 -1.7710119928679990e+000	
  4.8602659419150207e-001	  4.5173129730402550e-001	  2.9095945039703253e-001	 -1.6473498016114085e+000	 -1.8064251115040841e+000	 -1.9996240432055279e+000	 -7.6874146534633425e-001	 -1.1099198122507259e+000	 -1.3805310942115456e+000	  4.5779601626705357e-001	  1.0266396875238115e+000	 -1.6162677576467832e+000	 -1.7290536189218386e+000	
  5.9502959804080824e-001	  5.6021963696828436e-001	  3.9889449961849621e-001	 -1.5530195928530333e+000	 -1.7124365187780599e+000	 -1.9058193967804726e+000	 -6.7325389425376692e-001	 -1.0153133317927221e+000	 -1.2866652025819159e+000	  5.5808496779641281e-001	  1.1344985810770591e+000	 -1.5217396935810479e+000	 -1.6351785671803176e+000	
  6.2729975265307658e-001	  5.9233766543531630e-001	  4.3080501983139285e-001	 -1.5249578553331311e+000	 -1.6843830644809321e+000	 -1.8779365154087957e+000	 -6.4506945810283156e-001	 -9.8731608689772710e-001	 -1.2589247002310344e+000	  5.8757249309770998e-001	  1.1664658908874248e+000	 -1.4934281507992253e+000	 -1.6070157614893610e+000	
  6.3549527867312605e-001	  6.0049460189071091e-001	  4.3891523422012746e-001	 -1.5178477121077227e+000	 -1.6774214997810066e+000	 -1.8708054499764204e+000	 -6.3758027795524086e-001	 -9.7994602284157128e-001	 -1.2514314673384153e+000	  5.9541976239074756e-001	  1.1743876170893230e+000	 -1.4866656661627342e+000	 -1.6004052338591812e+000	
  6.4485864196917042e-001	  6.0980284310541144e-001	  4.4827617798248731e-001	 -1.5100388624219585e+000	 -1.6696726987059929e+000	 -1.8630266556607378e+000	 -6.2978188352158515e-001	 -9.7226112367743145e-001	 -1.2438629679789592e+000	  6.0394648767769787e-001	  1.1836773905860021e+000	 -1.4788125915495831e+000	 -1.5925670657372937e+000	
  6.5366555830514983e-001	  6.1857448312752084e-001	  4.5701396994934917e-001	 -1.5023510531438911e+000	 -1.6620260778289486e+000	 -1.8553402233970617e+000	 -6.2197469102365233e-001	 -9.6454484348607039e-001	 -1.2362825241462039e+000	  6.1213411437410770e-001	  1.1924292318292729e+000	 -1.4711101554787387e+000	 -1.5849023169332010e+000	
  6.7693113272349059e-001	  6.4173338027440074e-001	  4.8006962688229571e-001	 -1.4821527762306497e+000	 -1.6419312993323221e+000	 -1.8352283141881420e+000	 -6.0143154070579907e-001	 -9.4421518423726258e-001	 -1.2161539110763231e+000	  6.3367468786079684e-001	  1.2154609826908747e+000	 -1.4509299255536234e+000	 -1.5648701456533187e+000	
  7.0005162139685773e-001	  6.6474524629733800e-001	  5.0296459447607411e-001	 -1.4620800059779171e+000	 -1.6219186445035616e+000	 -1.8152709469295703e+000	 -5.8114075602277993e-001	 -9.2410541544452052e-001	 -1.1962044091347046e+000	  6.5496109286011794e-001	  1.2383529884991695e+000	 -1.4307835003660729e+000	 -1.5448501857935337e+000	
  7.2289564249850002e-001	  6.8748160078158094e-001	  5.2558306199124161e-001	 -1.4422468315984371e+000	 -1.6021495226679061e+000	 -1.7955412521352132e+000	 -5.6110738139258931e-001	 -9.0424708837721912e-001	 -1.1764752743352869e+000	  6.7598947582148128e-001	  1.2609418278290985e+000	 -1.4108995851267458e+000	 -1.5250953365580910e+000	
  7.8774547944204798e-001	  7.5202559880693798e-001	  5.8979494070121596e-001	 -1.3858671997394323e+000	 -1.5459268696965678e+000	 -1.7394169114147706e+000	 -5.0434978504232397e-001	 -8.4795012803751124e-001	 -1.1206081628633013e+000	  7.3557651555100634e-001	  1.3250576896988164e+000	 -1.3543080394176066e+000	 -1.4688325569430782e+000	
  8.5080504378409749e-001	  8.1478997293515931e-001	  6.5214972260352333e-001	 -1.3307068331402938e+000	 -1.4907575625359160e+000	 -1.6845162142012926e+000	 -4.4930598879922012e-001	 -7.9319982241909948e-001	 -1.0663329099728225e+000	  7.9312583366331069e-001	  1.3874227629075975e+000	 -1.2986231142049220e+000	 -1.4133836810141798e+000	
  8.6482074706695222e-001	  8.2873857569776277e-001	  6.6605368297634193e-001	 -1.3185584968691266e+000	 -1.4787513930915042e+000	 -1.6723588114746502e+000	 -4.3691717198779401e-001	 -7.8095811818545968e-001	 -1.0540827679883513e+000	  8.0621457952778641e-001	  1.4011462352729875e+000	 -1.2867029961207699e+000	 -1.4015918961997054e+000	
  8.7939723693497562e-001	  8.4324304244454140e-001	  6.8053565932246762e-001	 -1.3059437556875997e+000	 -1.4661842262294611e+000	 -1.6597757085382581e+000	 -4.2431329068348678e-001	 -7.6847175208105689e-001	 -1.0417889930838253e+000	  8.1957508153429615e-001	  1.4155978165446559e+000	 -1.2740003574472913e+000	 -1.3889226697770818e+000	
  8.9344796176216157e-001	  8.5723326418407630e-001	  6.9444595686718458e-001	 -1.2935974155019458e+000	 -1.4538708213653884e+000	 -1.6474612611750983e+000	 -4.1188577409367877e-001	 -7.5613877814895147e-001	 -1.0295757919935866e+000	  8.3253031370311703e-001	  1.4295028576638558e+000	 -1.2616058436865085e+000	 -1.3765958157446745e+000	
  9.1943612219558268e-001	  8.8310187068540991e-001	  7.2017281702407843e-001	 -1.2708771936115193e+000	 -1.4311989285384907e+000	 -1.6248291145286586e+000	 -3.8911499344163047e-001	 -7.3352836094753293e-001	 -1.0071414298413739e+000	  8.5639541389026519e-001	  1.4551873768695600e+000	 -1.2387727582713337e+000	 -1.3538746256279710e+000	
  9.4513216731195726e-001	  9.0867844799680242e-001	  7.4560004467771890e-001	 -1.2483645809447941e+000	 -1.4087039605963358e+000	 -1.6024038303971144e+000	 -3.6664337504432876e-001	 -7.1118958818272571e-001	 -9.8498371325428380e-001	  8.7991849002166944e-001	  1.4805889154563268e+000	 -1.2160842826366425e+000	 -1.3312796489688417e+000	
  9.7045381707205891e-001	  9.3388355798196265e-001	  7.7065879907944890e-001	 -1.2261708145977490e+000	 -1.3865404483858201e+000	 -1.5802802531587057e+000	 -3.4449127456315232e-001	 -6.8916969506105374e-001	 -9.6312863580383379e-001	  9.0311815847221588e-001	  1.5055960417529324e+000	 -1.1937525685545847e+000	 -1.3090452428907717e+000	
  1.0300054514413848e+000	  9.9315974024505316e-001	  8.2958865236548718e-001	 -1.1738143805554158e+000	 -1.3342176735368083e+000	 -1.5280642080938156e+000	 -2.9243917250287854e-001	 -6.3738074587593729e-001	 -9.1177808276632355e-001	  9.5758082440111636e-001	  1.5644140417354624e+000	 -1.1409795720782601e+000	 -1.2564587857087917e+000	
  1.0876936272499194e+000	  1.0505851423265877e+000	  8.8661511288057326e-001	 -1.1227823945220150e+000	 -1.2831014151584164e+000	 -1.4771639312036733e+000	 -2.4208777275624982e-001	 -5.8716469105080105e-001	 -8.6201040673450358e-001	  1.0100757605489008e+000	  1.6213949391243876e+000	 -1.0893189522765967e+000	 -1.2049140337786479e+000	
  1.1027085384185398e+000	  1.0655312902450031e+000	  9.0149952053675264e-001	 -1.1095867631061296e+000	 -1.2699966736474666e+000	 -1.4639490477866834e+000	 -2.2887292379769608e-001	 -5.7405000003363238e-001	 -8.4893982844369553e-001	  1.0239742127231555e+000	  1.6361338491437394e+000	 -1.0762192014402983e+000	 -1.1918957487362380e+000	
  1.1179497188222864e+000	  1.0807022767977958e+000	  9.1661835795386892e-001	 -1.0961809651883758e+000	 -1.2566202420434269e+000	 -1.4505473172670147e+000	 -2.1559016475680703e-001	 -5.6084829201519248e-001	 -8.3589980911402684e-001	  1.0379406516549672e+000	  1.6512033864546360e+000	 -1.0627125168866103e+000	 -1.1784160960538470e+000	
  1.1328870427129711e+000	  1.0955748877192750e+000	  9.3140573000183302e-001	 -1.0829410869548362e+000	 -1.2433925984637328e+000	 -1.4373216198637628e+000	 -2.0244712186512359e-001	 -5.4776830168701274e-001	 -8.2295046406433148e-001	  1.0516530276467595e+000	  1.6659647645096420e+000	 -1.0493718774106098e+000	 -1.1651131629610845e+000	
  1.1628741910654217e+000	  1.1254282323378551e+000	  9.6108374986836331e-001	 -1.0563691575694589e+000	 -1.2168275588118060e+000	 -1.4107906536863224e+000	 -1.7615012412441899e-001	 -5.2157724127721572e-001	 -7.9696933577166895e-001	  1.0791160778378384e+000	  1.6955712807005252e+000	 -1.0225720989627263e+000	 -1.1383827166349114e+000	
  1.1923829588713630e+000	  1.1548051570937634e+000	  9.9026478448549504e-001	 -1.0301354265638274e+000	 -1.1905474121446380e+000	 -1.3846046908846388e+000	 -1.5033929389152156e-001	 -4.9582522397384476e-001	 -7.7143608553731369e-001	  1.1060162356766323e+000	  1.7247149695220898e+000	 -9.9600495681295698e-001	 -1.1118566116339323e+000	
  1.2212902071391252e+000	  1.1835844443088828e+000	  1.0188696701294297e+000	 -1.0044339215293796e+000	 -1.1648437597365779e+000	 -1.3589170958385743e+000	 -1.2501582548152257e-001	 -4.7057711712750194e-001	 -7.4638144671046458e-001	  1.1324557247875955e+000	  1.7532240380180308e+000	 -9.7007548433725166e-001	 -1.0859803144923630e+000	
  1.2626999257101534e+000	  1.2248123943807698e+000	  1.0598299869428729e+000	 -9.6746031246686126e-001	 -1.1278088121960961e+000	 -1.3219636519063993e+000	 -8.8770033909946200e-002	 -4.3438889242763956e-001	 -7.1051486504825068e-001	  1.1702164780909019e+000	  1.7940939620313401e+000	 -9.3264153298211472e-001	 -1.0485822008508006e+000	
  1.3029475482428943e+000	  1.2648869020643883e+000	  1.0996408624730503e+000	 -9.3140734063146269e-001	 -1.0916953162640741e+000	 -1.2859067947427194e+000	 -5.3499711149096463e-002	 -3.9915620903041571e-001	 -6.7558165095660261e-001	  1.2069362939721717e+000	  1.8337965907895271e+000	 -8.9614899928036618e-001	 -1.0121142571443142e+000	
  1.3420989956991480e+000	  1.3038718067097665e+000	  1.1383786118224215e+000	 -8.9623836041130556e-001	 -1.0564732712576852e+000	 -1.2507103229542071e+000	 -1.9149736615209356e-002	 -3.6483503119599803e-001	 -6.4155238968255368e-001	  1.2426935330662747e+000	  1.8724086536539009e+000	 -8.6056145763868663e-001	 -9.7653891186277875e-001	
  1.4187740931501658e+000	  1.3802277291443676e+000	  1.2141746692522215e+000	 -8.2685602764520638e-001	 -9.8682478671840990e-001	 -1.1812682112560813e+000	  4.8084809386672589e-002	 -2.9749396278477835e-001	 -5.7481095101485913e-001	  1.3124171813789776e+000	  1.9480460133245447e+000	 -7.9003968899027388e-001	 -9.0594469694904589e-001	
  1.4409199974798614e+000	  1.4022845407692941e+000	  1.2360617530511320e+000	 -8.0670443831953875e-001	 -9.6659083496819509e-001	 -1.1610804289415855e+000	  6.7527103135178734e-002	 -2.7799911454806647e-001	 -5.5547379697118426e-001	  1.3325491724998084e+000	  1.9698718528622372e+000	 -7.6955525330546504e-001	 -8.8542826523374529e-001	
  1.4624896497350548e+000	  1.4237674245569654e+000	  1.2574726627923027e+000	 -7.8722475609915854e-001	 -9.4721657705354456e-001	 -1.1414774756127732e+000	  8.6644301541483060e-002	 -2.5894539592075105e-001	 -5.3650995469056717e-001	  1.3525813825694399e+000	  1.9910291980032024e+000	 -7.5015203535111485e-001	 -8.6606238131625712e-001	
  1.4842239298809012e+000	  1.4454172475220073e+000	  1.2790255239116810e+000	 -7.6746039404207433e-001	 -9.2739526263418970e-001	 -1.1216594294847226e+000	  1.0576672027817757e-001	 -2.3982377645570541e-001	 -5.1766547448417466e-001	  1.3724664340799553e+000	  2.0125596713911342e+000	 -7.3002471893535148e-001	 -8.4587332046037744e-001	
  1.5050804543499385e+000	  1.4661968512934553e+000	  1.2996358906680605e+000	 -7.4831111035800202e-001	 -9.0817936921683273e-001	 -1.1024795295762058e+000	  1.2434543153405642e-001	 -2.2120794039259817e-001	 -4.9916055803422843e-001	  1.3916158082576402e+000	  2.0331239827555692e+000	 -7.1060579442983052e-001	 -8.2643841564877807e-001	
  1.5362205507001292e+000	  1.4972160541957269e+000	  1.3304506594691290e+000	 -7.1984019180415526e-001	 -8.7960810843012993e-001	 -1.0739463019245887e+000	  1.5178151167472009e-001	 -1.9370788914796488e-001	 -4.7183208983292424e-001	  1.4200841128808595e+000	  2.0638197363345157e+000	 -6.8168563242043678e-001	 -7.9745857902435713e-001	
  1.5665007752199145e+000	  1.5273822024235439e+000	  1.3604082056626332e+000	 -6.9200233878230488e-001	 -8.5164964791895059e-001	 -1.0460215938771222e+000	  1.7850793807161480e-001	 -1.6688897618577503e-001	 -4.4523475682933800e-001	  1.4477459945523297e+000	  2.0936763544350256e+000	 -6.5336289662465408e-001	 -7.6905566855611784e-001	
  1.5958604121593112e+000	  1.5566354261022930e+000	  1.3894660126978486e+000	 -6.6491399017709618e-001	 -8.2446212395881346e-001	 -1.0188246175818483e+000	  2.0450074175659694e-001	 -1.4080358063572884e-001	 -4.1935612896515373e-001	  1.4746367256122106e+000	  2.1226048190778890e+000	 -6.2585147986449208e-001	 -7.4146698237143038e-001	
  1.6244425960760811e+000	  1.5851148793224468e+000	  1.4177525191747531e+000	 -6.3842170274019949e-001	 -7.9784662331172651e-001	 -9.9222358519035492e-001	  2.2981617803430332e-001	 -1.1537248847237613e-001	 -3.9414141659210866e-001	  1.5007874631109974e+000	  2.1507833207305982e+000	 -5.9888172234490167e-001	 -7.1439594464317580e-001	
  1.6992080109334839e+000	  1.6596421130063987e+000	  1.4916495643506611e+000	 -5.6785715786544788e-001	 -7.2671713409999672e-001	 -9.2127906862826681e-001	  2.9622054719324886e-001	 -4.8353463250716544e-002	 -3.2765605346485316e-001	  1.5688694646491808e+000	  2.2244591172047024e+000	 -5.2662977871409389e-001	 -6.4170073901836933e-001	
  1.7380750815430002e+000	  1.6983957230092273e+000	  1.5301765704651693e+000	 -5.3103671861676194e-001	 -6.8976118248953444e-001	 -8.8416067632668405e-001	  3.3107930657116924e-001	 -1.3267236384506553e-002	 -2.9280974195644571e-001	  1.6047804443639624e+000	  2.2627139356163894e+000	 -4.8925110124631299e-001	 -6.0411966413231877e-001	
  1.7751154741199038e+000	  1.7353361547240986e+000	  1.5669152778030604e+000	 -4.9573088704557566e-001	 -6.5431584830843992e-001	 -8.4856792995968711e-001	  3.6447161385333438e-001	  2.0342619302393672e-002	 -2.5941954971797632e-001	  1.6391449786230528e+000	  2.2992132999182235e+000	 -4.5337308862103409e-001	 -5.6802725424753842e-001	
  1.8036255138411672e+000	  1.7637729689705672e+000	  1.5950582059791607e+000	 -4.6809184904450518e-001	 -6.2630936912255741e-001	 -8.2077194080754090e-001	  3.8996883604580646e-001	  4.6225720147896610e-002	 -2.3373885232735869e-001	  1.6650081258546834e+000	  2.3273534471877078e+000	 -4.2477888511438522e-001	 -5.3915510956947799e-001	
  1.8067572475406468e+000	  1.7669044714088145e+000	  1.5981723161073713e+000	 -4.6503628634797511e-001	 -6.2342132887416302e-001	 -8.1760938647168491e-001	  3.9322117538809209e-001	  4.9432086123291086e-002	 -2.3034028454582689e-001	  1.6684203825458876e+000	  2.3302185456333113e+000	 -4.2218699055140974e-001	 -5.3666062463275654e-001	
  1.8116075947944843e+000	  1.7717195380875239e+000	  1.6031077692060247e+000	 -4.6085653068961285e-001	 -6.1925435877452362e-001	 -8.1340521228256968e-001	  3.9699669187354125e-001	  5.3184069688239077e-002	 -2.2676969614432441e-001	  1.6727547168704504e+000	  2.3350708957829980e+000	 -4.1784796300181615e-001	 -5.3222594378643517e-001	
  1.8151927997178685e+000	  1.7753072539994363e+000	  1.6066652668031978e+000	 -4.5713355075527318e-001	 -6.1551413452287651e-001	 -8.0959054954043985e-001	  4.0059370451883680e-001	  5.6800462942208085e-002	 -2.2322588498158158e-001	  1.6762053822407808e+000	  2.3386698579970222e+000	 -4.1405213547418551e-001	 -5.2840944831133996e-001	
  1.8213455496316477e+000	  1.7814529356272590e+000	  1.6127533644363368e+000	 -4.5118493591456144e-001	 -6.0952028718108675e-001	 -8.0360437519622074e-001	  4.0622973504467197e-001	  6.2481087097943089e-002	 -2.1759122458098190e-001	  1.6819499557347850e+000	  2.3447627324084674e+000	 -4.0796855747293748e-001	 -5.2228541174881293e-001	
  1.8274555937733972e+000	  1.7875498371928700e+000	  1.6188017358518270e+000	 -4.4525942252005013e-001	 -6.0354024521269700e-001	 -7.9765140593157646e-001	  4.1177787246793329e-001	  6.8085415956709028e-002	 -2.1201103104739882e-001	  1.6876036431705543e+000	  2.3507999988510164e+000	 -4.0188562864307276e-001	 -5.1615370473290234e-001	
  1.8334781857334281e+000	  1.7935591685953600e+000	  1.6247589920646011e+000	 -4.3941476092312914e-001	 -5.9764567843390015e-001	 -7.9177175888212048e-001	  4.1723966090478903e-001	  7.3606138607962279e-002	 -2.0649841550191006e-001	  1.6931752071942530e+000	  2.3567368035726233e+000	 -3.9589978361953548e-001	 -5.1012134460104441e-001	
  1.8575173830894798e+000	  1.8175446844035381e+000	  1.6485821709479875e+000	 -4.1604708399822776e-001	 -5.7410553390735419e-001	 -7.6820709929004138e-001	  4.3900929835838376e-001	  9.5611953922158932e-002	 -1.8459116464109027e-001	  1.7154552223364039e+000	  2.3804182654230122e+000	 -3.7200879958554367e-001	 -4.8603006029479534e-001	
  1.8806825300321517e+000	  1.8406616358781491e+000	  1.6714540071762762e+000	 -3.9316442695280784e-001	 -5.5088249871004802e-001	 -7.4515522612872420e-001	  4.5986021755384243e-001	  1.1684658080324262e-001	 -1.6351302704176174e-001	  1.7365138659903856e+000	  2.4032710965278259e+000	 -3.4827239693924206e-001	 -4.6201546268964666e-001	
  1.8882663553569934e+000	  1.8482330497391342e+000	  1.6790114565883307e+000	 -3.8577069819256682e-001	 -5.4354745731133303e-001	 -7.3762974561175643e-001	  4.6689234403785029e-001	  1.2390992605415541e-001	 -1.5641249159092929e-001	  1.7438239969536085e+000	  2.4106399761807396e+000	 -3.4099141609134076e-001	 -4.5471524041351685e-001	
  1.8963048237023994e+000	  1.8562461473667913e+000	  1.6870210000123897e+000	 -3.7792532070679563e-001	 -5.3564665976513215e-001	 -7.2969938663935974e-001	  4.7412051266326749e-001	  1.3121231339052741e-001	 -1.4925187726000377e-001	  1.7512709186193742e+000	  2.4186018422225342e+000	 -3.3292089149028481e-001	 -4.4654135869526268e-001	
  1.9037362179905593e+000	  1.8636724959619766e+000	  1.6943775659181703e+000	 -3.7047675065693397e-001	 -5.2813008369567704e-001	 -7.2215945443010465e-001	  4.8103494722173679e-001	  1.3822203911284525e-001	 -1.4224539184326535e-001	  1.7582018046209402e+000	  2.4259361092524578e+000	 -3.2529350914034527e-001	 -4.3884837928787057e-001	
  1.9209659760619502e+000	  1.8808782955062053e+000	  1.7114517467593515e+000	 -3.5336814283548623e-001	 -5.1085898195968316e-001	 -7.0487646796513204e-001	  4.9675116305936129e-001	  1.5416662940692660e-001	 -1.2637934391135364e-001	  1.7742069798383220e+000	  2.4429155573191252e+000	 -3.0773353014368343e-001	 -4.2109389813627107e-001	
  1.9376082973840969e+000	  1.8974967680747135e+000	  1.7279218344476988e+000	 -3.3664759706575342e-001	 -4.9392550284788062e-001	 -6.8798119740409724e-001	  5.1194286972178205e-001	  1.6963746378650946e-001	 -1.1099983453788376e-001	  1.7895479190566110e+000	  2.4593194448812028e+000	 -2.9046707458768584e-001	 -4.0361032741598191e-001	
  1.9535812264186436e+000	  1.9134517539192153e+000	  1.7437774224116076e+000	 -3.2056762849141940e-001	 -4.7772383016786435e-001	 -6.7168169219566920e-001	  5.2666572435056125e-001	  1.8458499247064886e-001	 -9.6111436697743358e-002	  1.8045132592388047e+000	  2.4750240577566807e+000	 -2.7404239790740359e-001	 -3.8699950855936027e-001	
  1.9733168401292467e+000	  1.9331679407859070e+000	  1.7633254265196907e+000	 -3.0042051021117455e-001	 -4.5730856532288922e-001	 -6.5128318951446218e-001	  5.4482021163648753e-001	  2.0311026369168594e-001	 -7.7697809223398195e-002	  1.8227789452103238e+000	  2.4944778422819613e+000	 -2.5321486521001635e-001	 -3.6587729241366329e-001	
  1.9920230469521183e+000	  1.9518651275467480e+000	  1.7819050258722768e+000	 -2.8122077716508098e-001	 -4.3794093940585643e-001	 -6.3178867652291526e-001	  5.6223522528009440e-001	  2.2083467168232396e-001	 -6.0033910477153007e-002	  1.8403930139050395e+000	  2.5128763166744061e+000	 -2.3356253142425842e-001	 -3.4596623134830473e-001	
  2.0099512551361443e+000	  1.9697867378154488e+000	  1.7996594724407622e+000	 -2.6251321603465438e-001	 -4.1893917720903229e-001	 -6.1282188403233295e-001	  5.7886760517900093e-001	  2.3787354948878736e-001	 -4.3086267269454304e-002	  1.8570060019262868e+000	  2.5305511309543505e+000	 -2.1414145821130326e-001	 -3.2622681843763601e-001	
  2.0301389939401115e+000	  1.9899807537195890e+000	  1.8197424802448570e+000	 -2.4133125520087173e-001	 -3.9757370440896000e-001	 -5.9126058298519801e-001	  5.9792587838214395e-001	  2.5730621823205624e-001	 -2.3695000375467679e-002	  1.8762161593652849e+000	  2.5503997433802272e+000	 -1.9247442920788949e-001	 -3.0423928251999133e-001	
  2.0492575068959962e+000	  2.0091075977082262e+000	  1.8386448028928637e+000	 -2.2072112593385373e-001	 -3.7652665891252379e-001	 -5.7034034698555391e-001	  6.1580992601606432e-001	  2.7576779352611602e-001	 -5.3292352150124955e-003	  1.8938290286596438e+000	  2.5692570851039154e+000	 -1.7086723053716391e-001	 -2.8219771326187804e-001	
  2.0511805789629189e+000	  2.0110425359578521e+000	  1.8405749513301650e+000	 -2.1858594234347439e-001	 -3.7451837877022776e-001	 -5.6809469761487374e-001	  6.1800435746905968e-001	  2.7794822743998360e-001	 -2.9909798155980383e-003	  1.8961256821412587e+000	  2.5709813271672655e+000	 -1.6909364108397273e-001	 -2.8047837382527696e-001	
  2.0545360817214586e+000	  2.0143759689050800e+000	  1.8440138862387823e+000	 -2.1546439807407225e-001	 -3.7139189182855414e-001	 -5.6493334963425568e-001	  6.2068479633459184e-001	  2.8063802668842897e-001	 -4.7916733159070191e-004	  1.8991914605426263e+000	  2.5743447470523151e+000	 -1.6581785806035754e-001	 -2.7709466910896818e-001	
  2.0566329400844019e+000	  2.0164830388198496e+000	  1.8461011864476795e+000	 -2.1288293344112752e-001	 -3.6878509260163117e-001	 -5.6224161701434738e-001	  6.2308134783117808e-001	  2.8308638600771374e-001	  1.9661631454059858e-003	  1.9012895348737846e+000	  2.5764554616058977e+000	 -1.6317698569057182e-001	 -2.7442631687168983e-001	
  2.0607465566233607e+000	  2.0206121115793341e+000	  1.8501758865903106e+000	 -2.0847448144034608e-001	 -3.6430511438245716e-001	 -5.5777139706125745e-001	  6.2701335145609605e-001	  2.8711094948108418e-001	  5.9972967951793521e-003	  1.9052292356451783e+000	  2.5805404958991751e+000	 -1.5859938058593315e-001	 -2.6976651035082178e-001	
  2.0648091090476051e+000	  2.0246815106343963e+000	  1.8542071608496080e+000	 -2.0407225410090657e-001	 -3.5982640128640053e-001	 -5.5330832989375356e-001	  6.3088770969477181e-001	  2.9108840692826377e-001	  9.9758404252803246e-003	  1.9090745598648873e+000	  2.5845558529580259e+000	 -1.5401725229413632e-001	 -2.6509655107787022e-001	
  2.0687728897423874e+000	  2.0286503407633827e+000	  1.8581371265691260e+000	 -1.9975790343884636e-001	 -3.5544427486611241e-001	 -5.4892382126869865e-001	  6.3468086428830617e-001	  2.9498578243791762e-001	  1.3886234012661092e-002	  1.9128343806933401e+000	  2.5884574185670584e+000	 -1.4954823358004354e-001	 -2.6054506051897963e-001	
  2.0843601037390247e+000	  2.0442615043336776e+000	  1.8736367125420372e+000	 -1.8264650618826650e-001	 -3.3808002577240259e-001	 -5.3148413239956227e-001	  6.4964971557657236e-001	  3.1037449116366744e-001	  2.9266502838964925e-002	  1.9277047260981561e+000	  2.6038015995664132e+000	 -1.3184413803168926e-001	 -2.4249423406097481e-001	
  2.0990137082441684e+000	  2.0589449435810536e+000	  1.8881259269221129e+000	 -1.6607915279132079e-001	 -3.2109577683547830e-001	 -5.1461483338721692e-001	  6.6364742469859905e-001	  3.2493987561577065e-001	  4.3784133853863594e-002	  1.9412943292962392e+000	  2.6182481477243780e+000	 -1.1436807727749354e-001	 -2.2459505845495720e-001	
  2.1029694265133347e+000	  2.0629161746321678e+000	  1.8921244243861324e+000	 -1.6167188397409049e-001	 -3.1677300723054191e-001	 -5.1003468400012686e-001	  6.6771852047153857e-001	  3.2905191814402990e-001	  4.7982353628128749e-002	  1.9455098185157116e+000	  2.6220283525451027e+000	 -1.1016949248154884e-001	 -2.2036450966234078e-001	
  2.1074866111074897e+000	  2.0674367206741096e+000	  1.8966617085227622e+000	 -1.5667722104739656e-001	 -3.1168706094175658e-001	 -5.0492697340032144e-001	  6.7199230145198463e-001	  3.3344497395582096e-001	  5.2268960056833791e-002	  1.9497600999345277e+000	  2.6265513259216000e+000	 -1.0489629525811672e-001	 -2.1494597989002440e-001	
  2.1114165484508174e+000	  2.0713830764300667e+000	  1.9005632342847800e+000	 -1.5207151874230274e-001	 -3.0699330456274154e-001	 -5.0021067451921919e-001	  6.7598714217065314e-001	  3.3757801218303740e-001	  5.6430008133601106e-002	  1.9535838975559550e+000	  2.6304331076238974e+000	 -1.0010848640817915e-001	 -2.1005901735038357e-001	
  2.1199287233215625e+000	  2.0799250615179954e+000	  1.9090237783259134e+000	 -1.4230796843606175e-001	 -2.9705289178139083e-001	 -4.9024481340176340e-001	  6.8433610403850764e-001	  3.4621628911879476e-001	  6.5076966533350600e-002	  1.9617955863440173e+000	  2.6388147780251892e+000	 -8.9953635623585271e-002	 -1.9966290942519116e-001	
  2.1280229182627508e+000	  2.0880480488334463e+000	  1.9170698022110688e+000	 -1.3283756724324913e-001	 -2.8738139944928243e-001	 -4.8055642068367543e-001	  6.9232727065116073e-001	  3.5452289829818184e-001	  7.3392110449654879e-002	  1.9695531630177232e+000	  2.6467874841691330e+000	 -8.0045526969940717e-002	 -1.8950391640226716e-001	
  2.1356954366431591e+000	  2.0957536751304850e+000	  1.9247233860579804e+000	 -1.2376972670136155e-001	 -2.7815878857562204e-001	 -4.7124757998517897e-001	  7.0001115618611998e-001	  3.6249342220551206e-001	  8.1384031843434457e-002	  1.9770556381877302e+000	  2.6543261231402049e+000	 -7.0644142372899843e-002	 -1.7986797839064650e-001	
  2.1479922724298994e+000	  2.1081112846992323e+000	  1.9369662430899215e+000	 -1.0882475979878681e-001	 -2.6286890639293237e-001	 -4.5590563924657879e-001	  7.1239215213347862e-001	  3.7543061687883572e-001	  9.4333686044834053e-002	  1.9889576065377224e+000	  2.6664354936400958e+000	 -5.4964048508576724e-002	 -1.6374214691761146e-001	
  2.1591867076307114e+000	  2.1193768777549860e+000	  1.9481470245110710e+000	 -9.4858073500736495e-002	 -2.4861192566427714e-001	 -4.4151791493540760e-001	  7.2392616716832059e-001	  3.8748698251978020e-001	  1.0643464241999467e-001	  2.0000371231430059e+000	  2.6774412910210987e+000	 -4.0392725424331921e-002	 -1.4874388000263306e-001	
  2.1694283653457269e+000	  2.1296907135317511e+000	  1.9583697899547836e+000	 -8.1615340779883638e-002	 -2.3502726755286751e-001	 -4.2786675133432706e-001	  7.3462088909992396e-001	  3.9874870101064275e-001	  1.1773311018492549e-001	  2.0101488523915911e+000	  2.6875212336701093e+000	 -2.6446396597434862e-002	 -1.3434432970849119e-001	
  2.1849298281229057e+000	  2.1453539038143177e+000	  1.9738631529779838e+000	 -6.0180403279264105e-002	 -2.1296818131233408e-001	 -4.0566193386948335e-001	  7.5142085378399059e-001	  4.1660465946358194e-001	  1.3571089962449712e-001	  2.0257307910829248e+000	  2.7027616424153411e+000	 -3.7767817847589313e-003	 -1.1083359312558105e-001	
  2.1939146705700630e+000	  2.1544551501899711e+000	  1.9829329817007135e+000	 -4.7135446529678049e-002	 -1.9961235500620678e-001	 -3.9207226744986112e-001	  7.6166778982367234e-001	  4.2746799604076458e-001	  1.4668598101419406e-001	  2.0352580311637780e+000	  2.7115865903277747e+000	  9.8708200608754737e-003	 -9.6663911230976396e-002	
  2.2016967704305834e+000	  2.1623506798593706e+000	  1.9907701251751231e+000	 -3.4986761923039289e-002	 -1.8704625877929981e-001	 -3.7941853152323457e-001	  7.7080548687491479e-001	  4.3730707856015627e-001	  1.5663335486060248e-001	  2.0434531791986288e+000	  2.7192475277948436e+000	  2.2826831857392094e-002	 -8.3146252858434799e-002	
  2.2067600991491076e+000	  2.1675196902930516e+000	  1.9959449534379115e+000	 -2.6745568671104891e-002	 -1.7863971674803025e-001	 -3.7075018157706197e-001	  7.7716541103356462e-001	  4.4407250121847319e-001	  1.6354834074738811e-001	  2.0493025007792820e+000	  2.7242092415800112e+000	  3.1361209047675587e-002	 -7.4244964556990922e-002	
  2.2081104471280977e+000	  2.1688793918916982e+000	  1.9972691791718677e+000	 -2.4837631924956582e-002	 -1.7652418419067395e-001	 -3.6883461680126128e-001	  7.7833504375424134e-001	  4.4541008710541341e-001	  1.6476066040405080e-001	  2.0502063256258030e+000	  2.7256911854263155e+000	  3.3783822613431269e-002	 -7.1650708067250157e-002	
  2.2079950350755162e+000	  2.1688058116333675e+000	  1.9970728244675939e+000	 -2.4055032330050352e-002	 -1.7570044028969445e-001	 -3.6796247560977324e-001	  7.7892244204380567e-001	  4.4611663887361708e-001	  1.6571080345895162e-001	  2.0503565528253720e+000	  2.7254927406028528e+000	  3.4507900120051005e-002	 -7.0928978658568731e-002	
  2.2093296894754033e+000	  2.1701479050484362e+000	  1.9984413789608801e+000	 -2.2540507520263375e-002	 -1.7415575722423693e-001	 -3.6644059990120770e-001	  7.7998518410749007e-001	  4.4724059813905370e-001	  1.6677585153068719e-001	  2.0517520059750716e+000	  2.7267602430036675e+000	  3.6102479084920702e-002	 -6.9240922995650322e-002	
  2.2104126798199175e+000	  2.1712422362594186e+000	  1.9995909914840571e+000	 -2.0556186260956011e-002	 -1.7214669915543990e-001	 -3.6431322351748729e-001	  7.8149537110960843e-001	  4.4885330033950233e-001	  1.6836947790421775e-001	  2.0530357381303155e+000	  2.7277961532776729e+000	  3.8128127975323167e-002	 -6.7129493104944871e-002	
  2.2114868243026109e+000	  2.1723367493091672e+000	  2.0007062626734573e+000	 -1.8633795797695640e-002	 -1.7018181064032412e-001	 -3.6226983581277850e-001	  7.8294598341033250e-001	  4.5041001459544816e-001	  1.6994246844070915e-001	  2.0543186076755759e+000	  2.7288503878832859e+000	  4.0129864812721294e-002	 -6.5035795945078689e-002	
  2.2125375336088382e+000	  2.1734153305261739e+000	  2.0017818700786005e+000	 -1.6730719297086694e-002	 -1.6821774232278486e-001	 -3.6026564000046779e-001	  7.8435156806344608e-001	  4.5192928953730060e-001	  1.7148793538890317e-001	  2.0555476579593446e+000	  2.7298972556746293e+000	  4.2149234505961530e-002	 -6.2916409875102275e-002	
  2.2151175399793832e+000	  2.1760665646233246e+000	  2.0044091851130208e+000	 -1.1856360893180984e-002	 -1.6316076813083225e-001	 -3.5513891455352109e-001	  7.8784218151528584e-001	  4.5574325525121751e-001	  1.7539411363465263e-001	  2.0585522702758485e+000	  2.7324449018975017e+000	  4.7361172069493307e-002	 -5.7432132762436083e-002	
  2.2174759636413022e+000	  2.1784941194984420e+000	  2.0067962340815093e+000	 -7.1426045933353777e-003	 -1.5822018232058976e-001	 -3.5018508795869874e-001	  7.9105914139576683e-001	  4.5932212985966281e-001	  1.7904949463498632e-001	  2.0612207509154157e+000	  2.7347737895258017e+000	  5.2498435105796659e-002	 -5.2003766940145191e-002	
  2.2194984271108886e+000	  2.1805878781167021e+000	  2.0088805430475976e+000	 -2.7817953418551866e-003	 -1.5369035647250229e-001	 -3.4556056908030541e-001	  7.9405473154814388e-001	  4.6264055169920049e-001	  1.8245867019239803e-001	  2.0637405423791222e+000	  2.7367435791811889e+000	  5.7152347930244929e-002	 -4.7084660554141955e-002	
  2.2220829635470896e+000	  2.1832792397937784e+000	  2.0115315223514507e+000	  3.4517143825407715e-003	 -1.4712648601333811e-001	 -3.3895179013865295e-001	  7.9806871704657389e-001	  4.6719671249761952e-001	  1.8712052228031517e-001	  2.0668971127697500e+000	  2.7392867270050747e+000	  6.3989121530383386e-002	 -3.9811115111421103e-002	
  2.2240266231330352e+000	  2.1853353786649432e+000	  2.0135789924780045e+000	  9.0476196434874367e-003	 -1.4126715824225311e-001	 -3.3296060010279405e-001	  8.0162641247460975e-001	  4.7124596102721128e-001	  1.9130571931436080e-001	  2.0696701255755734e+000	  2.7411764301332742e+000	  7.0036624112645995e-002	 -3.3358348548562233e-002	
  2.2255062827409855e+000	  2.1869277232964279e+000	  2.0151217148918210e+000	  1.4337804709940727e-002	 -1.3561949387530525e-001	 -3.2730204158470944e-001	  8.0466167514181564e-001	  4.7484815833165328e-001	  1.9502125053794117e-001	  2.0717553540863243e+000	  2.7426320267054383e+000	  7.5968473977061635e-002	 -2.6977599511979200e-002	
  2.2264843000940893e+000	  2.1880579043864756e+000	  2.0162778077692511e+000	  2.0147769635991963e-002	 -1.2951027017382710e-001	 -3.2097221837035228e-001	  8.0800109592615854e-001	  4.7878574065562951e-001	  1.9915711776152811e-001	  2.0740779612928861e+000	  2.7435549188883357e+000	  8.2261568651764705e-002	 -2.0180088381782646e-002	
  2.2269974579667284e+000	  2.1885944360104936e+000	  2.0167566023343575e+000	  2.1579281107131365e-002	 -1.2785371055146211e-001	 -3.1951100910532215e-001	  8.0860457655917983e-001	  4.7960241626832101e-001	  1.9990104436162781e-001	  2.0742761290746259e+000	  2.7441819287354896e+000	  8.4196132292380099e-002	 -1.8059841019879563e-002	
  2.2265465343642710e+000	  2.1881791112841054e+000	  2.0162803238921168e+000	  2.2119293638267479e-002	 -1.2729456766635838e-001	 -3.1888064909713076e-001	  8.0885831761912108e-001	  4.7997017352541249e-001	  2.0044410233976961e-001	  2.0742862433753562e+000	  2.7436135215237467e+000	  8.4643167216791326e-002	 -1.7588450180516801e-002	
  2.2268335512971582e+000	  2.1884821861357651e+000	  2.0166472199942831e+000	  2.3067814539867726e-002	 -1.2632047121452494e-001	 -3.1783213862424109e-001	  8.0934333119953017e-001	  4.8053963442273862e-001	  2.0102827238144272e-001	  2.0747649241943389e+000	  2.7438558337560259e+000	  8.5643332304208286e-002	 -1.6496019446865517e-002	
  2.2269105987073878e+000	  2.1886039018219616e+000	  2.0168008535172977e+000	  2.4600698665944165e-002	 -1.2470920396157048e-001	 -3.1612144325943170e-001	  8.1018083355788306e-001	  4.8154140691569758e-001	  2.0203890313963413e-001	  2.0752816827971365e+000	  2.7439422593413809e+000	  8.7312978544584752e-002	 -1.4673193688308217e-002	
  2.2269054443073699e+000	  2.1886452701018744e+000	  2.0168443159651606e+000	  2.6060911749059557e-002	 -1.2314852157013778e-001	 -3.1451586065511794e-001	  8.1092394682280577e-001	  4.8246470877355563e-001	  2.0300950902663040e-001	  2.0756719193810724e+000	  2.7439461465721404e+000	  8.8943138552677325e-002	 -1.2890021594325063e-002	
  2.2268405053567086e+000	  2.1886262661463540e+000	  2.0168246335452444e+000	  2.7454889210742905e-002	 -1.2164736620678962e-001	 -3.1298298524629065e-001	  8.1158158206795505e-001	  4.8330829776954687e-001	  2.0391774918460115e-001	  2.0759819616045228e+000	  2.7438822408347718e+000	  9.0516446634492098e-002	 -1.1163919182988202e-002	
  2.2261534127170357e+000	  2.1880822283462109e+000	  2.0162702866370896e+000	  3.1368912469798005e-002	 -1.1738020790152959e-001	 -3.0863675969328153e-001	  8.1314180522462642e-001	  4.8546901446422375e-001	  2.0626707158011293e-001	  2.0764363835474864e+000	  2.7431878299295498e+000	  9.5017494447402484e-002	 -6.1738165353375507e-003	
  2.2248769561850068e+000	  2.1869508338667742e+000	  2.0151024666563710e+000	  3.4847120718328739e-002	 -1.1348772862052048e-001	 -3.0473869592428926e-001	  8.1411989977575594e-001	  4.8710533611839857e-001	  2.0807077526763251e-001	  2.0761844606178581e+000	  2.7419157358734569e+000	  9.9191898123018873e-002	 -1.4882025592966031e-003	
  2.2234678354693393e+000	  2.1856536070723465e+000	  2.0138778022447124e+000	  3.6855678579694739e-002	 -1.1134003591395381e-001	 -3.0235517406429491e-001	  8.1469164520830972e-001	  4.8802765920341606e-001	  2.0916940748705315e-001	  2.0760762923481835e+000	  2.7404691057328900e+000	  1.0136788248771289e-001	  1.0014086850862469e-003	
  2.2238212760090637e+000	  2.1860193831200192e+000	  2.0142339212367855e+000	  3.7727512901097882e-002	 -1.1029044772814522e-001	 -3.0147498789145910e-001	  8.1492972416086218e-001	  4.8840845354192197e-001	  2.0942844811799866e-001	  2.0760647794246800e+000	  2.7409745016093723e+000	  1.0269071543267394e-001	  2.4879166593549940e-003	
  2.2229087762102306e+000	  2.1851415377633909e+000	  2.0132424226724233e+000	  3.7710751045860746e-002	 -1.1026552603898843e-001	 -3.0144117854524755e-001	  8.1479221289426640e-001	  4.8837273802115888e-001	  2.0953612136498379e-001	  2.0755463643795657e+000	  2.7399968735355440e+000	  1.0262227344548513e-001	  2.4190042318128491e-003	
  2.2228216549087243e+000	  2.1850613543350494e+000	  2.0131942889822785e+000	  3.7988673693867270e-002	 -1.0996203874447108e-001	 -3.0113474272464025e-001	  8.1475779187667463e-001	  4.8840430034413629e-001	  2.0963758033909485e-001	  2.0755402837540071e+000	  2.7398413077570627e+000	  1.0292834840575082e-001	  2.7727664464460844e-003	
  2.2224757686437613e+000	  2.1847411093600666e+000	  2.0129049213484240e+000	  3.8500943874364424e-002	 -1.0939955414590585e-001	 -3.0051666290020762e-001	  8.1482224495554867e-001	  4.8857002359770085e-001	  2.0982242147304930e-001	  2.0754536830918102e+000	  2.7394867350267749e+000	  1.0352637353450156e-001	  3.4671332918012610e-003	
  2.2220528237286707e+000	  2.1843450393868036e+000	  2.0125300104754107e+000	  3.8976557209080553e-002	 -1.0887597541509031e-001	 -2.9993753009827095e-001	  8.1490046097165703e-001	  4.8874803803222733e-001	  2.1001377852369885e-001	  2.0753313808186125e+000	  2.7390631254327058e+000	  1.0407407456325402e-001	  4.1032917297290084e-003	
  2.2216185860979287e+000	  2.1839405648493848e+000	  2.0121380397313260e+000	  3.9447467252484714e-002	 -1.0835070203352171e-001	 -2.9937619581155150e-001	  8.1496887815379893e-001	  4.8891877303880449e-001	  2.1020496865498117e-001	  2.0751841022577100e+000	  2.7386380076708239e+000	  1.0463149280082185e-001	  4.7495469408520563e-003	
  2.2198896026572879e+000	  2.1823124484494638e+000	  2.0105216918770985e+000	  4.0869026403544950e-002	 -1.0671340401247065e-001	 -2.9766729380054091e-001	  8.1494626478884058e-001	  4.8927395653342032e-001	  2.1069539570039986e-001	  2.0743782293179969e+000	  2.7369281274898238e+000	  1.0639380900068218e-001	  6.8246154818485394e-003	
  2.2179977844098975e+000	  2.1805206095248941e+000	  2.0087112937441365e+000	  4.2169808306180556e-002	 -1.0514102479952658e-001	 -2.9609889642623344e-001	  8.1467444167904191e-001	  4.8942585785627379e-001	  2.1097455795837661e-001	  2.0732585264653380e+000	  2.7350593729784656e+000	  1.0814045952223239e-001	  8.9064685686590650e-003	
  2.2158270050656181e+000	  2.1784503572344072e+000	  2.0066682223767174e+000	  4.3127332017389719e-002	 -1.0398826203605882e-001	 -2.9484795497414229e-001	  8.1425631336951021e-001	  4.8937018172745539e-001	  2.1106345951293903e-001	  2.0721044538285494e+000	  2.7328823145458259e+000	  1.0937785571973890e-001	  1.0440592148386330e-002	
  2.2128523791440369e+000	  2.1756047766046116e+000	  2.0038055614353123e+000	  4.4275566942086897e-002	 -1.0248330413775708e-001	 -2.9335758945958634e-001	  8.1339801565971648e-001	  4.8905893894657382e-001	  2.1090268424650560e-001	  2.0701214080327546e+000	  2.7299459475620402e+000	  1.1111098022587029e-001	  1.2605334797965995e-002	
  2.2094513649593139e+000	  2.1723320663680212e+000	  2.0005961938116545e+000	  4.4859028972332737e-002	 -1.0168534869570145e-001	 -2.9239536273073519e-001	  8.1236220860403385e-001	  4.8845038661382567e-001	  2.1048993834127394e-001	  2.0681688492909522e+000	  2.7265398008244901e+000	  1.1197698944687140e-001	  1.3829639374574043e-002	
  2.2092750176783138e+000	  2.1721756827450811e+000	  2.0004161473057280e+000	  4.5348739658557236e-002	 -1.0103823777707355e-001	 -2.9188350691722320e-001	  8.1227376293191433e-001	  4.8850706601211158e-001	  2.1047762212278442e-001	  2.0677869234022594e+000	  2.7264821540273765e+000	  1.1283243807103105e-001	  1.4830725431735914e-002	
  2.2082210797820245e+000	  2.1711510217794494e+000	  1.9993193530365438e+000	  4.5161954759009859e-002	 -1.0118383487800475e-001	 -2.9201572721504476e-001	  8.1190007339793091e-001	  4.8823510895168454e-001	  2.1033593749653079e-001	  2.0671062216623959e+000	  2.7253648071272618e+000	  1.1261429848263838e-001	  1.4630291363948444e-002	
  2.2077805436702125e+000	  2.1707243536115417e+000	  1.9989278824970036e+000	  4.5232822342589074e-002	 -1.0107889292410022e-001	 -2.9189611412316907e-001	  8.1164540657052697e-001	  4.8805164827592229e-001	  2.1020116854608695e-001	  2.0668238952503692e+000	  2.7248793979417485e+000	  1.1273106291587176e-001	  1.4806571317693695e-002	
  2.2068873458613858e+000	  2.1698623079322577e+000	  1.9981048628865405e+000	  4.5369118919280638e-002	 -1.0088540872155161e-001	 -2.9164013940374822e-001	  8.1131985942328733e-001	  4.8783702287802377e-001	  2.1000791880787517e-001	  2.0662770486326032e+000	  2.7239922717847698e+000	  1.1296026589269204e-001	  1.5141245195859909e-002	
  2.2059329336650002e+000	  2.1689433091200971e+000	  1.9971969740375517e+000	  4.5477982835162578e-002	 -1.0071634842234722e-001	 -2.9142542501003899e-001	  8.1100679447398960e-001	  4.8763832899401116e-001	  2.0982576787775820e-001	  2.0656932974620901e+000	  2.7230551731063368e+000	  1.1315761364927290e-001	  1.5438012536561629e-002	
  2.2049804679642460e+000	  2.1680251168882947e+000	  1.9962850729113857e+000	  4.5576434853034087e-002	 -1.0054893769162465e-001	 -2.9123984594625618e-001	  8.1066530919238211e-001	  4.8741705132182567e-001	  2.0964051805116846e-001	  2.0650751142918811e+000	  2.7221126524077377e+000	  1.1335825162350766e-001	  1.5736822845946463e-002	
  2.2039917805494191e+000	  2.1670714057371310e+000	  1.9953320029133526e+000	  4.5644590974447397e-002	 -1.0040478896022886e-001	 -2.9108553649703772e-001	  8.1028206180278062e-001	  4.8715841661373105e-001	  2.0943616237589779e-001	  2.0644095707087473e+000	  2.7211332196932503e+000	  1.1353924141066507e-001	  1.6017484055552700e-002	
  2.2005872649240033e+000	  2.1637801915104227e+000	  1.9920537523816506e+000	  4.5759616389418056e-002	 -1.0002834899680568e-001	 -2.9067905329416277e-001	  8.0887232375137508e-001	  4.8617024865516001e-001	  2.0861415652295712e-001	  2.0620858843292122e+000	  2.7177591119749156e+000	  1.1404696397154801e-001	  1.6864736599009333e-002	
  2.1970238869672976e+000	  2.1603282529043533e+000	  1.9886015569685611e+000	  4.5738463712918787e-002	 -9.9757512348364052e-002	 -2.9041375496585697e-001	  8.0724757577388395e-001	  4.8499523580858295e-001	  2.0758992242742025e-001	  2.0594904327220220e+000	  2.7142294085931162e+000	  1.1448029021621231e-001	  1.7651970426246777e-002	
  2.1931927440714816e+000	  2.1566074718719630e+000	  1.9849198186225880e+000	  4.5399406960688893e-002	 -9.9873699634822621e-002	 -2.9044340423123316e-001	  8.0547736939884373e-001	  4.8362186874828517e-001	  2.0638091704583417e-001	  2.0568417638544556e+000	  2.7103978800937512e+000	  1.1444530498594396e-001	  1.7933828366567539e-002	
  2.1893182295014135e+000	  2.1528460879935984e+000	  1.9811634637907360e+000	  4.5057222461952762e-002	 -9.9928089153489275e-002	 -2.9050268616326314e-001	  8.0357147270415652e-001	  4.8215506372484285e-001	  2.0504531861664788e-001	  2.0539473265934749e+000	  2.7065826546002203e+000	  1.1455942270321984e-001	  1.8401991367822390e-002	
  2.1836205566392319e+000	  2.1472963787303456e+000	  1.9756582398389178e+000	  4.4039339494039709e-002	 -1.0063320440811818e-001	 -2.9112780094586732e-001	  8.0068377133035717e-001	  4.7979880933080032e-001	  2.0291660707916215e-001	  2.0498388918650523e+000	  2.7009070617294295e+000	  1.1397074623009651e-001	  1.8235834033042408e-002	
  2.1777413959482850e+000	  2.1415702948188731e+000	  1.9699020514594157e+000	  4.2961759696868995e-002	 -1.0127248197489003e-001	 -2.9184675017235318e-001	  7.9743065316040251e-001	  4.7718149185538294e-001	  2.0048552537588193e-001	  2.0451666848815275e+000	  2.6950919105861448e+000	  1.1357635563657986e-001	  1.8325587565204415e-002	
  2.1765789345604691e+000	  2.1404269863012360e+000	  1.9687949663933502e+000	  4.2411239483231000e-002	 -1.0188520452847349e-001	 -2.9231125569406657e-001	  7.9691508702128822e-001	  4.7667181717514495e-001	  2.0009827307276851e-001	  2.0446132659677207e+000	  2.6938041358874898e+000	  1.1280013290382307e-001	  1.7518999149368497e-002	
  2.1762122300243991e+000	  2.1400718945974173e+000	  1.9685188818809873e+000	  4.2456574032678773e-002	 -1.0180195433417971e-001	 -2.9221151849756488e-001	  7.9663922055739356e-001	  4.7643814594677814e-001	  1.9980933794494504e-001	  2.0443122450699569e+000	  2.6935119513031847e+000	  1.1298212472699021e-001	  1.7797850680789651e-002	
  2.1753688720351771e+000	  2.1392557012669400e+000	  1.9676876887622097e+000	  4.2327325445068453e-002	 -1.0188045234937881e-001	 -2.9227910481521846e-001	  7.9629163336814024e-001	  4.7616125934313303e-001	  1.9952278382096011e-001	  2.0437025193038583e+000	  2.6927207310598611e+000	  1.1293683655977382e-001	  1.7818315543038921e-002	
  2.1739499627864145e+000	  2.1378717364823885e+000	  1.9662937403073233e+000	  4.1990433132577110e-002	 -1.0213567927208622e-001	 -2.9254638455677995e-001	  7.9555588118052079e-001	  4.7555307859847851e-001	  1.9898107764615425e-001	  2.0426290422086435e+000	  2.6913186712440584e+000	  1.1271017385272586e-001	  1.7682548531183784e-002	
  2.1725798043989997e+000	  2.1365343611285947e+000	  1.9649536891912511e+000	  4.1664318917389309e-002	 -1.0237251383515833e-001	 -2.9280242678875190e-001	  7.9478592002235615e-001	  4.7491399401966561e-001	  1.9840903389378717e-001	  2.0415592644884573e+000	  2.6899623951264218e+000	  1.1251834748549072e-001	  1.7590792377841780e-002	
  2.1711854111103879e+000	  2.1351729351613002e+000	  1.9635933908321856e+000	  4.1311272032995561e-002	 -1.0264138202020767e-001	 -2.9307727896199509e-001	  7.9399984545358571e-001	  4.7425539674450512e-001	  1.9781147970499013e-001	  2.0404844949977186e+000	  2.6885747993583564e+000	  1.1228627006221181e-001	  1.7455955350742514e-002	
  2.1656988487399609e+000	  2.1298139861978260e+000	  1.9582588007220902e+000	  3.9816595073016714e-002	 -1.0383351273723918e-001	 -2.9425703108465484e-001	  7.9088812769700922e-001	  4.7161581358223792e-001	  1.9535577675555693e-001	  2.0362707681302883e+000	  2.6831253725179138e+000	  1.1122509299466010e-001	  1.6764403012015094e-002	
  2.1600612715959588e+000	  2.1243049336090447e+000	  1.9527523944129488e+000	  3.8207124951394889e-002	 -1.0511034150206822e-001	 -2.9556143801401369e-001	  7.8759752477330913e-001	  4.6882405054105014e-001	  1.9273424581167653e-001	  2.0318118163369370e+000	  2.6775355892794117e+000	  1.1010685107759599e-001	  1.6028906911769170e-002	
  2.1542274015107221e+000	  2.1185970621688810e+000	  1.9471139821838346e+000	  3.6281579641528339e-002	 -1.0680246468941501e-001	 -2.9715827745291357e-001	  7.8427273340908599e-001	  4.6590684428848839e-001	  1.9001208026248051e-001	  2.0274664449511093e+000	  2.6717226674388694e+000	  1.0847303653638285e-001	  1.4724926801434890e-002	
  2.1524149320590880e+000	  2.1168294070712523e+000	  1.9453020108386454e+000	  3.5860707464197006e-002	 -1.0703363491804119e-001	 -2.9750789188653926e-001	  7.8311251614460176e-001	  4.6497019471836154e-001	  1.8909710309844563e-001	  2.0257853645064827e+000	  2.6699947697002013e+000	  1.0839743100343746e-001	  1.4826234776110780e-002	
  2.1502274076283800e+000	  2.1146832675753569e+000	  1.9431743572027038e+000	  3.5003926396326435e-002	 -1.0783497419253329e-001	 -2.9824753173290919e-001	  7.8185278214704113e-001	  4.6384219269679505e-001	  1.8808736785458358e-001	  2.0242132515264633e+000	  2.6677414410345435e+000	  1.0754729405482166e-001	  1.4052263048958125e-002	
  2.1483129693349312e+000	  2.1128101584972914e+000	  1.9413357855786462e+000	  3.4368454761457556e-002	 -1.0838202090257543e-001	 -2.9877242203435461e-001	  7.8070843467914486e-001	  4.6283622749565545e-001	  1.8711793876358129e-001	  2.0227399430663429e+000	  2.6658519146547377e+000	  1.0704900086944136e-001	  1.3678389250815215e-002	
  2.1424327934636000e+000	  2.1070532024722866e+000	  1.9356097881431111e+000	  3.2306559416328540e-002	 -1.1016859348134123e-001	 -3.0053900563564717e-001	  7.7721561767285507e-001	  4.5977463603907864e-001	  1.8422991138788980e-001	  2.0181500718174927e+000	  2.6600271653942631e+000	  1.0536927295934362e-001	  1.2340141976041608e-002	
  2.1364744166991745e+000	  2.1012165538072392e+000	  1.9297833968250355e+000	  3.0154306868368508e-002	 -1.1201162406504483e-001	 -3.0241191434321468e-001	  7.7355931588707350e-001	  4.5657748622285332e-001	  1.8120984422043129e-001	  2.0133673017646014e+000	  2.6541187804545174e+000	  1.0366029257813381e-001	  1.0981919467356605e-002	
  2.1303898863711535e+000	  2.0952513371725878e+000	  1.9238786426227783e+000	  2.7772694782823848e-002	 -1.1415704163297846e-001	 -3.0449692370737580e-001	  7.6988380414633184e-001	  4.5329246345016116e-001	  1.7811385788779610e-001	  2.0086805100227867e+000	  2.6480605817373881e+000	  1.0157563557933180e-001	  9.2067293426811858e-003	
  2.1255446766879071e+000	  2.0905037486200762e+000	  1.9191042296613503e+000	  2.5982977313043776e-002	 -1.1564706254829638e-001	 -3.0608543914834030e-001	  7.6678633208127067e-001	  4.5060249516293283e-001	  1.7554614237580424e-001	  2.0045951072580337e+000	  2.6432841402892482e+000	  1.0024874453162802e-001	  8.1854412243842489e-003	
  2.1237561463014476e+000	  2.0887440596504270e+000	  1.9173914062895481e+000	  2.5121982639264573e-002	 -1.1651220760100500e-001	 -3.0684748392673100e-001	  7.6576039916398386e-001	  4.4963203993719780e-001	  1.7467176380225879e-001	  2.0034101807544502e+000	  2.6414231967397672e+000	  9.9298233163347405e-002	  7.2624979987612193e-003	
  2.1223532885095153e+000	  2.0873711241473636e+000	  1.9160499162049760e+000	  2.4624284370000638e-002	 -1.1693111715604942e-001	 -3.0727153372978044e-001	  7.6486305773881824e-001	  4.4883673178408579e-001	  1.7386907387950679e-001	  2.0022512102075840e+000	  2.6400880795403037e+000	  9.8957512745911913e-002	  7.0344541882594314e-003	
  2.1206996668563516e+000	  2.0857514342498273e+000	  1.9144210527468619e+000	  2.3978054696227602e-002	 -1.1750037159929949e-001	 -3.0784931535188242e-001	  7.6387684717871274e-001	  4.4796491706367014e-001	  1.7304512362326108e-001	  2.0009330685213378e+000	  2.6384577870621762e+000	  9.8413681876463599e-002	  6.5743584445332459e-003	
  2.1174936893215701e+000	  2.0826054448261910e+000	  1.9112852839844319e+000	  2.2658752871551613e-002	 -1.1867296674172856e-001	 -3.0903635824619524e-001	  7.6185736182732278e-001	  4.4616522227713951e-001	  1.7135430710379929e-001	  1.9983559958915986e+000	  2.6352700882215085e+000	  9.7292687308847547e-002	  5.6177514293764830e-003	
  2.1142886403207051e+000	  2.0794604450491416e+000	  1.9081536496283746e+000	  2.1331174296701505e-002	 -1.1985306048001299e-001	 -3.1022690448434531e-001	  7.5982750775072105e-001	  4.4435376208440402e-001	  1.6963626000521259e-001	  1.9957721663466099e+000	  2.6320874134493355e+000	  9.6168907626204003e-002	  4.6610865447327399e-003	
  2.1110600658387213e+000	  2.0762918764327676e+000	  1.9050014356327694e+000	  1.9970923820000763e-002	 -1.2107254532300882e-001	 -3.1144849404551866e-001	  7.5778609113474893e-001	  4.4252496844898737e-001	  1.6789789239290975e-001	  1.9931822605683269e+000	  2.6288791588722216e+000	  9.4998328831197298e-002	  3.6531408200701776e-003	
  2.1003584542551579e+000	  2.0657847604850232e+000	  1.8945410673822938e+000	  1.5330403360991340e-002	 -1.2524489325727028e-001	 -3.1564691876340145e-001	  7.5094149373500230e-001	  4.3637641217530998e-001	  1.6203980563500586e-001	  1.9845209826572230e+000	  2.6182539125274573e+000	  9.0993749036538674e-002	  1.7858297751693897e-004	
  2.0895376539420418e+000	  2.0551551484866426e+000	  1.8839550357903079e+000	  1.0489979298311525e-002	 -1.2961446529391463e-001	 -3.2005390921219234e-001	  7.4394856983595048e-001	  4.3007384287729877e-001	  1.5602612101117685e-001	  1.9757126826580595e+000	  2.6075088383858969e+000	  8.6788676753712934e-002	 -3.5064748671320700e-003	
  2.0865698637697605e+000	  2.0522362925303739e+000	  1.8810915287508223e+000	  9.0544095434630378e-003	 -1.3098698239399909e-001	 -3.2135369818830917e-001	  7.4211114031230707e-001	  4.2836428278292260e-001	  1.5441208882749358e-001	  1.9734955120069841e+000	  2.6045281119582153e+000	  8.5391460067585356e-002	 -4.8033596027341474e-003	
  2.0837723238353867e+000	  2.0494902062861975e+000	  1.8783430283453306e+000	  7.8393699252110594e-003	 -1.3204840932190542e-001	 -3.2246851131356724e-001	  7.4027088514694306e-001	  4.2672253735576149e-001	  1.5282400849980782e-001	  1.9711204594459186e+000	  2.6018019012885585e+000	  8.4423099905084342e-002	 -5.6093909982513068e-003	
  2.0820153576133205e+000	  2.0477630173028061e+000	  1.8766198537083500e+000	  7.0027775493919364e-003	 -1.3282482374854521e-001	 -3.2324135946393273e-001	  7.3915284088266198e-001	  4.2570257305984960e-001	  1.5187232418756302e-001	  1.9697286754196686e+000	  2.6000367727532225e+000	  8.3645515145835958e-002	 -6.3230816164105974e-003	
