  0.0000000000000000e+000	
  3.8350219324022605e+000	
  7.6700438648045210e+000	
  1.1505065797206782e+001	
  4.9855285121229386e+001	
  8.8205504445251989e+001	
  1.2655572376927459e+002	
  2.3807697427356450e+002	
  3.4959822477785440e+002	
  4.6111947528214432e+002	
  5.7264072578643425e+002	
  7.8447545021597614e+002	
  8.5980731782858754e+002	
  9.3513918544119895e+002	
  1.0104710530538104e+003	
  1.0858029206664216e+003	
  1.2183730665295514e+003	
  1.3509432123926811e+003	
  1.4835133582558108e+003	
  1.6160835041189405e+003	
  1.7629054008465923e+003	
  1.9097272975742442e+003	
  2.0565491943018960e+003	
  2.2033710910295476e+003	
  2.3501929877571993e+003	
  2.5229696032223760e+003	
  2.6957462186875528e+003	
  2.8685228341527295e+003	
  3.0412994496179062e+003	
  3.2140760650830830e+003	
  3.4431135219653988e+003	
  3.6721509788477151e+003	
  3.9011884357300314e+003	
  4.1302258926123477e+003	
  4.3592633494946640e+003	
  4.8750697761279635e+003	
  4.9214923545249603e+003	
  4.9679149329219572e+003	
  5.0143375113189541e+003	
  5.0607600897159509e+003	
  5.1152093518280080e+003	
  5.1696586139400652e+003	
  5.2241078760521223e+003	
  5.2785571381641794e+003	
  5.4907896339868321e+003	
  5.7030221298094848e+003	
  5.7808463214610983e+003	
  5.8586705131127119e+003	
  5.9364947047643254e+003	
  6.0143188964159390e+003	
  6.1708203276111799e+003	
  6.3273217588064208e+003	
  6.4838231900016617e+003	
  6.6403246211969026e+003	
  6.8632447685651459e+003	
  7.0861649159333892e+003	
  7.3090850633016325e+003	
  7.5320052106698759e+003	
  7.7549253580381192e+003	
  8.1799594116563730e+003	
  8.6049934652746269e+003	
  9.0300275188928808e+003	
  9.4550615725111347e+003	
  9.8800956261293886e+003	
  1.0696858644619071e+004	
  1.1513621663108754e+004	
  1.2330384681598436e+004	
  1.3147147700088119e+004	
  1.3963910718577801e+004	
  1.5059807222349158e+004	
  1.6155703726120515e+004	
  1.7251600229891872e+004	
  1.8347496733663229e+004	
  1.9452234345311779e+004	
  2.0556971956960333e+004	
  2.1661709568608887e+004	
  2.2766447180257441e+004	
  2.4311714012252796e+004	
  2.5856980844248152e+004	
  2.7402247676243507e+004	
  2.8947514508238863e+004	
  3.0492781340234218e+004	
  3.2747108395839132e+004	
  3.5001435451444042e+004	
  3.7255762507048952e+004	
  3.9510089562653862e+004	
  4.1764416618258772e+004	
  4.4493880269809284e+004	
  4.7223343921359796e+004	
  4.9952807572910307e+004	
  5.2682271224460819e+004	
  5.5411734876011331e+004	
  6.0278500575354883e+004	
  6.3830276592137132e+004	
  6.7382052608919374e+004	
  6.8759082710679562e+004	
  6.9713611392934268e+004	
  7.0668140075188974e+004	
  7.1622668757443680e+004	
  7.3691141729995288e+004	
  7.5759614702546896e+004	
  7.7828087675098504e+004	
  8.0030040850596110e+004	
  8.2231994026093715e+004	
  8.4433947201591320e+004	
  8.9527202282393788e+004	
  9.1055178806634533e+004	
  9.1477120751522016e+004	
  9.1899062696409499e+004	
  9.2321004641296982e+004	
  9.3450087170385494e+004	
  9.4579169699474005e+004	
  9.5708252228562516e+004	
  9.8991716152241177e+004	
  1.0227518007591984e+005	
  1.0302898010426789e+005	
  1.0378278013261594e+005	
  1.0453658016096399e+005	
  1.0593799708452566e+005	
  1.0733941400808733e+005	
  1.0874083093164900e+005	
  1.1212780079119984e+005	
  1.1551477065075068e+005	
  1.1641856148932203e+005	
  1.1732235232789339e+005	
  1.1822614316646474e+005	
  1.2006962997877371e+005	
  1.2191311679108268e+005	
  1.2375660360339165e+005	
  1.2646032658987927e+005	
  1.2916404957636690e+005	
  1.3186777256285452e+005	
  1.3736125015381450e+005	
  1.3900929343110250e+005	
  1.4065733670839050e+005	
  1.4230537998567850e+005	
  1.4395342326296651e+005	
  1.4644620191294330e+005	
  1.4893898056292010e+005	
  1.5143175921289690e+005	
  1.5392453786287369e+005	
  1.6106765713086334e+005	
  1.6499747648586263e+005	
  1.6892729584086192e+005	
  1.7207547564932832e+005	
  1.7251435513254729e+005	
  1.7295323461576627e+005	
  1.7339211409898524e+005	
  1.7409589146910521e+005	
  1.7479966883922517e+005	
  1.7550344620934513e+005	
  1.7839854288915603e+005	
  1.8129363956896693e+005	
  1.8229558817054960e+005	
  1.8329753677213227e+005	
  1.8429948537371494e+005	
  1.8663094219865961e+005	
  1.8896239902360429e+005	
  1.9129385584854896e+005	
  1.9428829829946198e+005	
  1.9728274075037500e+005	
  2.0027718320128802e+005	
  2.0387969730203605e+005	
  2.0748221140278407e+005	
  2.0797013309504880e+005	
  2.0845805478731354e+005	
  2.0894597647957827e+005	
  2.0976057905222449e+005	
  2.1057518162487072e+005	
  2.1138978419751694e+005	
  2.1474961302778669e+005	
  2.1810944185805644e+005	
  2.1912052299298198e+005	
  2.2013160412790751e+005	
  2.2114268526283305e+005	
  2.2331283845984505e+005	
  2.2548299165685705e+005	
  2.2765314485386905e+005	
  2.3139193721300751e+005	
  2.3513072957214597e+005	
  2.3886952193128443e+005	
  2.4564912456411679e+005	
  2.5019548409551193e+005	
  2.5474184362690707e+005	
  2.5818966681760357e+005	
  2.5875744232586367e+005	
  2.5932521783412376e+005	
  2.5989299334238385e+005	
  2.6074815193897672e+005	
  2.6160331053556959e+005	
  2.6245846913216246e+005	
  2.6475053184394806e+005	
  2.6704259455573367e+005	
  2.6933465726751927e+005	
  2.7277724152904138e+005	
  2.7621982579056348e+005	
  2.7966241005208559e+005	
  2.8411406358482875e+005	
  2.8487335857857508e+005	
  2.8563265357232140e+005	
  2.8639194856606773e+005	
  2.8767986860479531e+005	
  2.8896778864352289e+005	
  2.9025570868225046e+005	
  2.9430476296150452e+005	
  2.9835381724075857e+005	
  3.0142429461607261e+005	
  3.0190706639416359e+005	
  3.0238983817225456e+005	
  3.0287260995034553e+005	
  3.0364820262494584e+005	
  3.0442379529954615e+005	
  3.0519938797414646e+005	
  3.0789907455692836e+005	
  3.1059876113971026e+005	
  3.1329844772249216e+005	
  3.1675204605843488e+005	
  3.2020564439437760e+005	
  3.2076901119571179e+005	
  3.2133237799704599e+005	
  3.2189574479838018e+005	
  3.2278653760318138e+005	
  3.2367733040798258e+005	
  3.2456812321278377e+005	
  3.2545891601758497e+005	
  3.2844982748561917e+005	
  3.3144073895365337e+005	
  3.3443165042168758e+005	
  3.3742256188972178e+005	
  3.4145162383821519e+005	
  3.4548068578670861e+005	
  3.4600393657866196e+005	
  3.4652718737061531e+005	
  3.4705043816256867e+005	
  3.4795486108551582e+005	
  3.4885928400846297e+005	
  3.4976370693141012e+005	
  3.5325318751696032e+005	
  3.5674266810251051e+005	
  3.6023214868806070e+005	
  3.6140539445307240e+005	
  3.6257864021808410e+005	
  3.6375188598309580e+005	
  3.6714769759198045e+005	
  3.7054350920086511e+005	
  3.7393932080974977e+005	
  3.7666437380450434e+005	
  3.7754417551585217e+005	
  3.7842397722720000e+005	
  3.7930377893854782e+005	
  3.8105380877982674e+005	
  3.8280383862110565e+005	
  3.8455386846238456e+005	
  3.9029587629427924e+005	
  3.9603788412617391e+005	
  3.9757358500656730e+005	
  3.9910928588696069e+005	
  4.0000000000000000e+005	
