-0.15146	-0.15146	-0.15146	-0.15146	-0.15146	-0.15146	-0.15146	-0.15146	-0.15146	-0.15146	-0.15146	-0.15146	-0.15146
-5.8546	-5.8546	-5.8572	-5.8572	-5.8572	-5.8572	-5.8572	-5.8465	-5.8175	-5.816	-5.8156	-5.8155	-5.8154
-6.1145	-6.1145	-6.1195	-6.1195	-6.1195	-6.1195	-6.1195	-6.1071	-6.0878	-6.0798	-6.0779	-6.0773	-6.0768
-6.4047	-6.4047	-6.412	-6.412	-6.412	-6.412	-6.412	-6.3987	-6.3617	-6.3652	-6.3665	-6.3671	-6.3675
-6.7328	-6.7328	-6.7423	-6.7423	-6.7423	-6.7423	-6.7423	-6.7287	-6.6965	-6.6965	-6.6967	-6.6968	-6.6969
-6.9536	-6.9536	-6.965	-6.965	-6.965	-6.965	-6.965	-6.9487	-6.9165	-6.9181	-6.9186	-6.9189	-6.9191
-7.189	-7.189	-7.2021	-7.2021	-7.2021	-7.2021	-7.2021	-7.1849	-7.1539	-7.155	-7.1554	-7.1556	-7.1558
-7.7687	-7.7687	-7.7844	-7.7844	-7.7844	-7.7844	-7.7844	-7.7702	-7.7374	-7.7357	-7.7353	-7.7351	-7.735
-8.3038	-8.3038	-8.3224	-8.3224	-8.3224	-8.3224	-8.3224	-8.3089	-8.2701	-8.2692	-8.269	-8.269	-8.2689
-8.2741	-8.2741	-8.2944	-8.2944	-8.2944	-8.2944	-8.2944	-8.2839	-8.2435	-8.2414	-8.241	-8.2408	-8.2407
-8.1035	-8.1035	-8.1246	-8.1246	-8.1246	-8.1246	-8.1246	-8.1147	-8.0719	-8.0714	-8.0717	-8.0719	-8.072
-7.9834	-7.9834	-8.0053	-8.0053	-8.0053	-8.0053	-8.0053	-7.9957	-7.9527	-7.9539	-7.9539	-7.9539	-7.9539
-7.7545	-7.7545	-7.7766	-7.7766	-7.7766	-7.7766	-7.7766	-7.7658	-7.7299	-7.7282	-7.7278	-7.7276	-7.7275
-7.5542	-7.5542	-7.5761	-7.5761	-7.5761	-7.5761	-7.5761	-7.5637	-7.5317	-7.5301	-7.5298	-7.5296	-7.5296
-7.525	-7.525	-7.5471	-7.5471	-7.5471	-7.5471	-7.5471	-7.5302	-7.5036	-7.5025	-7.5023	-7.5022	-7.5021
-7.9719	-7.9719	-7.9961	-7.9961	-7.9961	-7.9961	-7.9961	-7.9703	-7.9499	-7.9488	-7.9486	-7.9485	-7.9484
-8.3941	-8.3941	-8.4203	-8.4203	-8.4203	-8.4203	-8.4203	-8.3891	-8.3718	-8.3709	-8.3706	-8.3705	-8.3704
-8.9939	-8.9939	-9.023	-9.023	-9.023	-9.023	-9.023	-8.9915	-8.972	-8.9698	-8.9694	-8.9693	-8.9692
-9.2107	-9.2107	-9.2416	-9.2416	-9.2416	-9.2416	-9.2416	-9.2083	-9.188	-9.1866	-9.1862	-9.1861	-9.186
-9.0831	-9.0831	-9.1147	-9.1147	-9.1147	-9.1147	-9.1146	-9.0818	-9.0602	-9.0596	-9.0595	-9.0595	-9.0594
-9.0207	-9.0207	-9.0525	-9.0525	-9.0525	-9.0525	-9.0524	-9.0139	-8.998	-8.9983	-8.9984	-8.9983	-8.9983
-8.5708	-8.5708	-8.6025	-8.6025	-8.6025	-8.6025	-8.6025	-8.5764	-8.5512	-8.5499	-8.5496	-8.5495	-8.5494
-8.1944	-8.1944	-8.2259	-8.2259	-8.2259	-8.2259	-8.2259	-8.2063	-8.1761	-8.1747	-8.1744	-8.1742	-8.1742
-8.0509	-8.0509	-8.0836	-8.0836	-8.0836	-8.0836	-8.0836	-8.069	-8.0333	-8.0316	-8.0312	-8.0311	-8.031
-9.0059	-9.0059	-9.0453	-9.0453	-9.0453	-9.0453	-9.0439	-8.9956	-8.9846	-8.9836	-8.9832	-8.9831	-8.983
-7.6983	-7.6983	-7.7342	-7.7342	-7.7342	-7.7342	-7.7341	-7.6968	-7.6799	-7.6788	-7.6785	-7.6784	-7.6783
-6.8572	-6.8572	-6.8905	-6.8905	-6.8905	-6.8905	-6.8905	-6.863	-6.8411	-6.8399	-6.8396	-6.8395	-6.8394
-6.332	-6.332	-6.3644	-6.3644	-6.3644	-6.3644	-6.3644	-6.3478	-6.3175	-6.3161	-6.3157	-6.3156	-6.3155
-5.6131	-5.6131	-5.6428	-5.6428	-5.6428	-5.6428	-5.6428	-5.6356	-5.601	-5.5992	-5.5988	-5.5987	-5.5986
-5.2389	-5.2389	-5.2676	-5.2676	-5.2676	-5.2676	-5.2676	-5.2645	-5.2285	-5.2261	-5.2257	-5.2255	-5.2254
-4.9884	-4.9884	-5.0168	-5.0168	-5.0168	-5.0168	-5.0168	-5.0161	-4.9818	-4.9763	-4.9758	-4.9756	-4.9755
-5.5493	-5.5493	-5.5802	-5.5802	-5.5802	-5.5802	-5.5802	-5.578	-5.5402	-5.5366	-5.536	-5.5359	-5.5358
-5.7454	-5.7454	-5.7774	-5.7774	-5.7774	-5.7774	-5.7774	-5.7736	-5.7352	-5.7326	-5.7322	-5.732	-5.7319
-5.8186	-5.8186	-5.8508	-5.8508	-5.8508	-5.8508	-5.8508	-5.844	-5.8079	-5.806	-5.8057	-5.8056	-5.8055
-5.9174	-5.9174	-5.9498	-5.9498	-5.9498	-5.9498	-5.9498	-5.937	-5.9069	-5.9053	-5.9049	-5.9048	-5.9047
-6.1319	-6.1319	-6.1654	-6.1654	-6.1654	-6.1654	-6.1654	-6.1487	-6.1215	-6.1199	-6.1195	-6.1193	-6.1192
-6.2595	-6.2595	-6.2925	-6.2925	-6.2925	-6.2925	-6.2924	-6.2685	-6.2489	-6.2478	-6.2475	-6.2474	-6.2474
-6.3096	-6.3096	-6.3425	-6.3425	-6.3425	-6.3425	-6.3421	-6.313	-6.2992	-6.2982	-6.298	-6.2978	-6.2978
-6.3909	-6.3909	-6.4239	-6.4239	-6.4239	-6.4239	-6.4226	-6.3865	-6.3806	-6.3799	-6.3796	-6.3795	-6.3795
-6.5492	-6.5492	-6.5826	-6.5826	-6.5826	-6.5826	-6.5801	-6.5446	-6.539	-6.5383	-6.5381	-6.538	-6.5379
-6.764	-6.764	-6.7981	-6.7981	-6.7981	-6.7981	-6.7937	-6.7509	-6.7536	-6.7532	-6.753	-6.7529	-6.7529
-6.8415	-6.8415	-6.8762	-6.8762	-6.8762	-6.8762	-6.8729	-6.839	-6.8316	-6.8309	-6.8306	-6.8305	-6.8304
-6.3393	-6.3393	-6.3714	-6.3714	-6.3714	-6.3714	-6.3668	-6.3342	-6.3304	-6.3298	-6.3296	-6.3295	-6.3295
-6.1918	-6.1918	-6.2229	-6.2229	-6.2229	-6.2229	-6.2164	-6.1858	-6.1832	-6.1827	-6.1825	-6.1824	-6.1824
-6.1746	-6.1746	-6.2061	-6.2061	-6.2061	-6.2061	-6.1981	-6.1685	-6.1664	-6.1659	-6.1657	-6.1656	-6.1655
-6.1347	-6.1347	-6.1662	-6.1662	-6.1662	-6.1662	-6.1575	-6.1284	-6.1265	-6.1261	-6.1259	-6.1258	-6.1258
-6.1229	-6.1229	-6.1548	-6.1548	-6.1548	-6.1548	-6.1443	-6.1167	-6.1149	-6.1144	-6.1143	-6.1142	-6.1141
-5.921	-5.921	-5.9521	-5.9521	-5.9521	-5.9521	-5.9419	-5.9147	-5.9131	-5.9127	-5.9126	-5.9125	-5.9125
-5.713	-5.713	-5.7431	-5.7431	-5.7431	-5.743	-5.7324	-5.707	-5.7056	-5.7052	-5.7051	-5.705	-5.705
-5.5772	-5.5772	-5.6067	-5.6067	-5.6067	-5.6065	-5.5947	-5.5716	-5.5703	-5.5699	-5.5698	-5.5697	-5.5696
-5.564	-5.564	-5.5938	-5.5938	-5.5938	-5.5937	-5.5821	-5.5585	-5.5572	-5.5569	-5.5567	-5.5566	-5.5566
-5.5487	-5.5487	-5.5775	-5.5775	-5.5775	-5.5775	-5.5739	-5.5475	-5.5426	-5.542	-5.5418	-5.5417	-5.5416
-5.317	-5.317	-5.3462	-5.3462	-5.3462	-5.3462	-5.3455	-5.3289	-5.3111	-5.3103	-5.3101	-5.31	-5.31
-4.832	-4.832	-4.8586	-4.8586	-4.8586	-4.8586	-4.8583	-4.8462	-4.8274	-4.8263	-4.826	-4.8259	-4.8258
-4.486	-4.486	-4.5099	-4.5099	-4.5099	-4.5099	-4.5094	-4.4949	-4.4817	-4.481	-4.4807	-4.4806	-4.4806
-4.2374	-4.2374	-4.2585	-4.2585	-4.2585	-4.2585	-4.2548	-4.2349	-4.2332	-4.2329	-4.2328	-4.2327	-4.2327
-4.503	-4.503	-4.524	-4.524	-4.524	-4.5236	-4.5104	-4.4994	-4.4988	-4.4986	-4.4985	-4.4985	-4.4984
-5.2247	-5.2247	-5.2484	-5.2484	-5.2484	-5.246	-5.224	-5.2203	-5.2199	-5.2197	-5.2196	-5.2196	-5.2196
-5.9431	-5.9431	-5.9698	-5.9698	-5.9698	-5.967	-5.9419	-5.9383	-5.9378	-5.9376	-5.9376	-5.9375	-5.9375
