3.6075e+14
3.8164e+14
3.8145e+14
3.7074e+14
3.6026e+14
3.4443e+14
3.2953e+14
3.2581e+14
3.3394e+14
3.4128e+14
3.4283e+14
3.4117e+14
3.3644e+14
3.2469e+14
3.1068e+14
3.0202e+14
2.9522e+14
2.9513e+14
3.0167e+14
3.0636e+14
3.0636e+14
3.1251e+14
3.1744e+14
3.2601e+14
3.2863e+14
3.4675e+14
3.5395e+14
3.6089e+14
3.612e+14
3.6195e+14
3.6342e+14
3.8016e+14
3.9686e+14
4.0985e+14
4.274e+14
4.5126e+14
4.673e+14
4.8622e+14
5.0434e+14
5.2489e+14
5.4933e+14
6.0188e+14
6.163e+14
6.2746e+14
6.4536e+14
6.6893e+14
7.0061e+14
7.2888e+14
7.4865e+14
7.6317e+14
7.8701e+14
8.1743e+14
8.4905e+14
8.3611e+14
7.8955e+14
6.9065e+14
5.9248e+14
5.2927e+14
5.0539e+14
