2.775e+12
2.9357e+12
2.9342e+12
2.8519e+12
2.7712e+12
2.6495e+12
2.5349e+12
2.5062e+12
2.5688e+12
2.6252e+12
2.6372e+12
2.6244e+12
2.588e+12
2.4976e+12
2.3898e+12
2.3232e+12
2.2709e+12
2.2702e+12
2.3206e+12
2.3566e+12
2.3566e+12
2.4039e+12
2.4418e+12
2.5078e+12
2.5279e+12
2.6673e+12
2.7227e+12
2.7761e+12
2.7785e+12
2.7843e+12
2.7955e+12
2.9243e+12
3.0527e+12
3.1527e+12
3.2877e+12
3.4713e+12
3.5946e+12
3.7401e+12
3.8795e+12
4.0376e+12
4.2256e+12
4.6299e+12
4.7408e+12
4.8266e+12
4.9643e+12
5.1456e+12
5.3893e+12
5.6068e+12
5.7588e+12
5.8706e+12
6.0539e+12
6.2879e+12
6.5311e+12
6.4316e+12
6.0734e+12
5.3127e+12
4.5575e+12
4.0713e+12
3.8876e+12
