6.3e+10
6.2033e+10
6.0885e+10
5.9581e+10
5.8713e+10
5.893e+10
5.9526e+10
5.9469e+10
5.9659e+10
5.9676e+10
5.9523e+10
5.9062e+10
5.8711e+10
5.8273e+10
5.725e+10
5.638e+10
5.6739e+10
5.7675e+10
5.8101e+10
5.8175e+10
5.788e+10
5.7493e+10
5.7141e+10
5.706e+10
5.881e+10
5.8946e+10
5.9051e+10
5.9594e+10
6.0143e+10
6.035e+10
6.0264e+10
6.0313e+10
5.9909e+10
5.9796e+10
5.7675e+10
5.7097e+10
5.8123e+10
5.9417e+10
6.0691e+10
6.2134e+10
6.392e+10
6.7911e+10
6.8905e+10
6.9971e+10
7.1581e+10
7.3512e+10
7.5784e+10
7.7828e+10
7.9285e+10
8.0487e+10
8.2451e+10
8.4722e+10
8.7407e+10
8.6394e+10
8.3055e+10
7.5904e+10
6.9329e+10
6.5069e+10
6.3542e+10
