  1.7864682104157608e+000	  1.7815065242349766e+000	  1.7389818658306089e+000	  1.9727985285414213e+000	  1.9792588225821182e+000	  1.9274796464056168e+000	  1.9781267035010843e+000	  2.0019056363402981e+000	  2.0432625390216757e+000	  1.8878768523434568e+000	  1.8004314864611703e+000	  1.9707445187957211e+000	  1.9963525726160605e+000	
  1.7865567727410578e+000	  1.7815937863157547e+000	  1.7390667312963681e+000	  1.9728171032196291e+000	  1.9792620446069540e+000	  1.9274813752708126e+000	  1.9787341438204717e+000	  2.0019064444775876e+000	  2.0432627721621750e+000	  1.8879477076011142e+000	  1.8005116189264772e+000	  1.9707487290517682e+000	  1.9963579167018648e+000	
  1.7866510713041897e+000	  1.7816862564614857e+000	  1.7391558082901999e+000	  1.9728559855241299e+000	  1.9792690064512193e+000	  1.9274851392619938e+000	  1.9793380391779243e+000	  2.0019082712888610e+000	  2.0432632973016100e+000	  1.8880262446508838e+000	  1.8005967399693736e+000	  1.9707578328886859e+000	  1.9963693782169809e+000	
  1.7867459294041037e+000	  1.7817787399216840e+000	  1.7392443241387026e+000	  1.9729141525180613e+000	  1.9792796094545848e+000	  1.9274909233344926e+000	  1.9799382476348086e+000	  2.0019111563867136e+000	  2.0432641244183931e+000	  1.8881051819092372e+000	  1.8006823540190573e+000	  1.9707717181828346e+000	  1.9963867605221532e+000	
  1.7875459405378835e+000	  1.7825231364781524e+000	  1.7399467362125107e+000	  1.9738505460377807e+000	  1.9794633465489724e+000	  1.9275971282903996e+000	  1.9845889419098659e+000	  2.0019724702582948e+000	  2.0432816396051270e+000	  1.8887697101194281e+000	  1.8013875914636350e+000	  1.9710130142288058e+000	  1.9966817227013069e+000	
  1.7884400786442052e+000	  1.7832759812890657e+000	  1.7406380280618809e+000	  1.9754589469190669e+000	  1.9798004730573335e+000	  1.9278013810830217e+000	  1.9889925826624857e+000	  2.0021054063743589e+000	  2.0433197154429426e+000	  1.8894971032093664e+000	  1.8021324202011764e+000	  1.9714551557291604e+000	  1.9972123225062148e+000	
  1.7894711278873630e+000	  1.7840527218351467e+000	  1.7413289674080579e+000	  1.9774476805616521e+000	  1.9802503676844840e+000	  1.9280848049850081e+000	  1.9931418719584855e+000	  2.0023132809380959e+000	  2.0433798764045883e+000	  1.8902964158202686e+000	  1.8029321238525773e+000	  1.9720419135170220e+000	  1.9979040408583677e+000	
  1.7906611905503329e+000	  1.7848645635494238e+000	  1.7420241689675624e+000	  1.9796307495796122e+000	  1.9807875784053097e+000	  1.9284316997970432e+000	  1.9970410177340554e+000	  2.0025977173987912e+000	  2.0434635727140922e+000	  1.8911652249063946e+000	  1.8037925289774648e+000	  1.9727355801286053e+000	  1.9987083841485016e+000	
  1.7928409574487534e+000	  1.7862219544810927e+000	  1.7431298779528888e+000	  1.9832254472576119e+000	  1.9817747333624278e+000	  1.9290750683281286e+000	  2.0026481147348756e+000	  2.0031941531514570e+000	  2.0436440052563625e+000	  1.8926532284417461e+000	  1.8052605056387725e+000	  1.9739884806851395e+000	  2.0001338574063681e+000	
  1.7953528330480590e+000	  1.7876736195583276e+000	  1.7442391372267783e+000	  1.9868724503772330e+000	  1.9829163894306447e+000	  1.9298121999635220e+000	  2.0077386021237662e+000	  2.0039715799053317e+000	  2.0438882445689397e+000	  1.8942597521860003e+000	  1.8068473440939026e+000	  1.9754012498894176e+000	  2.0017085866420943e+000	
  1.7981300760710159e+000	  1.7892293318155947e+000	  1.7453616780762544e+000	  1.9905131102559148e+000	  1.9841987395425669e+000	  1.9306195123652172e+000	  2.0123904531906116e+000	  2.0049186668432601e+000	  2.0441984049871751e+000	  1.8959691951166335e+000	  1.8085468034131535e+000	  1.9769475166609212e+000	  2.0034018415682677e+000	
  1.8010922321960359e+000	  1.7908831396706932e+000	  1.7464957599183693e+000	  1.9941324583871847e+000	  1.9856126801414058e+000	  1.9314824463553384e+000	  2.0166729071852325e+000	  2.0060213156298010e+000	  2.0445754826448375e+000	  1.8977585010983613e+000	  1.8103461846315989e+000	  1.9786139238350762e+000	  2.0051988699077987e+000	
  1.8041713194156492e+000	  1.7926269537607331e+000	  1.7476393778750645e+000	  1.9977103093861321e+000	  1.9871475610945941e+000	  1.9323914427675710e+000	  2.0206363397315261e+000	  2.0072642458214527e+000	  2.0450194672699387e+000	  1.8996058648174721e+000	  1.8122355267517547e+000	  1.9803892322472507e+000	  2.0070884757035312e+000	
  1.8092224895980258e+000	  1.7956064842953630e+000	  1.7495141051795677e+000	  2.0032671532958295e+000	  1.9898206612770151e+000	  1.9339236939041657e+000	  2.0263784573129424e+000	  2.0094969868878452e+000	  2.0458626830889153e+000	  1.9026552866880275e+000	  1.8154451525290380e+000	  1.9834264660770591e+000	  2.0102769860604806e+000	
  1.8142186612365845e+000	  1.7987228022269388e+000	  1.7513720110696085e+000	  2.0085893161353372e+000	  1.9927250261461107e+000	  1.9355381044766178e+000	  2.0315385692813099e+000	  2.0119845354646291e+000	  2.0468665165541879e+000	  1.9057079685078169e+000	  1.8187906261334061e+000	  1.9866680649721928e+000	  2.0136415720837575e+000	
  1.8190808507536682e+000	  1.8019900817616012e+000	  1.7532651443965592e+000	  2.0136271372504968e+000	  1.9958085360204438e+000	  1.9372190331003594e+000	  2.0361974254532806e+000	  2.0146633529358202e+000	  2.0480196719659887e+000	  1.9087577895278560e+000	  1.8222793627774643e+000	  1.9900636752494296e+000	  2.0171424145712109e+000	
  1.8237220628578055e+000	  1.8053754243904379e+000	  1.7552004742599050e+000	  2.0183570897980330e+000	  1.9990323084423329e+000	  1.9389626126252220e+000	  2.0404097695238481e+000	  2.0174790566672023e+000	  2.0493097470662685e+000	  1.9117696213835431e+000	  1.8258809294519958e+000	  1.9935828308600847e+000	  2.0207569033559500e+000	
  1.8280799627005915e+000	  1.8088453391717765e+000	  1.7571800359591772e+000	  2.0227646617179440e+000	  2.0023629850817311e+000	  1.9407697313106278e+000	  2.0442168253740265e+000	  2.0203860031052128e+000	  2.0507235627326463e+000	  1.9147142777421660e+000	  1.8295674892292351e+000	  1.9972011999340793e+000	  2.0244664730182227e+000	
  1.8331431713901691e+000	  1.8133759629735486e+000	  1.7598001146535249e+000	  2.0278626463410441e+000	  2.0067179417016026e+000	  1.9431690139182722e+000	  2.0484015839771663e+000	  2.0241585596582490e+000	  2.0526802024492525e+000	  1.9183262898228817e+000	  1.8343819200951337e+000	  2.0019265461760161e+000	  2.0293084039587845e+000	
  1.8374705205571953e+000	  1.8179141344357510e+000	  1.7624665110130611e+000	  2.0323081072070743e+000	  2.0111317512134086e+000	  1.9456707713607597e+000	  2.0518844911035385e+000	  2.0279360534005866e+000	  2.0547810257760339e+000	  1.9216653687770324e+000	  1.8392191403534253e+000	  2.0067176562094837e+000	  2.0342267945678172e+000	
  1.8411066564475504e+000	  1.8224524304416378e+000	  1.7652209474521299e+000	  2.0361101023240495e+000	  2.0155415836335218e+000	  1.9482651786674539e+000	  2.0548991074669907e+000	  2.0316553858199251e+000	  2.0569930498550346e+000	  1.9247968160736479e+000	  1.8440697943981108e+000	  2.0115155837553891e+000	  2.0391688302412194e+000	
  1.8442654649397388e+000	  1.8269536037265122e+000	  1.7680618102497769e+000	  2.0394397601465153e+000	  2.0199107148689541e+000	  1.9509475854940626e+000	  2.0577545199471743e+000	  2.0352915303933123e+000	  2.0592924579737959e+000	  1.9278250815540183e+000	  1.8488967939920256e+000	  2.0162873051225829e+000	  2.0441019658240207e+000	
  1.8472650642290402e+000	  1.8313911354938379e+000	  1.7709751882606841e+000	  2.0425598757224050e+000	  2.0242223775252954e+000	  1.9537133327901741e+000	  2.0606648056430683e+000	  2.0388565897254951e+000	  2.0616671227567780e+000	  1.9308591803651900e+000	  1.8536701348979436e+000	  2.0210112383330339e+000	  2.0490008681862713e+000	
  1.8511945107971928e+000	  1.8368881523016687e+000	  1.7747396424342963e+000	  2.0465003859044781e+000	  2.0295443139364262e+000	  1.9572817093835306e+000	  2.0644747689024729e+000	  2.0432666224317528e+000	  2.0647359904420401e+000	  1.9347937883081916e+000	  1.8595883436527501e+000	  2.0268509150382976e+000	  2.0550656775475939e+000	
  1.8553714859206478e+000	  1.8422332130491641e+000	  1.7785126685288020e+000	  2.0506480655454333e+000	  2.0347889435027895e+000	  1.9609479763958602e+000	  2.0684591922487758e+000	  2.0476774957192023e+000	  2.0679198569490325e+000	  1.9388058191334656e+000	  1.8653364475393335e+000	  2.0325798155641173e+000	  2.0610201235377175e+000	
  1.8598101412480132e+000	  1.8475186988488477e+000	  1.7823510392748083e+000	  2.0549894233069170e+000	  2.0399678715798291e+000	  1.9646860687158108e+000	  2.0725391116634300e+000	  2.0521165760781477e+000	  2.0712173475709981e+000	  1.9429271620756843e+000	  1.8709844882671245e+000	  2.0381920356406216e+000	  2.0668498363189105e+000	
  1.8643773988924481e+000	  1.8527619592378151e+000	  1.7862444120647833e+000	  2.0594440738814890e+000	  2.0451101020415496e+000	  1.9684881678436323e+000	  2.0766671459013066e+000	  2.0565930298116171e+000	  2.0746256731731130e+000	  1.9471162422796491e+000	  1.8765534372246899e+000	  2.0437239329907091e+000	  2.0725862246866398e+000	
  1.8689974174221855e+000	  1.8579884596814027e+000	  1.7901979880720424e+000	  2.0639519654498608e+000	  2.0502408715389242e+000	  1.9723567791266996e+000	  2.0808304397334210e+000	  2.0611055659330955e+000	  2.0781394419265289e+000	  1.9513561223677856e+000	  1.8820787291134455e+000	  2.0492146320407638e+000	  2.0782703316091711e+000	
  1.8766135389250975e+000	  1.8665197159295017e+000	  1.7967894818364560e+000	  2.0713288861445402e+000	  2.0585656158808381e+000	  1.9787594832572437e+000	  2.0876136304268478e+000	  2.0684685448084124e+000	  2.0840039845287359e+000	  1.9583936293540150e+000	  1.8910760744913060e+000	  2.0581088856769774e+000	  2.0874552513209061e+000	
  1.8825375516398144e+000	  1.8732439485904626e+000	  1.8020455063929108e+000	  2.0772940830694444e+000	  2.0653322330640518e+000	  1.9840979568881703e+000	  2.0931284320613308e+000	  2.0745390390543532e+000	  2.0889865316067517e+000	  1.9639391993731867e+000	  1.8981458212523969e+000	  2.0652699380107804e+000	  2.0948648573906175e+000	
  1.8884205936823188e+000	  1.8800261642896394e+000	  1.8074910776183126e+000	  2.0831055267963614e+000	  2.0720104351947755e+000	  1.9894826976640863e+000	  2.0984977946902519e+000	  2.0805757909777292e+000	  2.0940830821414185e+000	  1.9695687712809475e+000	  1.9052348707291054e+000	  2.0723020218816965e+000	  2.1021449320116501e+000	
  1.8941702240475251e+000	  1.8867806320279670e+000	  1.8130397981071775e+000	  2.0888121391512775e+000	  2.0786664316731938e+000	  1.9949561729229461e+000	  2.1037930277748189e+000	  2.0865828285976282e+000	  2.0992775326261301e+000	  1.9751859766737678e+000	  1.9122885678035562e+000	  2.0793174251185378e+000	  2.1094001323540343e+000	
  1.8998304683821285e+000	  1.8934729887339070e+000	  1.8186334252960861e+000	  2.0944771731988983e+000	  2.0853048237476588e+000	  2.0005229581389345e+000	  2.1091400457149567e+000	  2.0925722176879149e+000	  2.1045553522054172e+000	  1.9808087497879474e+000	  1.9192945994168840e+000	  2.0863220044900155e+000	  2.1166431864501307e+000	
  1.9043211798552921e+000	  1.8987154052622808e+000	  1.8230761055887277e+000	  2.0990041778942374e+000	  2.0905533550079798e+000	  2.0050056615171936e+000	  2.1134959621616485e+000	  2.0973410550308684e+000	  2.1088222647467689e+000	  1.9852719379401547e+000	  1.9247776035432533e+000	  2.0918405182798971e+000	  2.1223584531953130e+000	
  1.9089960233342724e+000	  1.9040187192003466e+000	  1.8276374191248079e+000	  2.1036115467543337e+000	  2.0957837494625524e+000	  2.0095222763087826e+000	  2.1179355293557922e+000	  2.1021136268500302e+000	  2.1131315747126922e+000	  1.9898742102873375e+000	  1.9303111676293401e+000	  2.0973339631486958e+000	  2.1280439956659518e+000	
  1.9137337566769455e+000	  1.9092735496588671e+000	  1.8321948473192688e+000	  2.1083160753470587e+000	  2.1010178668305488e+000	  2.0140783100731960e+000	  2.1224410925369308e+000	  2.1069068345726043e+000	  2.1174844471120853e+000	  1.9945000968798996e+000	  1.9358010042755602e+000	  2.1028300510805433e+000	  2.1337230821338320e+000	
  1.9185574481197021e+000	  1.9145482999317576e+000	  1.8368010679927762e+000	  2.1130925145827697e+000	  2.1062646681752519e+000	  2.0186749263780150e+000	  2.1269901979640751e+000	  2.1117255279042841e+000	  2.1218792484482938e+000	  1.9991731759388427e+000	  1.9413043414572111e+000	  2.1083333654387197e+000	  2.1394048834431496e+000	
  1.9233544659103046e+000	  1.9197731531378082e+000	  1.8413863762379483e+000	  2.1178866931953149e+000	  2.1115020285228217e+000	  2.0232945519427137e+000	  2.1315593010181848e+000	  2.1165588048349311e+000	  2.1263100030572701e+000	  2.0038351548588258e+000	  1.9467599419588202e+000	  2.1138151287406051e+000	  2.1450633555644947e+000	
  1.9328496216884778e+000	  1.9301203208472719e+000	  1.8505365288403146e+000	  2.1272831558809586e+000	  2.1217716728086833e+000	  2.0323923667521742e+000	  2.1404499247499342e+000	  2.1260175137027137e+000	  2.1350110382169887e+000	  2.0130872158649544e+000	  1.9575744058464475e+000	  2.1245911325903246e+000	  2.1561658868368236e+000	
  1.9351366761116275e+000	  1.9326970889338690e+000	  1.8528139712681078e+000	  2.1299374745444970e+000	  2.1247036097024705e+000	  2.0350547002494030e+000	  2.1430303680503244e+000	  2.1287901534552387e+000	  2.1376122966853583e+000	  2.0153359395529877e+000	  1.9602606192694474e+000	  2.1275998702094383e+000	  2.1592929219229022e+000	
  1.9378460364238970e+000	  1.9356973557036079e+000	  1.8555452805776740e+000	  2.1325235226547288e+000	  2.1275646756314059e+000	  2.0376793207061574e+000	  2.1455537792798633e+000	  2.1315011569168325e+000	  2.1401962625967186e+000	  2.0180167561166598e+000	  1.9633346170082815e+000	  2.1305259226741216e+000	  2.1623352233191429e+000	
  1.9404792531359005e+000	  1.9386101727628742e+000	  1.8582226495309384e+000	  2.1351365099757538e+000	  2.1304484531659202e+000	  2.0403234271027570e+000	  2.1480663081047013e+000	  2.1341865575532077e+000	  2.1427743849261551e+000	  2.0206505850942285e+000	  1.9663567293082120e+000	  2.1335194495108456e+000	  2.1654272868744342e+000	
  1.9431870860644893e+000	  1.9415817262663926e+000	  1.8609648510291565e+000	  2.1378026644066770e+000	  2.1333828162084054e+000	  2.0430112756634848e+000	  2.1505944899732019e+000	  2.1368732197782285e+000	  2.1453526932054472e+000	  2.0233207615748610e+000	  1.9694601902190345e+000	  2.1366048135860503e+000	  2.1686044673478877e+000	
  1.9458239417197827e+000	  1.9444804660450548e+000	  1.8636344048156404e+000	  2.1404803070110003e+000	  2.1363261063779073e+000	  2.0457200090447882e+000	  2.1531395648063589e+000	  2.1395676635290308e+000	  2.1479311212435706e+000	  2.0259442051198508e+000	  1.9725184090325023e+000	  2.1397085044357786e+000	  2.1718048282549169e+000	
  1.9473132227778474e+000	  1.9461200189378298e+000	  1.8651426631096908e+000	  2.1420121906608429e+000	  2.1380094308833915e+000	  2.0472802154303564e+000	  2.1546130110749862e+000	  2.1411239649167517e+000	  2.1494200542917259e+000	  2.0274149454133550e+000	  1.9742414229438372e+000	  2.1414734673935656e+000	  2.1736312146307011e+000	
  1.9485146561222642e+000	  1.9474981441144625e+000	  1.8664122429881429e+000	  2.1430589421153754e+000	  2.1396238913213188e+000	  2.0488012693310576e+000	  2.1528618960715726e+000	  2.1426557238154942e+000	  2.1509010976674774e+000	  2.0286390742112328e+000	  1.9757005861163159e+000	  2.1431433549167402e+000	  2.1753311223568357e+000	
  1.9493445908010603e+000	  1.9486002560285625e+000	  1.8674390093069138e+000	  2.1431230869739180e+000	  2.1411013993334707e+000	  2.0502404417957401e+000	  2.1488389829773773e+000	  2.1441274181655943e+000	  2.1523641634974968e+000	  2.0295779677129606e+000	  1.9768699710438136e+000	  2.1446310623830183e+000	  2.1767841212900239e+000	
  1.9498678891007826e+000	  1.9495679751606823e+000	  1.8683638154979183e+000	  2.1422459738028161e+000	  2.1424162032338523e+000	  2.0515765800652424e+000	  2.1446142984240812e+000	  2.1455090842530566e+000	  2.1538001897892376e+000	  2.0303470562777086e+000	  1.9778764824789790e+000	  2.1459078174286348e+000	  2.1779700732570362e+000	
  1.9501382483283254e+000	  1.9504775481252419e+000	  1.8692649882120045e+000	  2.1409016281460125e+000	  2.1435911326479946e+000	  2.0528182366598284e+000	  2.1411962307314027e+000	  2.1467883218086481e+000	  2.1552044170249474e+000	  2.0310241492728984e+000	  1.9787921898276799e+000	  2.1470112824228305e+000	  2.1789628084273893e+000	
  1.9502168935062620e+000	  1.9515098885572466e+000	  1.8703379198121250e+000	  2.1392541953801847e+000	  2.1448738207005116e+000	  2.0542237924316975e+000	  2.1380665773501293e+000	  2.1482026127232206e+000	  2.1568578390796276e+000	  2.0317651440799440e+000	  1.9798009424854008e+000	  2.1481892855140949e+000	  2.1800181781387122e+000	
  1.9501229317688042e+000	  1.9524425719966172e+000	  1.8713679710771152e+000	  2.1378677806195836e+000	  2.1460340025247815e+000	  2.0555495805801658e+000	  2.1357369792032777e+000	  2.1494834179034186e+000	  2.1584628679751772e+000	  2.0324317333933362e+000	  1.9806921681051304e+000	  2.1492404022191187e+000	  2.1809731205193730e+000	
  1.9499729500930332e+000	  1.9532831991565369e+000	  1.8723583924918354e+000	  2.1367435941263722e+000	  2.1470820710190233e+000	  2.0568100867810801e+000	  2.1339130977862251e+000	  2.1506455929749975e+000	  2.1600200612302123e+000	  2.0330540159699724e+000	  1.9814831185067490e+000	  2.1501799266908708e+000	  2.1818385776663916e+000	
  1.9498293464940117e+000	  1.9540372030742064e+000	  1.8733091729682072e+000	  2.1358118837727358e+000	  2.1480241485830081e+000	  2.0580124225066858e+000	  2.1324684737246753e+000	  2.1517036393220903e+000	  2.1615305162636487e+000	  2.0336467024579301e+000	  1.9821818634563524e+000	  2.1510135499117795e+000	  2.1826126765718672e+000	
  1.9497212877667673e+000	  1.9547173021858444e+000	  1.8742275662636345e+000	  2.1350440894589680e+000	  2.1488707265092915e+000	  2.0591622514320758e+000	  2.1313575607807698e+000	  2.1526710364710655e+000	  2.1629957331599181e+000	  2.0342214677947066e+000	  1.9828003607169413e+000	  2.1517509561474415e+000	  2.1833012838375194e+000	
  1.9496542648278654e+000	  1.9560763688052849e+000	  1.8762553194053504e+000	  2.1339111183510848e+000	  2.1505314766119099e+000	  2.0616364100728646e+000	  2.1298550252208344e+000	  2.1546145522282925e+000	  2.1661922812348990e+000	  2.0355282502649161e+000	  1.9840027345538427e+000	  2.1531679617074273e+000	  2.1846380271031975e+000	
  1.9498010290649177e+000	  1.9571449448081413e+000	  1.8781188432962439e+000	  2.1334821401413615e+000	  2.1518801979656241e+000	  2.0639219979283592e+000	  2.1293875186930884e+000	  2.1562727468503580e+000	  2.1691840315804534e+000	  2.0367717603903555e+000	  1.9848944107440916e+000	  2.1542688528017266e+000	  2.1856864611674243e+000	
  1.9501897036675098e+000	  1.9580407253187668e+000	  1.8798830479128372e+000	  2.1335698412474096e+000	  2.1530047142132718e+000	  2.0660521971249799e+000	  2.1295602881121667e+000	  2.1577353197646496e+000	  2.1719913936396189e+000	  2.0380134783976986e+000	  1.9855954343261046e+000	  2.1551386957283607e+000	  2.1865162708168704e+000	
  1.9507696182812591e+000	  1.9588204659261015e+000	  1.8815639835842723e+000	  2.1340051511954981e+000	  2.1539803254754006e+000	  2.0680551226749255e+000	  2.1301224311882514e+000	  2.1590672282119301e+000	  2.1746344366889923e+000	  2.0392557180085071e+000	  1.9861697538964798e+000	  2.1558577293095698e+000	  2.1871971962760397e+000	
  1.9514866954349521e+000	  1.9595264691782377e+000	  1.8831732944106938e+000	  2.1346702788891960e+000	  2.1548631636572000e+000	  2.0699536408139627e+000	  2.1309313247323458e+000	  2.1603132347830885e+000	  2.1771310789269931e+000	  2.0404950375922239e+000	  1.9866666334637422e+000	  2.1564869585424256e+000	  2.1877865262116312e+000	
  1.9532644137594617e+000	  1.9608768586840954e+000	  1.8863600222310797e+000	  2.1365362323498465e+000	  2.1565443891351515e+000	  2.0736671876631325e+000	  2.1331194016031869e+000	  2.1627560436236850e+000	  2.1819647745838395e+000	  2.0430722385445703e+000	  1.9875791555878899e+000	  2.1576502484708788e+000	  2.1888622586967017e+000	
  1.9552235026708991e+000	  1.9622047903123405e+000	  1.8893548772510091e+000	  2.1386735296959398e+000	  2.1581663234269994e+000	  2.0770980221208157e+000	  2.1355468931667949e+000	  2.1650978605939644e+000	  2.1863306634177504e+000	  2.0456175357155919e+000	  1.9884934038585285e+000	  2.1587898029969650e+000	  2.1899097195086723e+000	
  1.9572289371788592e+000	  1.9635513190799021e+000	  1.8921834696810520e+000	  2.1408923012040817e+000	  2.1597975428260501e+000	  2.0803080771708133e+000	  2.1380203445146728e+000	  2.1673957550085827e+000	  2.1903164449944046e+000	  2.0481036037003530e+000	  1.9894570167978713e+000	  2.1599742156498736e+000	  2.1910042839404151e+000	
  1.9592378291388393e+000	  1.9649143899059722e+000	  1.8948701009498035e+000	  2.1431291504889032e+000	  2.1614349777241006e+000	  2.0833303419073701e+000	  2.1404877317884727e+000	  2.1696517106098039e+000	  2.1939870444185905e+000	  2.0505237184608771e+000	  1.9904636497392880e+000	  2.1611946271649729e+000	  2.1921400207037394e+000	
  1.9612219022030661e+000	  1.9662793658869704e+000	  1.8974298267478318e+000	  2.1453499146800552e+000	  2.1630647503809319e+000	  2.0861890143583102e+000	  2.1429170409841878e+000	  2.1718578504406318e+000	  2.1973923845046439e+000	  2.0528701681899428e+000	  1.9914941300061322e+000	  2.1624327568580526e+000	  2.1932982864299451e+000	
  1.9643820094536550e+000	  1.9684956866627144e+000	  1.9014298408540260e+000	  2.1489281164416849e+000	  2.1657230539856016e+000	  2.0906478728428057e+000	  2.1468103403636523e+000	  2.1754113608051409e+000	  2.2026004344112606e+000	  2.0565807966190790e+000	  1.9931842852820028e+000	  2.1644725105130265e+000	  2.1952157147356095e+000	
  1.9674381480475998e+000	  1.9707467377742554e+000	  1.9052268967121759e+000	  2.1523455385742927e+000	  2.1683508376146361e+000	  2.0947987543601059e+000	  2.1504948458703450e+000	  2.1788155533910816e+000	  2.2073106642392677e+000	  2.0601516149871788e+000	  1.9949706181286710e+000	  2.1665599046123716e+000	  2.1971897144392161e+000	
  1.9702996538238295e+000	  1.9728978880403518e+000	  1.9087453354433952e+000	  2.1555901816739800e+000	  2.1709010283283301e+000	  2.0986765367815012e+000	  2.1539854059602299e+000	  2.1820616981967991e+000	  2.2116244611099090e+000	  2.0634907448003421e+000	  1.9967080602733451e+000	  2.1686209649771513e+000	  2.1991497850325903e+000	
  1.9729925112635069e+000	  1.9749181279405195e+000	  1.9120183868780813e+000	  2.1586501583264384e+000	  2.1733065544447343e+000	  2.1022834540797946e+000	  2.1572698277867493e+000	  2.1851194967521028e+000	  2.2156025004507591e+000	  2.0666142910057839e+000	  1.9983416831295935e+000	  2.1705640610670947e+000	  2.2010010082719877e+000	
  1.9755197126776087e+000	  1.9767987806391250e+000	  1.9150712356706694e+000	  2.1615258281881844e+000	  2.1755541410089294e+000	  2.1056421684110158e+000	  2.1603422765324325e+000	  2.1879820216160040e+000	  2.2192862012997341e+000	  2.0695361757874555e+000	  1.9998555367604824e+000	  2.1723739671456914e+000	  2.2027236964469834e+000	
  1.9788001032900056e+000	  1.9792271225421394e+000	  1.9190396191339576e+000	  2.1652855548959993e+000	  2.1784856884335153e+000	  2.1100267470029523e+000	  2.1643508183720916e+000	  2.1917247484031486e+000	  2.2240694139879755e+000	  2.0733402965704006e+000	  2.0017950308464023e+000	  2.1747236535483978e+000	  2.2049603261568582e+000	
  1.9818612719857058e+000	  1.9815287502633232e+000	  1.9227132330211807e+000	  2.1687777719685140e+000	  2.1812400749563294e+000	  2.1140625880774726e+000	  2.1680511645187979e+000	  2.1951930238860324e+000	  2.2284191524131010e+000	  2.0768889870369360e+000	  2.0036641074422326e+000	  2.1769666003754735e+000	  2.2070998870503815e+000	
  1.9846357164249571e+000	  1.9836127674060489e+000	  1.9260357786198692e+000	  2.1719886276148954e+000	  2.1837797983159719e+000	  2.1177553820751527e+000	  2.1714533979349819e+000	  2.1983910184006898e+000	  2.2323912383520250e+000	  2.0801168498002989e+000	  2.0053514475474108e+000	  2.1790319263993498e+000	  2.2090729156388780e+000	
  1.9871615824915485e+000	  1.9854944904058645e+000	  1.9290583019145326e+000	  2.1749294448218879e+000	  2.1860957794210929e+000	  2.1211292227166068e+000	  2.1745646916275034e+000	  2.2013183314773475e+000	  2.2360248637493290e+000	  2.0830635534906992e+000	  2.0068633759863079e+000	  2.1809046618543158e+000	  2.2108617411172848e+000	
  1.9903028626503732e+000	  1.9878161881884011e+000	  1.9328537076931391e+000	  2.1786271008673581e+000	  2.1889976367112021e+000	  2.1253932526931618e+000	  2.1784674950067768e+000	  2.2050014900481769e+000	  2.2406159495509295e+000	  2.0867615119405660e+000	  2.0087092206355384e+000	  2.1832365655689761e+000	  2.2130895339899666e+000	
  1.9930551855111747e+000	  1.9898962759108041e+000	  1.9362376963040555e+000	  2.1818942533076395e+000	  2.1916055141000963e+000	  2.1291995972481352e+000	  2.1819065393164165e+000	  2.2082746111110003e+000	  2.2446728343229574e+000	  2.0900558417830473e+000	  2.0103838675097840e+000	  2.1853600765308316e+000	  2.2151224856043283e+000	
  1.9953522528321623e+000	  1.9916295604139675e+000	  1.9391346771971287e+000	  2.1847159199934221e+000	  2.1938688675528644e+000	  2.1325370484527735e+000	  2.1848984080003655e+000	  2.2111349992610809e+000	  2.2482328570453634e+000	  2.0928711071520953e+000	  2.0117567679214270e+000	  2.1871848531648403e+000	  2.2168710111141618e+000	
  1.9972891732521565e+000	  1.9930477865798595e+000	  1.9416106770555188e+000	  2.1871356944045437e+000	  2.1957785025205414e+000	  2.1354227090936289e+000	  2.1874636248233448e+000	  2.2135801980710554e+000	  2.2513278392839147e+000	  2.0952788943165488e+000	  2.0128476554668535e+000	  2.1886974030649906e+000	  2.2183181030829249e+000	
  1.9989243306768936e+000	  1.9942074177361138e+000	  1.9437187549165418e+000	  2.1892227083068052e+000	  2.1974008050572840e+000	  2.1379185246379824e+000	  2.1896668749798267e+000	  2.2156729273951554e+000	  2.2540093503107732e+000	  2.0973423662656940e+000	  2.0137180009957403e+000	  2.1899708983854334e+000	  2.2195364492177365e+000	
  2.0005668226686550e+000	  1.9953486617210652e+000	  1.9458744711339875e+000	  2.1914005525425857e+000	  2.1990872470690168e+000	  2.1405371294981750e+000	  2.1919688540478330e+000	  2.2178630254480178e+000	  2.2568322925435838e+000	  2.0994770553268185e+000	  2.0145505516295272e+000	  2.1912833342926499e+000	  2.2207929286372368e+000	
  2.0018606722475329e+000	  1.9962387465612379e+000	  1.9476199644720007e+000	  2.1932023227135153e+000	  2.2004901604362095e+000	  2.1427208597560465e+000	  2.1938782989635492e+000	  2.2196898313772300e+000	  2.2591974839950901e+000	  2.1012332618146083e+000	  2.0151809840510468e+000	  2.1923703809194519e+000	  2.2218340386554991e+000	
  2.0027804226046984e+000	  1.9968052936925358e+000	  1.9489556670234580e+000	  2.1946188688708839e+000	  2.2015586362753674e+000	  2.1444916051332941e+000	  2.1953892601249412e+000	  2.2211270710450757e+000	  2.2611431781840796e+000	  2.1025810694957916e+000	  2.0155232648527650e+000	  2.1931608269849798e+000	  2.2225886047671919e+000	
  2.0033877185031583e+000	  1.9970947189384933e+000	  1.9499469094473862e+000	  2.1956894585970352e+000	  2.2023182414889630e+000	  2.1458920944772522e+000	  2.1965353523649003e+000	  2.2222063537282621e+000	  2.2627002725676015e+000	  2.1035839541104813e+000	  2.0156177699763669e+000	  2.1936800671382324e+000	  2.2230801171962256e+000	
  2.0037337114396534e+000	  1.9971834184915365e+000	  1.9506291307743664e+000	  2.1964779245240869e+000	  2.2028529198290836e+000	  2.1469690600019673e+000	  2.1973864851080385e+000	  2.2230115309782996e+000	  2.2639157291433989e+000	  2.1043021967670459e+000	  2.0155390810673071e+000	  2.1940107320159594e+000	  2.2233897192545746e+000	
  2.0038582918345500e+000	  1.9971003582450229e+000	  1.9510577157746940e+000	  2.1970682955966168e+000	  2.2032347000498289e+000	  2.1478166139954515e+000	  2.1980365883732551e+000	  2.2236368469205829e+000	  2.2649119399281186e+000	  2.1048086179843288e+000	  2.0153012482866406e+000	  2.1942047122990793e+000	  2.2235680537166811e+000	
  2.0037562986863482e+000	  1.9968405352822240e+000	  1.9512071039040382e+000	  2.1974135845283747e+000	  2.2034198257273845e+000	  2.1483713940030347e+000	  2.1984313862467766e+000	  2.2240206466695547e+000	  2.2656178222317611e+000	  2.1050628856729601e+000	  2.0149123925035850e+000	  2.1942332230056878e+000	  2.2235873905486288e+000	
  2.0034378594853846e+000	  1.9963890959245478e+000	  1.9511088850209259e+000	  2.1975271121592859e+000	  2.2033988295777984e+000	  2.1486690715548526e+000	  2.1985848088730369e+000	  2.2241667106220002e+000	  2.2660649431625042e+000	  2.1050768472735339e+000	  2.0143518380378875e+000	  2.1940790630527540e+000	  2.2234288778873710e+000	
  2.0029326833458025e+000	  1.9957752354503326e+000	  1.9508008181586216e+000	  2.1974357710481840e+000	  2.2031973354199264e+000	  2.1487429883204903e+000	  2.1985247055233130e+000	  2.2241035237163387e+000	  2.2662788302704899e+000	  2.1048849682717110e+000	  2.0136464502704556e+000	  2.1937665908486053e+000	  2.2231156704315875e+000	
  2.0022666030216048e+000	  1.9950329289785969e+000	  1.9503045558138288e+000	  2.1971703670083942e+000	  2.2028526077143513e+000	  2.1486188074171428e+000	  2.1982849341920701e+000	  2.2238701193042103e+000	  2.2662877445486349e+000	  2.1045170428910933e+000	  2.0128283797255717e+000	  2.1933308356259018e+000	  2.2226823371056614e+000	
  2.0007310232855104e+000	  1.9934294955771412e+000	  1.9490089499532763e+000	  2.1963377269733124e+000	  2.2019429278115195e+000	  2.1479805548711499e+000	  2.1974880126422747e+000	  2.2231048919485041e+000	  2.2658902803981515e+000	  2.1034933162775320e+000	  2.0111211925951520e+000	  2.1922976951896431e+000	  2.2216591200963047e+000	
  1.9989065922344345e+000	  1.9916176666667174e+000	  1.9473398852537316e+000	  2.1951765357091984e+000	  2.2007810077795891e+000	  2.1469356969935331e+000	  2.1963513680143230e+000	  2.2220162909089973e+000	  2.2650794412007809e+000	  2.1021441606679150e+000	  2.0092523608964008e+000	  2.1910684782752372e+000	  2.2204409445004445e+000	
  1.9965677557785708e+000	  1.9892794706055918e+000	  1.9451666659537237e+000	  2.1934930913980768e+000	  2.1990884861008864e+000	  2.1453915730721556e+000	  2.1946851356702286e+000	  2.2203998120009492e+000	  2.2637842904088528e+000	  2.1002408582739380e+000	  2.0068494628376348e+000	  2.1892978278635264e+000	  2.2186924385619853e+000	
  1.9941577133230262e+000	  1.9869513708242750e+000	  1.9428517398997938e+000	  2.1916706376340858e+000	  2.1973344868594848e+000	  2.1436335802800812e+000	  2.1928635017662668e+000	  2.2186368077005687e+000	  2.2622207289768701e+000	  2.0982456805250878e+000	  2.0045127949663972e+000	  2.1875398907985901e+000	  2.2169551927672781e+000	
  1.9911149643287562e+000	  1.9840040207178988e+000	  1.9399038408224054e+000	  2.1892888461745428e+000	  2.1950323965681626e+000	  2.1413229447656672e+000	  2.1904882893128579e+000	  2.2163332550741628e+000	  2.2601518722478464e+000	  2.0956321815403740e+000	  2.0015516300270373e+000	  2.1852209089680334e+000	  2.2146626776449847e+000	
  1.9879550923341884e+000	  1.9809814570487208e+000	  1.9368028720346373e+000	  2.1867365317343053e+000	  2.1925999661076028e+000	  2.1388043002815338e+000	  2.1879324000654097e+000	  2.2138515058626842e+000	  2.2578458191489110e+000	  2.0928821954635066e+000	  1.9985471724105086e+000	  2.1828134143315250e+000	  2.2122793367033826e+000	
  1.9845312536375781e+000	  1.9776912666434694e+000	  1.9334416099828828e+000	  2.1839137006436991e+000	  2.1898936168715459e+000	  2.1360242641336780e+000	  2.1851082203278018e+000	  2.2111016198193894e+000	  2.2552829827138083e+000	  2.0898464641135890e+000	  1.9952714458001901e+000	  2.1801249157504672e+000	  2.2096169981531482e+000	
  1.9810584891940703e+000	  1.9743872758056371e+000	  1.9300026036519824e+000	  2.1810004612601808e+000	  2.1871294664695080e+000	  2.1331218667739145e+000	  2.1821895523634804e+000	  2.2082584207198974e+000	  2.2525708378257483e+000	  2.0867494905556172e+000	  1.9920086177933534e+000	  2.1774117463593230e+000	  2.2069251224117017e+000	
  1.9752745693268734e+000	  1.9688990070625900e+000	  1.9242520394770546e+000	  2.1760902294864231e+000	  2.1824778471352699e+000	  2.1282095442142266e+000	  2.1772830178962908e+000	  2.2034738287257714e+000	  2.2479680678907989e+000	  2.0815514119643286e+000	  1.9866002320659875e+000	  2.1728515573251901e+000	  2.2023858028272296e+000	
  1.9690025476260726e+000	  1.9628697155433179e+000	  1.9180790338207432e+000	  2.1706444029767988e+000	  2.1772419790103004e+000	  2.1228312120151096e+000	  2.1718436216956221e+000	  2.1981418760506868e+000	  2.2428836397824123e+000	  2.0758278993467441e+000	  1.9806254051532739e+000	  2.1676763678186126e+000	  2.1972358514100021e+000	
  1.9628191216387039e+000	  1.9570083073739049e+000	  1.9119277122795004e+000	  2.1652031685580786e+000	  2.1720805599263349e+000	  2.1173798634580367e+000	  2.1664135029431493e+000	  2.1928210367374943e+000	  2.2376682567101471e+000	  2.0701758698190633e+000	  1.9748742536504837e+000	  2.1626409679934100e+000	  2.1922027784901634e+000	
  1.9604704836478479e+000	  1.9546963014844398e+000	  1.9096470788862405e+000	  2.1631320517965125e+000	  2.1700369825368644e+000	  2.1153720599607393e+000	  2.1643587092482619e+000	  2.1907928025720289e+000	  2.2357821584899642e+000	  2.0679894531441922e+000	  1.9725535985331335e+000	  2.1605781204716217e+000	  2.1901489236233282e+000	
  1.9581067010697788e+000	  1.9523725107930663e+000	  1.9073700816496399e+000	  2.1609852844004709e+000	  2.1679237966011211e+000	  2.1133006300568908e+000	  2.1622089989529356e+000	  2.1886669812028940e+000	  2.2337822243985790e+000	  2.0657857267479813e+000	  1.9702311048315706e+000	  2.1584713152458455e+000	  2.1880555945594642e+000	
  1.9559012983425095e+000	  1.9502835588539791e+000	  1.9051891854497658e+000	  2.1589813360785222e+000	  2.1660232801378756e+000	  2.1113032432297274e+000	  2.1601976251566368e+000	  2.1866915856707534e+000	  2.2318066716424463e+000	  2.0637390236109714e+000	  1.9681873530450593e+000	  2.1566305614864256e+000	  2.1862209947140245e+000	
  1.9536730959110689e+000	  1.9481771584994652e+000	  1.9029595393932697e+000	  2.1569859412807242e+000	  2.1641341276912152e+000	  2.1092921205046888e+000	  2.1582097892529992e+000	  2.1847451494063654e+000	  2.2298558072432764e+000	  2.0616643769669065e+000	  1.9661218387495107e+000	  2.1547850857527360e+000	  2.1843784195168729e+000	
  1.9504597027452870e+000	  1.9451120048464501e+000	  1.8997615532415251e+000	  2.1540828624285688e+000	  2.1613588857105057e+000	  2.1063851237047455e+000	  2.1553182574099621e+000	  2.1819041898956479e+000	  2.2270578892330906e+000	  2.0586706893721880e+000	  1.9631061157238157e+000	  2.1520627960895076e+000	  2.1816562637459467e+000	
  1.9472528697338325e+000	  1.9420468985653712e+000	  1.8965825906989444e+000	  2.1511702348894843e+000	  2.1585673589919829e+000	  2.1034813374579975e+000	  2.1524172880543486e+000	  2.1790460981948412e+000	  2.2242509955760710e+000	  2.0556811229545406e+000	  1.9600926517565496e+000	  2.1493276696147312e+000	  2.1789153284650196e+000	
  1.9439617020725906e+000	  1.9388761509098194e+000	  1.8933418100357422e+000	  2.1481711461570261e+000	  2.1556690210606102e+000	  2.1005148269743708e+000	  2.1494353827559789e+000	  2.1761016758275016e+000	  2.2213824456142550e+000	  2.0526020104780431e+000	  1.9569617476609737e+000	  2.1464697578346419e+000	  2.1760520285062981e+000	
  1.9406788768221055e+000	  1.9357211510628094e+000	  1.8901074303281109e+000	  2.1451571137059511e+000	  2.1527623606156578e+000	  2.0975282320497413e+000	  2.1464371392907107e+000	  2.1731402185240443e+000	  2.2184761984458850e+000	  2.0495271457288955e+000	  1.9538529250607024e+000	  2.1436130171126271e+000	  2.1731871491900834e+000	
  1.9325829355937809e+000	  1.9279607922954967e+000	  1.8821036180824677e+000	  2.1376644321251148e+000	  2.1455456555390673e+000	  2.0900699743964242e+000	  2.1390115918455583e+000	  2.1657941037889326e+000	  2.2112105210499577e+000	  2.0419283071426300e+000	  1.9462242793848787e+000	  2.1365301969326667e+000	  2.1660519834544014e+000	
  1.9243128236146372e+000	  1.9199746458052578e+000	  1.8739740137353580e+000	  2.1299236654704981e+000	  2.1380292150388733e+000	  2.0824112455462389e+000	  2.1313571736751595e+000	  2.1581972879325919e+000	  2.2037345516373557e+000	  2.0341225630573487e+000	  1.9383477280940242e+000	  2.1291176712838435e+000	  2.1585731187434698e+000	
  1.9222098494005480e+000	  1.9178769874176069e+000	  1.8719568230209309e+000	  2.1279567672617650e+000	  2.1360592801037601e+000	  2.0805232157706208e+000	  2.1294158061962212e+000	  2.1562617535303295e+000	  2.2019145554598745e+000	  2.0321156674982812e+000	  1.9362365462020119e+000	  2.1271241618820245e+000	  2.1565757107153423e+000	
  1.9200286042650356e+000	  1.9156964282274338e+000	  1.8698789328688328e+000	  2.1258857521012207e+000	  2.1339829858704364e+000	  2.0785466312985039e+000	  2.1273595967952992e+000	  2.1542110049784453e+000	  2.1999799168517034e+000	  2.0300246502739316e+000	  1.9340415548163044e+000	  2.1250305893845591e+000	  2.1544852157191938e+000	
  1.9180424263146876e+000	  1.9137830935768692e+000	  1.8679365072842373e+000	  2.1239777432632030e+000	  2.1321365772842733e+000	  2.0766654518691294e+000	  2.1254558916459598e+000	  2.1523230749021605e+000	  2.1980899583570399e+000	  2.0281285679787149e+000	  1.9321597288251684e+000	  2.1232252408836962e+000	  2.1526748040877517e+000	
  1.9160178453266143e+000	  1.9118433230423915e+000	  1.8659322854827298e+000	  2.1220550656569905e+000	  2.1302850127899484e+000	  2.0747480536440737e+000	  2.1235473227558419e+000	  2.1504345589126319e+000	  2.1961844274405258e+000	  2.0261930563091695e+000	  1.9302538844850101e+000	  2.1214103439870020e+000	  2.1508519982345069e+000	
  1.9140017811383190e+000	  1.9099060986171750e+000	  1.8639345659121151e+000	  2.1201381810789339e+000	  2.1284334128395899e+000	  2.0728353920456817e+000	  2.1216462520751356e+000	  2.1485517059318640e+000	  2.1942956276975916e+000	  2.0242640155821747e+000	  1.9283481052348772e+000	  2.1195912686162313e+000	  2.1490222571117150e+000	
  1.9119868833433842e+000	  1.9079635592413984e+000	  1.8619426152663252e+000	  2.1182190043194629e+000	  2.1265733226293850e+000	  2.0709258984565682e+000	  2.1197434959592618e+000	  2.1466643488399422e+000	  2.1924128347485810e+000	  2.0223348510541359e+000	  1.9264350972200748e+000	  2.1177611565474881e+000	  2.1471797446880894e+000	
  1.9058905274748354e+000	  1.9020701289589801e+000	  1.8559302438168424e+000	  2.1123820956151382e+000	  2.1208979660005669e+000	  2.0651326264094876e+000	  2.1139658106694346e+000	  2.1409209436085312e+000	  2.1866975196613452e+000	  2.0164922114499526e+000	  1.9206289831989611e+000	  2.1121721688525796e+000	  2.1415423251688934e+000	
  1.9059990027394464e+000	  1.9022976703102881e+000	  1.8559751187430720e+000	  2.1123109975522150e+000	  2.1209406648728359e+000	  2.0649672582580751e+000	  2.1138349290631218e+000	  2.1407973928636648e+000	  2.1863989607967924e+000	  2.0166180495254644e+000	  1.9209516759049370e+000	  2.1123641291919064e+000	  2.1417061215168429e+000	
  1.9055095542894060e+000	  1.9018735724422169e+000	  1.8554434337700698e+000	  2.1120009351044140e+000	  2.1206831144009763e+000	  2.0646267094004402e+000	  2.1135582976266654e+000	  2.1405315305158750e+000	  2.1860633242021121e+000	  2.0161472059635903e+000	  1.9205542442498951e+000	  2.1121084701227542e+000	  2.1414459456695023e+000	
  1.9049412039275446e+000	  1.9013000730995573e+000	  1.8548713902394873e+000	  2.1115321694913081e+000	  2.1202034134426890e+000	  2.0641617150342957e+000	  2.1131415789531212e+000	  2.1401228084918751e+000	  2.1856859053692781e+000	  2.0156081689686349e+000	  1.9199587539899052e+000	  2.1115745894778271e+000	  2.1409134862449672e+000	
  1.9042510906847789e+000	  1.9005744829221762e+000	  1.8542086997379186e+000	  2.1108632763407438e+000	  2.1194985442593666e+000	  2.0635161813201703e+000	  2.1124923711712991e+000	  2.1394729515978201e+000	  2.1851247335871165e+000	  2.0149390978714075e+000	  1.9192013242248267e+000	  2.1108273764609984e+000	  2.1401612949503614e+000	
  1.9035394336734113e+000	  1.8998284624549007e+000	  1.8535443400048945e+000	  2.1101762229063699e+000	  2.1187773476095750e+000	  2.0628749006053027e+000	  2.1118115779986750e+000	  2.1387858544228848e+000	  2.1845319068979907e+000	  2.0142505987902641e+000	  1.9184330834772256e+000	  2.1100802784190873e+000	  2.1394098750580306e+000	
  1.9028374217288317e+000	  1.8991046316065490e+000	  1.8528941481446157e+000	  2.1094912826295587e+000	  2.1180700040676110e+000	  2.0622406681120249e+000	  2.1111308238013744e+000	  2.1380982071897163e+000	  2.1839205006140006e+000	  2.0135756501299822e+000	  1.9176974184037978e+000	  2.1093607193796107e+000	  2.1386875509059728e+000	
  1.9014145474566291e+000	  1.8976843188312611e+000	  1.8515514445961394e+000	  2.1081007811105206e+000	  2.1166771001818532e+000	  2.0609236238319215e+000	  2.1097473161260369e+000	  2.1367090735575216e+000	  2.1826038487814476e+000	  2.0122081445982531e+000	  1.9162783967529120e+000	  2.1079729921145764e+000	  2.1372934469274032e+000	
  1.9000267891769713e+000	  1.8963266481016505e+000	  1.8502134024500305e+000	  2.1067529425234581e+000	  2.1153518464299070e+000	  2.0596160799882850e+000	  2.1084102700673637e+000	  2.1353746044300799e+000	  2.1812894015281605e+000	  2.0108731350479565e+000	  1.9149336157034833e+000	  2.1066631007603203e+000	  2.1359769221760851e+000	
  1.8986667891183786e+000	  1.8950092936813590e+000	  1.8488826574286548e+000	  2.1054343102403745e+000	  2.1140672180434628e+000	  2.0583160764066051e+000	  2.1071036224202153e+000	  2.1340748192303041e+000	  2.1799862463554791e+000	  2.0095628300019537e+000	  1.9136342857641446e+000	  2.1053981617388953e+000	  2.1347038037686614e+000	
  1.8959751890074215e+000	  1.8924065843716595e+000	  1.8462315077465092e+000	  2.1028277451758361e+000	  2.1115316151838770e+000	  2.0557296762864157e+000	  2.1045233576930733e+000	  2.1315099978192387e+000	  2.1774092442278916e+000	  2.0069658453422785e+000	  1.9110687249416964e+000	  2.1029005528686242e+000	  2.1321871520384676e+000	
  1.8933901687681149e+000	  1.8899281110075212e+000	  1.8436608488239987e+000	  2.1003149085041621e+000	  2.1091054238446749e+000	  2.0532098281202487e+000	  2.1020364983895230e+000	  2.1290384388007872e+000	  2.1748990324234949e+000	  2.0044744649676534e+000	  1.9086421774877385e+000	  2.1005285451958513e+000	  2.1297876469450330e+000	
  1.8907171839754100e+000	  1.8873256331126698e+000	  1.8410270911216473e+000	  2.0977320633772676e+000	  2.1065748525815149e+000	  2.0506506043258734e+000	  2.0994894327851972e+000	  2.1264996696053835e+000	  2.1723798597917252e+000	  2.0018908625574534e+000	  1.9060683666722913e+000	  2.0980203144000860e+000	  2.1272534343119101e+000	
  1.8880353574767570e+000	  1.8847050195362132e+000	  1.8384018421193846e+000	  2.0951172592171856e+000	  2.1040039209769477e+000	  2.0480751257551160e+000	  2.0969093897257318e+000	  2.1239229164474240e+000	  2.1698374536989240e+000	  1.9993016299179143e+000	  1.9034758940340948e+000	  2.0954741120708600e+000	  2.1246801139886777e+000	
  1.8827415443404674e+000	  1.8795596581269272e+000	  1.8331971180115560e+000	  2.0899354596805488e+000	  2.0989331621603080e+000	  2.0429449559735633e+000	  2.0917916446435485e+000	  2.1188131527448739e+000	  2.1647339696294599e+000	  1.9941764907660586e+000	  1.8984036328964831e+000	  2.0904740620212445e+000	  2.1196177454435858e+000	
  1.8776336034135894e+000	  1.8746204701962963e+000	  1.8281433448319862e+000	  2.0849150915448731e+000	  2.0940393760927343e+000	  2.0379380705549752e+000	  2.0868476869497203e+000	  2.1138742848305907e+000	  2.1597539254639906e+000	  1.9892335194092756e+000	  1.8935541429803309e+000	  2.0856644671960138e+000	  2.1147292487387159e+000	
  1.8755592132999299e+000	  1.8725386290566144e+000	  1.8261444875545501e+000	  2.0829101753370756e+000	  2.0920158125060966e+000	  2.0360028369946002e+000	  2.0848898038397543e+000	  2.1119104734226624e+000	  2.1578861237114171e+000	  1.9872151465083734e+000	  1.8914552277193029e+000	  2.0836057219762334e+000	  2.1126528803085103e+000	
  1.8734929260059388e+000	  1.8704645210198152e+000	  1.8241758386375608e+000	  2.0808511294970686e+000	  2.0899407980321687e+000	  2.0340295958143884e+000	  2.0828559372543038e+000	  2.1098665845757596e+000	  2.1559356129549676e+000	  1.9852022063803048e+000	  1.8893732611717697e+000	  2.0815210687479508e+000	  2.1105518516277795e+000	
  1.8715359118128354e+000	  1.8685542268197470e+000	  1.8222758541717874e+000	  2.0788914786745742e+000	  2.0880160339586991e+000	  2.0321114722438223e+000	  2.0809117251070055e+000	  2.1079204199109967e+000	  2.1539874721500598e+000	  1.9832926691533608e+000	  1.8874893339788361e+000	  2.0796294012137522e+000	  2.1086414163307712e+000	
  1.8696031350476743e+000	  1.8666868861487615e+000	  1.8203662999503181e+000	  2.0769775832936097e+000	  2.0861531218059870e+000	  2.0302059591789585e+000	  2.0790236307232659e+000	  2.1060376449479725e+000	  2.1520669394925394e+000	  1.9814039202321192e+000	  1.8856535003434953e+000	  2.0777974017331045e+000	  2.1067892784987516e+000	
  1.8660214825998624e+000	  1.8632055541079662e+000	  1.8168254021463091e+000	  2.0734199628153829e+000	  2.0826701309262150e+000	  2.0266628989665021e+000	  2.0755173462374747e+000	  2.1025362765806781e+000	  2.1485331240347958e+000	  1.9778996481388083e+000	  1.8822206678548150e+000	  2.0743582982768380e+000	  2.1033067282388260e+000	
  1.8625563540080072e+000	  1.8598431066274062e+000	  1.8133928498709666e+000	  2.0699582774478142e+000	  2.0792844212234369e+000	  2.0232079597271331e+000	  2.0721054626478894e+000	  2.0991222448338074e+000	  2.1450820665382135e+000	  1.9745092561859450e+000	  1.8789163488023375e+000	  2.0710284660210854e+000	  2.0999229500456575e+000	
  1.8589255487040601e+000	  1.8562608907938343e+000	  1.8098475740848656e+000	  2.0663457862939869e+000	  2.0756968659584190e+000	  2.0196613992535117e+000	  2.0685563762540973e+000	  2.0955614953229520e+000	  2.1415695241622750e+000	  1.9709497916291718e+000	  1.8753560435809482e+000	  2.0674509130976428e+000	  2.0962985867935275e+000	
  1.8553817799005738e+000	  1.8527866319741382e+000	  1.8063803816076283e+000	  2.0627780727334799e+000	  2.0721743106882990e+000	  2.0161449670930862e+000	  2.0650421133074546e+000	  2.0920354388279545e+000	  2.1380481689462103e+000	  1.9674739856915902e+000	  1.8719230597863903e+000	  2.0639670274667568e+000	  2.0927635051661411e+000	
  1.8481424335200711e+000	  1.8457137356783961e+000	  1.7992500987824143e+000	  2.0554616519363624e+000	  2.0649668621424220e+000	  2.0088839396311307e+000	  2.0578575919578141e+000	  2.0848230198172990e+000	  2.1307804021470513e+000	  1.9603519959470173e+000	  1.8649481151101683e+000	  2.0568444926454141e+000	  2.0855133404139128e+000	
  1.8408060744394346e+000	  1.8384902826617997e+000	  1.7920698493957856e+000	  2.0480055924435101e+000	  2.0575695391521256e+000	  2.0015338986241060e+000	  2.0505448582510493e+000	  2.0774686537421441e+000	  2.1234328621891523e+000	  1.9531075345088555e+000	  1.8577912471002003e+000	  2.0494954949148774e+000	  2.0780390530776720e+000	
  1.8332831004984276e+000	  1.8310505620927462e+000	  1.7847371924916657e+000	  2.0403144649214857e+000	  2.0499126977010240e+000	  1.9939864735267656e+000	  2.0429917426381401e+000	  2.0698706595920515e+000	  2.1158637968783425e+000	  1.9456370544438084e+000	  1.8503976822545303e+000	  2.0418695325317335e+000	  2.0703037091687708e+000	
  1.8331288717075644e+000	  1.8310217881070514e+000	  1.7845099416676897e+000	  2.0399489249778204e+000	  2.0496651525400242e+000	  1.9935176494384450e+000	  2.0425645982782830e+000	  2.0694445541742015e+000	  2.1152346193185347e+000	  1.9454729761991074e+000	  1.8504766216234210e+000	  2.0417845349064847e+000	  2.0701775743458621e+000	
  1.8321783720032159e+000	  1.8301149859176020e+000	  1.7835261284174302e+000	  2.0392370847608685e+000	  2.0489798711391094e+000	  1.9927915820045607e+000	  2.0419388751199361e+000	  2.0688255697011488e+000	  2.1145668218267923e+000	  1.9445504489307244e+000	  1.8495782970552246e+000	  2.0410507793277812e+000	  2.0694416071204302e+000	
  1.8312717813515118e+000	  1.8291406854189438e+000	  1.7826562128289423e+000	  2.0383227194270255e+000	  2.0479957704629510e+000	  1.9919133067831594e+000	  2.0410852859955018e+000	  2.0679670693082426e+000	  2.1138218662321457e+000	  1.9436451208964853e+000	  1.8485356414673251e+000	  2.0399698371611259e+000	  2.0683545078561449e+000	
  1.8304190637291804e+000	  1.8282129301208137e+000	  1.7818812358634233e+000	  2.0374067958490669e+000	  2.0470081584521820e+000	  1.9910655585584749e+000	  2.0401689786653656e+000	  2.0670327303930698e+000	  2.1130257396513783e+000	  1.9427872565989959e+000	  1.8475647411731870e+000	  2.0389440853471124e+000	  2.0673161009716710e+000	
  1.8292032973678960e+000	  1.8269624439051482e+000	  1.7807705781531871e+000	  2.0361371780186670e+000	  2.0457015930369402e+000	  1.9898993208338387e+000	  2.0389020170622563e+000	  2.0657420048487269e+000	  2.1118379196984440e+000	  1.9415848733307970e+000	  1.8463077350535613e+000	  2.0376390021647310e+000	  2.0659987515481277e+000	
  1.8280306595154190e+000	  1.8258036994298714e+000	  1.7796650027761658e+000	  2.0349253141771442e+000	  2.0444968723701944e+000	  1.9887512229503601e+000	  2.0377065990025440e+000	  2.0645346813280292e+000	  2.1106425970011711e+000	  1.9404231146317974e+000	  1.8451608512773265e+000	  2.0364496296179153e+000	  2.0648002937658871e+000	
  1.8269023920778109e+000	  1.8247044142945803e+000	  1.7785666074738848e+000	  2.0337600408641694e+000	  2.0433529259705900e+000	  1.9876061860714398e+000	  2.0365597740546071e+000	  2.0633852118769722e+000	  2.1094605403452684e+000	  1.9392973711140569e+000	  1.8440757647937907e+000	  2.0353210798131962e+000	  2.0636603222744645e+000	
  1.8257997678146232e+000	  1.8236328284121104e+000	  1.7774742897405669e+000	  2.0326218942734315e+000	  2.0422381366988991e+000	  1.9864678762124512e+000	  2.0354378491553167e+000	  2.0622634638606723e+000	  2.1082975154335819e+000	  1.9381921029630409e+000	  1.8430190796354606e+000	  2.0342217375776315e+000	  2.0625474081732511e+000	
  1.8236442473001631e+000	  1.8215304117214914e+000	  1.7753348725989484e+000	  2.0303976835218998e+000	  2.0400522447888441e+000	  1.9842438900589032e+000	  2.0332463010090946e+000	  2.0600682802104875e+000	  2.1060441399488083e+000	  1.9360299881174245e+000	  1.8409445983146775e+000	  2.0320631028559890e+000	  2.0603599882280377e+000	
  1.8215796427212874e+000	  1.8195251230947842e+000	  1.7732756260221771e+000	  2.0282526821328610e+000	  2.0379510651591777e+000	  1.9820893321602755e+000	  2.0311315667831575e+000	  2.0579459927585506e+000	  2.1038589228535010e+000	  1.9339588938525722e+000	  1.8389774039747273e+000	  2.0300013861456798e+000	  2.0582630391950234e+000	
  1.8194855190305428e+000	  1.8174700781705273e+000	  1.7712022382298638e+000	  2.0260940316406679e+000	  2.0358163611848692e+000	  1.9799399589412612e+000	  2.0290130076206436e+000	  2.0558151226968260e+000	  2.1016993954194256e+000	  1.9318599681852597e+000	  1.8369471257166856e+000	  2.0278862589795352e+000	  2.0561126493734641e+000	
  1.8173921391338110e+000	  1.8154037629600221e+000	  1.7691453109542303e+000	  2.0239244156983474e+000	  2.0336594987011365e+000	  1.9777949509535224e+000	  2.0268833539276261e+000	  2.0536695105933216e+000	  2.0995451228469237e+000	  1.9297631797452826e+000	  1.8349002635104417e+000	  2.0257446113158855e+000	  2.0539348838406810e+000	
  1.8131901693358170e+000	  1.8112656766682647e+000	  1.7650149671547168e+000	  2.0195517625719108e+000	  2.0293206173101077e+000	  1.9734679967121902e+000	  2.0225901752603761e+000	  2.0493429082681476e+000	  2.0951773839645988e+000	  1.9255494684739156e+000	  1.8308085214561018e+000	  2.0214464838894970e+000	  2.0495604991174479e+000	
  1.8092101282095028e+000	  1.8073734912996584e+000	  1.7610714998314305e+000	  2.0153825147846094e+000	  2.0252057569185520e+000	  1.9693059856059190e+000	  2.0185028167708667e+000	  2.0452216786175619e+000	  2.0909612938528563e+000	  1.9215544210849360e+000	  1.8269815120477106e+000	  2.0173921811678319e+000	  2.0454174766439901e+000	
  1.8049215836441070e+000	  1.8030826145228229e+000	  1.7569104970426457e+000	  2.0109294491111704e+000	  2.0207229917441802e+000	  1.9649599502742543e+000	  2.0141533000155145e+000	  2.0408276212371343e+000	  2.0866204224158111e+000	  1.9172468117575583e+000	  1.8226893096941943e+000	  2.0128885234387295e+000	  2.0408430732800307e+000	
  1.8011686076928024e+000	  1.7993993110571682e+000	  1.7532120624886474e+000	  2.0069495919721727e+000	  2.0167827263391778e+000	  1.9610057967141274e+000	  2.0102477260082883e+000	  2.0368843230079792e+000	  2.0825915484826392e+000	  1.9134608678595810e+000	  1.8190616321090900e+000	  2.0090043718723551e+000	  2.0368759617288594e+000	
  1.7971845606955488e+000	  1.7954280539014837e+000	  1.7493344767904124e+000	  2.0027651375926467e+000	  2.0125852281108014e+000	  1.9569067612025213e+000	  2.0061537917139285e+000	  2.0327486284403644e+000	  2.0784602341768443e+000	  1.9094346584625033e+000	  1.8151005892237424e+000	  2.0048050733584519e+000	  2.0326095474534247e+000	
  1.7935406519640431e+000	  1.7918526231686889e+000	  1.7457302077240180e+000	  1.9988790460112666e+000	  2.0087374979261772e+000	  1.9530331952723117e+000	  2.0023456242759883e+000	  2.0289010709059623e+000	  2.0745117798940589e+000	  1.9057404240892402e+000	  1.8115804382637888e+000	  2.0010108377068612e+000	  2.0287306350584160e+000	
  1.7903151634006247e+000	  1.7886248239709843e+000	  1.7425968653558062e+000	  1.9954760786929684e+000	  2.0053117529630211e+000	  1.9497069309073409e+000	  1.9990207298259981e+000	  2.0255381480295243e+000	  2.0711635763171641e+000	  1.9024694681392160e+000	  1.8083534698777790e+000	  1.9975740918935909e+000	  2.0252385303345162e+000	
  1.7873029146492081e+000	  1.7856523408749201e+000	  1.7396347503853498e+000	  1.9922491616634628e+000	  2.0021019496256289e+000	  1.9465097203939370e+000	  1.9958571770270228e+000	  2.0223396191509950e+000	  2.0679011064848001e+000	  1.8994037496697955e+000	  1.8054154072433815e+000	  1.9943976690559757e+000	  2.0219977912020761e+000	
  1.7842541140677495e+000	  1.7826238123303295e+000	  1.7366483089200042e+000	  1.9889966439300661e+000	  1.9988481226041632e+000	  1.9433023110622327e+000	  1.9926756842183064e+000	  2.0191212546773416e+000	  2.0646465256681301e+000	  1.8962968442484476e+000	  1.8024057012319634e+000	  1.9911559946265145e+000	  2.0186955882687299e+000	
  1.7783593684287982e+000	  1.7767978257220491e+000	  1.7308361693523511e+000	  1.9826333896661046e+000	  1.9925048963097618e+000	  1.9369822362243001e+000	  1.9864603463768691e+000	  2.0128231982865139e+000	  2.0582088094850652e+000	  1.8902723187678938e+000	  1.7966467314319845e+000	  1.9848694049766396e+000	  2.0122620568016298e+000	
  1.7724377096526835e+000	  1.7708920988539838e+000	  1.7250493124793946e+000	  1.9762284253827958e+000	  1.9860717283786042e+000	  1.9306779415322401e+000	  1.9802108526801858e+000	  2.0064832421745269e+000	  2.0517995314289967e+000	  1.8842020864938460e+000	  1.7907703387886060e+000	  1.9784505053927259e+000	  2.0057079421988178e+000	
  1.7667179051833162e+000	  1.7651933974494505e+000	  1.7194509589755935e+000	  1.9699892478001837e+000	  1.9798106594552589e+000	  1.9245263811181237e+000	  1.9741203295873340e+000	  2.0003016172769259e+000	  2.0455175872865419e+000	  1.8783104475789987e+000	  1.7851064587951195e+000	  1.9722137176584893e+000	  1.9993370391253322e+000	
  1.7596373353108377e+000	  1.7581467278107148e+000	  1.7124870254730100e+000	  1.9621629382467347e+000	  1.9719582392768424e+000	  1.9167709211560464e+000	  1.9664999520167818e+000	  1.9925458302802830e+000	  2.0375758731924885e+000	  1.8709750475437195e+000	  1.7781232256373491e+000	  1.9644092996042219e+000	  1.9913317987954082e+000	
  1.7587496402988689e+000	  1.7571790237306519e+000	  1.7116773625552277e+000	  1.9613383309392471e+000	  1.9710515544568870e+000	  1.9160369018155967e+000	  1.9657381105004839e+000	  1.9917746390386333e+000	  2.0369359142325223e+000	  1.8700828501227349e+000	  1.7770847752876791e+000	  1.9633957422613970e+000	  1.9903256692947866e+000	
  1.7582248311886879e+000	  1.7566189873681590e+000	  1.7112104293361112e+000	  1.9606803137480699e+000	  1.9703602748620521e+000	  1.9154280639339714e+000	  1.9650707630216950e+000	  1.9910943496624136e+000	  2.0363081995298966e+000	  1.8695308027925326e+000	  1.7765056247500599e+000	  1.9627018009286785e+000	  1.9896215263356096e+000	
  1.7577041455474984e+000	  1.7561009669778669e+000	  1.7107242605227033e+000	  1.9600878681506835e+000	  1.9697684077321660e+000	  1.9148662146807152e+000	  1.9644753477938790e+000	  1.9904879013264880e+000	  2.0356972789249501e+000	  1.8689912192329667e+000	  1.7759971792822273e+000	  1.9621291007115924e+000	  1.9890406031691050e+000	
  1.7567940698362350e+000	  1.7552134009876084e+000	  1.7098367505721843e+000	  1.9590804902586618e+000	  1.9687770889561114e+000	  1.9138763199896640e+000	  1.9634829361186457e+000	  1.9894842692589008e+000	  2.0346415405740750e+000	  1.8680441210722736e+000	  1.7751268493760166e+000	  1.9611596399488997e+000	  1.9880577977007750e+000	
  1.7559287540444699e+000	  1.7543725610137231e+000	  1.7089726969426584e+000	  1.9581172494541834e+000	  1.9678317438931374e+000	  1.9129074515811897e+000	  1.9625358875327608e+000	  1.9885281789940212e+000	  2.0336213063514155e+000	  1.8671369500749542e+000	  1.7743032082073948e+000	  1.9602343310686956e+000	  1.9871159168966697e+000	
  1.7550684894431887e+000	  1.7535290479753309e+000	  1.7081104711125750e+000	  1.9571649831204239e+000	  1.9668900251425476e+000	  1.9119474217434596e+000	  1.9616021584198677e+000	  1.9875835267114996e+000	  2.0326244054854037e+000	  1.8662339657443887e+000	  1.7734732371301665e+000	  1.9593063338827397e+000	  1.9861701480923029e+000	
  1.7520349512665665e+000	  1.7505162169876542e+000	  1.7051031860816586e+000	  1.9537969616115822e+000	  1.9635221031578329e+000	  1.9085907025397508e+000	  1.9583050393839452e+000	  1.9842368290103738e+000	  2.0291687662444877e+000	  1.8630525480473350e+000	  1.7704888585057590e+000	  1.9559647913810176e+000	  1.9827608554410729e+000	
  1.7493617477622114e+000	  1.7478902476669707e+000	  1.7024175954536513e+000	  1.9507707629612527e+000	  1.9605180641154820e+000	  1.9055341446894194e+000	  1.9553508739743353e+000	  1.9812270755288848e+000	  2.0260021319694075e+000	  1.8602388949212325e+000	  1.7679187474067573e+000	  1.9530171258121187e+000	  1.9797243358445165e+000	
  1.7469862879555065e+000	  1.7454654617696679e+000	  1.7001346833478543e+000	  1.9481630567857566e+000	  1.9578476323587923e+000	  1.9030143324041202e+000	  1.9528172761910614e+000	  1.9786495713021377e+000	  2.0234571983523497e+000	  1.8577616666489867e+000	  1.7654643454880738e+000	  1.9503040014603839e+000	  1.9769670714810228e+000	
  1.7449733948183048e+000	  1.7434759553974353e+000	  1.6981417300698562e+000	  1.9458619503337589e+000	  1.9555533089954855e+000	  1.9007191388534652e+000	  1.9505636350402902e+000	  1.9763536978670722e+000	  2.0210603730039147e+000	  1.8556371787516046e+000	  1.7635072850841000e+000	  1.9480478533886838e+000	  1.9746511235407895e+000	
  1.7428469147392549e+000	  1.7413363016991414e+000	  1.6960635312966952e+000	  1.9434811131631471e+000	  1.9531443857631812e+000	  1.8983781308352157e+000	  1.9482463984737377e+000	  1.9739935440467191e+000	  2.0186578580811019e+000	  1.8533991091527653e+000	  1.7613680123618203e+000	  1.9456331729533043e+000	  1.9721857576998520e+000	
  1.7398850424211842e+000	  1.7383798036043194e+000	  1.6931419928745288e+000	  1.9401000822226817e+000	  1.9497448082142563e+000	  1.8950210396626379e+000	  1.9449511127790469e+000	  1.9706314813283967e+000	  2.0151804153691071e+000	  1.8502623131814779e+000	  1.7584371192271009e+000	  1.9422577853139611e+000	  1.9687228963279686e+000	
  1.7369442112230242e+000	  1.7354212578037242e+000	  1.6902620898926357e+000	  1.9367466909022140e+000	  1.9463513665983054e+000	  1.8917151583518004e+000	  1.9416891098462967e+000	  1.9673012527821794e+000	  2.0117688523958064e+000	  1.8471435382908472e+000	  1.7554855933975348e+000	  1.9388658132578305e+000	  1.9652487989643876e+000	
  1.7341294439626491e+000	  1.7325906666115398e+000	  1.6875027358842198e+000	  1.9335075480516026e+000	  1.9430746934792633e+000	  1.8885179778949706e+000	  1.9385372200272735e+000	  1.9640807302813874e+000	  2.0084562237651271e+000	  1.8441444899095676e+000	  1.7526649581335187e+000	  1.9355958222154961e+000	  1.9618966223017966e+000	
  1.7281722051975161e+000	  1.7265955147103234e+000	  1.6816326251933591e+000	  1.9264846225244392e+000	  1.9359584848009797e+000	  1.8815492439142523e+000	  1.9317353687804786e+000	  1.9570989946052617e+000	  2.0012064392963391e+000	  1.8377262073297640e+000	  1.7467061798698089e+000	  1.9285050009039637e+000	  1.9545836345782148e+000	
  1.7273453081605046e+000	  1.7256690880687156e+000	  1.6808921222548112e+000	  1.9257091217966482e+000	  1.9350832164341600e+000	  1.8808752353201041e+000	  1.9310236629516262e+000	  1.9563759247641483e+000	  2.0006326313371554e+000	  1.8368834474514126e+000	  1.7456966297962779e+000	  1.9275084127557582e+000	  1.9535963044403426e+000	
  1.7269532500266196e+000	  1.7252429485562357e+000	  1.6805539940825596e+000	  1.9251551118698083e+000	  1.9344979349063245e+000	  1.8803661531283753e+000	  1.9304524413619641e+000	  1.9557906275635206e+000	  2.0000854194255528e+000	  1.8364524071843387e+000	  1.7452563244252839e+000	  1.9269301081559156e+000	  1.9530061667388896e+000	
  1.7265826282554040e+000	  1.7248867104874814e+000	  1.6802064324729820e+000	  1.9246916268893317e+000	  1.9340464631728540e+000	  1.8799214344715982e+000	  1.9299811922060561e+000	  1.9553086016626324e+000	  1.9995684463737597e+000	  1.8360482512759557e+000	  1.7449168956639070e+000	  1.9265092059752496e+000	  1.9525770068420059e+000	
  1.7260157386508421e+000	  1.7243469118131967e+000	  1.6796446917176797e+000	  1.9240291724963117e+000	  1.9334054671853571e+000	  1.8792616521597534e+000	  1.9293323736337775e+000	  1.9546483073295295e+000	  1.9988352492034001e+000	  1.8354354280991967e+000	  1.7443986971339702e+000	  1.9258935802329915e+000	  1.9519504383781725e+000	
  1.7254734483568992e+000	  1.7238201882066146e+000	  1.6790897859579574e+000	  1.9233878109741600e+000	  1.9327752150194155e+000	  1.8786029847150700e+000	  1.9287076487083221e+000	  1.9540128986063861e+000	  1.9981317130081275e+000	  1.8348404657419810e+000	  1.7438849328107628e+000	  1.9252766839117792e+000	  1.9513194813160197e+000	
  1.7249349621763150e+000	  1.7232854156769426e+000	  1.6785396322389385e+000	  1.9227513463589825e+000	  1.9321388015603911e+000	  1.8779509381551709e+000	  1.9280854392651090e+000	  1.9533784673916843e+000	  1.9974483822564386e+000	  1.8342472407891737e+000	  1.7433571571429798e+000	  1.9246473806928790e+000	  1.9506742724355477e+000	
  1.7243944358478878e+000	  1.7227433747902141e+000	  1.6779952416437718e+000	  1.9221131198523009e+000	  1.9314953696702331e+000	  1.8773069160437885e+000	  1.9274621585717915e+000	  1.9527415018204255e+000	  1.9967778010812585e+000	  1.8336549150668739e+000	  1.7428194857277359e+000	  1.9240081721803668e+000	  1.9500187697846121e+000	
  1.7225423869066709e+000	  1.7208772153145540e+000	  1.6761585359763971e+000	  1.9199193720963454e+000	  1.9292744979809775e+000	  1.8751236464222296e+000	  1.9253240321584353e+000	  1.9505529856370099e+000	  1.9945005094975172e+000	  1.8316317651831315e+000	  1.7409611844822248e+000	  1.9217949341293514e+000	  1.9477501493813147e+000	
  1.7208853940776814e+000	  1.7192221041228382e+000	  1.6745054395307777e+000	  1.9179082997669401e+000	  1.9272504597206550e+000	  1.8731093653320148e+000	  1.9233662767102200e+000	  1.9485425168136565e+000	  1.9923745709466534e+000	  1.8298081379724900e+000	  1.7393285654477515e+000	  1.9197968492062722e+000	  1.9456892243767858e+000	
  1.7191471605130213e+000	  1.7174426242548442e+000	  1.6728087703111900e+000	  1.9158434821370824e+000	  1.9251317358140299e+000	  1.8710832958764034e+000	  1.9213687184425359e+000	  1.9464909852109158e+000	  1.9902752756898818e+000	  1.8279069039031730e+000	  1.7375365013054838e+000	  1.9176584460342916e+000	  1.9434957260278345e+000	
  1.7175455787841332e+000	  1.7158150954049332e+000	  1.6712410261370909e+000	  1.9138857027959844e+000	  1.9231358178398581e+000	  1.8691529606269979e+000	  1.9194645061195275e+000	  1.9445329459437164e+000	  1.9882399473459447e+000	  1.8261374020540677e+000	  1.7359106587935216e+000	  1.9156666835573481e+000	  1.9414475494231787e+000	
  1.7135277766686532e+000	  1.7117192709318236e+000	  1.6672747123405089e+000	  1.9088352142319005e+000	  1.9179704144532594e+000	  1.8641393760814380e+000	  1.9145851004881207e+000	  1.9394906556551994e+000	  1.9829366639782826e+000	  1.8216145332167466e+000	  1.7318225003690415e+000	  1.9105054915932596e+000	  1.9361122340404968e+000	
  1.7105064230236982e+000	  1.7085861624926264e+000	  1.6643511807815698e+000	  1.9050524510188578e+000	  1.9140582760141973e+000	  1.8604521123693407e+000	  1.9109152606960549e+000	  1.9357067634945870e+000	  1.9790381879393339e+000	  1.8181955813846233e+000	  1.7286498956372138e+000	  1.9065521900382663e+000	  1.9320621442450592e+000	
  1.7104543816626854e+000	  1.7086114026598545e+000	  1.6642223294983065e+000	  1.9048084004865453e+000	  1.9138831998618684e+000	  1.8601184449904500e+000	  1.9106614976040777e+000	  1.9354345378031366e+000	  1.9785826806334426e+000	  1.8180716137192190e+000	  1.7287480318422561e+000	  1.9064729686050494e+000	  1.9319451223097974e+000	
  1.7098885801454131e+000	  1.7079876686381619e+000	  1.6636798177270766e+000	  1.9042370784570140e+000	  1.9132506581344859e+000	  1.8595816490816270e+000	  1.9101461289060777e+000	  1.9349040990819493e+000	  1.9781035569310150e+000	  1.8174629574269057e+000	  1.7280795780774423e+000	  1.9057649533006082e+000	  1.9312299836826377e+000	
  1.7094646554686797e+000	  1.7075120735949132e+000	  1.6632958873033035e+000	  1.9036910587353248e+000	  1.9126535063752410e+000	  1.8590753623451943e+000	  1.9096129508870847e+000	  1.9343525717967036e+000	  1.9775955717975822e+000	  1.8169852431760753e+000	  1.7275753042777942e+000	  1.9051393508347378e+000	  1.9305909746773087e+000	
  1.7090881310173143e+000	  1.7071146872618042e+000	  1.6629497972859499e+000	  1.9031970120812218e+000	  1.9121371773219586e+000	  1.8586109623735929e+000	  1.9091261982809951e+000	  1.9338486401473129e+000	  1.9770906134770139e+000	  1.8165550335775491e+000	  1.7271703051148410e+000	  1.9046207209963772e+000	  1.9300599441550386e+000	
  1.7083266400531569e+000	  1.7063360529575613e+000	  1.6622116174202277e+000	  1.9022032226042929e+000	  1.9111208379227382e+000	  1.8576389712573618e+000	  1.9081597100657932e+000	  1.9328496305138037e+000	  1.9760312583361328e+000	  1.8156746479152819e+000	  1.7263914187477867e+000	  1.9036082513845549e+000	  1.9290206308378521e+000	
  1.7076309510852403e+000	  1.7056259495557387e+000	  1.6615182275473819e+000	  1.9012784657900148e+000	  1.9101762490542105e+000	  1.8567148422352604e+000	  1.9072626629377840e+000	  1.9319207782937207e+000	  1.9750299008212069e+000	  1.8148565315943435e+000	  1.7256840150545480e+000	  1.9026687235110813e+000	  1.9280512970036239e+000	
  1.7069564735657381e+000	  1.7049303330614740e+000	  1.6608473954711951e+000	  1.9003794045586344e+000	  1.9092509501153201e+000	  1.8558188749917737e+000	  1.9063926110658529e+000	  1.9310185273232428e+000	  1.9740667226132400e+000	  1.8140600853483921e+000	  1.7249867575239850e+000	  1.9017424523438387e+000	  1.9270955752433701e+000	
  1.7048888793467236e+000	  1.7027727368434158e+000	  1.6587967415583282e+000	  1.8974950896003031e+000	  1.9062594708637937e+000	  1.8529520059425109e+000	  1.9036099726962274e+000	  1.9281162967692980e+000	  1.9709610967261164e+000	  1.8115526856879651e+000	  1.7228176979414294e+000	  1.8987425552613444e+000	  1.9239865643534844e+000	
  1.7032248087550865e+000	  1.7010081462752604e+000	  1.6571480659717750e+000	  1.8950246082329574e+000	  1.9036730189883326e+000	  1.8504991539643147e+000	  1.9012383014471690e+000	  1.9256248230627291e+000	  1.9682752127754284e+000	  1.8094522426023667e+000	  1.7210361429300889e+000	  1.8961412656593262e+000	  1.9212780811582251e+000	
  1.7018581729961595e+000	  1.6995219413953000e+000	  1.6558430761734739e+000	  1.8930550969759010e+000	  1.9015801705558300e+000	  1.8485994661960419e+000	  1.8993316306583301e+000	  1.9236335488406526e+000	  1.9662001579755333e+000	  1.8077380117584545e+000	  1.7195012269071890e+000	  1.8940015623344655e+000	  1.9190835966318183e+000	
  1.7021592271237962e+000	  1.6999182136371844e+000	  1.6560604881043797e+000	  1.8931703646325879e+000	  1.9017846351931349e+000	  1.8486152185056994e+000	  1.8994160351176388e+000	  1.9237061483445024e+000	  1.9660764663987895e+000	  1.8079824081976812e+000	  1.7199821802886954e+000	  1.8943252916198259e+000	  1.9193770189055848e+000	
  1.7019022828857557e+000	  1.6996384604628809e+000	  1.6557834543686976e+000	  1.8929411121690800e+000	  1.9015277894135294e+000	  1.8483781328955218e+000	  1.8992388192154412e+000	  1.9235191065902126e+000	  1.9658830674498771e+000	  1.8076895259959451e+000	  1.7196832863734248e+000	  1.8940179472886276e+000	  1.9190627094474086e+000	
  1.7017032914206371e+000	  1.6993849057749273e+000	  1.6556025523987157e+000	  1.8926591923446032e+000	  1.9011925928421116e+000	  1.8481169830960480e+000	  1.8989743422888734e+000	  1.9232405555181553e+000	  1.9656484742248885e+000	  1.8074413904251923e+000	  1.7193956309036236e+000	  1.8936416916146110e+000	  1.9186756349190399e+000	
  1.7014689931521609e+000	  1.6991049979312671e+000	  1.6554031862019318e+000	  1.8922909451011003e+000	  1.9007791012949298e+000	  1.8477855008211521e+000	  1.8986149029251878e+000	  1.9228600008921106e+000	  1.9652923252727554e+000	  1.8071413974623374e+000	  1.7190947180629237e+000	  1.8932098470372072e+000	  1.9182296438026138e+000	
  1.7012536238080824e+000	  1.6988633768541863e+000	  1.6552118217566150e+000	  1.8919497683927469e+000	  1.9004107118929647e+000	  1.8474701066181565e+000	  1.8982849776314412e+000	  1.9225111406102218e+000	  1.9649352308551533e+000	  1.8068608711826384e+000	  1.7188432128043829e+000	  1.8928337778382465e+000	  1.9178415767623191e+000	
  1.7010683203750367e+000	  1.6986608231961426e+000	  1.6550368344549669e+000	  1.8916392264037949e+000	  1.9000816515572361e+000	  1.8471705011051693e+000	  1.8979855483522097e+000	  1.9221942899361719e+000	  1.9645901569588646e+000	  1.8066078915456787e+000	  1.7186364226284159e+000	  1.8925026984487348e+000	  1.9174981977392931e+000	
  1.7006635973156905e+000	  1.6982144296122916e+000	  1.6546339120162299e+000	  1.8909186078534141e+000	  1.8993162058573083e+000	  1.8464538959390624e+000	  1.8972946001712567e+000	  1.9214596928295813e+000	  1.9637696762067083e+000	  1.8060229301916513e+000	  1.7181817408655822e+000	  1.8917319843980536e+000	  1.9166940515098365e+000	
  1.7003255114023466e+000	  1.6978322374226971e+000	  1.6542926560405247e+000	  1.8902687290337099e+000	  1.8986193636702933e+000	  1.8458041335059552e+000	  1.8966739599553644e+000	  1.9207953790021974e+000	  1.9630241502393346e+000	  1.8055050962290513e+000	  1.7177902523119140e+000	  1.8910281525356460e+000	  1.9159561651025001e+000	
  1.7000396319638658e+000	  1.6974986709428288e+000	  1.6540055770668829e+000	  1.8896748578061395e+000	  1.8979754280222552e+000	  1.8452131816119963e+000	  1.8961084697577362e+000	  1.9201865296243295e+000	  1.9623409194942498e+000	  1.8050407024944495e+000	  1.7174451160178419e+000	  1.8903745634248037e+000	  1.9152696992516973e+000	
  1.6997463677657589e+000	  1.6969875796316636e+000	  1.6536941701410572e+000	  1.8880935134812871e+000	  1.8961714734901267e+000	  1.8436357899876932e+000	  1.8946327312974789e+000	  1.9185297605340235e+000	  1.9603736684430781e+000	  1.8039890099010860e+000	  1.7168783690219716e+000	  1.8885239745100546e+000	  1.9132881872141370e+000	
  1.6993165576286382e+000	  1.6964434103884889e+000	  1.6533423486592893e+000	  1.8876720320212275e+000	  1.8956410456689718e+000	  1.8433090215722869e+000	  1.8942479076437739e+000	  1.9181337177326208e+000	  1.9601194917275397e+000	  1.8035165726470048e+000	  1.7162513847326952e+000	  1.8878816353196191e+000	  1.9126571820719638e+000	
  1.6994719530337186e+000	  1.6966126351679711e+000	  1.6535050892551126e+000	  1.8876312517519607e+000	  1.8956167925584944e+000	  1.8432636176871677e+000	  1.8941672351105003e+000	  1.9180408868829200e+000	  1.9599651693822677e+000	  1.8036125547047113e+000	  1.7164448796591725e+000	  1.8879171900716256e+000	  1.9126816996088944e+000	
  1.6995581257099026e+000	  1.6967391106075242e+000	  1.6535602442306372e+000	  1.8876423994646376e+000	  1.8956646245940783e+000	  1.8432428177117908e+000	  1.8941787922488729e+000	  1.9180446372025926e+000	  1.9598679323704482e+000	  1.8036543891650194e+000	  1.7166056764663664e+000	  1.8880065395313934e+000	  1.9127639559556959e+000	
  1.6996314788389266e+000	  1.6968247030719426e+000	  1.6535868738038622e+000	  1.8876187764348162e+000	  1.8956506258186281e+000	  1.8431741755387225e+000	  1.8941704060703686e+000	  1.9180245337197581e+000	  1.9597613144257402e+000	  1.8036569728022813e+000	  1.7167053168056368e+000	  1.8880038512781785e+000	  1.9127487095485183e+000	
  1.6996967422400966e+000	  1.6968779114456900e+000	  1.6536234847726146e+000	  1.8875769144814569e+000	  1.8955959393240673e+000	  1.8431057052374493e+000	  1.8941392719499772e+000	  1.9179788550670227e+000	  1.9596706384608771e+000	  1.8036517436865149e+000	  1.7167589679357147e+000	  1.8879481369843729e+000	  1.9126786341572590e+000	
  1.6997428158761010e+000	  1.6969012816244966e+000	  1.6536587873998243e+000	  1.8875158422651470e+000	  1.8955119059507983e+000	  1.8430371704556014e+000	  1.8940884851277664e+000	  1.9179119848859805e+000	  1.9595815258396267e+000	  1.8036307405297578e+000	  1.7167760197647943e+000	  1.8878565063619936e+000	  1.9125737409198575e+000	
  1.6998628482133382e+000	  1.6969671682972667e+000	  1.6537771051392298e+000	  1.8873856115711940e+000	  1.8953274314889508e+000	  1.8429118692073712e+000	  1.8939786343830673e+000	  1.9177650935020203e+000	  1.9593912258949566e+000	  1.8036024814744354e+000	  1.7168251885362646e+000	  1.8876555668409096e+000	  1.9123461360616143e+000	
  1.6999939136431352e+000	  1.6970425953603478e+000	  1.6539131657066222e+000	  1.8872692045187802e+000	  1.8951560459310128e+000	  1.8428066336671189e+000	  1.8938810063744598e+000	  1.9176317154846689e+000	  1.9592142650950235e+000	  1.8035855875103777e+000	  1.7168817609110529e+000	  1.8874660499677465e+000	  1.9121336460993836e+000	
  1.7001853987510656e+000	  1.6971855063648245e+000	  1.6541009434920508e+000	  1.8872128033128286e+000	  1.8950517986605209e+000	  1.8427517933676880e+000	  1.8938404447389909e+000	  1.9175565322508106e+000	  1.9590809753506777e+000	  1.8036284872348609e+000	  1.7170111363623779e+000	  1.8873504501170333e+000	  1.9119953744484663e+000	
  1.7010761145263071e+000	  1.6979171828925590e+000	  1.6549747946570124e+000	  1.8873505111813107e+000	  1.8950361074194226e+000	  1.8428923929131880e+000	  1.8940211617360625e+000	  1.9176340108247556e+000	  1.9589860959682379e+000	  1.8040531929687584e+000	  1.7176938878607195e+000	  1.8872915741362173e+000	  1.9118764297110860e+000	
  1.7018925587870091e+000	  1.6985874256014222e+000	  1.6557939441100884e+000	  1.8875756224217863e+000	  1.8951254561023192e+000	  1.8431402365318934e+000	  1.8942658765122955e+000	  1.9178025259220872e+000	  1.9590400669450201e+000	  1.8044856511555254e+000	  1.7183099966871482e+000	  1.8873331978618491e+000	  1.9118880447166469e+000	
  1.7024633094769437e+000	  1.6992515959084307e+000	  1.6562741389574958e+000	  1.8879838173174910e+000	  1.8956220727685642e+000	  1.8434440825899534e+000	  1.8946456009220616e+000	  1.9181731215886146e+000	  1.9592182229324016e+000	  1.8050061346967494e+000	  1.7190543102849991e+000	  1.8879423219961358e+000	  1.9124735935818675e+000	
  1.7025032780429223e+000	  1.6992655189974739e+000	  1.6562858969354040e+000	  1.8880572985700514e+000	  1.8956666615959790e+000	  1.8435029091734174e+000	  1.8947629158685311e+000	  1.9182827940302711e+000	  1.9593270974620451e+000	  1.8050119475895077e+000	  1.7190489327886285e+000	  1.8879378296481761e+000	  1.9124643586147190e+000	
  1.7026008603803322e+000	  1.6993073475467269e+000	  1.6563948561342279e+000	  1.8880845150759995e+000	  1.8956412523486044e+000	  1.8435457294089248e+000	  1.8947987557953161e+000	  1.9183068860298134e+000	  1.9593955376938295e+000	  1.8050629140916357e+000	  1.7190580556456789e+000	  1.8878738425863657e+000	  1.9123922086503164e+000	
  1.7027867069511435e+000	  1.6994438905849436e+000	  1.6566081788541196e+000	  1.8881574440862026e+000	  1.8956676731370399e+000	  1.8436500323772231e+000	  1.8948726663735749e+000	  1.9183630145675310e+000	  1.9594764930130062e+000	  1.8051877494948563e+000	  1.7191723421205376e+000	  1.8878802849859735e+000	  1.9123898898163032e+000	
  1.7029822972114566e+000	  1.6996066871843587e+000	  1.6568218493301305e+000	  1.8882486598787680e+000	  1.8957277120945561e+000	  1.8437629950558483e+000	  1.8949682553781817e+000	  1.9184429454112748e+000	  1.9595528005232208e+000	  1.8053231330683017e+000	  1.7193216739412360e+000	  1.8879282768189569e+000	  1.9124316378857726e+000	
  1.7032034544803696e+000	  1.6998032958307117e+000	  1.6570484204315763e+000	  1.8883654431237888e+000	  1.8958213412897389e+000	  1.8438877055400911e+000	  1.8950889550484871e+000	  1.9185494051746714e+000	  1.9596378107119854e+000	  1.8054818195887690e+000	  1.7195099935631619e+000	  1.8880153491644136e+000	  1.9125123542519809e+000	
  1.7038881492239557e+000	  1.7004241490654834e+000	  1.6577232569852385e+000	  1.8887706996744922e+000	  1.8961669138705306e+000	  1.8442909080746741e+000	  1.8955049041566696e+000	  1.9189278133832339e+000	  1.9599448047495478e+000	  1.8059891980902165e+000	  1.7201112168854962e+000	  1.8883439242951083e+000	  1.9128226765315022e+000	
  1.7045641200093100e+000	  1.7010245949501190e+000	  1.6583978534660806e+000	  1.8891774086670960e+000	  1.8965040466740182e+000	  1.8447061926548241e+000	  1.8959198225291409e+000	  1.9193067418652721e+000	  1.9602735801285405e+000	  1.8064878623918181e+000	  1.7206832816736282e+000	  1.8886540768762849e+000	  1.9131193747515827e+000	
  1.7054162968034234e+000	  1.7018276607201615e+000	  1.6592185712505585e+000	  1.8897574857685713e+000	  1.8970389645954215e+000	  1.8452625692941433e+000	  1.8965052971744356e+000	  1.9198569501454990e+000	  1.9607337878361071e+000	  1.8071668669889702e+000	  1.7214779607438591e+000	  1.8891855548423606e+000	  1.9136316621052922e+000	
  1.7067145772000432e+000	  1.7030049148821613e+000	  1.6605102145045791e+000	  1.8906516670886413e+000	  1.8978231770415781e+000	  1.8461679126665833e+000	  1.8974072832454028e+000	  1.9207054732383697e+000	  1.9615107737090944e+000	  1.8081915206335588e+000	  1.7226090068746407e+000	  1.8899252319047581e+000	  1.9143549212304254e+000	
  1.7083595944355090e+000	  1.7045680766641083e+000	  1.6621025158185025e+000	  1.8918965005121400e+000	  1.8989938206090449e+000	  1.8473737640195089e+000	  1.8986572463952953e+000	  1.9219027568127620e+000	  1.9625780067912368e+000	  1.8095762645159503e+000	  1.7241560452348244e+000	  1.8910857422373584e+000	  1.9154885241696329e+000	
  1.7086527266987668e+000	  1.7047596029615615e+000	  1.6624520370455413e+000	  1.8920788684053957e+000	  1.8990836141749212e+000	  1.8476253038871413e+000	  1.8988463232638513e+000	  1.9220736314335307e+000	  1.9628180861557538e+000	  1.8097739600968894e+000	  1.7242873646817147e+000	  1.8911059877882099e+000	  1.9155167151186696e+000	
  1.7091293080849133e+000	  1.7052867576893727e+000	  1.6628863622770831e+000	  1.8924214469901666e+000	  1.8994762193467758e+000	  1.8479151878675428e+000	  1.8991592837199121e+000	  1.9223801737832655e+000	  1.9630084678241833e+000	  1.8102105747852615e+000	  1.7248608577387181e+000	  1.8915731794190453e+000	  1.9159731447792743e+000	
  1.7093443436056897e+000	  1.7055103958367539e+000	  1.6630678752229757e+000	  1.8926381727199229e+000	  1.8996992715978016e+000	  1.8481048717913551e+000	  1.8993943807608589e+000	  1.9226111043836605e+000	  1.9631927947883352e+000	  1.8103978081048799e+000	  1.7250921508348667e+000	  1.8917925985830601e+000	  1.9161904448593834e+000	
  1.7095711120646535e+000	  1.7057188817687907e+000	  1.6632772507912847e+000	  1.8928223773091384e+000	  1.8998665184851224e+000	  1.8482747103994730e+000	  1.8995849087680416e+000	  1.9227956925713612e+000	  1.9633685351361068e+000	  1.8105884137627650e+000	  1.7252916265297837e+000	  1.8919464727242397e+000	  1.9163397193451976e+000	
  1.7100334195394726e+000	  1.7061430035318084e+000	  1.6637320374206945e+000	  1.8931854050331460e+000	  1.9001945898294885e+000	  1.8486351454205305e+000	  1.8999489886366607e+000	  1.9231451762892642e+000	  1.9637127156275400e+000	  1.8109840654779594e+000	  1.7257012161021228e+000	  1.8922593486506452e+000	  1.9166448431003660e+000	
  1.7104787751233703e+000	  1.7065510730684856e+000	  1.6641807866626008e+000	  1.8935353216962900e+000	  1.9005103345718182e+000	  1.8489938927273493e+000	  1.9003006452989935e+000	  1.9234826557652975e+000	  1.9640460290497042e+000	  1.8113657759069695e+000	  1.7260941951841597e+000	  1.8925594142300457e+000	  1.9169402735942087e+000	
  1.7109459729904515e+000	  1.7069867057637458e+000	  1.6646478861054039e+000	  1.8939039661526438e+000	  1.9008504864129432e+000	  1.8493667315345934e+000	  1.9006691325941971e+000	  1.9238374314633326e+000	  1.9643848076123653e+000	  1.8117689657823108e+000	  1.7265185391465310e+000	  1.8928893936897673e+000	  1.9172653477517316e+000	
  1.7126717059240035e+000	  1.7086120494061314e+000	  1.6663558413517288e+000	  1.8953031697785718e+000	  1.9021602522972736e+000	  1.8507628161012264e+000	  1.9020680847927476e+000	  1.9251925620177055e+000	  1.9656672262857600e+000	  1.8132729152294333e+000	  1.7281094107616224e+000	  1.8941669813739015e+000	  1.9185307947890575e+000	
  1.7142802540239930e+000	  1.7100958688125130e+000	  1.6679762445636281e+000	  1.8966079039196491e+000	  1.9033565049951642e+000	  1.8520974838702635e+000	  1.9033616651505190e+000	  1.9264487676716611e+000	  1.9668919599893699e+000	  1.8146574949198169e+000	  1.7295384883147877e+000	  1.8953103787657279e+000	  1.9196794833702742e+000	
  1.7151307878989441e+000	  1.7109960782609057e+000	  1.6687434532115422e+000	  1.8973270780042273e+000	  1.9041236923320446e+000	  1.8527290448018991e+000	  1.9040674080497570e+000	  1.9271439841869538e+000	  1.9674395238136877e+000	  1.8154439866854657e+000	  1.7304871997114559e+000	  1.8961429081812784e+000	  1.9204966916052371e+000	
  1.7155863129899493e+000	  1.7113937779225121e+000	  1.6691964145048368e+000	  1.8977459171051614e+000	  1.9044881043600930e+000	  1.8531572879394815e+000	  1.9045052131588851e+000	  1.9275699418730623e+000	  1.9678957314573662e+000	  1.8158421613910052e+000	  1.7308517663236438e+000	  1.8964571914185835e+000	  1.9208096734118143e+000	
  1.7161510822529085e+000	  1.7119163076720025e+000	  1.6697685417846500e+000	  1.8982112966099329e+000	  1.9049160215380914e+000	  1.8536341054516763e+000	  1.9049643004857273e+000	  1.9280158173324671e+000	  1.9683454596252010e+000	  1.8163460253597530e+000	  1.7313568151476690e+000	  1.8968704406737473e+000	  1.9212186659594541e+000	
  1.7174877881642578e+000	  1.7131835891550937e+000	  1.6711001889669841e+000	  1.8993533179335498e+000	  1.9059972157506742e+000	  1.8547812568314912e+000	  1.9061010265514544e+000	  1.9291260823424203e+000	  1.9694183283623197e+000	  1.8175483274493598e+000	  1.7325992950295093e+000	  1.8979286802383695e+000	  1.9222732756058805e+000	
  1.7187947764984566e+000	  1.7144139946234520e+000	  1.6724056017537661e+000	  1.9004774672761253e+000	  1.9070550361223535e+000	  1.8559150091755281e+000	  1.9072177621846145e+000	  1.9302192292878426e+000	  1.9704853065664267e+000	  1.8187202982129147e+000	  1.7337982499382434e+000	  1.8989554354818945e+000	  1.9233019425082083e+000	
  1.7202772982424892e+000	  1.7158509641773307e+000	  1.6738493705136950e+000	  1.9017746313462180e+000	  1.9083143928102928e+000	  1.8571819429998491e+000	  1.9085056506808942e+000	  1.9314843617600590e+000	  1.9716778810711149e+000	  1.8200729208685578e+000	  1.7352267537241346e+000	  1.9002105460039418e+000	  1.9245521154712497e+000	
  1.7222286743927870e+000	  1.7176895321449182e+000	  1.6757991627764501e+000	  1.9034949181149272e+000	  1.9099380632652401e+000	  1.8589184245571553e+000	  1.9102113562807055e+000	  1.9331607887768465e+000	  1.9733339095609110e+000	  1.8218424645712870e+000	  1.7370164394351622e+000	  1.9017843646480503e+000	  1.9261343757955061e+000	
  1.7245461451777440e+000	  1.7199511572005155e+000	  1.6780487238031367e+000	  1.9055774132276280e+000	  1.9119753001091102e+000	  1.8609448893803948e+000	  1.9122791265434920e+000	  1.9351989821030779e+000	  1.9752664371206070e+000	  1.8239931481418956e+000	  1.7392720066315497e+000	  1.9038209629557643e+000	  1.9281630504653680e+000	
  1.7248713172837771e+000	  1.7201605476853823e+000	  1.6784522476738410e+000	  1.9058797625540376e+000	  1.9121728845528863e+000	  1.8613404478881248e+000	  1.9125862448847211e+000	  1.9354968954996203e+000	  1.9756895517560382e+000	  1.8242641802666879e+000	  1.7394066228007887e+000	  1.9039267898628165e+000	  1.9282864897329193e+000	
  1.7253840389836921e+000	  1.7207203606317798e+000	  1.6789359976433038e+000	  1.9062568807110059e+000	  1.9125984747823295e+000	  1.8616746443193419e+000	  1.9129232644560596e+000	  1.9358303365950569e+000	  1.9759227874440513e+000	  1.8247510941067164e+000	  1.7400089694347514e+000	  1.9044300318643146e+000	  1.9287832502244997e+000	
  1.7256318969637738e+000	  1.7209938555398396e+000	  1.6791503566460957e+000	  1.9065358259479397e+000	  1.9128998727793785e+000	  1.8619258946665111e+000	  1.9132162695896680e+000	  1.9361230427277070e+000	  1.9761579076717160e+000	  1.8249899445474078e+000	  1.7403009071152937e+000	  1.9047409484477609e+000	  1.9290956388674130e+000	
  1.7258901884543223e+000	  1.7212502427194203e+000	  1.6793822800140090e+000	  1.9067829214590195e+000	  1.9131454527738441e+000	  1.8621493598213308e+000	  1.9134705233797851e+000	  1.9363762174448507e+000	  1.9763895127433968e+000	  1.8252281715732082e+000	  1.7405561208199709e+000	  1.9049800293446877e+000	  1.9293334349844378e+000	
  1.7264970032891662e+000	  1.7218298273343553e+000	  1.6799641617007377e+000	  1.9073397349124166e+000	  1.9136787803553752e+000	  1.8626854119874412e+000	  1.9140254668417991e+000	  1.9369240928247844e+000	  1.9769302792019734e+000	  1.8257905204874496e+000	  1.7411256174928906e+000	  1.9055003514911681e+000	  1.9298505223507223e+000	
  1.7270730262972414e+000	  1.7223727663086856e+000	  1.6805377992912764e+000	  1.9078667205962925e+000	  1.9141766694424098e+000	  1.8632154254088424e+000	  1.9145495433472539e+000	  1.9374400233658062e+000	  1.9774541919759694e+000	  1.8263268869160685e+000	  1.7416543361462693e+000	  1.9059822018510775e+000	  1.9303316284227210e+000	
  1.7276606645454764e+000	  1.7229322454272447e+000	  1.6811255101958156e+000	  1.9084009297294338e+000	  1.9146866130890998e+000	  1.8637540675078377e+000	  1.9150786895462359e+000	  1.9379614520671216e+000	  1.9779746372911067e+000	  1.8268756123552481e+000	  1.7422028247154582e+000	  1.9064814127462135e+000	  1.9308311208437907e+000	
  1.7296947917340098e+000	  1.7248850794295814e+000	  1.6831465950634159e+000	  1.9102683468497250e+000	  1.9164855256543138e+000	  1.8656211535046241e+000	  1.9169312143513264e+000	  1.9397915006093946e+000	  1.9797757937200475e+000	  1.8287816108291648e+000	  1.7441246935981716e+000	  1.9082496973307950e+000	  1.9326042383548758e+000	
  1.7315607485876554e+000	  1.7266457270961575e+000	  1.6850301908099821e+000	  1.9119869534209168e+000	  1.9181162562626886e+000	  1.8673727645721458e+000	  1.9186262086572039e+000	  1.9414695492684213e+000	  1.9814638400309572e+000	  1.8305164328975654e+000	  1.7458344447211522e+000	  1.9098287538953100e+000	  1.9342036254948238e+000	
  1.7324979061679111e+000	  1.7276204703326261e+000	  1.6858984664737970e+000	  1.9128384407550267e+000	  1.9190058568358994e+000	  1.8681523972022409e+000	  1.9194619008795750e+000	  1.9423001379846048e+000	  1.9821803690614421e+000	  1.8314114280674991e+000	  1.7468458817701984e+000	  1.9107691383464873e+000	  1.9351377037435600e+000	
  1.7331373935827348e+000	  1.7282181648918786e+000	  1.6865274223065259e+000	  1.9134681391294655e+000	  1.9195977311428170e+000	  1.8687814728637453e+000	  1.9201004123110923e+000	  1.9429325678007843e+000	  1.9828330794782763e+000	  1.8320133573863642e+000	  1.7474207037575917e+000	  1.9113252501785298e+000	  1.9356967740439308e+000	
  1.7338464748015585e+000	  1.7288924980091904e+000	  1.6872378647733106e+000	  1.9141219229072073e+000	  1.9202220986566503e+000	  1.8694407852525854e+000	  1.9207448731871193e+000	  1.9435697666528007e+000	  1.9834776894520239e+000	  1.8326830752563272e+000	  1.7480802890451959e+000	  1.9119361318444641e+000	  1.9363085869193744e+000	
  1.7342358921480752e+000	  1.7292673552737490e+000	  1.6876269074987256e+000	  1.9144848502391616e+000	  1.9205729128824414e+000	  1.8698056518395045e+000	  1.9211037900487185e+000	  1.9439249825657596e+000	  1.9838303198745271e+000	  1.8330525277458780e+000	  1.7484497303961573e+000	  1.9122821046702021e+000	  1.9366559059106097e+000	
