1.575e+010
1.5151e+010
1.5081e+010
1.5304e+010
1.551e+010
1.575e+010
1.608e+010
1.6178e+010
1.594e+010
1.5809e+010
1.5946e+010
1.6037e+010
1.6197e+010
1.6581e+010
1.7107e+010
1.7437e+010
1.7623e+010
1.7538e+010
1.7278e+010
1.7114e+010
1.7142e+010
1.7015e+010
1.6906e+010
1.6648e+010
1.6872e+010
1.64e+010
1.614e+010
1.5873e+010
1.5824e+010
1.5821e+010
1.5789e+010
1.5385e+010
1.5034e+010
1.4742e+010
1.4523e+010
1.4124e+010
1.3799e+010
1.349e+010
1.3219e+010
1.2921e+010
1.2557e+010
1.1761e+010
1.166e+010
1.1543e+010
1.1318e+010
1.1036e+010
1.0633e+010
1.0349e+010
1.0176e+010
1.005e+010
9.797e+009
9.3438e+009
8.8895e+009
9.0222e+009
9.5382e+009
1.0769e+010
1.2047e+010
1.297e+010
1.3312e+010
