  1.8355449897442746e+000	  1.8237848172960158e+000	  1.7903082567918827e+000	  2.0127450260430968e+000	  2.0159771915252169e+000	  1.9698676922958112e+000	  2.0253477015804267e+000	  2.0517147109089788e+000	  2.0923277263285849e+000	  1.9328898569221531e+000	  1.8383135302365956e+000	  2.0034849851393117e+000	  2.0529951988316153e+000	
  1.8355449908305268e+000	  1.8237848183820862e+000	  1.7903082578767890e+000	  2.0127450260528765e+000	  2.0159771915252489e+000	  1.9698676922958285e+000	  2.0253481691975477e+000	  2.0517147109089766e+000	  2.0923277263285835e+000	  1.9328898573864941e+000	  1.8383135313216592e+000	  2.0034849851394254e+000	  2.0529951988390587e+000	
  1.8355449931537078e+000	  1.8237848207045666e+000	  1.7903082601966069e+000	  2.0127450260739970e+000	  2.0159771915253550e+000	  1.9698676922958858e+000	  2.0253486368099605e+000	  2.0517147109089753e+000	  2.0923277263285818e+000	  1.9328898583834755e+000	  1.8383135336399672e+000	  2.0034849851397327e+000	  2.0529951988563324e+000	
  1.8355449967183650e+000	  1.8237848242676475e+000	  1.7903082637553229e+000	  2.0127450261067357e+000	  2.0159771915255784e+000	  1.9698676922960061e+000	  2.0253491044175087e+000	  2.0517147109089797e+000	  2.0923277263285809e+000	  1.9328898599195183e+000	  1.8383135371934050e+000	  2.0034849851403007e+000	  2.0529951988840462e+000	
  1.8355451249846084e+000	  1.8237849522419511e+000	  1.7903083914405840e+000	  2.0127450274621146e+000	  2.0159771915660096e+000	  1.9698676923177323e+000	  2.0253537800762453e+000	  2.0517147109131413e+000	  2.0923277263296725e+000	  1.9328899183334538e+000	  1.8383136633280026e+000	  2.0034849852076766e+000	  2.0529952001098057e+000	
  1.8355453444525911e+000	  1.8237851709390582e+000	  1.7903086094894254e+000	  2.0127450300124488e+000	  2.0159771916773428e+000	  1.9698676923775373e+000	  2.0253584552652231e+000	  2.0517147109257383e+000	  2.0923277263330737e+000	  1.9328900221273324e+000	  1.8383138771837211e+000	  2.0034849853829995e+000	  2.0529952024537588e+000	
  1.8355456428402144e+000	  1.8237854679368077e+000	  1.7903089054103007e+000	  2.0127450338049884e+000	  2.0159771918879099e+000	  1.9698676924906104e+000	  2.0253631299804042e+000	  2.0517147109508964e+000	  2.0923277263399487e+000	  1.9328901683506325e+000	  1.8383141654979001e+000	  2.0034849857048882e+000	  2.0529952059736805e+000	
  1.8355512357963115e+000	  1.8237909981738187e+000	  1.7903143916754405e+000	  2.0127451858354037e+000	  2.0159772105053593e+000	  1.9698677024621518e+000	  2.0254098384345460e+000	  2.0517147140040297e+000	  2.0923277271916292e+000	  1.9328936608552356e+000	  1.8383193275978504e+000	  2.0034850116565348e+000	  2.0529953512418802e+000	
  1.8355579759691119e+000	  1.8237976414657018e+000	  1.7903209648072795e+000	  2.0127454702947221e+000	  2.0159772512747840e+000	  1.9698677242867224e+000	  2.0254565042709962e+000	  2.0517147213349873e+000	  2.0923277292389462e+000	  1.9328984426927465e+000	  1.8383254211291946e+000	  2.0034850674695108e+000	  2.0529956236151250e+000	
  1.8355650835399606e+000	  1.8238046351977060e+000	  1.7903278712067128e+000	  2.0127458903155064e+000	  2.0159773160210777e+000	  1.9698677589421236e+000	  2.0255031276556950e+000	  2.0517147337269179e+000	  2.0923277326989442e+000	  1.9329038893146848e+000	  1.8383317879027792e+000	  2.0034851552755479e+000	  2.0529960244582708e+000	
  1.8356379613911864e+000	  1.8238761518107434e+000	  1.7903978856541611e+000	  2.0127612273778288e+000	  2.0159800184356551e+000	  1.9698692166330320e+000	  2.0259658748667428e+000	  2.0517153591653408e+000	  2.0923279047825645e+000	  1.9329638493428938e+000	  1.8383973944071368e+000	  2.0034887816411566e+000	  2.0530094136656150e+000	
  1.8357113929067701e+000	  1.8239480328253324e+000	  1.7904677700058340e+000	  2.0127885802089547e+000	  2.0159849819237246e+000	  1.9698719121995907e+000	  2.0264247730757656e+000	  2.0517165694814463e+000	  2.0923282347366854e+000	  1.9330243668546767e+000	  1.8384642139051921e+000	  2.0034954562287930e+000	  2.0530318632887576e+000	
  1.8357852464503599e+000	  1.8240201302012167e+000	  1.7905375122527898e+000	  2.0128274592985793e+000	  2.0159921601254189e+000	  1.9698758387168405e+000	  2.0268798739209024e+000	  2.0517183843440567e+000	  2.0923287256802525e+000	  1.9330848813433987e+000	  1.8385320942655863e+000	  2.0035051414202707e+000	  2.0530620395692369e+000	
  1.8362132714720782e+000	  1.8244313684654065e+000	  1.7909305156198161e+000	  2.0132904572209047e+000	  2.0160843099756116e+000	  1.9699287932842746e+000	  2.0293608862067014e+000	  2.0517462039259908e+000	  2.0923360969594031e+000	  1.9334341816126279e+000	  1.8389366743132696e+000	  2.0036311282078714e+000	  2.0533504391540891e+000	
  1.8366508243218744e+000	  1.8248428986414522e+000	  1.7913189179072591e+000	  2.0139582790234081e+000	  2.0162247018569812e+000	  1.9700123871319568e+000	  2.0317459422477522e+000	  2.0517939336438156e+000	  2.0923486966258009e+000	  1.9337917166023362e+000	  1.8393563826939083e+000	  2.0038237990380159e+000	  2.0537175426280370e+000	
  1.8371040595651442e+000	  1.8252583739100310e+000	  1.7917054921019904e+000	  2.0147758942095271e+000	  2.0164059216895396e+000	  1.9701234266853178e+000	  2.0340415972072332e+000	  2.0518620459324906e+000	  2.0923667516608697e+000	  1.9341616593209856e+000	  1.8397912820202338e+000	  2.0040722655931473e+000	  2.0541336705624875e+000	
  1.8381502832189665e+000	  1.8261779964785736e+000	  1.7925412932856724e+000	  2.0168129547992781e+000	  2.0168946611556215e+000	  1.9704318484385135e+000	  2.0387415151188524e+000	  2.0520702839265939e+000	  2.0924228610711735e+000	  1.9350055084116105e+000	  1.8407761877646043e+000	  2.0047375166926171e+000	  2.0551196356419488e+000	
  1.8393015079201849e+000	  1.8271258271749800e+000	  1.7933695229327129e+000	  2.0191126548461837e+000	  2.0175058957214533e+000	  1.9708276242757645e+000	  2.0431045197681543e+000	  2.0523686277051674e+000	  2.0925052283845171e+000	  1.9359073572398997e+000	  1.8418163875415421e+000	  2.0055581438642212e+000	  2.0562028459124395e+000	
  1.8405855497263526e+000	  1.8281183585033083e+000	  1.7942012425479852e+000	  2.0215261422529145e+000	  2.0182184986644658e+000	  1.9712943291700522e+000	  2.0471511253807004e+000	  2.0527583740222428e+000	  2.0926160359134638e+000	  1.9368754039318257e+000	  1.8429182420897912e+000	  2.0064980251656559e+000	  2.0573557810280927e+000	
  1.8420061799589384e+000	  1.8291587769623934e+000	  1.7950370471981616e+000	  2.0239682625213344e+000	  2.0190181009841375e+000	  1.9718173200856000e+000	  2.0509072955160752e+000	  2.0532381964913116e+000	  2.0927569234721144e+000	  1.9379053811351517e+000	  1.8440783027561169e+000	  2.0075323824071529e+000	  2.0585679074246963e+000	
  1.8443502050696028e+000	  1.8307971045354525e+000	  1.7962911102060031e+000	  2.0275645422072146e+000	  2.0203453906220918e+000	  1.9726728680575678e+000	  2.0559878718032691e+000	  2.0541077074139329e+000	  2.0930230554960016e+000	  1.9395396230205861e+000	  1.8459044856100717e+000	  2.0092103693296215e+000	  2.0604657746445287e+000	
  1.8469068046109240e+000	  1.8325153055006302e+000	  1.7975284219641741e+000	  2.0310922488110688e+000	  2.0218230553166374e+000	  1.9735986723141350e+000	  2.0605890996869944e+000	  2.0551556556943797e+000	  2.0933601142490081e+000	  1.9412556338765308e+000	  1.8478184057488700e+000	  2.0110310766834059e+000	  2.0624755411405151e+000	
  1.8496354201427607e+000	  1.8343225188956374e+000	  1.7987616779643751e+000	  2.0345488037919917e+000	  2.0234332400201533e+000	  1.9745729186475283e+000	  2.0647986949904125e+000	  2.0563650368404764e+000	  2.0937689534410278e+000	  1.9430475201173065e+000	  1.8498231588941527e+000	  2.0129714317680789e+000	  2.0645848149674690e+000	
  1.8524866884041267e+000	  1.8362127169682776e+000	  1.7999905181102613e+000	  2.0379431787218150e+000	  2.0251632816826719e+000	  1.9755827076094064e+000	  2.0686872273061110e+000	  2.0577186338459623e+000	  2.0942495784514699e+000	  1.9448997784518782e+000	  1.8519100448893926e+000	  2.0150181574804908e+000	  2.0667843749538535e+000	
  1.8554178398512655e+000	  1.8381769777891688e+000	  1.8012125602132310e+000	  2.0412766618816609e+000	  2.0270016973815115e+000	  1.9766203618603395e+000	  2.0723072818332633e+000	  2.0591998561874849e+000	  2.0948012790955275e+000	  1.9467969599223656e+000	  1.8540694422018058e+000	  2.0171603972845409e+000	  2.0690659460942262e+000	
  1.8598637591006806e+000	  1.8412418997279800e+000	  1.8030457985236708e+000	  2.0460914096087084e+000	  2.0299059908911383e+000	  1.9782030747032333e+000	  2.0772425745762284e+000	  2.0615960450371182e+000	  2.0957459805275644e+000	  1.9496911851067715e+000	  1.8574193202850473e+000	  2.0204971209362510e+000	  2.0725896640973791e+000	
  1.8642467293061380e+000	  1.8443805862949456e+000	  1.8048181175951163e+000	  2.0507341925794940e+000	  2.0329837292233699e+000	  1.9798256202890063e+000	  2.0817429602780138e+000	  2.0641878507529996e+000	  2.0968364315048444e+000	  1.9525650656079578e+000	  1.8608417082541735e+000	  2.0239821881087039e+000	  2.0762453130536636e+000	
  1.8685422183915184e+000	  1.8476379310260833e+000	  1.8066073194289993e+000	  2.0551727989365216e+000	  2.0361949346158403e+000	  1.9814807512513435e+000	  2.0858658959364980e+000	  2.0669246180053027e+000	  2.0980621078779902e+000	  1.9554391111752476e+000	  1.8643707210939893e+000	  2.0275763566639555e+000	  2.0799995936507663e+000	
  1.8726417095240306e+000	  1.8509507090584234e+000	  1.8083829015783059e+000	  2.0593802985757517e+000	  2.0395039511519699e+000	  1.9831660188013638e+000	  2.0896561939418286e+000	  2.0697620408634068e+000	  2.0994113882133565e+000	  1.9582638489066597e+000	  1.8679511043434669e+000	  2.0312496012278083e+000	  2.0838257948692909e+000	
  1.8765452350339922e+000	  1.8543434792120896e+000	  1.8102039090569890e+000	  2.0633479494195304e+000	  2.0428904046508300e+000	  1.9848895119295278e+000	  2.0931493731346680e+000	  2.0726653479112565e+000	  2.1008727768324986e+000	  1.9610482003832506e+000	  1.8716019691855312e+000	  2.0349895448998758e+000	  2.0877154179772672e+000	
  1.8840246187104630e+000	  1.8616747810394849e+000	  1.8142139125942447e+000	  2.0708919687451264e+000	  2.0501894010046708e+000	  1.9886715685491891e+000	  2.0996101024792444e+000	  2.0788680300141968e+000	  2.1042477659864813e+000	  1.9667780895398776e+000	  1.8794923838524302e+000	  2.0430454887124272e+000	  2.0960843893206991e+000	
  1.8857606601412482e+000	  1.8636581450494623e+000	  1.8151566291440646e+000	  2.0730128145210451e+000	  2.0524991543320650e+000	  1.9899016205215072e+000	  2.1013714169812756e+000	  2.0808453852190620e+000	  2.1054071925883222e+000	  1.9681675677124850e+000	  1.8816662496711183e+000	  2.0455641891232768e+000	  2.0987105445555003e+000	
  1.8876860954160428e+000	  1.8659951531535843e+000	  1.8164820722800910e+000	  2.0749393184715137e+000	  2.0547644987825282e+000	  1.9911251450156122e+000	  2.1028926726625237e+000	  2.0827827578606661e+000	  2.1065876367890009e+000	  1.9697995842754576e+000	  1.8841487626302844e+000	  2.0480228242822034e+000	  2.1012789722622460e+000	
  1.8893924305901988e+000	  1.8683135435700127e+000	  1.8178285780144920e+000	  2.0767094922141416e+000	  2.0570450724724241e+000	  1.9923799353139604e+000	  2.1042408102220125e+000	  2.0846952252430664e+000	  2.1077919415210711e+000	  1.9713563481193423e+000	  1.8866199854923373e+000	  2.0505163425603978e+000	  2.1038822712625014e+000	
  1.8908692388406394e+000	  1.8706035143735267e+000	  1.8191813893488842e+000	  2.0783295639775279e+000	  2.0593462097114301e+000	  1.9936776093349327e+000	  2.1054899317041054e+000	  2.0865855112528076e+000	  2.1090180231729474e+000	  1.9728349004444243e+000	  1.8890849233764917e+000	  2.0530562700144892e+000	  2.1065333882268167e+000	
  1.8921705923257255e+000	  1.8728794834008908e+000	  1.8205515262090144e+000	  2.0798056545169299e+000	  2.0616455769207751e+000	  1.9950106622176527e+000	  2.1066901847647506e+000	  2.0884492740197564e+000	  2.1102614784243987e+000	  1.9742675060899995e+000	  1.8915505832779544e+000	  2.0556096413708906e+000	  2.1092026732840492e+000	
  1.8945386724264741e+000	  1.8774323798100696e+000	  1.8234010602836859e+000	  2.0824632006545345e+000	  2.0661847439542012e+000	  1.9977432904762140e+000	  2.1090283414289521e+000	  2.0920743457987436e+000	  2.1127680542709775e+000	  1.9771231485144933e+000	  1.8965055506044610e+000	  2.0606874788920408e+000	  2.1145246812916474e+000	
  1.8966459328407193e+000	  1.8817709000242029e+000	  1.8261700123576359e+000	  2.0849351810206742e+000	  2.0706279944723311e+000	  2.0005469504457927e+000	  2.1114427588691655e+000	  2.0956097704138044e+000	  2.1153202271118370e+000	  1.9798488075019027e+000	  1.9012603131794497e+000	  2.0656645345819400e+000	  2.1197639628076876e+000	
  1.8988953880061035e+000	  1.8860200675282930e+000	  1.8289904022432679e+000	  2.0874434880221910e+000	  2.0749562103754351e+000	  2.0033896889571046e+000	  2.1140086941328162e+000	  2.0990753131930466e+000	  2.1179113031886456e+000	  1.9826475306237752e+000	  1.9059057301987956e+000	  2.0704996424735063e+000	  2.1248664983225805e+000	
  1.9014144569533500e+000	  1.8901823109576501e+000	  1.8318524792632938e+000	  2.0901386268109738e+000	  2.0791989934115231e+000	  2.0062705211397298e+000	  2.1167422933288331e+000	  2.1025100628204250e+000	  2.1205451113159355e+000	  1.9855531423876698e+000	  1.9104407029085306e+000	  2.0752231199956142e+000	  2.1298504603604869e+000	
  1.9042099964179480e+000	  1.8942765593480229e+000	  1.8347435224558777e+000	  2.0930609183223017e+000	  2.0833907445565885e+000	  2.0091948774292780e+000	  2.1196140064356555e+000	  2.1059507688031491e+000	  2.1232283063843580e+000	  1.9885594182661017e+000	  1.9148867202718924e+000	  2.0798702627389356e+000	  2.1347461634252398e+000	
  1.9080545238194926e+000	  1.8993960839823285e+000	  1.8384429258034929e+000	  2.0969909480733762e+000	  2.0886147655514944e+000	  2.0129213873699077e+000	  2.1233422938387538e+000	  2.1102987543332281e+000	  2.1266585664034059e+000	  1.9924787219522448e+000	  1.9204205485868824e+000	  2.0856362230072802e+000	  2.1408055426236303e+000	
  1.9120204321623993e+000	  1.9044118657059648e+000	  1.8421027920364810e+000	  2.1011055643631726e+000	  2.0938196588910221e+000	  2.0167058017883224e+000	  2.1271569840977493e+000	  2.1147031808286512e+000	  2.1301755401492524e+000	  1.9964083315283281e+000	  1.9258213628070782e+000	  2.0913359876138684e+000	  2.1467847544710414e+000	
  1.9160698130551626e+000	  1.9094295697649859e+000	  1.8458221234558123e+000	  2.1052878902269603e+000	  2.0990073202175874e+000	  2.0205355264532145e+000	  2.1309724998066915e+000	  2.1191457774014082e+000	  2.1337722732471609e+000	  2.0003868281723602e+000	  1.9311876569186490e+000	  2.0969760019064050e+000	  2.1526947311006706e+000	
  1.9200785538326226e+000	  1.9144284761731640e+000	  1.8495845009591398e+000	  2.1094589159202357e+000	  2.1041868266944324e+000	  2.0244147330499720e+000	  2.1347354409338850e+000	  2.1236063943148000e+000	  2.1374394141136999e+000	  2.0043637719272089e+000	  1.9365160352285726e+000	  2.1025846646503386e+000	  2.1585664208955486e+000	
  1.9240066525501462e+000	  1.9194063292978978e+000	  1.8533899681518973e+000	  2.1135838672930971e+000	  2.1093594450856612e+000	  2.0283489910110841e+000	  2.1384686338434200e+000	  2.1280698166729324e+000	  2.1411665632492900e+000	  2.0083319537311746e+000	  1.9418172625179309e+000	  2.1081770480683888e+000	  2.1644190746163900e+000	
  1.9278923469080602e+000	  1.9243616370140104e+000	  1.8572377377179512e+000	  2.1176834549667869e+000	  2.1145206250783461e+000	  2.0323379407169573e+000	  2.1422342795577660e+000	  2.1325299521272272e+000	  2.1449446191568651e+000	  2.0123113608768590e+000	  1.9470932893781081e+000	  2.1137518837700582e+000	  2.1702551963669872e+000	
  1.9289033285553370e+000	  1.9256987433744690e+000	  1.8582521864163237e+000	  2.1189356323374304e+000	  2.1160959651360289e+000	  2.0335780854967891e+000	  2.1434159850095824e+000	  2.1339114413117088e+000	  2.1461337399836435e+000	  2.0133641288969155e+000	  1.9485272672342995e+000	  2.1154342717971444e+000	  2.1720234835626178e+000	
  1.9301500483166676e+000	  1.9272592974957354e+000	  1.8594986294142046e+000	  2.1201724427130055e+000	  2.1176457732481699e+000	  2.0348081895268719e+000	  2.1445901565725625e+000	  2.1352789655609850e+000	  2.1473226822879083e+000	  2.0146354457626248e+000	  1.9501623021362471e+000	  2.1170812902528477e+000	  2.1737571108299947e+000	
  1.9313702881439865e+000	  1.9287810364696765e+000	  1.8607190342593669e+000	  2.1214308790575847e+000	  2.1192073978469717e+000	  2.0360482669328617e+000	  2.1457717166112773e+000	  2.1366476669884369e+000	  2.1485161752091457e+000	  2.0158966436565673e+000	  1.9517680006118121e+000	  2.1187520283073131e+000	  2.1755101264798942e+000	
  1.9326583663888943e+000	  1.9303547164833617e+000	  1.8619960246292289e+000	  2.1227281204291399e+000	  2.1207999345668598e+000	  2.0373112279602710e+000	  2.1469720069234119e+000	  2.1380267133644448e+000	  2.1497164757566831e+000	  2.0171956557185280e+000	  1.9534291594124880e+000	  2.1204707030709478e+000	  2.1773073950734800e+000	
  1.9338937658708748e+000	  1.9318693475503252e+000	  1.8632134781921712e+000	  2.1240459891518699e+000	  2.1224059401622100e+000	  2.0385894340860551e+000	  2.1481900524056039e+000	  2.1394142084378394e+000	  2.1509225584564144e+000	  2.0184648852261358e+000	  1.9550497125144068e+000	  2.1222090182900772e+000	  2.1791239493708696e+000	
  1.9351893849097703e+000	  1.9334317883136152e+000	  1.8644790324002576e+000	  2.1253733992143968e+000	  2.1240134618568769e+000	  2.0398754679180824e+000	  2.1494216628456568e+000	  2.1408067451762252e+000	  2.1521330655306237e+000	  2.0197619133628724e+000	  1.9567076756325184e+000	  2.1239466194180601e+000	  2.1809416250123972e+000	
  1.9382762677476360e+000	  1.9371055064648410e+000	  1.8674558919394741e+000	  2.1285401998029125e+000	  2.1278014016645916e+000	  2.0429111868376664e+000	  2.1523491910936206e+000	  2.1440836522139137e+000	  2.1549658998908536e+000	  2.0228663663043895e+000	  1.9606301971642375e+000	  2.1280530033077056e+000	  2.1852330409372454e+000	
  1.9413067102230015e+000	  1.9406710181947469e+000	  1.8703331256514313e+000	  2.1317514464907350e+000	  2.1315889880789944e+000	  2.0459639034155988e+000	  2.1553269161030291e+000	  2.1473845494433785e+000	  2.1578122703358296e+000	  2.0258801816303844e+000	  1.9644400131450399e+000	  2.1321413225726467e+000	  2.1895097920916027e+000	
  1.9443739978381758e+000	  1.9442276990663776e+000	  1.8732177944680455e+000	  2.1349799015993880e+000	  2.1353516932763776e+000	  2.0490137417372862e+000	  2.1583251022581020e+000	  2.1506904658975223e+000	  2.1606687891141667e+000	  2.0289049607766523e+000	  1.9682252784113423e+000	  2.1361806579295743e+000	  2.1937385015116710e+000	
  1.9474613651442747e+000	  1.9477684445273247e+000	  1.8761096499965204e+000	  2.1382216185549914e+000	  2.1390940195093093e+000	  2.0520623226837209e+000	  2.1613278020702755e+000	  2.1539931542317539e+000	  2.1635372919725726e+000	  2.0319359192169646e+000	  1.9719837737846384e+000	  2.1401863446864060e+000	  2.1979312699266442e+000	
  1.9505436034010453e+000	  1.9512850690644064e+000	  1.8790006571902542e+000	  2.1414686639793787e+000	  2.1428226452654084e+000	  2.0551158950420119e+000	  2.1643159690523857e+000	  2.1572890759427805e+000	  2.1664200850538538e+000	  2.0349601304785487e+000	  1.9757161781109347e+000	  2.1441741872997917e+000	  2.2021034266205279e+000	
  1.9553402787087883e+000	  1.9567583475266106e+000	  1.8835491432619793e+000	  2.1464866148979418e+000	  2.1485849582425458e+000	  2.0598669836506254e+000	  2.1688800655047689e+000	  2.1623527883720817e+000	  2.1709024769540597e+000	  2.0396821760051695e+000	  1.9815413006891471e+000	  2.1503581329112116e+000	  2.2085686186248688e+000	
  1.9599043740996802e+000	  1.9620294818517672e+000	  1.8879849324153186e+000	  2.1514116371650682e+000	  2.1542718754239836e+000	  2.0646322841417750e+000	  2.1733698395848529e+000	  2.1673447403119610e+000	  2.1754212213840196e+000	  2.0442245925909361e+000	  1.9871787633590536e+000	  2.1564604016773958e+000	  2.2149602525095839e+000	
  1.9643669951807172e+000	  1.9672060008472991e+000	  1.8924396002851591e+000	  2.1562186588103125e+000	  2.1598416086408876e+000	  2.0693913538766666e+000	  2.1778043677809551e+000	  2.1722648287270840e+000	  2.1799676466060811e+000	  2.0487285305071548e+000	  1.9927108989078250e+000	  2.1624237354095404e+000	  2.2212180264157992e+000	
  1.9687822239384671e+000	  1.9723113120598879e+000	  1.8969122410058361e+000	  2.1609693091642863e+000	  2.1653337788684577e+000	  2.0741554196351850e+000	  2.1822266923730385e+000	  2.1771632033235835e+000	  2.1845395131039087e+000	  2.0532330982541542e+000	  1.9981489195984612e+000	  2.1682881860073149e+000	  2.2273693839859798e+000	
  1.9701655322160481e+000	  1.9739320889469500e+000	  1.8983324656258049e+000	  2.1626197704665664e+000	  2.1672383214997364e+000	  2.0758337046327737e+000	  2.1837915830918284e+000	  2.1788961964727145e+000	  2.1861711894868128e+000	  2.0546582968279123e+000	  1.9998704119133417e+000	  2.1702949660526802e+000	  2.2294794701962077e+000	
  1.9713351160355583e+000	  1.9753746151724758e+000	  1.8996025508519709e+000	  2.1635933545842327e+000	  2.1690412526752576e+000	  2.0774545454244704e+000	  2.1814620586743887e+000	  2.1805928988718564e+000	  2.1877947267897611e+000	  2.0559199001005317e+000	  2.0013970472314226e+000	  2.1721620114529205e+000	  2.2314507242013977e+000	
  1.9720657789243781e+000	  1.9765157870303551e+000	  1.9006121978458552e+000	  2.1633482134084665e+000	  2.1706709506859139e+000	  2.0789674094785218e+000	  2.1770633465339713e+000	  2.1822090569201475e+000	  2.1893937296736752e+000	  2.0568704551396095e+000	  2.0026058592230358e+000	  2.1738050033677054e+000	  2.2331953386886254e+000	
  1.9724398603047735e+000	  1.9774985907236426e+000	  1.9015032927302160e+000	  2.1621895875720978e+000	  2.1721214821206738e+000	  2.0803651916929855e+000	  2.1726085833353372e+000	  2.1837213603670129e+000	  2.1909638951989363e+000	  2.0576304789573707e+000	  2.0036267082377104e+000	  2.1752186552765722e+000	  2.2347048579604833e+000	
  1.9725372221726079e+000	  1.9783829102659867e+000	  1.9023398454496037e+000	  2.1606452821132773e+000	  2.1734124003744570e+000	  2.0816584278068753e+000	  2.1688425602060559e+000	  2.1851155115474534e+000	  2.1924986473702575e+000	  2.0582723621577430e+000	  2.0045165875234554e+000	  2.1764358261816312e+000	  2.2360072755437241e+000	
  1.9724384916118174e+000	  1.9791818587219134e+000	  1.9031389788828474e+000	  2.1590939394104627e+000	  2.1745673364106031e+000	  2.0828650362208094e+000	  2.1658416734495387e+000	  2.1863890049877490e+000	  2.1939942847877805e+000	  2.0588325649095802e+000	  2.0052954105799858e+000	  2.1774955352235303e+000	  2.2371392013990068e+000	
  1.9720912361895537e+000	  1.9804793624628638e+000	  1.9045537499183254e+000	  2.1567695955640303e+000	  2.1764020864076374e+000	  2.0849081350213057e+000	  2.1618907765722382e+000	  2.1884329741051789e+000	  2.1966158832378455e+000	  2.0597754096265830e+000	  2.0065255945910514e+000	  2.1791469096505529e+000	  2.2388903438189889e+000	
  1.9716369697452893e+000	  1.9815009274846653e+000	  1.9058369716995978e+000	  2.1551049581934310e+000	  2.1779109089282143e+000	  2.0867772386931307e+000	  2.1594430167959384e+000	  2.1901543165765536e+000	  2.1991029651565186e+000	  2.0605824552448286e+000	  2.0074518952496772e+000	  2.1804609779202777e+000	  2.2402751097469253e+000	
  1.9712917689218477e+000	  1.9823290986922681e+000	  1.9070504853996830e+000	  2.1540480269039661e+000	  2.1791495686590410e+000	  2.0885105755742810e+000	  2.1580262035708153e+000	  2.1916113960886316e+000	  2.2014592766642984e+000	  2.0613546392341155e+000	  2.0081666426120499e+000	  2.1815026606216263e+000	  2.2413682550895500e+000	
  1.9711134825310985e+000	  1.9830018326546153e+000	  1.9082074432950153e+000	  2.1534762063892452e+000	  2.1801766933842739e+000	  2.0901376868510115e+000	  2.1573109577853993e+000	  2.1928641140913308e+000	  2.2036926323419115e+000	  2.0621193014545769e+000	  2.0087145797212154e+000	  2.1823349551108397e+000	  2.2422379525392508e+000	
  1.9711881071375144e+000	  1.9839005032845181e+000	  1.9100740691353233e+000	  2.1533234437753022e+000	  2.1815723176157231e+000	  2.0926977516659817e+000	  2.1571730384088861e+000	  2.1946491942872588e+000	  2.2072048787383172e+000	  2.0634348098134936e+000	  2.0093900759238350e+000	  2.1834146776956347e+000	  2.2433542376856517e+000	
  1.9716008750831309e+000	  1.9845708330231926e+000	  1.9118125087654736e+000	  2.1538022522198981e+000	  2.1826978451837773e+000	  2.0950797483368251e+000	  2.1577549682059995e+000	  2.1961822976123813e+000	  2.2104369084097932e+000	  2.0647438160330434e+000	  2.0098277979315013e+000	  2.1842314852831444e+000	  2.2441843900426148e+000	
  1.9722396307477723e+000	  1.9851388878121505e+000	  1.9134694658676097e+000	  2.1546247431716150e+000	  2.1836767913103627e+000	  2.0973174846240306e+000	  2.1586959179245366e+000	  2.1975792298338024e+000	  2.2134273262178290e+000	  2.0660627165150944e+000	  2.0101576675485129e+000	  2.1849065235828244e+000	  2.2448564193474754e+000	
  1.9730102000210075e+000	  1.9856630957205939e+000	  1.9150563810061365e+000	  2.1556473487685817e+000	  2.1845869181848325e+000	  2.0994351838775240e+000	  2.1598404803089695e+000	  2.1989021465022627e+000	  2.2162092036055983e+000	  2.0673810609679895e+000	  2.0104459412374691e+000	  2.1855229898068762e+000	  2.2454594461980228e+000	
  1.9738489928784477e+000	  1.9861700681479977e+000	  1.9165751951696743e+000	  2.1567863671656795e+000	  2.1854685031394339e+000	  2.1014503861508023e+000	  2.1611026787084588e+000	  2.2001820884797123e+000	  2.2188094779839642e+000	  2.0686862841547744e+000	  2.0107257745651363e+000	  2.1861247142784603e+000	  2.2460436631582410e+000	
  1.9760741253039156e+000	  1.9874383639764484e+000	  1.9201722346119177e+000	  2.1598591201012871e+000	  2.1876733368630847e+000	  2.1062210429039059e+000	  2.1644657323126597e+000	  2.2033436143883942e+000	  2.2248204379578631e+000	  2.0719065791748190e+000	  2.0114456498166913e+000	  2.1876567033980172e+000	  2.2475350842678652e+000	
  1.9784499761892624e+000	  1.9888701865094922e+000	  1.9235174930858525e+000	  2.1630750743790799e+000	  2.1899570074275800e+000	  2.1105580468108309e+000	  2.1679002249425250e+000	  2.2064386403561951e+000	  2.2300548104169997e+000	  2.0750878745310253e+000	  2.0124111179214110e+000	  2.1893732382011550e+000	  2.2492209100874061e+000	
  1.9807095099336474e+000	  1.9903183219580920e+000	  1.9265237549399781e+000	  2.1662004504259129e+000	  2.1922644306942063e+000	  2.1145095030659258e+000	  2.1712122984673505e+000	  2.2094599833209605e+000	  2.2347010219681338e+000	  2.0780688353531795e+000	  2.0134492979869743e+000	  2.1911732378627504e+000	  2.2510094653813164e+000	
  1.9828079121370394e+000	  1.9917295652172300e+000	  1.9292345402411792e+000	  2.1691422329006449e+000	  2.1945105588530480e+000	  2.1181088179217160e+000	  2.1743213490088933e+000	  2.2123518735095509e+000	  2.2388867802871344e+000	  2.0808426418940216e+000	  2.0144850046222356e+000	  2.1929496068692069e+000	  2.2527892575486357e+000	
  1.9856989151414051e+000	  1.9937135637762591e+000	  1.9329037741769703e+000	  2.1732979702468040e+000	  2.1977441645870650e+000	  2.1230745120952355e+000	  2.1787030553323774e+000	  2.2164869615355092e+000	  2.2446399269833690e+000	  2.0847085910286371e+000	  2.0159309383070338e+000	  2.1955093388617559e+000	  2.2553738872855558e+000	
  1.9883228241308635e+000	  1.9955960511477184e+000	  1.9361643638912465e+000	  2.1770738412038986e+000	  2.2007611028227689e+000	  2.1274932688284478e+000	  2.1826483609781211e+000	  2.2202512231144818e+000	  2.2497135696034389e+000	  2.0882454466587661e+000	  2.0173603986724307e+000	  2.1979627080438044e+000	  2.2578664154579395e+000	
  1.9905703506134427e+000	  1.9971992946109129e+000	  1.9389412327708415e+000	  2.1804704567358750e+000	  2.2034912317373312e+000	  2.1314232757859548e+000	  2.1862152472308813e+000	  2.2236560184224876e+000	  2.2542437600367720e+000	  2.0913436743330669e+000	  2.0185563921010266e+000	  2.2001772349351176e+000	  2.2601318811943729e+000	
  1.9925352922231461e+000	  1.9985258314347771e+000	  1.9413208113648044e+000	  2.1835169480551451e+000	  2.2058864323764715e+000	  2.1348924115299326e+000	  2.1894091272365079e+000	  2.2266893273704662e+000	  2.2582985041681662e+000	  2.0940793937095603e+000	  2.0194967539892952e+000	  2.2020806433510209e+000	  2.2620864684415016e+000	
  1.9942199743526732e+000	  1.9996306896705403e+000	  1.9433918703615989e+000	  2.1862209794441996e+000	  2.2079973522091922e+000	  2.1379800665561177e+000	  2.1922181160667944e+000	  2.2293768422364004e+000	  2.2619274949392056e+000	  2.0964902706931876e+000	  2.0202436248979034e+000	  2.2037423971973809e+000	  2.2638020875821714e+000	
  1.9956922212175210e+000	  2.0005801691739560e+000	  1.9452836197400447e+000	  2.1887397667811959e+000	  2.2099744873952942e+000	  2.1409084464032637e+000	  2.1948455477725513e+000	  2.2318972630511871e+000	  2.2653710985201228e+000	  2.0987218200155002e+000	  2.0208567700400377e+000	  2.2052934252202112e+000	  2.2654160136593071e+000	
  1.9969010651404511e+000	  2.0013352409736052e+000	  1.9468942697438336e+000	  2.1909463425298306e+000	  2.2117083359929239e+000	  2.1435037048363728e+000	  2.1971548809817563e+000	  2.2341172814040346e+000	  2.2684305988028095e+000	  2.1006596533434307e+000	  2.0213136762326496e+000	  2.2066459774112697e+000	  2.2668345364153377e+000	
  1.9983570757961204e+000	  2.0024217119004719e+000	  1.9484123172744345e+000	  2.1936187130183979e+000	  2.2133184406260935e+000	  2.1455098733354054e+000	  2.2010781861109132e+000	  2.2358875924623418e+000	  2.2705818133913582e+000	  2.1024859912312883e+000	  2.0222545483316101e+000	  2.2081098316281458e+000	  2.2683644913658654e+000	
  2.0002011896224512e+000	  2.0038948947982083e+000	  1.9500697961448381e+000	  2.1968806152827267e+000	  2.2153936124804372e+000	  2.1477139982853495e+000	  2.2051328951525675e+000	  2.2379938380871001e+000	  2.2727858091493736e+000	  2.1045250015778003e+000	  2.0236426601746325e+000	  2.2101156370152628e+000	  2.2704797460838217e+000	
  2.0018679342419587e+000	  2.0054294542604594e+000	  1.9515814520942802e+000	  2.1992461651984159e+000	  2.2174195480549721e+000	  2.1496580749505529e+000	  2.2074592587464483e+000	  2.2399786814287150e+000	  2.2746988047816554e+000	  2.1063556275646955e+000	  2.0251493305306267e+000	  2.2121313440618939e+000	  2.2726139404573948e+000	
  2.0034217471730558e+000	  2.0070834428872559e+000	  1.9531114337925011e+000	  2.2012490188400298e+000	  2.2196032814097064e+000	  2.1516641355385460e+000	  2.2092861467990730e+000	  2.2420829632558394e+000	  2.2767089754535652e+000	  2.1081877288822906e+000	  2.0268106741050498e+000	  2.2143341093490880e+000	  2.2749470673504879e+000	
  2.0048563058682527e+000	  2.0086986397069446e+000	  1.9545818711819323e+000	  2.2031792645441053e+000	  2.2217742622440091e+000	  2.1536575788094301e+000	  2.2111423087488222e+000	  2.2441806727310851e+000	  2.2787752806364390e+000	  2.1099575400486952e+000	  2.0284370866790300e+000	  2.2165170360514206e+000	  2.2772619201860458e+000	
  2.0062876940002732e+000	  2.0102396641979468e+000	  1.9560114931132104e+000	  2.2051679236147419e+000	  2.2238609077429627e+000	  2.1556121159267558e+000	  2.2131067051786784e+000	  2.2462173484764958e+000	  2.2808576901163016e+000	  2.1116937947678656e+000	  2.0299746820008542e+000	  2.2185980752384622e+000	  2.2794699207922546e+000	
  2.0077410598441374e+000	  2.0117318604228904e+000	  1.9574227980330809e+000	  2.2071705742119576e+000	  2.2258893729769289e+000	  2.1575430432177756e+000	  2.2150589766486695e+000	  2.2482073298793330e+000	  2.2829370326560983e+000	  2.1134145013544581e+000	  2.0314550403639871e+000	  2.2206146778406213e+000	  2.2816088730569706e+000	
  2.0097630211948903e+000	  2.0138216859729048e+000	  1.9593974524437721e+000	  2.2099290549891162e+000	  2.2287299070198761e+000	  2.1602502589906329e+000	  2.2177184383213646e+000	  2.2509866659904771e+000	  2.2858541006571613e+000	  2.1158176538948337e+000	  2.0335331929365936e+000	  2.2234453944997026e+000	  2.2846111765180290e+000	
  2.0117276079662139e+000	  2.0158644599121138e+000	  1.9613297207402982e+000	  2.2126264571185277e+000	  2.2315269691646726e+000	  2.1629235082481442e+000	  2.2203190697095101e+000	  2.2537248985034752e+000	  2.2887477516880681e+000	  2.1181690737128482e+000	  2.0355631709197870e+000	  2.2262299996700610e+000	  2.2875672127411484e+000	
  2.0128764925788860e+000	  2.0171229751806794e+000	  1.9625857519331449e+000	  2.2140729261037717e+000	  2.2334759306705152e+000	  2.1648820959849862e+000	  2.2210551629306310e+000	  2.2557209230307667e+000	  2.2909864476676551e+000	  2.1197178092251412e+000	  2.0367802803529327e+000	  2.2281071126008825e+000	  2.2895719855111225e+000	
  2.0138088146180189e+000	  2.0181573321971289e+000	  1.9637084683429427e+000	  2.2152806004091574e+000	  2.2351448286792475e+000	  2.1666602188977597e+000	  2.2218943317518334e+000	  2.2574766099919037e+000	  2.2930948801985966e+000	  2.1211019905763755e+000	  2.0377522321834500e+000	  2.2296812301172144e+000	  2.2912539085295349e+000	
  2.0146452683823068e+000	  2.0190033093730002e+000	  1.9647081067522301e+000	  2.2165965868074862e+000	  2.2366000599020421e+000	  2.1682944126128660e+000	  2.2231420300483768e+000	  2.2590352573927408e+000	  2.2950575645320539e+000	  2.1223622615582891e+000	  2.0385229123076281e+000	  2.2310314273669651e+000	  2.2926975807999384e+000	
  2.0154677455927135e+000	  2.0197472597073416e+000	  1.9656316958292470e+000	  2.2179962809063882e+000	  2.2379269943988658e+000	  2.1698232024747361e+000	  2.2245496816476442e+000	  2.2604689697971803e+000	  2.2968857958646196e+000	  2.1235540307849128e+000	  2.0391860858946989e+000	  2.2322525159219162e+000	  2.2940052086264826e+000	
  2.0164436411342228e+000	  2.0206074801449962e+000	  1.9666917280902567e+000	  2.2196854508402248e+000	  2.2394899590244841e+000	  2.1716025305769602e+000	  2.2262273911590533e+000	  2.2621478598697409e+000	  2.2989829968468150e+000	  2.1249518544752855e+000	  2.0399531198538479e+000	  2.2336971291184344e+000	  2.2955563362292777e+000	
  2.0173557734658809e+000	  2.0214359021616524e+000	  1.9676822343024385e+000	  2.2212877467451202e+000	  2.2410037747616136e+000	  2.1732886014703348e+000	  2.2278086122999494e+000	  2.2637559556599909e+000	  2.3009525799111978e+000	  2.1262786071606041e+000	  2.0407011951137473e+000	  2.2351086353606964e+000	  2.2970752480200454e+000	
  2.0181967816986255e+000	  2.0222175705700605e+000	  1.9685979304892374e+000	  2.2228047698667104e+000	  2.2424591965137752e+000	  2.1748853840725948e+000	  2.2293021684350367e+000	  2.2652921455951236e+000	  2.3028148232545358e+000	  2.1275276437378645e+000	  2.0414106342263909e+000	  2.2364712000959628e+000	  2.2985458334709241e+000	
  2.0196252707807973e+000	  2.0235660455075064e+000	  1.9701541867982617e+000	  2.2254722523410773e+000	  2.2450440842730783e+000	  2.1776885426181174e+000	  2.2319210118486157e+000	  2.2680052867118561e+000	  2.3060905069826347e+000	  2.1297012240726887e+000	  2.0426365246261597e+000	  2.2388981410971645e+000	  2.3011753839112234e+000	
  2.0209242409335810e+000	  2.0248422804523005e+000	  1.9715522294963599e+000	  2.2279576388276245e+000	  2.2475024298121622e+000	  2.1802762832127218e+000	  2.2343464163961135e+000	  2.2705415052616829e+000	  2.3091053330697751e+000	  2.1317167925492702e+000	  2.0438229065100777e+000	  2.2412387431033007e+000	  2.3037174963817817e+000	
  2.0220227370166874e+000	  2.0259376913743754e+000	  1.9727314793712083e+000	  2.2302162074492591e+000	  2.2497535332955421e+000	  2.1826216198027546e+000	  2.2365461878565833e+000	  2.2728575320192186e+000	  2.3118685991327483e+000	  2.1334989668869806e+000	  2.0448360213448056e+000	  2.2433799203971998e+000	  2.3060578300695047e+000	
  2.0229791004640432e+000	  2.0269091619066573e+000	  1.9737538727310548e+000	  2.2322835858197747e+000	  2.2518326782568741e+000	  2.1847612247445651e+000	  2.2385455720735923e+000	  2.2749761485604525e+000	  2.3144032268790538e+000	  2.1351084338475008e+000	  2.0457395235950449e+000	  2.2453691089785761e+000	  2.3082426283760888e+000	
  2.0248823770168083e+000	  2.0289372823266936e+000	  1.9757603607827969e+000	  2.2368197952637994e+000	  2.2564848113996137e+000	  2.1894183709937192e+000	  2.2428921375704780e+000	  2.2796362632990927e+000	  2.3199600122048385e+000	  2.1385370923033662e+000	  2.0476576997360252e+000	  2.2498690928522636e+000	  2.3132190576791669e+000	
  2.0262709735917106e+000	  2.0305610185727057e+000	  1.9771654130757499e+000	  2.2406322981048343e+000	  2.2605198029529272e+000	  2.1932677201280701e+000	  2.2464952029961829e+000	  2.2835698048132684e+000	  2.3246011476899398e+000	  2.1413075250504359e+000	  2.0492495567548166e+000	  2.2538437834197640e+000	  2.3176478550670008e+000	
  2.0268180784535570e+000	  2.0312569608790421e+000	  1.9777300304457865e+000	  2.2430724047930064e+000	  2.2631091040173392e+000	  2.1957528706539859e+000	  2.2487634994942658e+000	  2.2860921819755378e+000	  2.3277223797120898e+000	  2.1428934604449039e+000	  2.0498993421112983e+000	  2.2563656491059145e+000	  2.3205260524355871e+000	
  2.0273925268108348e+000	  2.0320733994740738e+000	  1.9782539557089796e+000	  2.2450375638145381e+000	  2.2653058636896617e+000	  2.1976742769388014e+000	  2.2505616103840649e+000	  2.2881177248794975e+000	  2.3300425149807027e+000	  2.1442641164213474e+000	  2.0507681292615718e+000	  2.2586145652061749e+000	  2.3230502527252463e+000	
  2.0274779092713322e+000	  2.0322904106031707e+000	  1.9783319401001427e+000	  2.2465254480493630e+000	  2.2669247098976952e+000	  2.1991804931154495e+000	  2.2519253012386531e+000	  2.2896781925043337e+000	  2.3320248239153658e+000	  2.1450924876441979e+000	  2.0509588198885904e+000	  2.2601873207269891e+000	  2.3248866592777362e+000	
  2.0277606300423838e+000	  2.0327892351154784e+000	  1.9785606928869888e+000	  2.2480668688023195e+000	  2.2686759355200605e+000	  2.2006778237097433e+000	  2.2533009276931328e+000	  2.2912623840751136e+000	  2.3338846528945898e+000	  2.1460870788951252e+000	  2.0515083344800069e+000	  2.2619924742185216e+000	  2.3269425327503526e+000	
  2.0277504183226345e+000	  2.0329458058038381e+000	  1.9785120316524465e+000	  2.2493213438629618e+000	  2.2700932380394665e+000	  2.2019150465285744e+000	  2.2544250138466544e+000	  2.2925787894838994e+000	  2.3355255671318291e+000	  2.1467495993722987e+000	  2.0516757494353990e+000	  2.2634079604500981e+000	  2.3285997282560738e+000	
  2.0277797070403345e+000	  2.0331959611773374e+000	  1.9784734125253671e+000	  2.2507104579432902e+000	  2.2716970397927665e+000	  2.2032540781282530e+000	  2.2556430252544950e+000	  2.2940191843747386e+000	  2.3372769543496670e+000	  2.1475248502120228e+000	  2.0519717589219786e+000	  2.2650550664828364e+000	  2.3305133196005254e+000	
  2.0276348882274351e+000	  2.0332493251759338e+000	  1.9782637662355196e+000	  2.2518764050495736e+000	  2.2730555611544254e+000	  2.2043773466361847e+000	  2.2566555755221884e+000	  2.2952403733911537e+000	  2.3388130231710744e+000	  2.1480827586711380e+000	  2.0520585200305850e+000	  2.2664389745808267e+000	  2.3321499583670988e+000	
  2.0274476476135432e+000	  2.0332636428299562e+000	  1.9780005893075103e+000	  2.2529149187814030e+000	  2.2742892104693015e+000	  2.2053598680239621e+000	  2.2575399601322532e+000	  2.2963257353634541e+000	  2.3401782112301190e+000	  2.1485583497947434e+000	  2.0521176323389918e+000	  2.2677131289292012e+000	  2.3336617046958308e+000	
  2.0271362815817207e+000	  2.0331368868675783e+000	  1.9776147340811405e+000	  2.2537714052061095e+000	  2.2753243634197942e+000	  2.2061635922668343e+000	  2.2582539961775452e+000	  2.2972285133335357e+000	  2.3413583624077630e+000	  2.1488716275103523e+000	  2.0520286783886514e+000	  2.2687798396472556e+000	  2.3349525370955475e+000	
  2.0271048640698304e+000	  2.0332193615570890e+000	  1.9775283249840254e+000	  2.2542039399529545e+000	  2.2758648743337337e+000	  2.2065455114301518e+000	  2.2586129265605615e+000	  2.2976752897121289e+000	  2.3418691941306200e+000	  2.1491021165574069e+000	  2.0521557244142365e+000	  2.2693679667918807e+000	  2.3356335719642902e+000	
  2.0268809047547238e+000	  2.0330333193282830e+000	  1.9772886894967887e+000	  2.2543793070337865e+000	  2.2760757033098677e+000	  2.2067185186272833e+000	  2.2587672119550954e+000	  2.2978839028471900e+000	  2.3421966960517904e+000	  2.1490693085376256e+000	  2.0519590259697087e+000	  2.2695549288694128e+000	  2.3358908956693449e+000	
  2.0260635507136140e+000	  2.0323403928565518e+000	  1.9766989936237931e+000	  2.2535739318325136e+000	  2.2758103489013042e+000	  2.2065927750805052e+000	  2.2573051470457921e+000	  2.2977266406949606e+000	  2.3423432084861511e+000	  2.1486010363961969e+000	  2.0512190436088917e+000	  2.2692022276002501e+000	  2.3355897176157319e+000	
  2.0249872572722856e+000	  2.0313730471351499e+000	  1.9759234103513774e+000	  2.2525710818951397e+000	  2.2751996807289663e+000	  2.2062211605915021e+000	  2.2560883299892995e+000	  2.2972455313627393e+000	  2.3422608183064044e+000	  2.1479274844352489e+000	  2.0502037186570257e+000	  2.2685033730371305e+000	  2.3349133710771279e+000	
  2.0237962671999226e+000	  2.0301379654648826e+000	  1.9749348096220869e+000	  2.2516801435875964e+000	  2.2743008754722966e+000	  2.2056190815448291e+000	  2.2552621868260543e+000	  2.2965071751044368e+000	  2.3419350470711251e+000	  2.1470604056476006e+000	  2.0489025259104507e+000	  2.2674956849585302e+000	  2.3339111855757695e+000	
  2.0225019632031058e+000	  2.0287067043314511e+000	  1.9737570686926391e+000	  2.2507271530940232e+000	  2.2731697012971672e+000	  2.2047801501989248e+000	  2.2543896768967797e+000	  2.2955401087158140e+000	  2.3413288684321159e+000	  2.1460145122661349e+000	  2.0473960087291254e+000	  2.2662527412051898e+000	  2.3326659741439246e+000	
  2.0211443045469726e+000	  2.0272448252339110e+000	  1.9725060658822702e+000	  2.2496729171674197e+000	  2.2719783079508202e+000	  2.2038301608750208e+000	  2.2533922553792762e+000	  2.2944839341698615e+000	  2.3405644281182800e+000	  2.1448894059854631e+000	  2.0458739458001416e+000	  2.2649707009340094e+000	  2.3313815772638686e+000	
  2.0197174372112094e+000	  2.0257482627924048e+000	  1.9711852398335532e+000	  2.2485249590877769e+000	  2.2707331771307881e+000	  2.2027874852577560e+000	  2.2522935578982084e+000	  2.2933537547757115e+000	  2.3396790948639392e+000	  2.1436867563198456e+000	  2.0443287407324235e+000	  2.2636489932351962e+000	  2.3300583414877911e+000	
  2.0169528541870259e+000	  2.0229095981815286e+000	  1.9685975685738413e+000	  2.2462093205519724e+000	  2.2682961474454366e+000	  2.2006452235074390e+000	  2.2500585819577696e+000	  2.2910859313537322e+000	  2.3377740345336790e+000	  2.1412948730909700e+000	  2.0414250036882695e+000	  2.2611017490426408e+000	  2.3275066448046284e+000	
  2.0142358548097814e+000	  2.0201969083854823e+000	  1.9660082883628174e+000	  2.2438666548789379e+000	  2.2659051806924722e+000	  2.1984212250633708e+000	  2.2477823000121200e+000	  2.2887972206643821e+000	  2.3357271710372878e+000	  2.1389129559577640e+000	  2.0386969363594876e+000	  2.2586575362818988e+000	  2.3250541189784459e+000	
  2.0134145872156237e+000	  2.0193817956102644e+000	  1.9652207782328570e+000	  2.2431537369236212e+000	  2.2651821063674422e+000	  2.1977396968603657e+000	  2.2470906394011712e+000	  2.2881028563134529e+000	  2.3350972376050989e+000	  2.1381874559027696e+000	  2.0378795137616303e+000	  2.2579201789946159e+000	  2.3243138764801969e+000	
  2.0124488504384792e+000	  2.0183871312388741e+000	  1.9643086012124575e+000	  2.2423238424838638e+000	  2.2643094438953533e+000	  2.1969673270750483e+000	  2.2463005564470224e+000	  2.2873024762963499e+000	  2.3344124242085167e+000	  2.1373127638960026e+000	  2.0368526687315076e+000	  2.2569946973009065e+000	  2.3233859180907830e+000	
  2.0114996410682480e+000	  2.0174032984514851e+000	  1.9634168711884090e+000	  2.2414707982227333e+000	  2.2634104999423821e+000	  2.1961729233583851e+000	  2.2454732811836577e+000	  2.2864620117198462e+000	  2.3336903271378886e+000	  2.1364489951156305e+000	  2.0358406954015624e+000	  2.2560554229794718e+000	  2.3224405715862253e+000	
  2.0114555105271124e+000	  2.0173574250354527e+000	  1.9633762741812777e+000	  2.2413979260409995e+000	  2.2633353742071538e+000	  2.1961011895095388e+000	  2.2453957246941769e+000	  2.2863836274051228e+000	  2.3336190039818061e+000	  2.1364107274738093e+000	  2.0357944677651880e+000	  2.2559845107687106e+000	  2.3223675157485411e+000	
  2.0114240258286049e+000	  2.0173256537001381e+000	  1.9633462182193659e+000	  2.2413757197969328e+000	  2.2633126338126455e+000	  2.1960795773349657e+000	  2.2453724329902793e+000	  2.2863600689032597e+000	  2.3335974708886167e+000	  2.1363826719317829e+000	  2.0357639278968631e+000	  2.2559628695655634e+000	  2.3223453130857017e+000	
  2.0113961283589874e+000	  2.0172955751855599e+000	  1.9633177287521808e+000	  2.2413550996842746e+000	  2.2632892581921369e+000	  2.1960576874174320e+000	  2.2453773081382549e+000	  2.2863363719537340e+000	  2.3335758973987861e+000	  2.1363605212876355e+000	  2.0357317629465808e+000	  2.2559391304010261e+000	  2.3222926728865407e+000	
  2.0113732768151147e+000	  2.0172655008314346e+000	  1.9632893531639455e+000	  2.2413383174985602e+000	  2.2632651396151884e+000	  2.1960355072917404e+000	  2.2454078078161412e+000	  2.2863124348186576e+000	  2.3335543596260035e+000	  2.1363452463647508e+000	  2.0356922522466254e+000	  2.2559124255049601e+000	  2.3221762135079360e+000	
  2.0113602635037999e+000	  2.0172012013756655e+000	  1.9632305203724527e+000	  2.2413271802834007e+000	  2.2632112450946562e+000	  2.1959881061212263e+000	  2.2455227841871435e+000	  2.2862620430740224e+000	  2.3335098934871508e+000	  2.1363354969622881e+000	  2.0355883665779317e+000	  2.2558437383914898e+000	  2.3218474686022654e+000	
  2.0113871777547474e+000	  2.0171329344996476e+000	  1.9631706910439226e+000	  2.2413442083208923e+000	  2.2631534979927848e+000	  2.1959398014024676e+000	  2.2456618501144074e+000	  2.2862126480151974e+000	  2.3334664932465716e+000	  2.1363409644099498e+000	  2.0354736984256450e+000	  2.2557637978031400e+000	  2.3215296758315151e+000	
  2.0114526944831344e+000	  2.0170611634764435e+000	  1.9631104702016822e+000	  2.2413888333128105e+000	  2.2630922623400362e+000	  2.1958907204744187e+000	  2.2458090762098752e+000	  2.2861654960855478e+000	  2.3334244204388312e+000	  2.1363571906121974e+000	  2.0353567088312161e+000	  2.2556762330753450e+000	  2.3212528814313984e+000	
  2.0116778886382534e+000	  2.0169140028595716e+000	  1.9629929669677348e+000	  2.2415517768540809e+000	  2.2629662248202358e+000	  2.1957936425811959e+000	  2.2460901632444359e+000	  2.2860849492873632e+000	  2.3333481791822610e+000	  2.1364096126000911e+000	  2.0351287329016250e+000	  2.2554942739327162e+000	  2.3207772065256513e+000	
  2.0119677080525800e+000	  2.0167616965255966e+000	  1.9628733762484409e+000	  2.2417715995357179e+000	  2.2628371624773735e+000	  2.1956950660345216e+000	  2.2463538299391339e+000	  2.2860170908798296e+000	  2.3332779459781992e+000	  2.1364718825622906e+000	  2.0349055452601896e+000	  2.2553085233517391e+000	  2.3203745139067933e+000	
  2.0122916854776189e+000	  2.0166102482673387e+000	  1.9627531343137372e+000	  2.2420259937041265e+000	  2.2627096913948344e+000	  2.1955955800719833e+000	  2.2465975202786459e+000	  2.2859620456282617e+000	  2.3332137439359952e+000	  2.1365382636841765e+000	  2.0346937875468605e+000	  2.2551260894834813e+000	  2.3200434298529311e+000	
  2.0128869019378768e+000	  2.0163516194006057e+000	  1.9625361556075540e+000	  2.2425135051437053e+000	  2.2624944907138245e+000	  2.1954151687501002e+000	  2.2469798914827659e+000	  2.2858915011199876e+000	  2.3331141264799080e+000	  2.1366526265620220e+000	  2.0343313492041895e+000	  2.2548134931156389e+000	  2.3194570823962710e+000	
  2.0134339043984166e+000	  2.0161157473347666e+000	  1.9623229325813780e+000	  2.2429771936926528e+000	  2.2623008404601426e+000	  2.1952372506782791e+000	  2.2472974052637347e+000	  2.2858434994311274e+000	  2.3330299513160400e+000	  2.1367491300463235e+000	  2.0340040674166686e+000	  2.2545277995737991e+000	  2.3189647500303976e+000	
  2.0139059098914180e+000	  2.0159049027746687e+000	  1.9621156530873760e+000	  2.2433891050307908e+000	  2.2621301840366463e+000	  2.1950638197882273e+000	  2.2475581321006630e+000	  2.2858110833953464e+000	  2.3329586028723015e+000	  2.1368244230205433e+000	  2.0337176979197267e+000	  2.2542739425654026e+000	  2.3185813830887403e+000	
  2.0143084476568367e+000	  2.0157130999677664e+000	  1.9619097221058335e+000	  2.2437496261950103e+000	  2.2619770140087367e+000	  2.1948909796942644e+000	  2.2477766998901694e+000	  2.2857877797672046e+000	  2.3328957247008990e+000	  2.1368809418715582e+000	  2.0334620674018224e+000	  2.2540451498124061e+000	  2.3182727032879611e+000	
  2.0145587827270859e+000	  2.0155860036501401e+000	  1.9617635622472087e+000	  2.2439781077737657e+000	  2.2618763456937363e+000	  2.1947677971140664e+000	  2.2479124645809163e+000	  2.2857742249576045e+000	  2.3328545370280809e+000	  2.1369119477496268e+000	  2.0332943503175280e+000	  2.2538944429066157e+000	  2.3180819389845757e+000	
  2.0147300087400613e+000	  2.0154913151698075e+000	  1.9616493288942560e+000	  2.2441375915100639e+000	  2.2618024242371240e+000	  2.1946720731822196e+000	  2.2480063473238503e+000	  2.2857644568748916e+000	  2.3328243314077506e+000	  2.1369293402367000e+000	  2.0331704174305498e+000	  2.2537836655376395e+000	  2.3179465576707829e+000	
  2.0148753432050350e+000	  2.0154012961684762e+000	  1.9615373771983731e+000	  2.2442758811292012e+000	  2.2617329086531575e+000	  2.1945788889850699e+000	  2.2480872556917220e+000	  2.2857539317861102e+000	  2.3327962209819293e+000	  2.1369395277534795e+000	  2.0330491176009806e+000	  2.2536785312359595e+000	  2.3177865582864445e+000	
  2.0149983419472846e+000	  2.0153152676302861e+000	  1.9614286817024440e+000	  2.2443948991361227e+000	  2.2616663609470820e+000	  2.1944882865607194e+000	  2.2481564161842278e+000	  2.2857417209495980e+000	  2.3327697932993132e+000	  2.1369438328213648e+000	  2.0329310375005165e+000	  2.2535772896384336e+000	  2.3176208689487923e+000	
  2.0151494464923942e+000	  2.0151778815077410e+000	  1.9612563256008426e+000	  2.2445468979106855e+000	  2.2615604352517340e+000	  2.1943457449402906e+000	  2.2482432312213638e+000	  2.2857160084193882e+000	  2.3327292463571334e+000	  2.1369355190511623e+000	  2.0327461288180246e+000	  2.2534183393114797e+000	  2.3173787901249128e+000	
  2.0152605153821859e+000	  2.0150479945383424e+000	  1.9610947544986901e+000	  2.2446614769509243e+000	  2.2614581185736884e+000	  2.1942102951478022e+000	  2.2483058134834581e+000	  2.2856851876816151e+000	  2.3326908112610263e+000	  2.1369181111051243e+000	  2.0325759557080523e+000	  2.2532689294168864e+000	  2.3171736894095751e+000	
  2.0152962698837267e+000	  2.0150141597232416e+000	  1.9610511140895246e+000	  2.2446940196749714e+000	  2.2614279545794744e+000	  2.1941696068861050e+000	  2.2483235788986544e+000	  2.2856755354628326e+000	  2.3326792377582874e+000	  2.1369171351673222e+000	  2.0325306309952813e+000	  2.2532255571808366e+000	  2.3171167580395986e+000	
  2.0153215873355959e+000	  2.0149741786707560e+000	  1.9610017583718597e+000	  2.2447229694252644e+000	  2.2613978471165774e+000	  2.1941295449263900e+000	  2.2483391550055654e+000	  2.2856653638089406e+000	  2.3326677891022851e+000	  2.1369090595747373e+000	  2.0324802993347046e+000	  2.2531826606941951e+000	  2.3170624623021596e+000	
  2.0153434811939466e+000	  2.0149325907953020e+000	  1.9609530938790547e+000	  2.2447485378319487e+000	  2.2613658316549681e+000	  2.1940899467968715e+000	  2.2483526546234160e+000	  2.2856545320329271e+000	  2.3326563973662786e+000	  2.1368995757242657e+000	  2.0324146410699799e+000	  2.2531252982045706e+000	  2.3170051714136712e+000	
  2.0153626486938920e+000	  2.0148869064295614e+000	  1.9609047143034999e+000	  2.2447712735694241e+000	  2.2613298636594590e+000	  2.1940503301560019e+000	  2.2483642281086493e+000	  2.2856427323036312e+000	  2.3326448809427043e+000	  2.1368884081763824e+000	  2.0323303297182354e+000	  2.2530522865901377e+000	  2.3169390888652814e+000	
  2.0153789458881928e+000	  2.0148366462629301e+000	  1.9608572313486541e+000	  2.2447910866995526e+000	  2.2612895945766445e+000	  2.1940112347963052e+000	  2.2483737074981418e+000	  2.2856299253366545e+000	  2.3326333478729704e+000	  2.1368755383248730e+000	  2.0322329591189572e+000	  2.2529679870201984e+000	  2.3168630163166011e+000	
  2.0153924809004766e+000	  2.0147817992169283e+000	  1.9608105918100793e+000	  2.2448081599918939e+000	  2.2612449737292910e+000	  2.1939726823348749e+000	  2.2483811607108586e+000	  2.2856159478042826e+000	  2.3326217584271500e+000	  2.1368609712069446e+000	  2.0321275299415955e+000	  2.2528759885362852e+000	  2.3167774282890861e+000	
  2.0154071102104365e+000	  2.0146991926345397e+000	  1.9607462270780129e+000	  2.2448282092473879e+000	  2.2611770983557511e+000	  2.1939196568310808e+000	  2.2483887364410240e+000	  2.2855945987043693e+000	  2.3326054540105434e+000	  2.1368379684629337e+000	  2.0319738695392005e+000	  2.2527407693501047e+000	  2.3166469340587632e+000	
  2.0154177141800580e+000	  2.0146113356812156e+000	  1.9606838385021754e+000	  2.2448437878409839e+000	  2.2611031742172814e+000	  2.1938676316813188e+000	  2.2483927971376461e+000	  2.2855707738700550e+000	  2.3325889181050852e+000	  2.1368129154267415e+000	  2.0318173606338692e+000	  2.2526007222091367e+000	  2.3165059384712650e+000	
  2.0154236512728354e+000	  2.0145192443736968e+000	  1.9606227819114619e+000	  2.2448549533064179e+000	  2.2610245728343581e+000	  2.1938166727264545e+000	  2.2483933100307398e+000	  2.2855443052462876e+000	  2.3325720774487468e+000	  2.1367854786185640e+000	  2.0316614089227656e+000	  2.2524595349675014e+000	  2.3163586663139366e+000	
  2.0154250403219156e+000	  2.0144246985994760e+000	  1.9605629537299687e+000	  2.2448618441324575e+000	  2.2609429087795689e+000	  2.1937667602908970e+000	  2.2483903878332336e+000	  2.2855151963202105e+000	  2.3325548648819905e+000	  2.1367559557783138e+000	  2.0315087375045957e+000	  2.2523199865043191e+000	  2.3162092746473770e+000	
  2.0154204847116781e+000	  2.0143045455075050e+000	  1.9604890920920848e+000	  2.2448647026214839e+000	  2.2608381639131285e+000	  2.1937053310198507e+000	  2.2483821270728086e+000	  2.2854750462880800e+000	  2.3325325903221739e+000	  2.1367161960291559e+000	  2.0313236694484940e+000	  2.2521495593272611e+000	  2.3160234890543574e+000	
  2.0154097932319583e+000	  2.0141852214166391e+000	  1.9604170870705722e+000	  2.2448615103446681e+000	  2.2607330194757624e+000	  2.1936453160812848e+000	  2.2483691575656208e+000	  2.2854313560990693e+000	  2.3325095654191053e+000	  2.1366743992246979e+000	  2.0311479528194250e+000	  2.2519864332618420e+000	  2.3158434594244497e+000	
  2.0153931331548014e+000	  2.0140677398175830e+000	  1.9603464662211394e+000	  2.2448527047992304e+000	  2.2606289320149027e+000	  2.1935865749394066e+000	  2.2483519179505893e+000	  2.2853846073485689e+000	  2.3324857369309191e+000	  2.1366306954234093e+000	  2.0309817417536751e+000	  2.2518314528481738e+000	  2.3156714364637945e+000	
  2.0153709723175592e+000	  2.0139528116320013e+000	  1.9602770577825201e+000	  2.2448387066062323e+000	  2.2605267407312604e+000	  2.1935289498315105e+000	  2.2483308222631031e+000	  2.2853352754855250e+000	  2.3324610645406647e+000	  2.1365853800281993e+000	  2.0308247681778338e+000	  2.2516846625742049e+000	  2.3155082911833400e+000	
  2.0153211980667769e+000	  2.0137649157984283e+000	  1.9601619925511702e+000	  2.2448045486804835e+000	  2.2603603644994825e+000	  2.1934348729287780e+000	  2.2482879634995969e+000	  2.2852469943788560e+000	  2.3324180424147936e+000	  2.1365045394529858e+000	  2.0305690823236331e+000	  2.2514523596183409e+000	  2.3151762434159679e+000	
  2.0152627425176122e+000	  2.0135838989186507e+000	  1.9600524371434354e+000	  2.2447593293045656e+000	  2.2601970803001570e+000	  2.1933429817511421e+000	  2.2482367461681561e+000	  2.2851506088125926e+000	  2.3323724779573012e+000	  2.1364220332358550e+000	  2.0303201954612518e+000	  2.2512299160744913e+000	  2.3147877997628559e+000	
  2.0151941559094917e+000	  2.0134037552147213e+000	  1.9599448159817219e+000	  2.2447047970537244e+000	  2.2600347882694183e+000	  2.1932530094469653e+000	  2.2481783162295428e+000	  2.2850468932887944e+000	  2.3323243013590642e+000	  2.1363349318753282e+000	  2.0300772646324678e+000	  2.2510140934045979e+000	  2.3144006688281387e+000	
  2.0151167788403090e+000	  2.0132232694619017e+000	  1.9598386128949512e+000	  2.2446420016854627e+000	  2.2598723865590657e+000	  2.1931644098040994e+000	  2.2481134307923525e+000	  2.2849377562347497e+000	  2.3322733991511004e+000	  2.1362436480339917e+000	  2.0298449986121962e+000	  2.2508049782028259e+000	  2.3140593486094754e+000	
  2.0148271763102721e+000	  2.0126721869146400e+000	  1.9595076624384062e+000	  2.2444045921873994e+000	  2.2593813907474414e+000	  2.1928932500204636e+000	  2.2478811913284904e+000	  2.2845921820828017e+000	  2.3321013882854298e+000	  2.1359369280489977e+000	  2.0291907257921116e+000	  2.2502050315521362e+000	  2.3132629476684685e+000	
  2.0145198534470845e+000	  2.0121762458593446e+000	  1.9592054733275366e+000	  2.2441314740098521e+000	  2.2589232650694289e+000	  2.1926279392979953e+000	  2.2476192048589385e+000	  2.2842453266139366e+000	  2.3319071666565292e+000	  2.1356424261750386e+000	  2.0286432982442628e+000	  2.2496804288868000e+000	  2.3126977048228960e+000	
  2.0141796926266018e+000	  2.0117065595749453e+000	  1.9588946540153458e+000	  2.2438344486390362e+000	  2.2584954618636242e+000	  2.1923610697800160e+000	  2.2473410487439351e+000	  2.2839061303893646e+000	  2.3316937500702561e+000	  2.1353364879539489e+000	  2.0281410902224239e+000	  2.2492040867393657e+000	  2.3122154396243912e+000	
  2.0138197094986396e+000	  2.0112529729029904e+000	  1.9585738888738764e+000	  2.2435186612903948e+000	  2.2580816978236182e+000	  2.1920844338999403e+000	  2.2470505320319125e+000	  2.2835697084331130e+000	  2.3314629340742670e+000	  2.1350208734499239e+000	  2.0276573019515207e+000	  2.2487456678471558e+000	  2.3117454958583683e+000	
  2.0129897512067481e+000	  2.0102626336867018e+000	  1.9578387005452325e+000	  2.2427842616722469e+000	  2.2571746694770862e+000	  2.1914427652677775e+000	  2.2463775277240421e+000	  2.2828211968638357e+000	  2.3309174220365696e+000	  2.1342904432228051e+000	  2.0265982318265996e+000	  2.2477398267497057e+000	  2.3107057311748700e+000	
  2.0121802636044217e+000	  2.0093406049310651e+000	  1.9571187002393038e+000	  2.2420361194148062e+000	  2.2562991475475260e+000	  2.1907765870484699e+000	  2.2456819754348007e+000	  2.2820673508350691e+000	  2.3303185809459110e+000	  2.1335810883743820e+000	  2.0256265644454117e+000	  2.2467929319842392e+000	  2.3097242460120286e+000	
  2.0113210976295948e+000	  2.0083916534397854e+000	  1.9563427834656117e+000	  2.2412501093009443e+000	  2.2554061423442864e+000	  2.1900675426018514e+000	  2.2449526743077590e+000	  2.2812885107088525e+000	  2.3296718436753068e+000	  2.1328177661860415e+000	  2.0246345019551502e+000	  2.2458326154682950e+000	  2.3087345862923452e+000	
  2.0104138166265764e+000	  2.0074026399939942e+000	  1.9555198651153758e+000	  2.2404084446861816e+000	  2.2544645679501225e+000	  2.1893041467039049e+000	  2.2441697774678753e+000	  2.2804617976841013e+000	  2.3289749397217134e+000	  2.1320018894041928e+000	  2.0236020768459242e+000	  2.2448223396400664e+000	  2.3076964711878842e+000	
  2.0087305288058337e+000	  2.0055905606257585e+000	  1.9539982498031576e+000	  2.2388148352404094e+000	  2.2527105880883034e+000	  2.1878610073739635e+000	  2.2426734776873789e+000	  2.2788970748323840e+000	  2.3276382789266905e+000	  2.1304667356288554e+000	  2.0217152445392337e+000	  2.2429542233233288e+000	  2.3057777078289723e+000	
  2.0070539067261737e+000	  2.0038300114837337e+000	  1.9524660742923050e+000	  2.2371815664994705e+000	  2.2509603915504970e+000	  2.1863579673381577e+000	  2.2411241343233068e+000	  2.2772867246043802e+000	  2.3261973020233948e+000	  2.1289225665790545e+000	  2.0199104092015090e+000	  2.2411301685360545e+000	  2.3039008794826938e+000	
  2.0052629606176855e+000	  2.0019666548158255e+000	  1.9508158176240442e+000	  2.2354376837914969e+000	  2.2491103718169265e+000	  2.1847437805989371e+000	  2.2394715493063044e+000	  2.2755795542078410e+000	  2.3246475886648721e+000	  2.1272473324050893e+000	  2.0180019466956369e+000	  2.2392010464622301e+000	  2.3019217367552871e+000	
  2.0034003581630708e+000	  2.0000367797445548e+000	  1.9490965112495240e+000	  2.2335907003405033e+000	  2.2471636309222736e+000	  2.1830286756396133e+000	  2.2377107299346082e+000	  2.2737676788169128e+000	  2.3229896670965364e+000	  2.1254850050435778e+000	  2.0160288445039871e+000	  2.2371806755970693e+000	  2.2998489779888254e+000	
  2.0003042036900855e+000	  1.9968620704120295e+000	  1.9462195517609164e+000	  2.2304690519953807e+000	  2.2439122299558365e+000	  2.1801071660761715e+000	  2.2347161275297975e+000	  2.2706959300530718e+000	  2.3201205853587132e+000	  2.1225185608663013e+000	  2.0128043438305685e+000	  2.2338392379308676e+000	  2.2964203087877855e+000	
  1.9972433292340919e+000	  1.9937749397629703e+000	  1.9433238740392802e+000	  2.2273242078472117e+000	  2.2406890558582515e+000	  2.1771070637933154e+000	  2.2316868605346505e+000	  2.2675953086376217e+000	  2.3171236457125182e+000	  2.1195474378178782e+000	  2.0097076123291462e+000	  2.2305736430112968e+000	  2.2930654527659278e+000	
  1.9940035607313951e+000	  1.9904908439962929e+000	  1.9402518898724030e+000	  2.2239934084152089e+000	  2.2372635868811321e+000	  2.1739304200176837e+000	  2.2284847169854256e+000	  2.2643248817836432e+000	  2.3139804817115186e+000	  2.1163642339265651e+000	  2.0063929830409495e+000	  2.2270760809842729e+000	  2.2894787324476935e+000	
  1.9907173957916535e+000	  1.9871617667540018e+000	  1.9371447019508399e+000	  2.2205400416970713e+000	  2.2337209932785633e+000	  2.1706404492942695e+000	  2.2251424324733575e+000	  2.2609119132581537e+000	  2.3106901929597408e+000	  2.1131074851976703e+000	  2.0030400583766985e+000	  2.2234817110704506e+000	  2.2857865725669657e+000	
  1.9874565540551936e+000	  1.9838928425218976e+000	  1.9340314156278666e+000	  2.2170804171617502e+000	  2.2302071000938373e+000	  2.1673116375034929e+000	  2.2217874753130777e+000	  2.2574876038475749e+000	  2.3073146119705710e+000	  2.1098486024042478e+000	  1.9997753867162227e+000	  2.2199489425789216e+000	  2.2821552141187542e+000	
  1.9826953769285918e+000	  1.9791376092388904e+000	  1.9294342467798380e+000	  2.2119755625183846e+000	  2.2250396512897597e+000	  2.1623473935063902e+000	  2.2168411515395325e+000	  2.2524416632214597e+000	  2.3022773883478749e+000	  2.1050410435735598e+000	  1.9950396413415419e+000	  2.2147638520828332e+000	  2.2768214813252712e+000	
  1.9779306163387997e+000	  1.9743614558138884e+000	  1.9248299201297610e+000	  2.2068056611181754e+000	  2.2197916740093677e+000	  2.1573197546340652e+000	  2.2118333743925569e+000	  2.2473292023600724e+000	  2.2971842616205569e+000	  2.1001861631877681e+000	  1.9902731775628959e+000	  2.2094881497861159e+000	  2.2713881899455495e+000	
  1.9730718767908486e+000	  1.9694641436114382e+000	  1.9201701393225246e+000	  2.2014833153617492e+000	  2.2143696602244272e+000	  2.1521802779803743e+000	  2.2066712958289441e+000	  2.2420547805760771e+000	  2.2919583908791670e+000	  2.0952036834437875e+000	  1.9853688971758103e+000	  2.2040269362428155e+000	  2.2657608823509015e+000	
  1.9683965026440779e+000	  1.9647925743727337e+000	  1.9156448150355330e+000	  2.1962692544722637e+000	  2.2090993239828487e+000	  2.1470931078500661e+000	  2.2016030522623136e+000	  2.2368728345055673e+000	  2.2867144024158588e+000	  2.0903649785517242e+000	  1.9807298806025675e+000	  2.1987682126007679e+000	  2.2603301023239837e+000	
  1.9637457521624042e+000	  1.9601332863396295e+000	  1.9111235507245179e+000	  2.1910673177310658e+000	  2.2038292185931332e+000	  2.1420019374477408e+000	  2.1965603383289705e+000	  2.2317159889000151e+000	  2.2814871814456512e+000	  2.0855165794710642e+000	  1.9760913231695028e+000	  2.1934889024333586e+000	  2.2548771977838817e+000	
  1.9573090074698118e+000	  1.9536757938943865e+000	  1.9048661114506620e+000	  2.1837369128562272e+000	  2.1963941076500237e+000	  2.1348249828370638e+000	  2.1894530695735925e+000	  2.2244326652353430e+000	  2.2740876435262787e+000	  2.0787543298488349e+000	  1.9696701693511713e+000	  2.1860552987895945e+000	  2.2471794123019531e+000	
  1.9509021344223081e+000	  1.9472069440245290e+000	  1.8986713241386817e+000	  2.1763783792185531e+000	  2.1888961712641337e+000	  2.1276551849020735e+000	  2.1823233039948953e+000	  2.2171169615903898e+000	  2.2666812480260821e+000	  2.0719753509409382e+000	  1.9632105164102551e+000	  2.1785318946172718e+000	  2.2393828069577841e+000	
  1.9447603366635058e+000	  1.9410153135484367e+000	  1.8927101694519011e+000	  2.1692067932156647e+000	  2.1816000276345218e+000	  2.1206369933663103e+000	  2.1753727889152654e+000	  2.2099749263549038e+000	  2.2593784825652419e+000	  2.0654165919535821e+000	  1.9570461977644464e+000	  2.1712356081663189e+000	  2.2318049987719619e+000	
  1.9386838228640595e+000	  1.9348570418587647e+000	  1.8868281719839595e+000	  2.1620662159588653e+000	  2.1743087589687096e+000	  2.1136659686486134e+000	  2.1684555199663040e+000	  2.2028618318373594e+000	  2.2521208887108899e+000	  2.0588864293399971e+000	  1.9508930551954509e+000	  2.1639211448608888e+000	  2.2242049217189939e+000	
  1.9308183859251904e+000	  1.9269243384735542e+000	  1.8791281177304362e+000	  2.1525465568836690e+000	  2.1646152489505139e+000	  2.1042749827345308e+000	  2.1592578200424639e+000	  2.1933675537890762e+000	  2.2422656637539093e+000	  2.0503111566107379e+000	  1.9430259018803371e+000	  2.1542567955834393e+000	  2.2141125434244944e+000	
  1.9277839594769872e+000	  1.9237276063549709e+000	  1.8762864217730408e+000	  2.1490386875173959e+000	  2.1609240381402133e+000	  2.1009611307585034e+000	  2.1558774720833003e+000	  2.1898872226813935e+000	  2.2388950734862791e+000	  2.0470409238977547e+000	  1.9397362069061237e+000	  2.1504419306879772e+000	  2.2101629337022111e+000	
  1.9251742541230734e+000	  1.9210752904392039e+000	  1.8737950824686946e+000	  2.1458212464230586e+000	  2.1576428223088375e+000	  2.0978389563643334e+000	  2.1527269776039351e+000	  2.1866379967945053e+000	  2.2355470146006482e+000	  2.0441893912965470e+000	  1.9370997216525410e+000	  2.1471900047459287e+000	  2.2067673668540086e+000	
  1.9226728077238160e+000	  1.9185747368846455e+000	  1.8713309956280362e+000	  2.1427832803361047e+000	  2.1545779118172876e+000	  2.0948211541928874e+000	  2.1497796063380372e+000	  2.1836018156341921e+000	  2.2323236849748027e+000	  2.0414306418174513e+000	  1.9346317896464955e+000	  2.1441539846578972e+000	  2.2035997361135298e+000	
  1.9201628463155092e+000	  1.9160246897864170e+000	  1.8688654589549185e+000	  2.1397409741430260e+000	  2.1514683931135092e+000	  2.0918122055838175e+000	  2.1468370860633019e+000	  2.1805699378456218e+000	  2.2291726327541554e+000	  2.0386643491234140e+000	  1.9320868104350335e+000	  2.1410355557668583e+000	  2.2003484040606027e+000	
  1.9162914830826980e+000	  1.9120794260992247e+000	  1.8650892678955038e+000	  2.1349601894642163e+000	  2.1465698930256178e+000	  2.0871102088519375e+000	  2.1422092952282203e+000	  2.1757857860404486e+000	  2.2242152882153134e+000	  2.0343741121584245e+000	  1.9281528419131577e+000	  2.1361356124181596e+000	  2.1952242301142322e+000	
  1.9125618590203248e+000	  1.9082656403146419e+000	  1.8614576761125115e+000	  2.1303175330784145e+000	  2.1418001263887976e+000	  2.0825502069550219e+000	  2.1377229705840008e+000	  2.1711398927835295e+000	  2.2193973533343483e+000	  2.0302196638716250e+000	  1.9243447521187778e+000	  2.1313569445372988e+000	  2.1902202166319120e+000	
  1.9088224493545300e+000	  1.9044126221941766e+000	  1.8578441882707768e+000	  2.1256683271867978e+000	  2.1369997816192767e+000	  2.0780116902869765e+000	  2.1332269482796620e+000	  2.1664839796919599e+000	  2.2146038777668542e+000	  2.0260500546829161e+000	  1.9204766854454285e+000	  2.1265269010552545e+000	  2.1851661105392242e+000	
  1.9036981538350477e+000	  1.8991604484328144e+000	  1.8528302009935682e+000	  2.1190947388458428e+000	  2.1302335896763438e+000	  2.0715234199216268e+000	  2.1268897293135121e+000	  2.1598950585136985e+000	  2.2076958605396739e+000	  2.0202462913378914e+000	  1.9152458546754814e+000	  2.1197617040770766e+000	  2.1780495559103579e+000	
  1.9019649256790017e+000	  1.8973177840255617e+000	  1.8511996140767124e+000	  2.1169876697459422e+000	  2.1280064611048228e+000	  2.0695182697876962e+000	  2.1248567468460675e+000	  2.1577900827831868e+000	  2.2056165643090857e+000	  2.0183193081874782e+000	  1.9133516445718202e+000	  2.1174682436680912e+000	  2.1756596259896375e+000	
  1.9004180925379588e+000	  1.8957141178785799e+000	  1.8497224668677270e+000	  2.1150170968891540e+000	  2.1259675596815995e+000	  2.0676066382706226e+000	  2.1229383009002314e+000	  2.1558006371438037e+000	  2.2035646630587933e+000	  2.0165788582584567e+000	  1.9117417999435922e+000	  2.1154255704172531e+000	  2.1735178067257568e+000	
  1.8989263839886676e+000	  1.8941847913888232e+000	  1.8482733011716053e+000	  2.1131192117792197e+000	  2.1240183823281962e+000	  2.0657413667093136e+000	  2.1210976957163905e+000	  2.1538923709853464e+000	  2.2015602804147689e+000	  2.0148904238985041e+000	  1.9102158682758992e+000	  2.1134789596143273e+000	  2.1714754813428150e+000	
  1.8961057107825328e+000	  1.8912831351868109e+000	  1.8455185458223828e+000	  2.1095128192038031e+000	  2.1203030825711626e+000	  2.0621856382120942e+000	  2.1176081197538292e+000	  2.1502713430919274e+000	  2.1977628903830349e+000	  2.0116840259039410e+000	  1.9073160782786558e+000	  2.1097581627596496e+000	  2.1675684056212461e+000	
  1.8934652856658378e+000	  1.8885653805642530e+000	  1.8429287793369766e+000	  2.1060819486931615e+000	  2.1167648001711203e+000	  2.0587922416769526e+000	  2.1142956361304313e+000	  2.1468251254671777e+000	  2.1941344569546772e+000	  2.0086591640621236e+000	  1.9046058745890890e+000	  2.1062190328438439e+000	  2.1638416374852185e+000	
  1.8907167477129350e+000	  1.8856916997707411e+000	  1.8402803505711789e+000	  2.1025632143917150e+000	  2.1130970508836384e+000	  2.0553635437572613e+000	  2.1108943992320710e+000	  2.1432895038319035e+000	  2.1904901081938299e+000	  2.0055272900906584e+000	  1.9017045267525103e+000	  2.1025121846856916e+000	  2.1599496874328730e+000	
  1.8874001652721786e+000	  1.8822599134694520e+000	  1.8370360261117327e+000	  2.0981709350240152e+000	  2.1085513578291373e+000	  2.0510253890358690e+000	  2.1066570208030897e+000	  2.1388688805387353e+000	  2.1858244830744575e+000	  2.0016890335745710e+000	  1.8982803803023642e+000	  2.0979646854587650e+000	  2.1551485999671609e+000	
  1.8838833417694594e+000	  1.8785585811192897e+000	  1.8336646121943314e+000	  2.0936211881075453e+000	  2.1037900064365100e+000	  2.0466065966395397e+000	  2.1022571831437618e+000	  2.1342892007438197e+000	  2.1811060247330603e+000	  1.9976516749503055e+000	  1.8945321855233255e+000	  2.0931433240889876e+000	  2.1500811702582117e+000	
  1.8829889268173383e+000	  1.8776878033736466e+000	  1.8327326539303450e+000	  2.0922915037670271e+000	  2.1024643420458635e+000	  2.0452258727929467e+000	  2.1009749111821407e+000	  2.1329400661469133e+000	  2.1795564866151085e+000	  1.9965635995488396e+000	  1.8937161170713868e+000	  2.0918798372876251e+000	  2.1487215896345058e+000	
  1.8817446005228353e+000	  1.8763235085374408e+000	  1.8315693887932978e+000	  2.0908017528066583e+000	  2.1008490105458666e+000	  2.0438247857282623e+000	  2.0995530340998232e+000	  2.1314643893461689e+000	  2.1781407762336125e+000	  1.9951607129692086e+000	  1.8922841497573306e+000	  2.0901718427290525e+000	  2.1469446351755295e+000	
  1.8807528361556438e+000	  1.8752691329609339e+000	  1.8306373351602374e+000	  2.0894644387125720e+000	  2.0994438237200814e+000	  2.0425386899508391e+000	  2.0982458438593690e+000	  2.1301005148905339e+000	  2.1767438653709621e+000	  1.9940151690887213e+000	  1.8912184788298640e+000	  2.0887605620180505e+000	  2.1454558569375646e+000	
  1.8797864967455291e+000	  1.8742647095777278e+000	  1.8297082784678265e+000	  2.0881826716333505e+000	  2.0981159890264451e+000	  2.0412869870028607e+000	  2.0970031065255341e+000	  2.1288044614554766e+000	  2.1753763408987532e+000	  1.9928928713012104e+000	  1.8902127530472534e+000	  2.0874328112999025e+000	  2.1440553086015104e+000	
  1.8779063327454286e+000	  1.8723040767924803e+000	  1.8278809296939986e+000	  2.0856869160800873e+000	  2.0955230987562943e+000	  2.0388322485934456e+000	  2.0945906171163307e+000	  2.1262889523892055e+000	  2.1727221428273582e+000	  1.9907016114974148e+000	  1.8882455936313747e+000	  2.0848291488013087e+000	  2.1413085548522952e+000	
  1.8761451673211431e+000	  1.8704688170671644e+000	  1.8261576154929242e+000	  2.0833093658549036e+000	  2.0930530489796033e+000	  2.0364818577904122e+000	  2.0922963083756425e+000	  2.1238913145665719e+000	  2.1701789254688766e+000	  1.9886320019787347e+000	  1.8864099855199368e+000	  2.0823541610740586e+000	  2.1386903421455745e+000	
  1.8743352152266359e+000	  1.8685564578149498e+000	  1.8244134753809860e+000	  2.0808995783147384e+000	  2.0905254383375023e+000	  2.0341299718264811e+000	  2.0899703204407900e+000	  2.1214616882998554e+000	  2.1676501314498986e+000	  1.9865162123825657e+000	  1.8844762491861498e+000	  2.0797975860864923e+000	  2.1359924282174925e+000	
  1.8713446984371744e+000	  1.8654095825961203e+000	  1.8215115175408108e+000	  2.0768085309325581e+000	  2.0862475293580407e+000	  2.0301100376193366e+000	  2.0860263184385284e+000	  2.1173295967006305e+000	  2.1632868806344208e+000	  1.9829756859544729e+000	  1.8813155272559579e+000	  2.0754967061623137e+000	  2.1314352467331301e+000	
  1.8684024901562921e+000	  1.8622850926431203e+000	  1.8186832124693633e+000	  2.0727957717755614e+000	  2.0820265135293288e+000	  2.0261953548320366e+000	  2.0821569226034859e+000	  2.1132750661930797e+000	  2.1590417782262588e+000	  1.9794901265642124e+000	  1.8781565154725650e+000	  2.0712301580580186e+000	  2.1269181690987780e+000	
  1.8656623341227236e+000	  1.8593738308192924e+000	  1.8160438672619965e+000	  2.0689977873320600e+000	  2.0780318779052194e+000	  2.0224809593784592e+000	  2.0784964864338558e+000	  2.1094327509282533e+000	  2.1549908353249214e+000	  1.9762154275518391e+000	  1.8752196825332001e+000	  2.0672007718681789e+000	  2.1226428977563532e+000	
  1.8609911971244635e+000	  1.8543675990163089e+000	  1.8115437063202702e+000	  2.0622889067146013e+000	  2.0709362683412382e+000	  2.0159129072963582e+000	  2.0720582051094421e+000	  2.1026389043130571e+000	  2.1477843202218905e+000	  1.9705157710271550e+000	  1.8701660803004330e+000	  2.0600352775652180e+000	  2.1150021927169576e+000	
  1.8601089271714522e+000	  1.8533318372508485e+000	  1.8107785995349670e+000	  2.0613382442302366e+000	  2.0698378187417070e+000	  2.0150928924836315e+000	  2.0711528130478869e+000	  2.1017044096335842e+000	  2.1470094294503221e+000	  1.9695450856018830e+000	  1.8690299267340438e+000	  2.0588044486772166e+000	  2.1137397545318342e+000	
  1.8597442175499044e+000	  1.8529285296662470e+000	  1.8104754062257138e+000	  2.0607092767355120e+000	  2.0691743070645097e+000	  2.0145086008612618e+000	  2.0705054535236864e+000	  2.1010233699702994e+000	  2.1463020571086240e+000	  1.9690961630372299e+000	  1.8686287990309451e+000	  2.0581690283397127e+000	  2.1130575821067072e+000	
  1.8593674301183494e+000	  1.8525588502356882e+000	  1.8101161754691100e+000	  2.0601584295261830e+000	  2.0686272186552830e+000	  2.0139661532853892e+000	  2.0699660289477380e+000	  2.1004562381406826e+000	  2.1456447031567176e+000	  1.9686351554792738e+000	  1.8682776406967954e+000	  2.0576509538152772e+000	  2.1125027501487663e+000	
  1.8587838396524747e+000	  1.8519639854845884e+000	  1.8095320207327243e+000	  2.0593479608795859e+000	  2.0677996553082281e+000	  2.0131478453949354e+000	  2.0691883964795297e+000	  2.0996428747977411e+000	  2.1447286487845454e+000	  1.9679275089481947e+000	  1.8676919737251962e+000	  2.0568306493270367e+000	  2.1116310919971029e+000	
  1.8582144124510236e+000	  1.8513682277130650e+000	  1.8089633374716023e+000	  2.0585448982202830e+000	  2.0669650607513792e+000	  2.0123393407346031e+000	  2.0684146817252520e+000	  2.0988324705873174e+000	  2.1438422539269109e+000	  1.9672333782996740e+000	  1.8670978872534021e+000	  2.0559953402866147e+000	  2.1107430078344667e+000	
  1.8576408594681726e+000	  1.8507601416654293e+000	  1.8084008531889466e+000	  2.0577392482959933e+000	  2.0661198065210016e+000	  2.0115404938347128e+000	  2.0676381240479893e+000	  2.0980178480877298e+000	  2.1429711965301905e+000	  1.9665369233253611e+000	  1.8664858361287768e+000	  2.0551437524749079e+000	  2.1098382190510123e+000	
  1.8559170237781213e+000	  1.8489123490879238e+000	  1.8067432092458162e+000	  2.0553023964122961e+000	  2.0635448444239670e+000	  2.0091586512581774e+000	  2.0652870943496016e+000	  2.0955458891998946e+000	  2.1403575526762646e+000	  1.9644435635849378e+000	  1.8646165985377836e+000	  2.0525414268278865e+000	  2.1070720429595995e+000	
  1.8543998257230458e+000	  1.8472897613365831e+000	  1.8052724399060773e+000	  2.0530734071936245e+000	  2.0611929202230015e+000	  2.0069643609133436e+000	  2.0631463712823916e+000	  2.0932833589043476e+000	  2.1379266136841690e+000	  1.9625653759404678e+000	  1.8629867809087866e+000	  2.0501767872630841e+000	  2.1045433897588337e+000	
  1.8526880171392655e+000	  1.8454138565938281e+000	  1.8036780766686196e+000	  2.0506880546090160e+000	  2.0586349230533152e+000	  2.0046860894176461e+000	  2.0608434433959948e+000	  2.0908611939702770e+000	  2.1354270433637228e+000	  1.9604992268618722e+000	  1.8610596849379988e+000	  2.0475583243426594e+000	  2.1017672409700876e+000	
  1.8513905192065574e+000	  1.8440289622189203e+000	  1.8024131541142965e+000	  2.0486934379802433e+000	  2.0565351827166194e+000	  2.0027089221412155e+000	  2.0589308964249269e+000	  2.0888305660052664e+000	  2.1332009087529280e+000	  1.9588555858053227e+000	  1.8596810082962070e+000	  2.0454624719647962e+000	  2.0995125691085410e+000	
  1.8501348888460238e+000	  1.8426259199511690e+000	  1.8012733704204351e+000	  2.0469949425788725e+000	  2.0546872237503755e+000	  2.0011213597575148e+000	  2.0572903448791231e+000	  2.0871081295803449e+000	  2.1314764703731943e+000	  1.9573560362590126e+000	  1.8582167500852316e+000	  2.0435420161517572e+000	  2.0974856165889633e+000	
  1.8493062873569934e+000	  1.8417502283857352e+000	  1.8004629889452828e+000	  2.0456728766415884e+000	  2.0533067835398628e+000	  1.9998026033146590e+000	  2.0560166389427743e+000	  2.0857539511460996e+000	  2.1299604797813316e+000	  1.9562905499756023e+000	  1.8573570253951150e+000	  2.0421819497852622e+000	  2.0960165416309922e+000	
  1.8482291687261225e+000	  1.8405588157880608e+000	  1.7994642772241300e+000	  2.0441613896040112e+000	  2.0516753925350302e+000	  1.9983638349790322e+000	  2.0545639081087739e+000	  2.0842227928153370e+000	  2.1283832166424648e+000	  1.9549766661605119e+000	  1.8561254648985273e+000	  2.0405007401775781e+000	  2.0942317832506796e+000	
  1.8472004545601892e+000	  1.8394415071296228e+000	  1.7984842473321609e+000	  2.0425806646332219e+000	  2.0499954746934033e+000	  1.9968186389798042e+000	  2.0530435441836183e+000	  2.0826084470639912e+000	  2.1266344913671409e+000	  1.9536722635927133e+000	  1.8550014044166945e+000	  2.0388122490678420e+000	  2.0924178597366780e+000	
  1.8460711152137288e+000	  1.8381921849917877e+000	  1.7974368357251345e+000	  2.0409333658537401e+000	  2.0482209675980876e+000	  1.9952438338760980e+000	  2.0514596068023256e+000	  2.0809326493982852e+000	  2.1248808566312198e+000	  1.9522707639882062e+000	  1.8537179247539413e+000	  2.0369962566181812e+000	  2.0904807557043630e+000	
  1.8451122074976785e+000	  1.8371418112022206e+000	  1.7965301647850569e+000	  2.0394481059057945e+000	  2.0466343592324416e+000	  1.9937987723804202e+000	  2.0500341807510711e+000	  2.0794163814479405e+000	  2.1232429223426750e+000	  1.9510461102210572e+000	  1.8526559742705004e+000	  2.0353947131462498e+000	  2.0887586524089823e+000	
  1.8434520108004389e+000	  1.8352959606713837e+000	  1.7949905164060576e+000	  2.0369271699154696e+000	  2.0439144636630391e+000	  1.9913810360317317e+000	  2.0476158813515526e+000	  2.0768459274913607e+000	  2.1205202234514826e+000	  1.9489409649241372e+000	  1.8507651791621242e+000	  2.0326193023897141e+000	  2.0857831204590895e+000	
  1.8420032105486532e+000	  1.8336787971003670e+000	  1.7936443096182297e+000	  2.0346337103553584e+000	  2.0414378762523770e+000	  1.9891718199877366e+000	  2.0454220798213449e+000	  2.0745030228454984e+000	  2.1180055098722050e+000	  1.9470620558817102e+000	  1.8491155704085072e+000	  2.0301007865953418e+000	  2.0830690714073303e+000	
  1.8407494970772389e+000	  1.8322622475323682e+000	  1.7925209939775175e+000	  2.0327750859505018e+000	  2.0394125634266649e+000	  1.9874292883218656e+000	  2.0436308244218080e+000	  2.0726037514416138e+000	  2.1160366249637792e+000	  1.9454908633437014e+000	  1.8476456234465970e+000	  2.0280139472879899e+000	  2.0808417167285715e+000	
  1.8401443370464823e+000	  1.8316039909724808e+000	  1.7919274180173628e+000	  2.0316699829408256e+000	  2.0382413023334207e+000	  1.9863219096806410e+000	  2.0425825081154332e+000	  2.0714709393490929e+000	  2.1147359541334421e+000	  1.9446417805252028e+000	  1.8470002615354431e+000	  2.0268550749400926e+000	  2.0795701396953792e+000	
  1.8396276843951449e+000	  1.8309929903234441e+000	  1.7914873305375822e+000	  2.0310388397705066e+000	  2.0375174920248535e+000	  1.9857717058737709e+000	  2.0419819000576123e+000	  2.0708416143833315e+000	  2.1141753543763886e+000	  1.9440395659203533e+000	  1.8463344544851250e+000	  2.0260591089592572e+000	  2.0787392333751624e+000	
  1.8393911659715754e+000	  1.8307242591706951e+000	  1.7912893061321979e+000	  2.0305984245902344e+000	  2.0370453000329527e+000	  1.9853592104042919e+000	  2.0415433058179397e+000	  2.0703723545063428e+000	  2.1136652122329762e+000	  1.9437216551601171e+000	  1.8460658149434939e+000	  2.0255971987036783e+000	  2.0782371825207782e+000	
  1.8391335674755065e+000	  1.8304475848547124e+000	  1.7910498276909042e+000	  2.0301811775751335e+000	  2.0366061788173617e+000	  1.9849542850656838e+000	  2.0411445729677218e+000	  2.0699462266526525e+000	  2.1131822310272672e+000	  1.9433811624357347e+000	  1.8457895423942032e+000	  2.0251598286513444e+000	  2.0777639988709344e+000	
  1.8385219229365930e+000	  1.8297674936569537e+000	  1.7904787343482129e+000	  2.0292104845981012e+000	  2.0355612407216692e+000	  1.9840150572554920e+000	  2.0402185079160677e+000	  2.0689581129615893e+000	  2.1121100619648003e+000	  1.9425814544175442e+000	  1.8450955274947940e+000	  2.0240958534182059e+000	  2.0766168762732726e+000	
  1.8379587661463772e+000	  1.8291346135710209e+000	  1.7899589857859506e+000	  2.0282876290638483e+000	  2.0345626287398195e+000	  1.9831266632138884e+000	  2.0393377130456214e+000	  2.0680145352115988e+000	  2.1110893927689074e+000	  1.9418351102852793e+000	  1.8444497243864753e+000	  2.0230800296791993e+000	  2.0755181773710221e+000	
  1.8373754635571753e+000	  1.8284713620706228e+000	  1.7894349501873883e+000	  2.0273557007394705e+000	  2.0335459639086495e+000	  1.9822459150109333e+000	  2.0384475239235762e+000	  2.0670620946690854e+000	  2.1100800702021600e+000	  1.9410724023782058e+000	  1.8437648914584008e+000	  2.0220365155225171e+000	  2.0743935663856159e+000	
  1.8361204092524022e+000	  1.8270365418425814e+000	  1.7883102039630923e+000	  2.0252326136596408e+000	  2.0312292524187856e+000	  1.9802306681365707e+000	  2.0364274242508285e+000	  2.0648878117292919e+000	  2.1077339311980099e+000	  1.9393792631941105e+000	  1.8422905133618437e+000	  2.0196694718498907e+000	  2.0718259597305941e+000	
  1.8349501948022533e+000	  1.8256844188176693e+000	  1.7872820754321483e+000	  2.0232370933633428e+000	  2.0290399490338711e+000	  1.9783552221892236e+000	  2.0345310637767238e+000	  2.0628439859279375e+000	  2.1055419117474843e+000	  1.9377911746088918e+000	  1.8408918537743288e+000	  2.0174221311123812e+000	  2.0693872727319933e+000	
  1.8338801179382247e+000	  1.8244396648741052e+000	  1.7863574337014887e+000	  2.0213816631070340e+000	  2.0269996772672205e+000	  1.9766221260077037e+000	  2.0327683587279370e+000	  2.0609414057247819e+000	  2.1034976980393547e+000	  1.9363248090955256e+000	  1.8396014696753697e+000	  2.0153256860909909e+000	  2.0671096478635231e+000	
  1.8322435461234248e+000	  1.8224365832907166e+000	  1.7850078373179969e+000	  2.0179949595153350e+000	  2.0232152228339477e+000	  1.9734732769738681e+000	  2.0296041576730706e+000	  2.0574600614923666e+000	  2.0996732415636656e+000	  1.9338213849813026e+000	  1.8375144287306817e+000	  2.0114275684723060e+000	  2.0628045164279025e+000	
  1.8314348574573975e+000	  1.8215214411249658e+000	  1.7842845663628839e+000	  2.0175062776537112e+000	  2.0226143107209111e+000	  1.9731127208593575e+000	  2.0292133082346848e+000	  2.0570699350280854e+000	  2.0994856090269876e+000	  1.9330211235511390e+000	  1.8365067028083468e+000	  2.0106428797016966e+000	  2.0620276286962609e+000	
  1.8314588652895401e+000	  1.8214597125515732e+000	  1.7843862000847035e+000	  2.0172743945542413e+000	  2.0223105540887496e+000	  1.9729389013209595e+000	  2.0289410955485185e+000	  2.0567890564420974e+000	  2.0993207731266743e+000	  1.9330145888169448e+000	  1.8363916433999632e+000	  2.0103129084487792e+000	  2.0616805329105081e+000	
  1.8315181691085789e+000	  1.8214879103139945e+000	  1.7845132761227684e+000	  2.0171903572390719e+000	  2.0222076171753680e+000	  1.9728979331475036e+000	  2.0287974272978513e+000	  2.0566341311954068e+000	  2.0991859744060717e+000	  1.9330425268914320e+000	  1.8364113366207113e+000	  2.0102449497728831e+000	  2.0616031706027158e+000	
  1.8314852207592012e+000	  1.8214666097796333e+000	  1.7845368439776030e+000	  2.0170975800524369e+000	  2.0221297376447573e+000	  1.9728546020859841e+000	  2.0286811487863559e+000	  2.0565062653375663e+000	  2.0990094066243401e+000	  1.9329987809573184e+000	  1.8364099508887239e+000	  2.0102108532925471e+000	  2.0615610008516958e+000	
  1.8314866329568020e+000	  1.8214992900133480e+000	  1.7845462112086832e+000	  2.0170459655185700e+000	  2.0221084234182016e+000	  1.9728067161592959e+000	  2.0286306409178505e+000	  2.0564489006348308e+000	  2.0988660120163769e+000	  1.9329894787046356e+000	  1.8364698575252669e+000	  2.0102271674776406e+000	  2.0615696159880263e+000	
  1.8314867509177637e+000	  1.8215287861673268e+000	  1.7845272083616235e+000	  2.0170084453261152e+000	  2.0220983990727559e+000	  1.9727445684499822e+000	  2.0286016909241034e+000	  2.0564158880525820e+000	  2.0987455701044864e+000	  1.9329706856883944e+000	  1.8365218449420508e+000	  2.0102428271505333e+000	  2.0615782523641868e+000	
  1.8314121570831812e+000	  1.8214778726248138e+000	  1.7844007631297731e+000	  2.0168626582657447e+000	  2.0219726422941604e+000	  1.9725385957242088e+000	  2.0284775516610809e+000	  2.0562837297379115e+000	  2.0984986898385611e+000	  1.9328406776149178e+000	  1.8364910868790878e+000	  2.0101320027174250e+000	  2.0614498706508355e+000	
  1.8313797007704571e+000	  1.8214572784335841e+000	  1.7843238647774735e+000	  2.0167347284976032e+000	  2.0218529631509927e+000	  1.9723598742675397e+000	  2.0283616318729960e+000	  2.0561565792651075e+000	  2.0982927879632540e+000	  1.9327539366573272e+000	  1.8364874108223324e+000	  2.0100280171094553e+000	  2.0613251452341776e+000	
  1.8313026584634833e+000	  1.8213755168720449e+000	  1.7842262301616532e+000	  2.0165730704837177e+000	  2.0216828107765212e+000	  1.9721765596436869e+000	  2.0282153830543841e+000	  2.0559967339020138e+000	  2.0980956723964708e+000	  1.9326256992807147e+000	  1.8364097494609077e+000	  2.0098574964927276e+000	  2.0611339192793463e+000	
  1.8311006529903453e+000	  1.8211365910647652e+000	  1.7840392884984231e+000	  2.0161832319383088e+000	  2.0212505983901501e+000	  1.9718011572218106e+000	  2.0278530482778052e+000	  2.0556007519892732e+000	  2.0976754815141319e+000	  1.9323259675549682e+000	  1.8361625630484368e+000	  2.0094102906375442e+000	  2.0606418823084987e+000	
  1.8309095384984371e+000	  1.8209046213236586e+000	  1.7838827683612826e+000	  2.0157994625800248e+000	  2.0208217838108915e+000	  1.9714490296657528e+000	  2.0274938480554292e+000	  2.0552062424056521e+000	  2.0972564510128051e+000	  1.9320406654712687e+000	  1.8359206068608869e+000	  2.0089675832549276e+000	  2.0601542295827828e+000	
  1.8307119166023746e+000	  1.8206633650487050e+000	  1.7837273371977471e+000	  2.0154135330016607e+000	  2.0203890144660703e+000	  1.9711008886230190e+000	  2.0271321756121012e+000	  2.0548098507807375e+000	  2.0968352482133930e+000	  1.9317501911577113e+000	  1.8356666885661641e+000	  2.0085183683284615e+000	  2.0596609980795457e+000	
  1.8301887713666101e+000	  1.8200147331029080e+000	  1.7833254843441853e+000	  2.0143081397795197e+000	  2.0191491936430426e+000	  1.9700977116823266e+000	  2.0260994402589398e+000	  2.0536721454539535e+000	  2.0955917442022014e+000	  1.9309414628316186e+000	  1.8349856503047253e+000	  2.0072362736907943e+000	  2.0582443525729421e+000	
  1.8297821438937545e+000	  1.8194927096298230e+000	  1.7830267338169501e+000	  2.0133438079438988e+000	  2.0180600220670355e+000	  1.9692226351042674e+000	  2.0252069378953639e+000	  2.0526791824540398e+000	  2.0944900780514550e+000	  1.9302620794665513e+000	  1.8344355596078212e+000	  2.0061090002119375e+000	  2.0569879383509586e+000	
  1.8293072674272490e+000	  1.8189075279755031e+000	  1.7826823263961300e+000	  2.0124722560257502e+000	  2.0170773170390701e+000	  1.9684651141689402e+000	  2.0243817317879742e+000	  2.0517828790713986e+000	  2.0935551753111850e+000	  1.9295878388083783e+000	  1.8338086107953817e+000	  2.0050770584247108e+000	  2.0558650816737809e+000	
  1.8294812174401360e+000	  1.8191086920659336e+000	  1.7828085871038295e+000	  2.0124780327981187e+000	  2.0171033708150410e+000	  1.9684137667730450e+000	  2.0243984701172608e+000	  2.0517761742210348e+000	  2.0934189506047027e+000	  1.9296953882939529e+000	  1.8340467323592948e+000	  2.0051490409391803e+000	  2.0559046715445031e+000	
  1.8292099721003179e+000	  1.8187720566746999e+000	  1.7825968950857360e+000	  2.0121302920110993e+000	  2.0166885415266007e+000	  1.9681305186670135e+000	  2.0240841932769733e+000	  2.0514397725291076e+000	  2.0931417000846184e+000	  1.9293613952115467e+000	  1.8336683288462230e+000	  2.0046734959639019e+000	  2.0554012631021483e+000	
  1.8291159739259766e+000	  1.8186426914155436e+000	  1.7825533405419007e+000	  2.0118911863287261e+000	  2.0164145226596393e+000	  1.9679341766151326e+000	  2.0238515519860782e+000	  2.0511826290700639e+000	  2.0928758161722691e+000	  1.9292096242943151e+000	  1.8335304581759391e+000	  2.0043927083274853e+000	  2.0550901673977404e+000	
  1.8289089452339033e+000	  1.8183728690605456e+000	  1.7824201705095526e+000	  2.0113798754966874e+000	  2.0158374708289846e+000	  1.9674827495583538e+000	  2.0233763097703341e+000	  2.0506538575183040e+000	  2.0922780083190680e+000	  1.9288537956906406e+000	  1.8332437632020493e+000	  2.0037960778030892e+000	  2.0544253052084795e+000	
  1.8287670486544414e+000	  1.8181761749300080e+000	  1.7823289506503202e+000	  2.0109431856126991e+000	  2.0153411287943861e+000	  1.9670857048978658e+000	  2.0229772474145165e+000	  2.0502031492326829e+000	  2.0917586500145942e+000	  1.9285674575019485e+000	  1.8330357633408425e+000	  2.0032835743308630e+000	  2.0538455600735266e+000	
  1.8285497140883067e+000	  1.8178900503795798e+000	  1.7821897038570991e+000	  2.0104505421323293e+000	  2.0147774768009414e+000	  1.9666605605117375e+000	  2.0225192829680760e+000	  2.0496958336175726e+000	  2.0912172316737601e+000	  1.9282133301355528e+000	  1.8327260076142209e+000	  2.0026901001080324e+000	  2.0531888115105414e+000	
  1.8284668801182664e+000	  1.8177317934097654e+000	  1.7821771175887813e+000	  2.0099362055598693e+000	  2.0141792717650189e+000	  1.9662003231909797e+000	  2.0220604190110749e+000	  2.0491603698719594e+000	  2.0905766727649504e+000	  1.9279246966272616e+000	  1.8325560911366168e+000	  2.0020728231069764e+000	  2.0524732268415957e+000	
  1.8282048951443299e+000	  1.8174038180116372e+000	  1.7820035717930320e+000	  2.0095554043684558e+000	  2.0137351471569609e+000	  1.9659043004882419e+000	  2.0216982695104115e+000	  2.0487739144706203e+000	  2.0902337257415784e+000	  1.9275956767960658e+000	  1.8321903468323339e+000	  2.0015828224224261e+000	  2.0519533494058164e+000	
  1.8283142141859277e+000	  1.8175187692749133e+000	  1.7821031895179624e+000	  2.0094941404663400e+000	  2.0136761534191154e+000	  1.9658218587354195e+000	  2.0216453498747438e+000	  2.0486965362039404e+000	  2.0900551450256040e+000	  1.9276362629448047e+000	  1.8323273044378250e+000	  2.0015535657170100e+000	  2.0518916173866208e+000	
  1.8281959943957959e+000	  1.8173618529699409e+000	  1.7820201889277894e+000	  2.0092611981635269e+000	  2.0134025479476705e+000	  1.9656226979438542e+000	  2.0214370716665937e+000	  2.0484655343310809e+000	  2.0898229217343136e+000	  1.9274501817416849e+000	  1.8321510074436276e+000	  2.0012524152894522e+000	  2.0515607298931711e+000	
  1.8281620437542923e+000	  1.8172924595076723e+000	  1.7820251468587385e+000	  2.0090275085788729e+000	  2.0131306093052546e+000	  1.9654196131165347e+000	  2.0212249515067264e+000	  2.0482189245426916e+000	  2.0895337249942214e+000	  1.9273239812811118e+000	  1.8320766092693650e+000	  2.0009729826524087e+000	  2.0512370579304280e+000	
  1.8280933919135800e+000	  1.8171818936136150e+000	  1.7820033712766983e+000	  2.0087752916847506e+000	  2.0128343401353797e+000	  1.9652074047375363e+000	  2.0209970804141397e+000	  2.0479581871779526e+000	  2.0892444525998370e+000	  1.9271648085635440e+000	  1.8319526381083635e+000	  2.0006591821043460e+000	  2.0508812766044806e+000	
  1.8280745433313941e+000	  1.8171288306272237e+000	  1.7820202919016608e+000	  2.0085727230392396e+000	  2.0125948229395250e+000	  1.9650332820596925e+000	  2.0208171610442429e+000	  2.0477461279049942e+000	  2.0889917180496056e+000	  1.9270580091599909e+000	  1.8318926230699684e+000	  2.0004097038664717e+000	  2.0505905071327390e+000	
  1.8280406251220715e+000	  1.8169968281616813e+000	  1.7820936160392624e+000	  2.0080712203534321e+000	  2.0119891055601578e+000	  1.9646208256625262e+000	  2.0203761169509202e+000	  2.0472221837942097e+000	  2.0883829041539488e+000	  1.9267977248918315e+000	  1.8317343118591827e+000	  1.9997674664615444e+000	  2.0498422705142287e+000	
  1.8280516675805778e+000	  1.8169170012908342e+000	  1.7822074525377369e+000	  2.0076544446176676e+000	  2.0114770114418681e+000	  1.9642890160192261e+000	  2.0200129653476320e+000	  2.0467838713631386e+000	  2.0878667758707530e+000	  1.9266019598983430e+000	  1.8316298977159589e+000	  1.9992217932281282e+000	  2.0492008219074620e+000	
  1.8281517123027291e+000	  1.8169379375707462e+000	  1.7823935383278062e+000	  2.0073618754126987e+000	  2.0111006695631395e+000	  1.9640662661203445e+000	  2.0197705291382388e+000	  2.0464726516137444e+000	  2.0874778649630414e+000	  1.9265130337983380e+000	  1.8316315657515749e+000	  1.9988178476226817e+000	  2.0487090666724104e+000	
  1.8284393019272671e+000	  1.8170879365684778e+000	  1.7828382223652792e+000	  2.0070004657390883e+000	  2.0105963692747051e+000	  1.9638338779300024e+000	  2.0194899684961229e+000	  2.0460792527419720e+000	  2.0869647816797330e+000	  1.9264869798889872e+000	  1.8317450195422016e+000	  1.9982626226747739e+000	  2.0480106417563406e+000	
  1.8288422893567182e+000	  1.8173826341796731e+000	  1.7833671446120629e+000	  2.0068748199087709e+000	  2.0103589942549212e+000	  1.9638105430480841e+000	  2.0194291303939464e+000	  2.0459280543317768e+000	  2.0867111147222723e+000	  1.9266346378062071e+000	  1.8320129125090967e+000	  1.9979866631980983e+000	  2.0476199682108791e+000	
  1.8293205356937190e+000	  1.8177722520223496e+000	  1.7839471188230021e+000	  2.0069307902009497e+000	  2.0103247589420623e+000	  1.9639488971773205e+000	  2.0195359745220252e+000	  2.0459631566547589e+000	  2.0866640368613019e+000	  1.9269083528071362e+000	  1.8323803295750407e+000	  1.9979205542820073e+000	  2.0474636577676311e+000	
  1.8295619589026400e+000	  1.8179602448918204e+000	  1.7842538255868101e+000	  2.0069606040374195e+000	  2.0103030468444993e+000	  1.9640328663969058e+000	  2.0195883051114714e+000	  2.0459801106902820e+000	  2.0866476562558547e+000	  1.9270445620385199e+000	  1.8325505714813330e+000	  1.9978768125944439e+000	  2.0473762261366093e+000	
