  7.6600205108114894e+000	  7.6556973887345894e+000	  7.6486949954784453e+000	  7.2129329670516462e+000	  7.1650601431898968e+000	  7.2119784512689051e+000	  7.2744416766623505e+000	  7.2210267190038770e+000	  7.2004272344233620e+000	  7.6308220478395938e+000	  7.6452287430566681e+000	  7.1450804424379246e+000	  7.1812761572544925e+000	
  7.6600205084664985e+000	  7.6556973863699209e+000	  7.6486949930679771e+000	  7.2129329670301345e+000	  7.1650601431898409e+000	  7.2119784512688732e+000	  7.2744402949436413e+000	  7.2210267190038735e+000	  7.2004272344233637e+000	  7.6308220466318417e+000	  7.6452287403833949e+000	  7.1450804424378465e+000	  7.1812761572555690e+000	
  7.6600205034434801e+000	  7.6556973813052753e+000	  7.6486949879054542e+000	  7.2129329669835442e+000	  7.1650601431895176e+000	  7.2119784512686236e+000	  7.2744389132397078e+000	  7.2210267190037065e+000	  7.2004272344232074e+000	  7.6308220440364920e+000	  7.6452287346619165e+000	  7.1450804424374574e+000	  7.1812761572578054e+000	
  7.6600204957240541e+000	  7.6556973735227238e+000	  7.6486949799728539e+000	  7.2129329669113353e+000	  7.1650601431888994e+000	  7.2119784512681679e+000	  7.2744375315507392e+000	  7.2210267190034472e+000	  7.2004272344229800e+000	  7.6308220400346194e+000	  7.6452287258766809e+000	  7.1450804424367131e+000	  7.1812761572612640e+000	
  7.6600202121233423e+000	  7.6556970880208457e+000	  7.6486946891380221e+000	  7.2129329639396484e+000	  7.1650601431162855e+000	  7.2119784512257521e+000	  7.2744237158961287e+000	  7.2210267189932758e+000	  7.2004272344196067e+000	  7.6308218861168005e+000	  7.6452284067946685e+000	  7.1450804423390508e+000	  7.1812761573338264e+000	
  7.6600197199770985e+000	  7.6556965930691945e+000	  7.6486941851438832e+000	  7.2129329583415576e+000	  7.1650601429003409e+000	  7.2119784510934863e+000	  7.2744099016792916e+000	  7.2210267189493536e+000	  7.2004272343954785e+000	  7.6308216104574846e+000	  7.6452278573699033e+000	  7.1450804420544660e+000	  7.1812761573569315e+000	
  7.6600190420396022e+000	  7.6556959119049441e+000	  7.6486934917960561e+000	  7.2129329500273709e+000	  7.1650601424963991e+000	  7.2119784508493776e+000	  7.2743960889236146e+000	  7.2210267188720962e+000	  7.2004272343569475e+000	  7.6308212192032467e+000	  7.6452271060170052e+000	  7.1450804415217828e+000	  7.1812761572640458e+000	
  7.6600053035534454e+000	  7.6556821921925664e+000	  7.6486795601069826e+000	  7.2129326175071427e+000	  7.1650601060228922e+000	  7.2119784297397995e+000	  7.2742580785150537e+000	  7.2210267122533800e+000	  7.2004272324712382e+000	  7.6308112730390771e+000	  7.6452125572933163e+000	  7.1450803946676604e+000	  7.1812761235305835e+000	
  7.6599881114002066e+000	  7.6556650785211779e+000	  7.6486622030592333e+000	  7.2129319923753314e+000	  7.1650600227293051e+000	  7.2119783808801330e+000	  7.2741202023838998e+000	  7.2210266946080335e+000	  7.2004272263952380e+000	  7.6307971480264847e+000	  7.6451947643771874e+000	  7.1450802894013759e+000	  7.1812760399067361e+000	
  7.6599696303748299e+000	  7.6556467170623410e+000	  7.6486435929899965e+000	  7.2129310674167524e+000	  7.1650598887423964e+000	  7.2119783023849742e+000	  7.2739824615241577e+000	  7.2210266648579093e+000	  7.2004272164656271e+000	  7.6307806281936355e+000	  7.6451758798511591e+000	  7.1450801213958766e+000	  7.1812759014634260e+000	
  7.6597796027295182e+000	  7.6554585072136589e+000	  7.6484529181528824e+000	  7.2128970377269770e+000	  7.1650542362877871e+000	  7.2119749853462931e+000	  7.2726161450029725e+000	  7.2210252340425853e+000	  7.2004268143084023e+000	  7.6305908888463900e+000	  7.6449838874118790e+000	  7.1450731749911665e+000	  7.1812697460490078e+000	
  7.6595897460620339e+000	  7.6552708345192197e+000	  7.6482627947514370e+000	  7.2128359317276800e+000	  7.1650436859633686e+000	  7.2119686677151496e+000	  7.2712628830986450e+000	  7.2210223246690681e+000	  7.2004258879150331e+000	  7.6303979375132300e+000	  7.6447925615397505e+000	  7.1450603244258719e+000	  7.1812580856669594e+000	
  7.6594004022171589e+000	  7.6550839936966710e+000	  7.6480735281226551e+000	  7.2127487626201408e+000	  7.1650284420605974e+000	  7.2119594519871590e+000	  7.2699230376311235e+000	  7.2210180107411190e+000	  7.2004245192204603e+000	  7.6302052646091623e+000	  7.6446020416426546e+000	  7.1450418389608075e+000	  7.1812410456311859e+000	
  7.6584083709840307e+000	  7.6541109587800893e+000	  7.6470887160772367e+000	  7.2117932277942653e+000	  7.1648551344373796e+000	  7.2118492380844170e+000	  7.2631749074928162e+000	  7.2209648451112045e+000	  7.2004091148201432e+000	  7.6291937534291385e+000	  7.6436089246610646e+000	  7.1448353987310949e+000	  7.1810399082137426e+000	
  7.6574217197844590e+000	  7.6531478737041816e+000	  7.6461150111271987e+000	  7.2104029060833579e+000	  7.1645904625030195e+000	  7.2116715417476041e+000	  7.2567892333383739e+000	  7.2208738532569336e+000	  7.2003794931576337e+000	  7.6281863215820280e+000	  7.6426254574298387e+000	  7.1445253123149417e+000	  7.1807284343510887e+000	
  7.6564383690205791e+000	  7.6521907554609214e+000	  7.6451480914200634e+000	  7.2086898141425184e+000	  7.1642518671917674e+000	  7.2114346757635914e+000	  7.2507686407645604e+000	  7.2207489445194604e+000	  7.2003384450033732e+000	  7.6271818499782498e+000	  7.6416477454216025e+000	  7.1441336037293546e+000	  7.1803272274184149e+000	
  7.6545638619885787e+000	  7.6503677178952127e+000	  7.6433073062003363e+000	  7.2049246598942460e+000	  7.1634711807806397e+000	  7.2108630495455319e+000	  7.2401230132633421e+000	  7.2204403796569654e+000	  7.2002402430543047e+000	  7.6252665656110441e+000	  7.6397849426157496e+000	  7.1432428433666306e+000	  7.1794002556041754e+000	
  7.6526955041681557e+000	  7.6485471731104830e+000	  7.6414697251677168e+000	  7.2007164671693431e+000	  7.1625208500486188e+000	  7.2101223468851030e+000	  7.2306207880200652e+000	  7.2200182908692359e+000	  7.2000943454955699e+000	  7.6233570670760127e+000	  7.6379253325190994e+000	  7.1421790466672395e+000	  7.1782788274048119e+000	
  7.6508334026972609e+000	  7.6467223784722336e+000	  7.6396272893158041e+000	  7.1963730129949237e+000	  7.1614520973648270e+000	  7.2092442237227630e+000	  7.2222060809343471e+000	  7.2194992084836684e+000	  7.1999109542139941e+000	  7.6214528033881557e+000	  7.6360620099494021e+000	  7.1410023202400312e+000	  7.1770298223586764e+000	
  7.6489794182293966e+000	  7.6448901160389804e+000	  7.6377759205735654e+000	  7.1921029147139635e+000	  7.1602976099305042e+000	  7.2082506672263609e+000	  7.2147742805828550e+000	  7.2188920107745478e+000	  7.1996911796264591e+000	  7.6195536821567273e+000	  7.6341919168591925e+000	  7.1397501545010655e+000	  7.1756972592136137e+000	
  7.6453504037567175e+000	  7.6412498249131762e+000	  7.6340910785126166e+000	  7.1842606496390040e+000	  7.1578695556728231e+000	  7.2060498893022977e+000	  7.2025668540045462e+000	  7.2175067809940519e+000	  7.1991969613567655e+000	  7.6158195024927515e+000	  7.6304769199460196e+000	  7.1371634523598537e+000	  7.1729423351390729e+000	
  7.6417886293480830e+000	  7.6375991934325862e+000	  7.6303855020603510e+000	  7.1774598912382039e+000	  7.1552536765333645e+000	  7.2035335648539078e+000	  7.1928688287293436e+000	  7.2158207895746376e+000	  7.1985227924348312e+000	  7.6121266735484525e+000	  7.6267570757826437e+000	  7.1344410883499823e+000	  7.1700534073540680e+000	
  7.6383069793305101e+000	  7.6339623705948494e+000	  7.6266804994372190e+000	  7.1716921425372124e+000	  7.1525737629691761e+000	  7.2008490964550464e+000	  7.1849816180988899e+000	  7.2139454448297222e+000	  7.1977333346985510e+000	  7.6084854186568691e+000	  7.6230538931456202e+000	  7.1317048194199213e+000	  7.1671569991609516e+000	
  7.6348999048083721e+000	  7.6303565427130984e+000	  7.6229920578999799e+000	  7.1666975040226237e+000	  7.1498633689274556e+000	  7.1980577409660089e+000	  7.1782583367569703e+000	  7.2119257660145077e+000	  7.1968390135525144e+000	  7.6048931358137892e+000	  7.6193850402449321e+000	  7.1289811073679523e+000	  7.1642756656102673e+000	
  7.6315529219878186e+000	  7.6267955762184645e+000	  7.6193335797733699e+000	  7.1622170387293735e+000	  7.1471444098334143e+000	  7.1952004832804839e+000	  7.1721493410314512e+000	  7.2097954420977821e+000	  7.1958487747240270e+000	  7.6013455980447793e+000	  7.6157646795286063e+000	  7.1262857669940871e+000	  7.1614214938171035e+000	
  7.6275255222864260e+000	  7.6225254048684512e+000	  7.6149243848950423e+000	  7.1572226836117760e+000	  7.1438753501630465e+000	  7.1917044148935201e+000	  7.1652390557751957e+000	  7.2071243371334877e+000	  7.1945630137060990e+000	  7.5970730637822896e+000	  7.6114259454904669e+000	  7.1230884548793068e+000	  7.1580265178813232e+000	
  7.6235247789754919e+000	  7.6183308993458390e+000	  7.6105709893538407e+000	  7.1524763827393461e+000	  7.1405982973512465e+000	  7.1881439402505354e+000	  7.1587372728906900e+000	  7.2043133777576340e+000	  7.1931106516462417e+000	  7.5928520493997222e+000	  7.6071722672583064e+000	  7.1199246976200854e+000	  7.1546583663566459e+000	
  7.6195414377125541e+000	  7.6142112255919931e+000	  7.6062743615506250e+000	  7.1479834146137264e+000	  7.1373805609328862e+000	  7.1845982620816908e+000	  7.1528983610974297e+000	  7.2014413335393979e+000	  7.1915510235262694e+000	  7.5886870406388596e+000	  7.6030008793911952e+000	  7.1168563231401585e+000	  7.1513798204127195e+000	
  7.6155885439373421e+000	  7.6101669001960026e+000	  7.6020381629255951e+000	  7.1437722782307187e+000	  7.1342262035321333e+000	  7.1810841165159411e+000	  7.1477977787054687e+000	  7.1985335449660912e+000	  7.1898954029317501e+000	  7.5845862501834507e+000	  7.5989124027304076e+000	  7.1138794978521478e+000	  7.1481863588007801e+000	
  7.6116796466573788e+000	  7.6061956501503190e+000	  7.5978626910726357e+000	  7.1398596629226638e+000	  7.1311339786487853e+000	  7.1776095239015163e+000	  7.1433374546397710e+000	  7.1956104199277089e+000	  7.1881543176712075e+000	  7.5805545487877684e+000	  7.5949044464866660e+000	  7.1109861366550788e+000	  7.1450686001210197e+000	
  7.6062895741170777e+000	  7.6007443025703676e+000	  7.5921061514708814e+000	  7.1348937911268564e+000	  7.1269754206276765e+000	  7.1728914999117475e+000	  7.1379976042880067e+000	  7.1916162234930265e+000	  7.1857003251872111e+000	  7.5750061581587733e+000	  7.5894066478295965e+000	  7.1071327584681629e+000	  7.1408826067005045e+000	
  7.6010460122729118e+000	  7.5954573104060970e+000	  7.5865006690366190e+000	  7.1302299967263867e+000	  7.1228120819182799e+000	  7.1681237060404435e+000	  7.1332037062115816e+000	  7.1874992368968851e+000	  7.1829634119574735e+000	  7.5696224074387377e+000	  7.5840915513719480e+000	  7.1032950375134103e+000	  7.1366956365821039e+000	
  7.5959497992281548e+000	  7.5903337048795017e+000	  7.5810488341272801e+000	  7.1259363390182546e+000	  7.1188297932841902e+000	  7.1635002752053829e+000	  7.1288713133088404e+000	  7.1834530229544651e+000	  7.1801269256161202e+000	  7.5643931248720557e+000	  7.5789460002059617e+000	  7.0996512342473110e+000	  7.1326944669683012e+000	
  7.5909622610905405e+000	  7.5853369155330537e+000	  7.5757160609037335e+000	  7.1218961805663756e+000	  7.1150035678012511e+000	  7.1590202652870083e+000	  7.1248139448227690e+000	  7.1794943128918796e+000	  7.1772122107324137e+000	  7.5592869633298658e+000	  7.5739349424719329e+000	  7.0961627186221836e+000	  7.1288404678586499e+000	
  7.5860964608052530e+000	  7.5804836919931198e+000	  7.5705254770564228e+000	  7.1180184011096284e+000	  7.1113062721760052e+000	  7.1546699017829773e+000	  7.1209060740694863e+000	  7.1756256138470107e+000	  7.1742361237130865e+000	  7.5543114229855703e+000	  7.5690710075899581e+000	  7.0927963320354870e+000	  7.1250989120062620e+000	
  7.5820461300786821e+000	  7.5764628034844712e+000	  7.5662213484453549e+000	  7.1146897033206677e+000	  7.1081404891267876e+000	  7.1509367458692399e+000	  7.1174826966609004e+000	  7.1722445893255493e+000	  7.1714990125665086e+000	  7.5501871623862726e+000	  7.5650522637595685e+000	  7.0899087067865239e+000	  7.1218902789569771e+000	
  7.5779878695831862e+000	  7.5724529950401038e+000	  7.5619259157673149e+000	  7.1115821972181372e+000	  7.1052204014219864e+000	  7.1474717579367617e+000	  7.1142675606787638e+000	  7.1691231403112692e+000	  7.1689390270919411e+000	  7.5460721076957533e+000	  7.5610420450368778e+000	  7.0872634704700790e+000	  7.1189156243911711e+000	
  7.5742005201117291e+000	  7.5687327029675604e+000	  7.5579383090041414e+000	  7.1085146268434780e+000	  7.1023809138185943e+000	  7.1440908886470247e+000	  7.1110363798459595e+000	  7.1660562356389903e+000	  7.1663591586284809e+000	  7.5421853980806333e+000	  7.5573094381279677e+000	  7.0847013487196495e+000	  7.1160124223481294e+000	
  7.5701711656999358e+000	  7.5647912697715114e+000	  7.5537076280037709e+000	  7.1054164170576755e+000	  7.0995576182680420e+000	  7.1407444916899099e+000	  7.1077504318543188e+000	  7.1630218507733066e+000	  7.1637590356876988e+000	  7.5381662618808516e+000	  7.5533915449486493e+000	  7.0821465998867570e+000	  7.1131136465848641e+000	
  7.5626163919567855e+000	  7.5574740808271379e+000	  7.5458618007694156e+000	  7.0994767337286184e+000	  7.0943495268509054e+000	  7.1345318894929903e+000	  7.1013037460031807e+000	  7.1574253071466032e+000	  7.1589416447787606e+000	  7.5305180595265035e+000	  7.5460701997143396e+000	  7.0774846690369753e+000	  7.1077318062969663e+000	
  7.5571529386834371e+000	  7.5522384725329630e+000	  7.5402731913007557e+000	  7.0945417815098573e+000	  7.0901447248261231e+000	  7.1295624339108716e+000	  7.0955773483443529e+000	  7.1527104597513613e+000	  7.1546901803766705e+000	  7.5250520097573119e+000	  7.5408634093861391e+000	  7.0736685778563508e+000	  7.1034374022335225e+000	
  7.5531773118558867e+000	  7.5484726148457728e+000	  7.5362681690644759e+000	  7.0909366090428332e+000	  7.0872725076924201e+000	  7.1261527043064454e+000	  7.0909128974333901e+000	  7.1493666043286002e+000	  7.1516386102600382e+000	  7.5210640007039959e+000	  7.5371038769763370e+000	  7.0710863079109458e+000	  7.1005301189689796e+000	
  7.5490572900810520e+000	  7.5446158788420821e+000	  7.5321760564163416e+000	  7.0872932601547554e+000	  7.0845787398531108e+000	  7.1230056821522378e+000	  7.0860065987376100e+000	  7.1462559738204572e+000	  7.1488122207898073e+000	  7.5169904580709002e+000	  7.5332611022777236e+000	  7.0686749389748282e+000	  7.0977956147131440e+000	
  7.5448884457563246e+000	  7.5407643003478864e+000	  7.5281018049978226e+000	  7.0834024037884973e+000	  7.0818240719217194e+000	  7.1198567099468821e+000	  7.0808578640768687e+000	  7.1431280177470775e+000	  7.1459854685735760e+000	  7.5129210346364630e+000	  7.5294363333703114e+000	  7.0662014778018190e+000	  7.0949940253612152e+000	
  7.5407621343922866e+000	  7.5369925665806932e+000	  7.5241356820826706e+000	  7.0793944438485745e+000	  7.0790553870947068e+000	  7.1167219022568124e+000	  7.0756926418897379e+000	  7.1399704429278170e+000	  7.1431576928637615e+000	  7.5088951077575583e+000	  7.5256831963689876e+000	  7.0637242943044374e+000	  7.0921865137172677e+000	
  7.5329346476964325e+000	  7.5298549927970146e+000	  7.5166834970391889e+000	  7.0721337423800676e+000	  7.0740070169073812e+000	  7.1111260857790404e+000	  7.0667570014961232e+000	  7.1340360699218808e+000	  7.1381861380185807e+000	  7.5012825598934185e+000	  7.5185831594203520e+000	  7.0593003797633234e+000	  7.0871214591967053e+000	
  7.5306200159694683e+000	  7.5277454642840969e+000	  7.5145041966329842e+000	  7.0692412929552741e+000	  7.0717349419533893e+000	  7.1086562960703503e+000	  7.0633673561218107e+000	  7.1312966595642138e+000	  7.1357753631539342e+000	  7.4990763671736591e+000	  7.5165272045158567e+000	  7.0572206442640901e+000	  7.0848930957686314e+000	
  7.5282405645735846e+000	  7.5255645934453916e+000	  7.5122517174302246e+000	  7.0672256255005514e+000	  7.0702800635065319e+000	  7.1070525288103941e+000	  7.0609223856669399e+000	  7.1294001450872706e+000	  7.1342055022248907e+000	  7.4967898557491228e+000	  7.5143630807036192e+000	  7.0559690979643488e+000	  7.0835247285518452e+000	
  7.5259169374020409e+000	  7.5234212005086967e+000	  7.5100484285153630e+000	  7.0652122848834189e+000	  7.0687638600056495e+000	  7.1054385150306612e+000	  7.0585784409890842e+000	  7.1275074406298735e+000	  7.1326397422041286e+000	  7.4945281364984959e+000	  7.5122328346108223e+000	  7.0546499239065117e+000	  7.0820762054587973e+000	
  7.5235674774203751e+000	  7.5212455736239026e+000	  7.5078184077666350e+000	  7.0632028470326116e+000	  7.0671934679539241e+000	  7.1038015907855581e+000	  7.0563292364631138e+000	  7.1256175647672499e+000	  7.1310754070046087e+000	  7.4922574215014812e+000	  7.5100766037452669e+000	  7.0532739350349960e+000	  7.0805531914959356e+000	
  7.5181584344140422e+000	  7.5161960310163547e+000	  7.5026546255476880e+000	  7.0588222360141923e+000	  7.0636533088105544e+000	  7.1001307916141307e+000	  7.0516425708415333e+000	  7.1214784184957214e+000	  7.1276931038115254e+000	  7.4869779499995364e+000	  7.5050572357192262e+000	  7.0501982079258774e+000	  7.0770677563232187e+000	
  7.5129146185913935e+000	  7.5112485741959869e+000	  7.4976105692797930e+000	  7.0543608661883752e+000	  7.0598021781530091e+000	  7.0960868540205730e+000	  7.0469958145166309e+000	  7.1170284170767459e+000	  7.1239102031947592e+000	  7.4818506496118840e+000	  7.5001558916117599e+000	  7.0467936848653689e+000	  7.0732526580750594e+000	
  7.5077958995794507e+000	  7.5063737197134159e+000	  7.4926437980612608e+000	  7.0502249254230094e+000	  7.0561155676839862e+000	  7.0921599374664588e+000	  7.0426671494186248e+000	  7.1127488835825314e+000	  7.1201620372804388e+000	  7.4768222144991725e+000	  7.4953189630276249e+000	  7.0435223458768874e+000	  7.0696038676626252e+000	
  7.5027847233371627e+000	  7.5015729520795791e+000	  7.4877515420932852e+000	  7.0462894813937691e+000	  7.0525577318288732e+000	  7.0883464488155017e+000	  7.0384455658152660e+000	  7.1086546342878325e+000	  7.1164587375390145e+000	  7.4718804298755810e+000	  7.4905492407770264e+000	  7.0403388609113433e+000	  7.0660620377789325e+000	
  7.4978735818963296e+000	  7.4968568300179754e+000	  7.4829414157404823e+000	  7.0424650985053034e+000	  7.0491031348812854e+000	  7.0846280481098560e+000	  7.0342767589959792e+000	  7.1047326684761085e+000	  7.1128058205547209e+000	  7.4670267611122583e+000	  7.4858585679425449e+000	  7.0372204599936836e+000	  7.0625922735729567e+000	
  7.4925987147630906e+000	  7.4917901505551470e+000	  7.4777659176789122e+000	  7.0384122458880505e+000	  7.0454640311337489e+000	  7.0806887134855909e+000	  7.0298555613088194e+000	  7.1006544492833257e+000	  7.1089181349918604e+000	  7.4618068210117841e+000	  7.4808137416915930e+000	  7.0339151953249122e+000	  7.0589025320663001e+000	
  7.4874347303761137e+000	  7.4868300556396807e+000	  7.4726916233202303e+000	  7.0344187751532932e+000	  7.0418772313933964e+000	  7.0767787491004484e+000	  7.0255239784031573e+000	  7.0966585175844159e+000	  7.1050265084409752e+000	  7.4566984641050080e+000	  7.4758759297776667e+000	  7.0306303156616341e+000	  7.0552482438709347e+000	
  7.4823833637170942e+000	  7.4819740338014356e+000	  7.4677163835117373e+000	  7.0305738639878186e+000	  7.0384066571459911e+000	  7.0729720049811959e+000	  7.0213854767674047e+000	  7.0927986977182513e+000	  7.1012059236040983e+000	  7.4516961517325644e+000	  7.4710385859672321e+000	  7.0274346123691540e+000	  7.0517040176801693e+000	
  7.4774401663016672e+000	  7.4772139360779537e+000	  7.4628334265580660e+000	  7.0268768737060494e+000	  7.0350350776119654e+000	  7.0692619138810606e+000	  7.0174432628784338e+000	  7.0890573524506753e+000	  7.0974574588543877e+000	  7.4467961456536962e+000	  7.4662956811485159e+000	  7.0243142653181128e+000	  7.0482540826539939e+000	
  7.4658775014288352e+000	  7.4660375469274864e+000	  7.4513365932957178e+000	  7.0189240560927786e+000	  7.0276383757928329e+000	  7.0610966778676207e+000	  7.0091443141703227e+000	  7.0810019575539105e+000	  7.0893810523403671e+000	  7.4352487361112196e+000	  7.4551122076068559e+000	  7.0174041396097060e+000	  7.0405732332275317e+000	
  7.4549952586506212e+000	  7.4554526391650651e+000	  7.4404522617342987e+000	  7.0106333022291345e+000	  7.0196918590346229e+000	  7.0523326699092816e+000	  7.0003264931879032e+000	  7.0720939693146683e+000	  7.0803089496965725e+000	  7.4244046725350401e+000	  7.4445566651361270e+000	  7.0098275660746410e+000	  7.0324830407026884e+000	
  7.4518560030724021e+000	  7.4523858741425215e+000	  7.4373179903606932e+000	  7.0073957740245465e+000	  7.0165664390159588e+000	  7.0489028906498259e+000	  6.9967012424684736e+000	  7.0683958116772381e+000	  7.0764447134392157e+000	  7.4213298742232006e+000	  7.4415347808089241e+000	  7.0067747645876457e+000	  7.0294453524985574e+000	
  7.4485669762878324e+000	  7.4491718374961753e+000	  7.4340339131799116e+000	  7.0056022043514101e+000	  7.0148824125842069e+000	  7.0470655676483673e+000	  6.9945937780765082e+000	  7.0663457585376843e+000	  7.0741803824577811e+000	  7.4180558302058621e+000	  7.4382988279983433e+000	  7.0051589577952971e+000	  7.0278385798229692e+000	
  7.4475242761071758e+000	  7.4481719891560179e+000	  7.4330004896201860e+000	  7.0059583096555649e+000	  7.0135387426932816e+000	  7.0456049467797186e+000	  7.0043390900481661e+000	  7.0647484374580873e+000	  7.0723560188988301e+000	  7.4170675777084334e+000	  7.4373100466971547e+000	  7.0038991028021620e+000	  7.0265252716512681e+000	
  7.4476312095346398e+000	  7.4483158597279999e+000	  7.4331244755593069e+000	  7.0091590138325213e+000	  7.0128186757359217e+000	  7.0446696250788445e+000	  7.0184745985056178e+000	  7.0636214632655179e+000	  7.0709010668383510e+000	  7.4172798764059706e+000	  7.4374721079754647e+000	  7.0033035277298499e+000	  7.0259298973405073e+000	
  7.4481270950181937e+000	  7.4488737003536176e+000	  7.4336711254854144e+000	  7.0139614700239097e+000	  7.0125009044630673e+000	  7.0440828278897438e+000	  7.0322563491505079e+000	  7.0627677312483002e+000	  7.0695717924055970e+000	  7.4179075149576406e+000	  7.4380476269910414e+000	  7.0031133851316323e+000	  7.0258234492865377e+000	
  7.4487646636433240e+000	  7.4496075051847637e+000	  7.4344054629312897e+000	  7.0189480247084450e+000	  7.0124539431587110e+000	  7.0437881445194357e+000	  7.0438083527066020e+000	  7.0621646127830466e+000	  7.0683600093706342e+000	  7.4186934209791389e+000	  7.4387944637582422e+000	  7.0031663272044096e+000	  7.0260260424767065e+000	
  7.4494693991647942e+000	  7.4504341467147928e+000	  7.4352469922489792e+000	  7.0233387478572915e+000	  7.0125748660601879e+000	  7.0437176312213676e+000	  7.0530513646702495e+000	  7.0617784216253003e+000	  7.0672626632186635e+000	  7.4195513460269051e+000	  7.4396300046950374e+000	  7.0033536930738283e+000	  7.0263961247679312e+000	
  7.4507430985578988e+000	  7.4519205633844212e+000	  7.4367900125320059e+000	  7.0290853720670317e+000	  7.0130427926649990e+000	  7.0439864192575516e+000	  7.0647598401446139e+000	  7.0615727458429536e+000	  7.0657474340304738e+000	  7.4210596282676420e+000	  7.4411237122012466e+000	  7.0038785028607897e+000	  7.0272245016798038e+000	
  7.4521238720581682e+000	  7.4534950823462900e+000	  7.4384590142475684e+000	  7.0331571336495635e+000	  7.0136235060074341e+000	  7.0444641214069819e+000	  7.0728331903138626e+000	  7.0616379251050709e+000	  7.0644127258168901e+000	  7.4226457390182716e+000	  7.4427056116463195e+000	  7.0044657823295999e+000	  7.0281013086716513e+000	
  7.4535643666169840e+000	  7.4550862099489859e+000	  7.4401757736969198e+000	  7.0361715973783667e+000	  7.0143293698749769e+000	  7.0451319491953210e+000	  7.0786021288230714e+000	  7.0619590155248257e+000	  7.0633164903087717e+000	  7.4242521787343989e+000	  7.4443006924366415e+000	  7.0051445805975359e+000	  7.0290455012296640e+000	
  7.4550362708532560e+000	  7.4566548244749296e+000	  7.4418945306510604e+000	  7.0385349067286160e+000	  7.0151010057268604e+000	  7.0459142700130144e+000	  7.0828954898085978e+000	  7.0624548503258779e+000	  7.0624280469030971e+000	  7.4258495411949834e+000	  7.4458708689903421e+000	  7.0058658030970875e+000	  7.0300022107283588e+000	
  7.4575266941011655e+000	  7.4591999747007058e+000	  7.4447278949731510e+000	  7.0416175263435807e+000	  7.0164816461100621e+000	  7.0473975897884173e+000	  7.0879936801205794e+000	  7.0635687283035580e+000	  7.0613704120154672e+000	  7.4284695815353210e+000	  7.4484115277646943e+000	  7.0071303576144182e+000	  7.0315894682206963e+000	
  7.4599850501675053e+000	  7.4616068686981123e+000	  7.4474486213460001e+000	  7.0440995567675042e+000	  7.0178024787737776e+000	  7.0488963392268005e+000	  7.0917022030966095e+000	  7.0647791630805763e+000	  7.0606583944249532e+000	  7.4309846234802297e+000	  7.4508005208527575e+000	  7.0082657606154619e+000	  7.0330294777994276e+000	
  7.4620186181253523e+000	  7.4635464780236642e+000	  7.4496635483265869e+000	  7.0459629487030604e+000	  7.0188896267913972e+000	  7.0501874947713610e+000	  7.0942887167862398e+000	  7.0658518123234311e+000	  7.0602878634475950e+000	  7.4330304020905711e+000	  7.4527109718680418e+000	  7.0091505208055747e+000	  7.0341770110596791e+000	
  7.4639810350361451e+000	  7.4653872599535234e+000	  7.4517794989717654e+000	  7.0476522739149026e+000	  7.0199163121391788e+000	  7.0514543217396124e+000	  7.0965211454292128e+000	  7.0668938961949461e+000	  7.0600695707876273e+000	  7.4349836342330038e+000	  7.4545179255459164e+000	  7.0099746261078248e+000	  7.0352379646207321e+000	
  7.4658695218296600e+000	  7.4671398997202978e+000	  7.4537996986811415e+000	  7.0492086296738030e+000	  7.0209006801836544e+000	  7.0526902960652418e+000	  7.0984952764013283e+000	  7.0679281993170466e+000	  7.0599487102894436e+000	  7.4368477508267183e+000	  7.4562371367084452e+000	  7.0107728361459536e+000	  7.0362324488892636e+000	
  7.4676845283490039e+000	  7.4688167066351348e+000	  7.4557280887512345e+000	  7.0506570266897999e+000	  7.0218580938448643e+000	  7.0538821242243532e+000	  7.1002787721994114e+000	  7.0689783199004186e+000	  7.0598754566240949e+000	  7.4386285211993552e+000	  7.4578826017639575e+000	  7.0115576048038015e+000	  7.0371742029430706e+000	
  7.4697327982097566e+000	  7.4707106691661984e+000	  7.4578895299642465e+000	  7.0522456637954036e+000	  7.0229587673807998e+000	  7.0552111170998639e+000	  7.1021959714286922e+000	  7.0702351512849368e+000	  7.0598205547941237e+000	  7.4406305749268764e+000	  7.4597430024366940e+000	  7.0124644484632181e+000	  7.0382261341804835e+000	
  7.4716879727091055e+000	  7.4725263651385632e+000	  7.4599381569933119e+000	  7.0537496029434124e+000	  7.0240557842844975e+000	  7.0564856421753266e+000	  7.1039870576352122e+000	  7.0715242036568533e+000	  7.0598522579233602e+000	  7.4425356571033277e+000	  7.4615278252915473e+000	  7.0133772301791666e+000	  7.0392478692935079e+000	
  7.4735597084153191e+000	  7.4742752069376763e+000	  7.4618867787479317e+000	  7.0551642192264836e+000	  7.0251275864190799e+000	  7.0576911671036413e+000	  7.1056609333179788e+000	  7.0728055308253239e+000	  7.0599673909063725e+000	  7.4443576132520661e+000	  7.4632499397431538e+000	  7.0142754141304664e+000	  7.0402284875835637e+000	
  7.4753562927803845e+000	  7.4759645451227730e+000	  7.4637469367990690e+000	  7.0565047791559099e+000	  7.0261749929257640e+000	  7.0588415976131991e+000	  7.1072400629968673e+000	  7.0740662888295258e+000	  7.0601811009123203e+000	  7.4461065335111858e+000	  7.4649164182878929e+000	  7.0151605390067342e+000	  7.0411777942613671e+000	
  7.4775165990304195e+000	  7.4780083807554458e+000	  7.4659733806540380e+000	  7.0580834495835054e+000	  7.0274363419907715e+000	  7.0602096490875912e+000	  7.1090928817378387e+000	  7.0755839103120675e+000	  7.0605696653907328e+000	  7.4482132766357392e+000	  7.4669374504190351e+000	  7.0162329614912018e+000	  7.0423162382962889e+000	
  7.4795843499868688e+000	  7.4799764495691541e+000	  7.4680961356981967e+000	  7.0596106197510142e+000	  7.0286896158205447e+000	  7.0615664993125353e+000	  7.1108859628704852e+000	  7.0770948789083388e+000	  7.0611567559395478e+000	  7.4502303969589914e+000	  7.4688852512803638e+000	  7.0173123278345741e+000	  7.0434433141376420e+000	
  7.4815772169092369e+000	  7.4818827207016074e+000	  7.4701370638135192e+000	  7.0610543583178895e+000	  7.0298930368053565e+000	  7.0628742691374828e+000	  7.1125824213609778e+000	  7.0785450957350093e+000	  7.0618607022319386e+000	  7.4521773822176467e+000	  7.4707752818694217e+000	  7.0183558532776420e+000	  7.0445218284205762e+000	
  7.4835058328188175e+000	  7.4837346582643409e+000	  7.4721094860443564e+000	  7.0624355725235226e+000	  7.0310588977432236e+000	  7.0641487248139452e+000	  7.1142024206576355e+000	  7.0799426068192552e+000	  7.0626589467061969e+000	  7.4540639720561277e+000	  7.4726137685987002e+000	  7.0193739594265097e+000	  7.0455675126999466e+000	
  7.4875448720318101e+000	  7.4876271856212728e+000	  7.4762368245265947e+000	  7.0652297270651658e+000	  7.0334316613489882e+000	  7.0667823250234374e+000	  7.1174713205096563e+000	  7.0827610803886891e+000	  7.0645201598150145e+000	  7.4580326738730989e+000	  7.4764898383800915e+000	  7.0214460051377703e+000	  7.0476983410174210e+000	
  7.4913840661540769e+000	  7.4913422099331495e+000	  7.4801580182409193e+000	  7.0680575924743625e+000	  7.0358899335039506e+000	  7.0695672543919965e+000	  7.1208209117537926e+000	  7.0857127828117701e+000	  7.0669281416526850e+000	  7.4617916747770465e+000	  7.4801811821565884e+000	  7.0236353259364854e+000	  7.0498934533159296e+000	
  7.4951016187024457e+000	  7.4949496161168696e+000	  7.4839550244447945e+000	  7.0706191955624611e+000	  7.0381236756177437e+000	  7.0721192874790439e+000	  7.1238431521971393e+000	  7.0883535661355612e+000	  7.0692816971295400e+000	  7.4654368959046487e+000	  7.4837765069763886e+000	  7.0256394314761828e+000	  7.0518911709822945e+000	
  7.4987065095062597e+000	  7.4984511311675019e+000	  7.4876352455429789e+000	  7.0730931777999615e+000	  7.0402874636865302e+000	  7.0746008460147554e+000	  7.1267209217553660e+000	  7.0908485698511239e+000	  7.0715802737706177e+000	  7.4689703705027348e+000	  7.4872688915794559e+000	  7.0275943753536545e+000	  7.0538531015671433e+000	
  7.5021228420907402e+000	  7.5017709719286412e+000	  7.4911226094611969e+000	  7.0754735723624620e+000	  7.0423675688353313e+000	  7.0770118546499674e+000	  7.1295218645673444e+000	  7.0932844486860773e+000	  7.0738525044079106e+000	  7.4723349212052081e+000	  7.4905862818933002e+000	  7.0294623945785926e+000	  7.0557202878675618e+000	
  7.5074445655542625e+000	  7.5069471588187504e+000	  7.4965538242701237e+000	  7.0791277774446257e+000	  7.0455639310687257e+000	  7.0807160265883997e+000	  7.1338452505401548e+000	  7.0970475093153702e+000	  7.0774195380949649e+000	  7.4775749190157565e+000	  7.4957627411159589e+000	  7.0323268055324686e+000	  7.0585653531342025e+000	
  7.5125665595397511e+000	  7.5119429341396327e+000	  7.5017750975097055e+000	  7.0827488967949748e+000	  7.0487825420689338e+000	  7.0844225730353561e+000	  7.1381471853725769e+000	  7.1008575050848268e+000	  7.0811878891771318e+000	  7.4825982847177066e+000	  7.5007517166635722e+000	  7.0352473088904084e+000	  7.0614222667003901e+000	
  7.5174742224051805e+000	  7.5167361793687117e+000	  7.5067744986414873e+000	  7.0860978778813415e+000	  7.0517608968059378e+000	  7.0878438835134414e+000	  7.1420959125107668e+000	  7.1043237801475847e+000	  7.0846357419034582e+000	  7.4874249288499559e+000	  7.5055526919199274e+000	  7.0379567116035311e+000	  7.0640783086046159e+000	
  7.5190972056969603e+000	  7.5183248585815114e+000	  7.5084252471771844e+000	  7.0873423277372218e+000	  7.0528922451479659e+000	  7.0891363439746424e+000	  7.1435797671582186e+000	  7.1056726672949289e+000	  7.0860159205847584e+000	  7.4890036672710902e+000	  7.5071327811390871e+000	  7.0390020522371017e+000	  7.0650857130759430e+000	
  7.5198571296005294e+000	  7.5190658468838869e+000	  7.5092205733248552e+000	  7.0867032082049253e+000	  7.0533706777179432e+000	  7.0897780923826286e+000	  7.1400471530222962e+000	  7.1063731458814159e+000	  7.0868529335669823e+000	  7.4897222851808287e+000	  7.5078750019869371e+000	  7.0393853028228115e+000	  7.0654099843938791e+000	
  7.5200871719303199e+000	  7.5192781339519783e+000	  7.5094762368083448e+000	  7.0853543029569206e+000	  7.0535185654815891e+000	  7.0900977024118550e+000	  7.1365255819892610e+000	  7.1067714172014558e+000	  7.0875226294986007e+000	  7.4899094380457036e+000	  7.5080850148854736e+000	  7.0394449544008832e+000	  7.0653866563739882e+000	
  7.5201016044096392e+000	  7.5192725413813193e+000	  7.5095023498906173e+000	  7.0843348678071738e+000	  7.0534541231264072e+000	  7.0901834058984452e+000	  7.1345917108314119e+000	  7.1069411773199516e+000	  7.0880618108010882e+000	  7.4898876112861732e+000	  7.5080767354063020e+000	  7.0393152073412892e+000	  7.0651575263880906e+000	
  7.5200651144926454e+000	  7.5192195844822489e+000	  7.5094754465122762e+000	  7.0837137209641439e+000	  7.0532653728824570e+000	  7.0901345818644330e+000	  7.1336881624835620e+000	  7.1069659745567009e+000	  7.0885757934447557e+000	  7.4898157804629104e+000	  7.5080217172286954e+000	  7.0390804389090569e+000	  7.0647977514216684e+000	
  7.5200353960778417e+000	  7.5191859663940823e+000	  7.5094581580686253e+000	  7.0834343236903763e+000	  7.0530430016312362e+000	  7.0900137114084938e+000	  7.1334791118302796e+000	  7.1068790571247664e+000	  7.0889234383064093e+000	  7.4897606583995113e+000	  7.5079890719202318e+000	  7.0388370497418293e+000	  7.0644400770679869e+000	
  7.5200401542918609e+000	  7.5191934175480259e+000	  7.5094781585256758e+000	  7.0832531964319951e+000	  7.0528417171320665e+000	  7.0898929530764274e+000	  7.1334444448998351e+000	  7.1067770651723876e+000	  7.0891624110249243e+000	  7.4897423672423358e+000	  7.5079987877386518e+000	  7.0386243192503049e+000	  7.0641216516339238e+000	
  7.5200782973188396e+000	  7.5192340884968072e+000	  7.5095310205217878e+000	  7.0830917446823580e+000	  7.0526627102374224e+000	  7.0897794625208252e+000	  7.1334326182103922e+000	  7.1066879219425907e+000	  7.0893237566809653e+000	  7.4897558546100491e+000	  7.5080422285190771e+000	  7.0384353522587002e+000	  7.0638306709044905e+000	
  7.5202172312161046e+000	  7.5193704348810915e+000	  7.5096930876265962e+000	  7.0828280510916670e+000	  7.0523642160909734e+000	  7.0895784249178746e+000	  7.1334563760640712e+000	  7.1065702898830239e+000	  7.0895282652367086e+000	  7.4898382936801529e+000	  7.5081828222831506e+000	  7.0381149163019909e+000	  7.0633114142403652e+000	
  7.5204001946850170e+000	  7.5195434717505449e+000	  7.5098948986221572e+000	  7.0825863626024752e+000	  7.0520702469770900e+000	  7.0893497554387945e+000	  7.1334958205063348e+000	  7.1064437712171920e+000	  7.0895542777373812e+000	  7.4899640510758783e+000	  7.5083624413957093e+000	  7.0377956189823667e+000	  7.0628007550550986e+000	
  7.5206068442366494e+000	  7.5197370355316107e+000	  7.5101187108161120e+000	  7.0823981315155269e+000	  7.0518174823114403e+000	  7.0891514198551313e+000	  7.1336029467669881e+000	  7.1063707743444535e+000	  7.0895515412098025e+000	  7.4901094924427642e+000	  7.5085608705687017e+000	  7.0375143580091706e+000	  7.0623270110942542e+000	
  7.5219160114655672e+000	  7.5210146460557361e+000	  7.5114461052937074e+000	  7.0840009936139374e+000	  7.0521538528539480e+000	  7.0895026411572477e+000	  7.1378061163634747e+000	  7.1067695096704302e+000	  7.0897240150876240e+000	  7.4913803726968755e+000	  7.5098560415116813e+000	  7.0378254678663001e+000	  7.0625070260373217e+000	
  7.5238451403238757e+000	  7.5229068212579246e+000	  7.5134060224616510e+000	  7.0860194571499058e+000	  7.0531137811088662e+000	  7.0905213869905275e+000	  7.1413699469030778e+000	  7.1078830610626547e+000	  7.0904436396879014e+000	  7.4932520160764859e+000	  7.5117577695462252e+000	  7.0387237257747071e+000	  7.0632882039853264e+000	
  7.5259228443836435e+000	  7.5249412497398289e+000	  7.5155205370619882e+000	  7.0875005098137311e+000	  7.0541945074797816e+000	  7.0916935032650610e+000	  7.1434349615166806e+000	  7.1091736374654797e+000	  7.0913462710122239e+000	  7.4952638237462814e+000	  7.5138036912694179e+000	  7.0397160257610718e+000	  7.0641647948054533e+000	
  7.5280796006164827e+000	  7.5270456561762380e+000	  7.5177142501705188e+000	  7.0887871073024229e+000	  7.0553287185818157e+000	  7.0929587606456881e+000	  7.1450725568290920e+000	  7.1105708925860736e+000	  7.0924359960311811e+000	  7.4973488648735707e+000	  7.5159211195648119e+000	  7.0407433795320973e+000	  7.0650624230749006e+000	
  7.5301067733601439e+000	  7.5290228214866612e+000	  7.5197760609160991e+000	  7.0899873873925685e+000	  7.0563902802079159e+000	  7.0941696960077056e+000	  7.1466285867806967e+000	  7.1119118948586717e+000	  7.0935952160706979e+000	  7.4993073395677783e+000	  7.5179109218790447e+000	  7.0417001000487840e+000	  7.0658826097181660e+000	
  7.5320271895674686e+000	  7.5308997074538748e+000	  7.5217307056696310e+000	  7.0911343324927305e+000	  7.0573796326220730e+000	  7.0953103009748535e+000	  7.1481567981556822e+000	  7.1131724247345183e+000	  7.0947570609430421e+000	  7.5011629841145648e+000	  7.5198009919931703e+000	  7.0425935915745104e+000	  7.0666368136171567e+000	
  7.5338649298524363e+000	  7.5326991605537792e+000	  7.5236018691771278e+000	  7.0922233707115865e+000	  7.0583161027326327e+000	  7.0963938868237992e+000	  7.1496248626046359e+000	  7.1143683617863562e+000	  7.0958930620319602e+000	  7.5029380253623881e+000	  7.5216140908494733e+000	  7.0434427712836367e+000	  7.0673459751073651e+000	
  7.5373621614584323e+000	  7.5361265063335949e+000	  7.5271614348860041e+000	  7.0942486406465761e+000	  7.0600629505803560e+000	  7.0984170367983612e+000	  7.1523803574822793e+000	  7.1166137056293035e+000	  7.0980346029788386e+000	  7.5063132814240365e+000	  7.5250710271328476e+000	  7.0450300519480091e+000	  7.0686502196292285e+000	
  7.5406673989903386e+000	  7.5393676451083920e+000	  7.5305215247812658e+000	  7.0961784173770361e+000	  7.0617374839768043e+000	  7.1003587178683940e+000	  7.1550228698971896e+000	  7.1187603488208637e+000	  7.1001968492615308e+000	  7.5094796795650565e+000	  7.5283326509560879e+000	  7.0465796722876988e+000	  7.0699130407632040e+000	
  7.5436666965087493e+000	  7.5423030300904941e+000	  7.5335744163205369e+000	  7.0977833112821234e+000	  7.0630849375502329e+000	  7.1019473101267554e+000	  7.1572676502651520e+000	  7.1204831422864228e+000	  7.1018564637292112e+000	  7.5123668774307877e+000	  7.5313038521836155e+000	  7.0478194814328070e+000	  7.0708836068179224e+000	
  7.5464264824410634e+000	  7.5450059959761351e+000	  7.5363836038146044e+000	  7.0992897263092143e+000	  7.0643546632061831e+000	  7.1034473869943380e+000	  7.1594358372423468e+000	  7.1221806262971352e+000	  7.1034949048548732e+000	  7.5150121785491972e+000	  7.5340352500186984e+000	  7.0489810440445311e+000	  7.0717687899052368e+000	
  7.5495729236927342e+000	  7.5480935025773377e+000	  7.5395829898960436e+000	  7.1009237960454232e+000	  7.0657366047926526e+000	  7.1050635191430569e+000	  7.1618456940332464e+000	  7.1240708590134645e+000	  7.1053108177719331e+000	  7.5180201829895346e+000	  7.5371568669712250e+000	  7.0502455626742009e+000	  7.0726952233955807e+000	
  7.5524320351538368e+000	  7.5509043451516273e+000	  7.5424926052014367e+000	  7.1023284503134869e+000	  7.0669273346528794e+000	  7.1064591420310848e+000	  7.1639702721384388e+000	  7.1257347150555859e+000	  7.1068993598857411e+000	  7.5207472444044452e+000	  7.5400014134853723e+000	  7.0513360111096084e+000	  7.0734566619173709e+000	
  7.5549963957188844e+000	  7.5534262673986099e+000	  7.5451081420407515e+000	  7.1034955436912499e+000	  7.0679010541015135e+000	  7.1076246588150163e+000	  7.1658197887255248e+000	  7.1271574142037615e+000	  7.1082445190061403e+000	  7.5231897570349595e+000	  7.5425567151687005e+000	  7.0522158930426055e+000	  7.0740218781734256e+000	
  7.5573147740566995e+000	  7.5557062781307280e+000	  7.5474746158594641e+000	  7.1044883268542556e+000	  7.0687167375990914e+000	  7.1086175703371790e+000	  7.1674804078040211e+000	  7.1284199604477703e+000	  7.1094526134317242e+000	  7.5253874512436738e+000	  7.5448654134907187e+000	  7.0529452727818942e+000	  7.0744446666487173e+000	
  7.5600714457983820e+000	  7.5584170309283945e+000	  7.5502876386553721e+000	  7.1055592076903604e+000	  7.0695734141393380e+000	  7.1096775449788563e+000	  7.1694007287056056e+000	  7.1298405338594932e+000	  7.1108146360698168e+000	  7.5279868414826119e+000	  7.5476109138210212e+000	  7.0537036682426457e+000	  7.0748087376830506e+000	
  7.5624775611892545e+000	  7.5607818053503166e+000	  7.5527438859623199e+000	  7.1063629392583749e+000	  7.0701799507637269e+000	  7.1104600123427151e+000	  7.1710153794220428e+000	  7.1309793423425774e+000	  7.1118935063231863e+000	  7.5302440481185613e+000	  7.5500091560629574e+000	  7.0542247684999309e+000	  7.0749506963028708e+000	
  7.5645802329723963e+000	  7.5628476125117743e+000	  7.5548917645983860e+000	  7.1069449034305929e+000	  7.0705816716013956e+000	  7.1110166085151043e+000	  7.1723804627908336e+000	  7.1318972591653438e+000	  7.1127633282403115e+000	  7.5322039969087857e+000	  7.5521055993960662e+000	  7.0545501866133016e+000	  7.0749103446047616e+000	
  7.5664414389197372e+000	  7.5646758907612455e+000	  7.5567925654643933e+000	  7.1073550625769251e+000	  7.0708280579223830e+000	  7.1113957326048371e+000	  7.1735485415079427e+000	  7.1326454226508389e+000	  7.1134791312102248e+000	  7.5339251116873402e+000	  7.5539606852939425e+000	  7.0547295776671977e+000	  7.0747364138332216e+000	
  7.5688958026587745e+000	  7.5670863211940738e+000	  7.5592959494169989e+000	  7.1077373941903286e+000	  7.0709895639066467e+000	  7.1117159372380740e+000	  7.1750249643557673e+000	  7.1335315047401746e+000	  7.1143276763491059e+000	  7.5361707395884245e+000	  7.5564048036334768e+000	  7.0548064357121572e+000	  7.0743033410609257e+000	
  7.5708809821258836e+000	  7.5690310410639619e+000	  7.5613238143674923e+000	  7.1077621443744121e+000	  7.0708021657444089e+000	  7.1116554020014657e+000	  7.1760797365269973e+000	  7.1340062518316216e+000	  7.1147005821712650e+000	  7.5379727347532981e+000	  7.5583890836029575e+000	  7.0545452027780726e+000	  7.0735585300834334e+000	
  7.5715489464034054e+000	  7.5696889628559916e+000	  7.5620016457439316e+000	  7.1078309273089761e+000	  7.0708163335789713e+000	  7.1117057614152515e+000	  7.1765326717978244e+000	  7.1343082907949587e+000	  7.1150148128920456e+000	  7.5385602267022129e+000	  7.5590467028499404e+000	  7.0545308261292590e+000	  7.0733793918864354e+000	
  7.5737176132578536e+000	  7.5718270135532819e+000	  7.5641965576625498e+000	  7.1099505150258411e+000	  7.0715555778210746e+000	  7.1124488254401772e+000	  7.1813232130857454e+000	  7.1350270613810629e+000	  7.1152810478324646e+000	  7.5407007866880829e+000	  7.5612320405803279e+000	  7.0552726071179759e+000	  7.0740068937685265e+000	
  7.5773442286336241e+000	  7.5754129257936214e+000	  7.5678687879452458e+000	  7.1133282582631203e+000	  7.0738718438498598e+000	  7.1149172618198531e+000	  7.1863676782807975e+000	  7.1376778240479766e+000	  7.1174060407572508e+000	  7.5442169052634824e+000	  7.5648216568173599e+000	  7.0575000672091779e+000	  7.0761323820044080e+000	
  7.5811001463730996e+000	  7.5791021951385815e+000	  7.5716716351768412e+000	  7.1155864161808857e+000	  7.0759345873034043e+000	  7.1171547703797504e+000	  7.1888508295257409e+000	  7.1398917862644424e+000	  7.1191232589002933e+000	  7.5478951060133692e+000	  7.5685590199891166e+000	  7.0594730590714541e+000	  7.0780221769316061e+000	
  7.5842256048600163e+000	  7.5821499612351584e+000	  7.5748298627688566e+000	  7.1175263236781507e+000	  7.0777234161136615e+000	  7.1192203697734513e+000	  7.1910758012627891e+000	  7.1419428212074187e+000	  7.1208461088063366e+000	  7.5509675271474261e+000	  7.5716546309176014e+000	  7.0611370551974613e+000	  7.0795984041569220e+000	
  7.5871216553567660e+000	  7.5849889506829147e+000	  7.5777516795705608e+000	  7.1194844541697861e+000	  7.0794025976300503e+000	  7.1211679627413762e+000	  7.1936400648670578e+000	  7.1440690242155913e+000	  7.1229674945749437e+000	  7.5537902533842445e+000	  7.5745146110127273e+000	  7.0626767398974657e+000	  7.0810463237527763e+000	
  7.5898963005995350e+000	  7.5877270930169498e+000	  7.5805475414425008e+000	  7.1211965281021730e+000	  7.0809106588404926e+000	  7.1228552045268732e+000	  7.1958242840676636e+000	  7.1458929983505879e+000	  7.1248764430365110e+000	  7.5564831378058557e+000	  7.5772700636346197e+000	  7.0640949889351958e+000	  7.0823961079835041e+000	
  7.5924841934479055e+000	  7.5902759806332591e+000	  7.5831572547428685e+000	  7.1227009679365736e+000	  7.0822610232599033e+000	  7.1243771303759758e+000	  7.1976646861370561e+000	  7.1474594859946876e+000	  7.1263666707003086e+000	  7.5590068468930482e+000	  7.5798484788868787e+000	  7.0653714680690811e+000	  7.0836118178386389e+000	
  7.5928000027505291e+000	  7.5905864263737328e+000	  7.5834748403978729e+000	  7.1230106537005877e+000	  7.0825498958097057e+000	  7.1247113758676974e+000	  7.1980627175740519e+000	  7.1478405183635747e+000	  7.1267399053394973e+000	  7.5593061445515275e+000	  7.5801530783272035e+000	  7.0656389143903215e+000	  7.0838698839593457e+000	
  7.5929325297838535e+000	  7.5907122789122994e+000	  7.5836048739782367e+000	  7.1230364526662004e+000	  7.0825329230189755e+000	  7.1247010665997141e+000	  7.1983337168797075e+000	  7.1478463893400725e+000	  7.1267494576250350e+000	  7.5594377381023996e+000	  7.5802822679523896e+000	  7.0656143867583570e+000	  7.0837956578938677e+000	
  7.5930788369114453e+000	  7.5908364168458764e+000	  7.5837321001425231e+000	  7.1232325010929287e+000	  7.0825766579507032e+000	  7.1247413622656826e+000	  7.1990922451710961e+000	  7.1478888994901908e+000	  7.1267913173398316e+000	  7.5595836260031373e+000	  7.5804076953574153e+000	  7.0656569871019830e+000	  7.0837454006847018e+000	
  7.5932531111684352e+000	  7.5909622507341634e+000	  7.5838604405473777e+000	  7.1235933615898581e+000	  7.0826376511290157e+000	  7.1247989717464097e+000	  7.2001510361187222e+000	  7.1479422925996214e+000	  7.1268378033376969e+000	  7.5597441905006590e+000	  7.5805344957633825e+000	  7.0657173927886010e+000	  7.0837191781781073e+000	
  7.5934645638565801e+000	  7.5910988612337196e+000	  7.5839987640611533e+000	  7.1240680566369701e+000	  7.0827048952348957e+000	  7.1248670574695012e+000	  7.2012195632148277e+000	  7.1480083862720694e+000	  7.1268898489396086e+000	  7.5599238387396710e+000	  7.5806717521934601e+000	  7.0657816220234189e+000	  7.0837340464100897e+000	
  7.5937028422314192e+000	  7.5912469384754502e+000	  7.5841471131143390e+000	  7.1245751347784552e+000	  7.0827786783048783e+000	  7.1249427694186096e+000	  7.2021394562634242e+000	  7.1480874997667527e+000	  7.1269478760774891e+000	  7.5601151989479138e+000	  7.5808202351846106e+000	  7.0658502369548248e+000	  7.0837801164180689e+000	
  7.5940194903777769e+000	  7.5914475637747483e+000	  7.5843453462832784e+000	  7.1251788112921277e+000	  7.0828872011343726e+000	  7.1250501321058852e+000	  7.2030902536039587e+000	  7.1482052846043533e+000	  7.1270309174646087e+000	  7.5603649148296341e+000	  7.5810207487816523e+000	  7.0659506183798619e+000	  7.0838607008823757e+000	
  7.5943403074868545e+000	  7.5916616906090315e+000	  7.5845539171688490e+000	  7.1257130932998294e+000	  7.0830107326811849e+000	  7.1251669721841573e+000	  7.2038764589554578e+000	  7.1483367634296577e+000	  7.1271207846187359e+000	  7.5606205316217157e+000	  7.5812344212111480e+000	  7.0660649026022408e+000	  7.0839537533440460e+000	
  7.5946577181613648e+000	  7.5918856649366777e+000	  7.5847695460091789e+000	  7.1261926699727987e+000	  7.0831487532638153e+000	  7.1252943789285990e+000	  7.2045632148003182e+000	  7.1484809522402415e+000	  7.1272188642220780e+000	  7.5608790318168300e+000	  7.5814579064030463e+000	  7.0661930514334266e+000	  7.0840613642671482e+000	
  7.5949704261526669e+000	  7.5921168898243589e+000	  7.5849903032856574e+000	  7.1266344952144518e+000	  7.0832975965086415e+000	  7.1254305435724810e+000	  7.2051740304016665e+000	  7.1486353461545828e+000	  7.1273244745855742e+000	  7.5611389037943741e+000	  7.5816889761646706e+000	  7.0663317385081470e+000	  7.0841831156345876e+000	
  7.5952785079844709e+000	  7.5923539023810545e+000	  7.5852153534271487e+000	  7.1270440967917157e+000	  7.0834547377586361e+000	  7.1255737116591149e+000	  7.2057143061931814e+000	  7.1487979564359936e+000	  7.1274369223011504e+000	  7.5613993520334191e+000	  7.5819263089731184e+000	  7.0664787459263732e+000	  7.0843159835880325e+000	
  7.5961209620183290e+000	  7.5930421153029144e+000	  7.5858669694669132e+000	  7.1280493294278404e+000	  7.0839258733236736e+000	  7.1260020603763401e+000	  7.2069739593304600e+000	  7.1492812627296267e+000	  7.1277789113215970e+000	  7.5621329910790642e+000	  7.5826181504790320e+000	  7.0669228030192954e+000	  7.0847240571428607e+000	
  7.5969201626755041e+000	  7.5937443191086569e+000	  7.5865325297910413e+000	  7.1288880087547000e+000	  7.0844357137470695e+000	  7.1264728941750786e+000	  7.2079634964863537e+000	  7.1498078724852423e+000	  7.1281741105066878e+000	  7.5628556346760920e+000	  7.5833260994143412e+000	  7.0674067534555469e+000	  7.0851778957483162e+000	
  7.5976827311616635e+000	  7.5944474987529169e+000	  7.5872042203410732e+000	  7.1296081341602839e+000	  7.0849506321223199e+000	  7.1269571464303123e+000	  7.2087881022274480e+000	  7.1503410693670801e+000	  7.1285920735793820e+000	  7.5635653249132062e+000	  7.5840370589300594e+000	  7.0678976798649451e+000	  7.0856426881019345e+000	
  7.5984157965627048e+000	  7.5951431326386363e+000	  7.5878759501155493e+000	  7.1302577286621602e+000	  7.0854626010585449e+000	  7.1274503335290422e+000	  7.2095205237508644e+000	  7.1508718176700192e+000	  7.1290240770555453e+000	  7.5642608691516990e+000	  7.5847415169610404e+000	  7.0683874488849536e+000	  7.0861095969889689e+000	
  7.5997161143674390e+000	  7.5964046827847849e+000	  7.5891139313729603e+000	  7.1313326693699608e+000	  7.0863765074175582e+000	  7.1283625935093635e+000	  7.2107096709406822e+000	  7.1518106393197467e+000	  7.1298132760095907e+000	  7.5655180259527128e+000	  7.5860222556500503e+000	  7.0692647386663889e+000	  7.0869512257308749e+000	
  7.6009629466702169e+000	  7.5976232811503941e+000	  7.5903326897626506e+000	  7.1323755101802746e+000	  7.0872894074419790e+000	  7.1293274412716752e+000	  7.2118787582260406e+000	  7.1527714694443425e+000	  7.1306868119713531e+000	  7.5667301045385766e+000	  7.5872549946553871e+000	  7.0701400984932707e+000	  7.0877967217635156e+000	
  7.6021730231653581e+000	  7.5988067717335710e+000	  7.5915320323755378e+000	  7.1333360158580437e+000	  7.0881328946184823e+000	  7.1302455414424166e+000	  7.2129508626153047e+000	  7.1536594912625624e+000	  7.1315301749695479e+000	  7.5679102267258500e+000	  7.5884518297317278e+000	  7.0709495309851054e+000	  7.0885810938085161e+000	
  7.6033415612556361e+000	  7.5999521839821647e+000	  7.5927004984081741e+000	  7.1342467419064342e+000	  7.0889459431405193e+000	  7.1311409668451944e+000	  7.2139473994958578e+000	  7.1545075513115641e+000	  7.1323408071413645e+000	  7.5690537137539380e+000	  7.5896101357619123e+000	  7.0717318470155544e+000	  7.0893421765899731e+000	
  7.6044642664395870e+000	  7.6010569746967267e+000	  7.5938314271592020e+000	  7.1351111327719856e+000	  7.0897336030002656e+000	  7.1320168211835782e+000	  7.2148831961001534e+000	  7.1553346558831983e+000	  7.1331243005039919e+000	  7.5701563944202430e+000	  7.5907276098644667e+000	  7.0724879171881554e+000	  7.0900779878656213e+000	
  7.6065300439382675e+000	  7.6030955686926358e+000	  7.5959274453636905e+000	  7.1366603222855165e+000	  7.0911609928513926e+000	  7.1336203201698236e+000	  7.2165546345357061e+000	  7.1568370254067979e+000	  7.1345334619644198e+000	  7.5721955239714642e+000	  7.5927931447145074e+000	  7.0738545119064931e+000	  7.0914075730055952e+000	
  7.6084990793326543e+000	  7.6050414868108174e+000	  7.5979274383058328e+000	  7.1381897060687667e+000	  7.0925828114925000e+000	  7.1352199850809974e+000	  7.2182630180253984e+000	  7.1584052395086122e+000	  7.1360603930285507e+000	  7.5741280002572147e+000	  7.5947536366480897e+000	  7.0752071936476000e+000	  7.0927261271563982e+000	
  7.6103715271711305e+000	  7.6068900201078513e+000	  7.5998255687153353e+000	  7.1395573138535298e+000	  7.0938465772594439e+000	  7.1366279228329734e+000	  7.2197607420383605e+000	  7.1597576389583626e+000	  7.1373788674141192e+000	  7.5759684185081113e+000	  7.5966214029290953e+000	  7.0764172701081076e+000	  7.0939098677574979e+000	
  7.6121202080533816e+000	  7.6086144176089228e+000	  7.6015966833665161e+000	  7.1408552976325286e+000	  7.0950395308555958e+000	  7.1379640635239738e+000	  7.2211721646875553e+000	  7.1610182910096647e+000	  7.1385726688651356e+000	  7.5776894438993470e+000	  7.5983665384496764e+000	  7.0775612066548899e+000	  7.0950314051054750e+000	
  7.6137486252327573e+000	  7.6102208738187400e+000	  7.6032485538738506e+000	  7.1420694001724048e+000	  7.0961523600140186e+000	  7.1392213592996274e+000	  7.2225216317882044e+000	  7.1622274813883582e+000	  7.1397139088606920e+000	  7.5792948283747652e+000	  7.5999923078834382e+000	  7.0786196653912707e+000	  7.0960675876569255e+000	
  7.6159814585860719e+000	  7.6124241050707280e+000	  7.6055135907923788e+000	  7.1437036736838220e+000	  7.0976511023937618e+000	  7.1409121900822203e+000	  7.2243506575520513e+000	  7.1638733080259129e+000	  7.1412929294091096e+000	  7.5814948923864396e+000	  7.6022208104476334e+000	  7.0800417089992287e+000	  7.0974626265269940e+000	
  7.6180794157925682e+000	  7.6144959948544759e+000	  7.6076369097387762e+000	  7.1452354733066237e+000	  7.0990678196868817e+000	  7.1424988762802704e+000	  7.2260781205339111e+000	  7.1654562642211630e+000	  7.1428507504338139e+000	  7.5835520432954553e+000	  7.6043093754895503e+000	  7.0813850289666700e+000	  7.0987869660937370e+000	
  7.6200048088351888e+000	  7.6163977734942208e+000	  7.6095837097026129e+000	  7.1465844493186452e+000	  7.1003107845457212e+000	  7.1438833024474135e+000	  7.2275781660766132e+000	  7.1668145322871553e+000	  7.1441416087617799e+000	  7.5854484711873305e+000	  7.6062339838302631e+000	  7.0825662133021616e+000	  7.0999547679947437e+000	
  7.6217616851127161e+000	  7.6181313871605871e+000	  7.6113598632059372e+000	  7.1478377124370489e+000	  7.1014557627221908e+000	  7.1451698168070532e+000	  7.2289973425970491e+000	  7.1680888304994541e+000	  7.1453337641891643e+000	  7.5871789691125855e+000	  7.6079883111356974e+000	  7.0836471462471380e+000	  7.1010245910782075e+000	
  7.6233847825257790e+000	  7.6197320837986044e+000	  7.6129999936742792e+000	  7.1489820223292870e+000	  7.1024952736857596e+000	  7.1463427740459711e+000	  7.2303222273489904e+000	  7.1692766418396410e+000	  7.1464813440873378e+000	  7.5887769694798344e+000	  7.6096057982982437e+000	  7.0846225141035735e+000	  7.1019922284014889e+000	
  7.6257372357575743e+000	  7.6220523423921591e+000	  7.6153724039805297e+000	  7.1505990711517438e+000	  7.1039690307515002e+000	  7.1479961041752933e+000	  7.2321874929026020e+000	  7.1709609128199432e+000	  7.1481241056159899e+000	  7.5910883733499936e+000	  7.6119480582780348e+000	  7.0860067658902608e+000	  7.1033700789831880e+000	
  7.6279044406244534e+000	  7.6241920756623838e+000	  7.6175530047756261e+000	  7.1520783604879092e+000	  7.1053299636624949e+000	  7.1495054716605484e+000	  7.2339025865287816e+000	  7.1725392156886372e+000	  7.1496711905803352e+000	  7.5932099479218893e+000	  7.6141018857586946e+000	  7.0872837185555877e+000	  7.1046527991952999e+000	
  7.6297649388077389e+000	  7.6260278994969415e+000	  7.6194280812024644e+000	  7.1532830411829398e+000	  7.1064200193499723e+000	  7.1507252263771477e+000	  7.2352942559332813e+000	  7.1737888143462811e+000	  7.1508241940125661e+000	  7.5950509399009043e+000	  7.6159626079499425e+000	  7.0882989814959902e+000	  7.1056799151880785e+000	
  7.6314754861147538e+000	  7.6277158867167376e+000	  7.6211477468201227e+000	  7.1544202827578971e+000	  7.1074543322087678e+000	  7.1518835519072184e+000	  7.2366556189248126e+000	  7.1750389012535276e+000	  7.1520417425584899e+000	  7.5967322714945720e+000	  7.6176626530122959e+000	  7.0892534855385989e+000	  7.1066556797923859e+000	
  7.6339615451485088e+000	  7.6301692773470506e+000	  7.6236386229710922e+000	  7.1560271492544629e+000	  7.1089214310948261e+000	  7.1534997928683079e+000	  7.2385635222759444e+000	  7.1768017961106914e+000	  7.1537741155797256e+000	  7.5991715413877277e+000	  7.6201303063376802e+000	  7.0906119137152395e+000	  7.1080679520080832e+000	
  7.6360881331904675e+000	  7.6322662795464424e+000	  7.6257685742866741e+000	  7.1573641622886459e+000	  7.1101290535978645e+000	  7.1548372651653747e+000	  7.2401483185203901e+000	  7.1782529782206268e+000	  7.1551642874606145e+000	  7.6012717476870968e+000	  7.6222453374425267e+000	  7.0917221615831227e+000	  7.1092466231460456e+000	
  7.6379212365655871e+000	  7.6340728613099191e+000	  7.6276027657663565e+000	  7.1585030105531136e+000	  7.1111496184754177e+000	  7.1559772845665091e+000	  7.2415224139811780e+000	  7.1795164710701780e+000	  7.1563869044526918e+000	  7.6030891997384682e+000	  7.6240669521227034e+000	  7.0926474753771966e+000	  7.1102527353465508e+000	
  7.6396261689063607e+000	  7.6357543517965230e+000	  7.6293017700076122e+000	  7.1595764517226979e+000	  7.1121250091888673e+000	  7.1570467852429829e+000	  7.2428158664733928e+000	  7.1807386468068559e+000	  7.1576094807438366e+000	  7.6047724546981801e+000	  7.6257540394446721e+000	  7.0935328159624351e+000	  7.1112345379111304e+000	
  7.6420236868110170e+000	  7.6381193442693975e+000	  7.6316852088283422e+000	  7.1611321874556193e+000	  7.1135545611896536e+000	  7.1585859400930936e+000	  7.2446261771997431e+000	  7.1824756816817406e+000	  7.1593443599357816e+000	  7.6071400229719188e+000	  7.6281221686692220e+000	  7.0948434313947235e+000	  7.1127136712373176e+000	
  7.6434300404384103e+000	  7.6395002946302402e+000	  7.6330898293121745e+000	  7.1619743452638094e+000	  7.1142772473329696e+000	  7.1594249529235086e+000	  7.2456096371743417e+000	  7.1833675860291226e+000	  7.1601865201611012e+000	  7.6085805105780935e+000	  7.6295266039551155e+000	  7.0954728166200276e+000	  7.1134896851935476e+000	
  7.6438609730409848e+000	  7.6399304350708253e+000	  7.6335048398490120e+000	  7.1625325040287038e+000	  7.1148436823330297e+000	  7.1600226235505762e+000	  7.2464142368871478e+000	  7.1842562191221813e+000	  7.1612613532361280e+000	  7.6089424001686705e+000	  7.6299060307541779e+000	  7.0959842019803858e+000	  7.1140275179550869e+000	
  7.6440152251863278e+000	  7.6400836534913186e+000	  7.6336565120347171e+000	  7.1623591139379723e+000	  7.1146812694020376e+000	  7.1597881965789600e+000	  7.2460749964177822e+000	  7.1839085295491518e+000	  7.1608889805159670e+000	  7.6091239197029275e+000	  7.6300860449233667e+000	  7.0958558871018056e+000	  7.1139263461429625e+000	
  7.6441861692893145e+000	  7.6402506696236259e+000	  7.6338287943980490e+000	  7.1624519761084846e+000	  7.1147567169348509e+000	  7.1598697726287108e+000	  7.2460832487474587e+000	  7.1838748744446139e+000	  7.1607495333473583e+000	  7.6093043074934137e+000	  7.6302671955256578e+000	  7.0959427760565870e+000	  7.1140257697916063e+000	
  7.6443136888822796e+000	  7.6403735902911372e+000	  7.6339615226907078e+000	  7.1625757803118191e+000	  7.1148482160921525e+000	  7.1600068265802825e+000	  7.2462335652991232e+000	  7.1839855048389953e+000	  7.1607850610204853e+000	  7.6094514284054124e+000	  7.6303992629325474e+000	  7.0960155063175261e+000	  7.1141142868131624e+000	
  7.6444558320096334e+000	  7.6405111417537146e+000	  7.6341078874373025e+000	  7.1626719568607040e+000	  7.1149175722420885e+000	  7.1601090250243935e+000	  7.2463644270571965e+000	  7.1840918121773498e+000	  7.1608703765811974e+000	  7.6096069794043313e+000	  7.6305423239944234e+000	  7.0960651559102086e+000	  7.1141829664224332e+000	
  7.6446161791852312e+000	  7.6406674466180959e+000	  7.6342698051320514e+000	  7.1627807286149334e+000	  7.1150058523070978e+000	  7.1602239968637083e+000	  7.2465105759836437e+000	  7.1842265527271412e+000	  7.1610161194449446e+000	  7.6097743823496469e+000	  7.6307002106141670e+000	  7.0961343585219172e+000	  7.1142744890694090e+000	
  7.6451107485559220e+000	  7.6411533987692550e+000	  7.6347601507228529e+000	  7.1630924624032328e+000	  7.1152793222068773e+000	  7.1605417884883078e+000	  7.2468929878447508e+000	  7.1846011900857150e+000	  7.1614361781581017e+000	  7.6102792959977705e+000	  7.6311878889400262e+000	  7.0963661117276491e+000	  7.1145752618373876e+000	
  7.6457276770038263e+000	  7.6417627303408810e+000	  7.6353661418901098e+000	  7.1635237985519389e+000	  7.1156857418949357e+000	  7.1609704756206138e+000	  7.2473939332642097e+000	  7.1851179703052210e+000	  7.1620082770876383e+000	  7.6108881052279100e+000	  7.6317900410833381e+000	  7.0967342092217365e+000	  7.1150192189471628e+000	
  7.6462481553146926e+000	  7.6422749968005732e+000	  7.6358805945986106e+000	  7.1638595747062119e+000	  7.1159881365386308e+000	  7.1612972823034013e+000	  7.2477510632740856e+000	  7.1854640555626048e+000	  7.1623476369359498e+000	  7.6114209906668595e+000	  7.6323075017675670e+000	  7.0970068237955424e+000	  7.1153660912325076e+000	
  7.6472128996358606e+000	  7.6432259793768553e+000	  7.6368323711608763e+000	  7.1645754140569924e+000	  7.1166579171604400e+000	  7.1620072373921548e+000	  7.2485284924546747e+000	  7.1862525607909120e+000	  7.1631744460627189e+000	  7.6123828274164165e+000	  7.6332518036985615e+000	  7.0976223615916911e+000	  7.1161079420218023e+000	
  7.6479874824433036e+000	  7.6439867530669030e+000	  7.6376010453610732e+000	  7.1651311133040121e+000	  7.1171579707169688e+000	  7.1625608486916725e+000	  7.2490974365212715e+000	  7.1868079316335614e+000	  7.1637264919797303e+000	  7.6131832735948048e+000	  7.6340196976807118e+000	  7.0980743045420880e+000	  7.1166842369049679e+000	
  7.6488772931428102e+000	  7.6448637211359767e+000	  7.6384785957746466e+000	  7.1658391354830071e+000	  7.1178251395178549e+000	  7.1632694570546924e+000	  7.2498394859489652e+000	  7.1875732561881645e+000	  7.1645460407176635e+000	  7.6140762142671026e+000	  7.6348888902291581e+000	  7.0986908528345811e+000	  7.1174346713438386e+000	
  7.6495099491902234e+000	  7.6454836047735402e+000	  7.6391081235167828e+000	  7.1663158482097984e+000	  7.1182470047289428e+000	  7.1637503691018392e+000	  7.2502929978417043e+000	  7.1880148298083508e+000	  7.1649765479440788e+000	  7.6147498162342107e+000	  7.6355201392912058e+000	  7.0990684132112616e+000	  7.1179400165795670e+000	
  7.6499436106939278e+000	  7.6459138385480845e+000	  7.6395299380635215e+000	  7.1667293380820247e+000	  7.1186595881294590e+000	  7.1641715542447955e+000	  7.2507816546452890e+000	  7.1885525728785478e+000	  7.1656129485187279e+000	  7.6151563183063917e+000	  7.6359283523380732e+000	  7.0994526716546531e+000	  7.1183786422580386e+000	
  7.6501152126362797e+000	  7.6460806272976658e+000	  7.6397037366775358e+000	  7.1667818130053647e+000	  7.1186912037778676e+000	  7.1642076974302977e+000	  7.2507302753615228e+000	  7.1884731382955174e+000	  7.1654644636206744e+000	  7.6153627947412001e+000	  7.6361155573652617e+000	  7.0994881358469222e+000	  7.1184593167944978e+000	
  7.6503124662801740e+000	  7.6462731504489980e+000	  7.6399013830570830e+000	  7.1669834789616367e+000	  7.1188692679344010e+000	  7.1644223347258631e+000	  7.2509469274454190e+000	  7.1886851747016127e+000	  7.1656704419532584e+000	  7.6155739043611010e+000	  7.6363088640174599e+000	  7.0996437294008103e+000	  7.1186592634587367e+000	
  7.6507850542589253e+000	  7.6467376039514505e+000	  7.6403681712911338e+000	  7.1673857712138620e+000	  7.1192410995335020e+000	  7.1648333940025495e+000	  7.2513537387280085e+000	  7.1891121266625699e+000	  7.1661422371359720e+000	  7.6160664636241808e+000	  7.6367718037466439e+000	  7.0999781925268532e+000	  7.1190946385924132e+000	
  7.6513540326657239e+000	  7.6472989541779430e+000	  7.6409265256274477e+000	  7.1678832373920169e+000	  7.1197181216087664e+000	  7.1653336590822470e+000	  7.2518439401802732e+000	  7.1896382642886216e+000	  7.1667251285205911e+000	  7.6166422369636733e+000	  7.6373256610825688e+000	  7.1004231420697224e+000	  7.1196463614064420e+000	
  7.6517945447802962e+000	  7.6477313453086104e+000	  7.6413628811020455e+000	  7.1682641151381379e+000	  7.1200685324159760e+000	  7.1657180579655844e+000	  7.2521747081036043e+000	  7.1899791970715796e+000	  7.1670670005327004e+000	  7.6171124037781599e+000	  7.6377631743850429e+000	  7.1007466739277580e+000	  7.1200729614215117e+000	
  7.6524551955334843e+000	  7.6483820897360975e+000	  7.6420133623226310e+000	  7.1688844863804437e+000	  7.1206602709062921e+000	  7.1663481000366751e+000	  7.2527641270738332e+000	  7.1906110412023452e+000	  7.1677564542181802e+000	  7.6177903317252227e+000	  7.6384065080009851e+000	  7.1012990817639530e+000	  7.1207571056836407e+000	
  7.6529957705315876e+000	  7.6489128878819148e+000	  7.6425484405508524e+000	  7.1693978614661464e+000	  7.1211397548541697e+000	  7.1668718075264071e+000	  7.2532056146771797e+000	  7.1910793084426992e+000	  7.1682459003680368e+000	  7.6183676815023631e+000	  7.6389399903446229e+000	  7.1017446114174483e+000	  7.1213322574338918e+000	
  7.6536012969061638e+000	  7.6495092478343771e+000	  7.6431447778641424e+000	  7.1700022986472671e+000	  7.1217188845113544e+000	  7.1674889669393327e+000	  7.2537531300373193e+000	  7.1916749596821852e+000	  7.1688980859093370e+000	  7.6189961262624752e+000	  7.6395299004126116e+000	  7.1022882037533002e+000	  7.1220115311880043e+000	
  7.6543174268988778e+000	  7.6502134158699935e+000	  7.6438521732735509e+000	  7.1707470733417740e+000	  7.1224269835311489e+000	  7.1682526255744659e+000	  7.2543777924107431e+000	  7.1923573802857579e+000	  7.1696263220958674e+000	  7.6197607376568577e+000	  7.6402332130518467e+000	  7.1029530211416567e+000	  7.1228656892492914e+000	
  7.6550611120999807e+000	  7.6509458430641217e+000	  7.6445850183788959e+000	  7.1715571597993097e+000	  7.1232080584912030e+000	  7.1690841165555579e+000	  7.2550634676503680e+000	  7.1931180047573875e+000	  7.1704545611436377e+000	  7.6205453983946665e+000	  7.6409588186271105e+000	  7.1036921474078909e+000	  7.1238006165986096e+000	
  7.6554571553718489e+000	  7.6513338684419274e+000	  7.6449778656936989e+000	  7.1720274786933675e+000	  7.1236493462584676e+000	  7.1695734733871781e+000	  7.2554131603914627e+000	  7.1935081409886177e+000	  7.1708584620594369e+000	  7.6209943055895693e+000	  7.6413519937026049e+000	  7.1041029581752806e+000	  7.1243581571638952e+000	
  7.6559558048209109e+000	  7.6518252271958769e+000	  7.6454670279195369e+000	  7.1726174219718573e+000	  7.1242220532896088e+000	  7.1701822996459050e+000	  7.2559088311851703e+000	  7.1940712878917399e+000	  7.1714887708466861e+000	  7.6215246071964593e+000	  7.6418357388328335e+000	  7.1046438222086667e+000	  7.1250509832864335e+000	
  7.6563265760804597e+000	  7.6521889871230133e+000	  7.6458327716090881e+000	  7.1730893651556880e+000	  7.1246711038107993e+000	  7.1706720010194314e+000	  7.2562491611925228e+000	  7.1944626730534456e+000	  7.1719028626720522e+000	  7.6219470659903727e+000	  7.6422025344133377e+000	  7.1050652734889290e+000	  7.1256239533161310e+000	
  7.6569024283932006e+000	  7.6527573569702980e+000	  7.6463964527441437e+000	  7.1737960531038194e+000	  7.1253661128117276e+000	  7.1713988439756005e+000	  7.2568323988387480e+000	  7.1951334373446034e+000	  7.1726567364998211e+000	  7.6225534152640861e+000	  7.6427589297333061e+000	  7.1057298409342575e+000	  7.1264632053192489e+000	
  7.6571088414066750e+000	  7.6529584656286627e+000	  7.6466023173415554e+000	  7.1741051031534830e+000	  7.1256543575789131e+000	  7.1717226265916523e+000	  7.2570076049422276e+000	  7.1953404631624220e+000	  7.1728508733260590e+000	  7.6228134119185151e+000	  7.6429687122944951e+000	  7.1059996692189156e+000	  7.1268533542176939e+000	
  7.6574637591998673e+000	  7.6533086396138525e+000	  7.6469486537886384e+000	  7.1745825769266300e+000	  7.1261240260165764e+000	  7.1722183501640941e+000	  7.2574066513992381e+000	  7.1958051092304842e+000	  7.1733837188289105e+000	  7.6231911132735686e+000	  7.6433089859243601e+000	  7.1064454716083691e+000	  7.1274228760657916e+000	
  7.6577033417274141e+000	  7.6535435479863434e+000	  7.6471844307339261e+000	  7.1749355968214097e+000	  7.1264631704854011e+000	  7.1725847518674879e+000	  7.2576308910705087e+000	  7.1960746104842723e+000	  7.1736659546282304e+000	  7.6234755863432859e+000	  7.6435471660807934e+000	  7.1067675666168757e+000	  7.1278679960473781e+000	
  7.6581075316292715e+000	  7.6539422389779865e+000	  7.6475790518371181e+000	  7.1754999212859456e+000	  7.1270195189915881e+000	  7.1731686244757089e+000	  7.2580710445307108e+000	  7.1965928460797404e+000	  7.1742492682663315e+000	  7.6239127185355855e+000	  7.6439368148620268e+000	  7.1073002638288223e+000	  7.1285535271331657e+000	
  7.6583930257772765e+000	  7.6542223647230561e+000	  7.6478596292564216e+000	  7.1759528613793790e+000	  7.1274582116589791e+000	  7.1736397251627420e+000	  7.2583640531636764e+000	  7.1969472381094910e+000	  7.1746226594263627e+000	  7.6242510280991524e+000	  7.6442186360975075e+000	  7.1077186360656093e+000	  7.1291237846049302e+000	
  7.6587745175482933e+000	  7.6545986971356914e+000	  7.6482319049797116e+000	  7.1765161220593185e+000	  7.1280154879975761e+000	  7.1742231091010940e+000	  7.2587898760334362e+000	  7.1974537214127139e+000	  7.1751919397376458e+000	  7.6246672369473991e+000	  7.6445860763885101e+000	  7.1082547344796296e+000	  7.1298143240122283e+000	
  7.6591610753920882e+000	  7.6549784286746672e+000	  7.6486104944896827e+000	  7.1771712645028849e+000	  7.1286558855354656e+000	  7.1749040696460256e+000	  7.2592168202041680e+000	  7.1979747337320559e+000	  7.1757478545752855e+000	  7.6251232944184419e+000	  7.6449648734872007e+000	  7.1088692371110138e+000	  7.1306410824399133e+000	
  7.6596511110301488e+000	  7.6554618819988800e+000	  7.6490886057361820e+000	  7.1779484230183161e+000	  7.1294281445645495e+000	  7.1757088311865687e+000	  7.2597760420054218e+000	  7.1986484201217547e+000	  7.1764967815227809e+000	  7.6256648118266899e+000	  7.6454370729051053e+000	  7.1096174354526589e+000	  7.1316048896006308e+000	
  7.6596748161348529e+000	  7.6554831552225462e+000	  7.6491142780380414e+000	  7.1780577234784513e+000	  7.1295264259986508e+000	  7.1758243386961329e+000	  7.2597752391323205e+000	  7.1986597992588610e+000	  7.1764730418842291e+000	  7.6257274170336533e+000	  7.6454679405397883e+000	  7.1097114782424846e+000	  7.1317655822304822e+000	
  7.6597561350599861e+000	  7.6555626868023445e+000	  7.6491932782078127e+000	  7.1782625484146951e+000	  7.1297252872559742e+000	  7.1760444865174469e+000	  7.2599346837175318e+000	  7.1988528610125453e+000	  7.1766888906617119e+000	  7.6258299918913348e+000	  7.6455441063465237e+000	  7.1098959491691254e+000	  7.1320150114623733e+000	
  7.6598538525086681e+000	  7.6556588346207946e+000	  7.6492870134283955e+000	  7.1784541085911400e+000	  7.1299148231683471e+000	  7.1762435807971237e+000	  7.2600614527240257e+000	  7.1990149949524369e+000	  7.1768775075223985e+000	  7.6259477529581936e+000	  7.6456380446423360e+000	  7.1100767725627172e+000	  7.1322625758041465e+000	
  7.6600889678787372e+000	  7.6558902204157757e+000	  7.6495130385417962e+000	  7.1789089337689980e+000	  7.1303653137126783e+000	  7.1767141318648981e+000	  7.2603550292360470e+000	  7.1993850878434156e+000	  7.1772909735265280e+000	  7.6262281007528685e+000	  7.6458651217052829e+000	  7.1105112123828640e+000	  7.1328494933291609e+000	
  7.6603912837571588e+000	  7.6561887451404580e+000	  7.6498053154064305e+000	  7.1794359985273211e+000	  7.1308926290810639e+000	  7.1772571980274424e+000	  7.2607206250822207e+000	  7.1998355629460775e+000	  7.1777947396854103e+000	  7.6265674416486462e+000	  7.6461551781759631e+000	  7.1110244594373704e+000	  7.1335162888840031e+000	
  7.6605455896984695e+000	  7.6563388307975320e+000	  7.6499556157229591e+000	  7.1798293560929647e+000	  7.1312755009151978e+000	  7.1776681645734168e+000	  7.2609242404812111e+000	  7.2001017847737518e+000	  7.1780634896986761e+000	  7.6267807101597151e+000	  7.6463080792951992e+000	  7.1113931541487094e+000	  7.1340370493894500e+000	
  7.6608416785201570e+000	  7.6566315170321104e+000	  7.6502411364695870e+000	  7.1803731052615234e+000	  7.1318217680898801e+000	  7.1782303545995081e+000	  7.2613145843213882e+000	  7.2005834664140220e+000	  7.1786092163360937e+000	  7.6271111119042843e+000	  7.6465895416592371e+000	  7.1119241638875899e+000	  7.1347211347553792e+000	
  7.6608786714761514e+000	  7.6566669847741213e+000	  7.6502777311976224e+000	  7.1804785890378930e+000	  7.1319233188659741e+000	  7.1783380159305086e+000	  7.2613342871157709e+000	  7.2006187238075601e+000	  7.1786290425494563e+000	  7.6271721272479009e+000	  7.6466295068455032e+000	  7.1120249870828900e+000	  7.1348734671721434e+000	
  7.6609169367772747e+000	  7.6567040216132654e+000	  7.6503152322300814e+000	  7.1806154185527280e+000	  7.1320561791693855e+000	  7.1784848348644026e+000	  7.2614164057286885e+000	  7.2007233858705231e+000	  7.1787339374386026e+000	  7.6272301243771743e+000	  7.6466664865669429e+000	  7.1121507557794281e+000	  7.1350488843697342e+000	
  7.6609657122380579e+000	  7.6567520331774768e+000	  7.6503624194459334e+000	  7.1807527364160926e+000	  7.1321930378451430e+000	  7.1786313266220088e+000	  7.2615008287316538e+000	  7.2008370462653062e+000	  7.1788603692137070e+000	  7.6272960590759560e+000	  7.6467131086385214e+000	  7.1122809564404115e+000	  7.1352288902014980e+000	
  7.6611565689898509e+000	  7.6569403465850225e+000	  7.6505448644985012e+000	  7.1812422740899908e+000	  7.1326842808320610e+000	  7.1791448045700417e+000	  7.2617852151239575e+000	  7.2012217808011414e+000	  7.1792888533406423e+000	  7.6275446051621767e+000	  7.6468967723607086e+000	  7.1127558278626850e+000	  7.1358817997345181e+000	
  7.6615050416351380e+000	  7.6572846842875997e+000	  7.6508810515984562e+000	  7.1818871150113335e+000	  7.1333357693537121e+000	  7.1798112869086097e+000	  7.2622282630213313e+000	  7.2017693990605132e+000	  7.1799247398726536e+000	  7.6279297291912318e+000	  7.6472267964482139e+000	  7.1133987759374335e+000	  7.1367065778853762e+000	
  7.6614544075615036e+000	  7.6572316798140356e+000	  7.6508335571811745e+000	  7.1819395209893262e+000	  7.1333761090845993e+000	  7.1798646753493323e+000	  7.2621461094830622e+000	  7.2016925840633963e+000	  7.1797827819194815e+000	  7.6279249318713003e+000	  7.6471872705617496e+000	  7.1134385459004630e+000	  7.1368127038795972e+000	
  7.6615191258592343e+000	  7.6572951155826114e+000	  7.6508943331687522e+000	  7.1821628076511264e+000	  7.1335965160303587e+000	  7.1801042946318141e+000	  7.2623378303193711e+000	  7.2019242211747265e+000	  7.1800500788009476e+000	  7.6280054363180803e+000	  7.6472429824656007e+000	  7.1136441882807855e+000	  7.1370807875185509e+000	
  7.6615865570208985e+000	  7.6573613769333875e+000	  7.6509573879185453e+000	  7.1823350272542825e+000	  7.1337698246346637e+000	  7.1802810945356406e+000	  7.2624313157369595e+000	  7.2020535430528074e+000	  7.1802060877461162e+000	  7.6280924585713787e+000	  7.6473070820841897e+000	  7.1138137593055983e+000	  7.1373163219450397e+000	
  7.6617637526709252e+000	  7.6575352358525972e+000	  7.6511244765906579e+000	  7.1828314851984310e+000	  7.1342666348051829e+000	  7.1807954299606180e+000	  7.2627110437759441e+000	  7.2024257446996121e+000	  7.1806190964176135e+000	  7.6283253328545291e+000	  7.6474756480824144e+000	  7.1142995572709307e+000	  7.1379809437329307e+000	
  7.6620253917930032e+000	  7.6577935197105109e+000	  7.6513747147716238e+000	  7.1834161949757824e+000	  7.1348574931676065e+000	  7.1813981347502764e+000	  7.2630823062362921e+000	  7.2029001753524700e+000	  7.1811489530833601e+000	  7.6286320285264217e+000	  7.6477232778832445e+000	  7.1148814370245699e+000	  7.1387420317904713e+000	
  7.6620539875765310e+000	  7.6578184418587636e+000	  7.6513985536372253e+000	  7.1837901657236163e+000	  7.1352212384100699e+000	  7.1817876409955232e+000	  7.2632155128365294e+000	  7.2031057529703801e+000	  7.1813308578438502e+000	  7.6287371856572008e+000	  7.6477535867945310e+000	  7.1152319109917936e+000	  7.1392681485938070e+000	
  7.6622903142222061e+000	  7.6580542762399180e+000	  7.6516233010681542e+000	  7.1841740966196710e+000	  7.1356190790892775e+000	  7.1821847772456628e+000	  7.2635753795882625e+000	  7.2035353938955975e+000	  7.1818675962892637e+000	  7.6289644513263042e+000	  7.6479685522657341e+000	  7.1156219118665049e+000	  7.1397285220493405e+000	
  7.6622545036522656e+000	  7.6580163213003853e+000	  7.6515895477888769e+000	  7.1842292541200408e+000	  7.1356672212063597e+000	  7.1822336230708022e+000	  7.2634542234322517e+000	  7.2034234882793307e+000	  7.1816824122379348e+000	  7.6289764080787981e+000	  7.6479461981308026e+000	  7.1156773924190020e+000	  7.1398587388190169e+000	
  7.6622838053307802e+000	  7.6580442214443281e+000	  7.6516164241926177e+000	  7.1844385949305725e+000	  7.1358719059952040e+000	  7.1824584369562778e+000	  7.2636045935158293e+000	  7.2036101975875013e+000	  7.1818757298386089e+000	  7.6290300197710703e+000	  7.6479700365332324e+000	  7.1158691429212997e+000	  7.1401184441193388e+000	
  7.6623893212446994e+000	  7.6581473602576811e+000	  7.6517127041661528e+000	  7.1848474370656525e+000	  7.1362824091946298e+000	  7.1828810029629366e+000	  7.2638266850405273e+000	  7.2039157646947771e+000	  7.1822199295442868e+000	  7.6291847569318687e+000	  7.6480679294312139e+000	  7.1162698568420062e+000	  7.1406732871707188e+000	
  7.6625539601010679e+000	  7.6583095998688293e+000	  7.6518667645484246e+000	  7.1853146005910524e+000	  7.1367552142163859e+000	  7.1833610007326723e+000	  7.2641017583426173e+000	  7.2042787836286024e+000	  7.1826239868370951e+000	  7.6293919153756384e+000	  7.6482221006068709e+000	  7.1167362852214273e+000	  7.1412949202940732e+000	
  7.6625995687501991e+000	  7.6583524595737522e+000	  7.6519062026702294e+000	  7.1856741809898708e+000	  7.1371114227988812e+000	  7.1837327698717193e+000	  7.2642506090747592e+000	  7.2044983892423105e+000	  7.1828372374573775e+000	  7.6294973813882461e+000	  7.6482658462232465e+000	  7.1170841058973853e+000	  7.1417961523866023e+000	
  7.6628400445906557e+000	  7.6585897879529146e+000	  7.6521316788280878e+000	  7.1863460212669006e+000	  7.1377932130572077e+000	  7.1844223675958112e+000	  7.2646654209454233e+000	  7.2050381103776573e+000	  7.1834366690629903e+000	  7.6297915769888220e+000	  7.6484893648620424e+000	  7.1177571662085413e+000	  7.1426798040103492e+000	
  7.6627973397036104e+000	  7.6585435831202648e+000	  7.6520822536736848e+000	  7.1867502089872763e+000	  7.1381885167104375e+000	  7.1848432609094530e+000	  7.2647777562167803e+000	  7.2052384175774726e+000	  7.1836112651850783e+000	  7.6298401830015710e+000	  7.6484486730753076e+000	  7.1181395053134917e+000	  7.1432690312225748e+000	
  7.6631127165015229e+000	  7.6588592820963974e+000	  7.6523816140833709e+000	  7.1872244375194629e+000	  7.1386863352267618e+000	  7.1853303470521777e+000	  7.2652460038891409e+000	  7.2057937425606458e+000	  7.1843128380029864e+000	  7.6301307286638824e+000	  7.6487347202429170e+000	  7.1186322837260274e+000	  7.1438320313869461e+000	
  7.6630010180393739e+000	  7.6587452959221025e+000	  7.6522754601305101e+000	  7.1871527848742200e+000	  7.1386048047889155e+000	  7.1852404780019690e+000	  7.2649615453444056e+000	  7.2054953665476056e+000	  7.1838881139937767e+000	  7.6300751990454625e+000	  7.6486465218616413e+000	  7.1185668944735081e+000	  7.1438291870867978e+000	
  7.6629816091679572e+000	  7.6587248116371907e+000	  7.6522556158130239e+000	  7.1873276339196277e+000	  7.1387718370935520e+000	  7.1854356153583367e+000	  7.2651129636136353e+000	  7.2056735912080434e+000	  7.1840585301648936e+000	  7.6300764871977123e+000	  7.6486213237037521e+000	  7.1187172794123939e+000	  7.1440290755782527e+000	
  7.6629952843994040e+000	  7.6587378035026656e+000	  7.6522660886298315e+000	  7.1874584203481255e+000	  7.1389032283112908e+000	  7.1855709736831699e+000	  7.2651868028480688e+000	  7.2057795322081137e+000	  7.1841855044340885e+000	  7.6301076557159675e+000	  7.6486315091431312e+000	  7.1188429303016214e+000	  7.1442077259607455e+000	
  7.6630365795595701e+000	  7.6587778087406502e+000	  7.6522995500872266e+000	  7.1877376144371485e+000	  7.1391855651640661e+000	  7.1858580731981547e+000	  7.2653200008686305e+000	  7.2059736241600696e+000	  7.1844068541219510e+000	  7.6301854981155355e+000	  7.6486678054521313e+000	  7.1191211234270781e+000	  7.1445986280243119e+000	
  7.6631084995221865e+000	  7.6588484028078945e+000	  7.6523633755959901e+000	  7.1880484879839344e+000	  7.1395011824670060e+000	  7.1861769445100681e+000	  7.2654872596940514e+000	  7.2062040076359608e+000	  7.1846629029214579e+000	  7.6302902220647173e+000	  7.6487329918459839e+000	  7.1194333306577651e+000	  7.1450230320342349e+000	
  7.6631418288533908e+000	  7.6588801396094013e+000	  7.6523907674418830e+000	  7.1883225043383376e+000	  7.1397765250873633e+000	  7.1864580883093385e+000	  7.2656063837565714e+000	  7.2063791255588345e+000	  7.1848408775936718e+000	  7.6303631021641465e+000	  7.6487631233890863e+000	  7.1197051079146707e+000	  7.1454063571611126e+000	
  7.6633024065339637e+000	  7.6590371840999101e+000	  7.6525343752635235e+000	  7.1890660280384147e+000	  7.1405295112834715e+000	  7.1872194505423881e+000	  7.2660012102251503e+000	  7.2069200518954872e+000	  7.1854179390799136e+000	  7.6306038053953866e+000	  7.6489087700343825e+000	  7.1204498652573616e+000	  7.1464143020652440e+000	
  7.6634045937086537e+000	  7.6591357552897517e+000	  7.6526215745764326e+000	  7.1897572404149663e+000	  7.1412268091238325e+000	  7.1879278433138207e+000	  7.2663330793449816e+000	  7.2073893459583225e+000	  7.1859026720299148e+000	  7.6307928682700776e+000	  7.6489999789583347e+000	  7.1211393089962716e+000	  7.1473641813103637e+000	
  7.6634678223633887e+000	  7.6591957154932331e+000	  7.6526700365988347e+000	  7.1904136441662914e+000	  7.1418890087579356e+000	  7.1886022532979368e+000	  7.2666368511434865e+000	  7.2078284417916674e+000	  7.1863592913033596e+000	  7.6309436920480724e+000	  7.6490529555547333e+000	  7.1217932045679024e+000	  7.1482746041453460e+000	
  7.6638999073594505e+000	  7.6596201851567933e+000	  7.6530629925042284e+000	  7.1921623514189914e+000	  7.1436686803811007e+000	  7.1903800101331949e+000	  7.2675977315322466e+000	  7.2091128258283508e+000	  7.1877044106978421e+000	  7.6315333800138943e+000	  7.6494469946236041e+000	  7.1235673288471926e+000	  7.1506139174920360e+000	
  7.6632073701020182e+000	  7.6589231957444914e+000	  7.6523989333541316e+000	  7.1916059868320037e+000	  7.1430599115409183e+000	  7.1898120002781889e+000	  7.2666785384378638e+000	  7.2081069470546346e+000	  7.1863505964068235e+000	  7.6309920207680548e+000	  7.6488215791399998e+000	  7.1229673524170103e+000	  7.1500956482155971e+000	
  7.6633374437608470e+000	  7.6590552925157045e+000	  7.6525174799667210e+000	  7.1923140632350133e+000	  7.1437554774554215e+000	  7.1906433672559196e+000	  7.2678415033179711e+000	  7.2093554829975162e+000	  7.1878113287799223e+000	  7.6310576468622582e+000	  7.6488810203236053e+000	  7.1235704708969152e+000	  7.1506850401963788e+000	
  7.6635069544728154e+000	  7.6592262703439857e+000	  7.6526773356138396e+000	  7.1920780938897995e+000	  7.1435599135016261e+000	  7.1903313680807486e+000	  7.2675131367917043e+000	  7.2090901397260225e+000	  7.1877447430791097e+000	  7.6312080962354010e+000	  7.6490538291144823e+000	  7.1234050178337238e+000	  7.1505462013794610e+000	
  7.6635665077880493e+000	  7.6592870946901712e+000	  7.6527258397458873e+000	  7.1921417132720542e+000	  7.1436440821184615e+000	  7.1903638915690689e+000	  7.2673994121892331e+000	  7.2089839027204032e+000	  7.1876762194447092e+000	  7.6312776097822894e+000	  7.6491205758113701e+000	  7.1235289201152145e+000	  7.1507120269665023e+000	
  7.6635604493809186e+000	  7.6592809675983986e+000	  7.6527148858759304e+000	  7.1922180855208921e+000	  7.1437206729903000e+000	  7.1904598647695597e+000	  7.2674078784245548e+000	  7.2089907997324953e+000	  7.1876499803094873e+000	  7.6312817483393394e+000	  7.6491168904639490e+000	  7.1236136282980125e+000	  7.1508244330114730e+000	
  7.6635610692499494e+000	  7.6592808014111142e+000	  7.6527138387582312e+000	  7.1923450541699534e+000	  7.1438440416461582e+000	  7.1905958922895969e+000	  7.2674735395966863e+000	  7.2090726675230297e+000	  7.1876846993446080e+000	  7.6313014842729388e+000	  7.6491173085377149e+000	  7.1237335836617071e+000	  7.1509919833754072e+000	
  7.6635534285465088e+000	  7.6592723520729802e+000	  7.6527069655095801e+000	  7.1924596646531835e+000	  7.1439576903794411e+000	  7.1907085300533780e+000	  7.2675383315027311e+000	  7.2091641979107752e+000	  7.1877611059083879e+000	  7.6313124474149916e+000	  7.6491070949852134e+000	  7.1238404119580059e+000	  7.1511443968394168e+000	
  7.6635550444725222e+000	  7.6592732718584653e+000	  7.6527069192192059e+000	  7.1925768385260227e+000	  7.1440769375310182e+000	  7.1908276546765233e+000	  7.2675919676604188e+000	  7.2092460341919686e+000	  7.1878501888700299e+000	  7.6313305044654207e+000	  7.6491058480692686e+000	  7.1239573867005710e+000	  7.1513086689600307e+000	
  7.6635602710947595e+000	  7.6592779082698961e+000	  7.6527088842636513e+000	  7.1926940770589276e+000	  7.1441963935214954e+000	  7.1909486785577048e+000	  7.2676407175837259e+000	  7.2093210040412110e+000	  7.1879338443686454e+000	  7.6313514267820093e+000	  7.6491087970905234e+000	  7.1240765822240846e+000	  7.1514760638222299e+000	
  7.6635782410453128e+000	  7.6592938285395711e+000	  7.6527140156245022e+000	  7.1931797901646934e+000	  7.1446893050262990e+000	  7.1914453537660279e+000	  7.2678523466473299e+000	  7.2096367182570056e+000	  7.1882643753349900e+000	  7.6314346492720020e+000	  7.6491185139741216e+000	  7.1245664652351941e+000	  7.1521612873074405e+000	
  7.6637320208372213e+000	  7.6594454047658331e+000	  7.6528520363810610e+000	  7.1937957171143108e+000	  7.1453199885524885e+000	  7.1920678444604853e+000	  7.2682003666594763e+000	  7.2101008513141682e+000	  7.1887587452146402e+000	  7.6316374369860815e+000	  7.6492566978607659e+000	  7.1251977614511190e+000	  7.1529870462590921e+000	
  7.6635496645869141e+000	  7.6592614062063653e+000	  7.6526748201021224e+000	  7.1937658084756251e+000	  7.1452776384803141e+000	  7.1920404343602051e+000	  7.2680185409025952e+000	  7.2099215701721473e+000	  7.1884940256920142e+000	  7.6315091798645369e+000	  7.6490891351689889e+000	  7.1251550737871518e+000	  7.1530097758387736e+000	
  7.6636047522304089e+000	  7.6593166502217542e+000	  7.6527220323991987e+000	  7.1940158526635365e+000	  7.1455341458505774e+000	  7.1923068021906573e+000	  7.2682557812089819e+000	  7.2102125423647720e+000	  7.1888581043487996e+000	  7.6315681363043151e+000	  7.6491290967118095e+000	  7.1254000348914630e+000	  7.1533122879349769e+000	
  7.6636107384108669e+000	  7.6593222002031318e+000	  7.6527230264087880e+000	  7.1941444656992459e+000	  7.1456681828637709e+000	  7.1924326113694175e+000	  7.2682757270145917e+000	  7.2102653617399923e+000	  7.1889205578528461e+000	  7.6315951615207496e+000	  7.6491345907930679e+000	  7.1255390788662325e+000	  7.1535160944322058e+000	
  7.6636238029127099e+000	  7.6593336759626460e+000	  7.6527259187934789e+000	  7.1945443915640599e+000	  7.1460747540682288e+000	  7.1928420924392977e+000	  7.2684517277885963e+000	  7.2105258019768499e+000	  7.1891906555966827e+000	  7.6316605421607200e+000	  7.6491406212928403e+000	  7.1259439160455482e+000	  7.1540782629818391e+000	
  7.6636728943678154e+000	  7.6593811155233098e+000	  7.6527643058502832e+000	  7.1949751134400284e+000	  7.1465141676393973e+000	  7.1932806666381275e+000	  7.2686628797641841e+000	  7.2108244680541205e+000	  7.1895051208122585e+000	  7.6317567639875703e+000	  7.6491806386772243e+000	  7.1263824846856387e+000	  7.1546724602480722e+000	
  7.6636020527347473e+000	  7.6593085507329093e+000	  7.6526870268334282e+000	  7.1952904362989099e+000	  7.1468306933598686e+000	  7.1936075608027465e+000	  7.2687474030107868e+000	  7.2109823435559042e+000	  7.1896524544742544e+000	  7.6317478349773573e+000	  7.6491082262998731e+000	  7.1266957130554642e+000	  7.1551388808905987e+000	
  7.6637448410098710e+000	  7.6594495718733242e+000	  7.6528135347194901e+000	  7.1958959553205570e+000	  7.1474529772044892e+000	  7.1942206794232142e+000	  7.2690996425927175e+000	  7.2114508200601737e+000	  7.1901642768207505e+000	  7.6319346597281985e+000	  7.6492339296167611e+000	  7.1273191893965731e+000	  7.1559497107880770e+000	
  7.6635368541303155e+000	  7.6592399987787321e+000	  7.6526117616037315e+000	  7.1958379386946909e+000	  7.1473818555027879e+000	  7.1941662942471325e+000	  7.2688861338941155e+000	  7.2112366667466627e+000	  7.1898618076526297e+000	  7.6317827168128600e+000	  7.6490422920131893e+000	  7.1272482837586368e+000	  7.1559421596262123e+000	
  7.6636040878091478e+000	  7.6593076533122115e+000	  7.6526703398525004e+000	  7.1960987296135848e+000	  7.1476510829370294e+000	  7.1944442837398874e+000	  7.2691448653907393e+000	  7.2115516299384463e+000	  7.1902620377806219e+000	  7.6318494084169650e+000	  7.6490925324021557e+000	  7.1275062164088645e+000	  7.1562545824791854e+000	
  7.6636033920459603e+000	  7.6593065126384126e+000	  7.6526650485288634e+000	  7.1962139917240506e+000	  7.1477718664640157e+000	  7.1945556132651376e+000	  7.2691471576824860e+000	  7.2115842985648211e+000	  7.1902997582813342e+000	  7.6318703385971105e+000	  7.6490922956704459e+000	  7.1276332608779924e+000	  7.1564443106212430e+000	
  7.6636005975770960e+000	  7.6593025467874778e+000	  7.6526542308683485e+000	  7.1965357714125258e+000	  7.1480995157525289e+000	  7.1948858729564229e+000	  7.2692853513275573e+000	  7.2117906968485794e+000	  7.1905121924404298e+000	  7.6319097948588599e+000	  7.6490838146660121e+000	  7.1279603038957369e+000	  7.1568986418814156e+000	
  7.6636166843644844e+000	  7.6593174192802067e+000	  7.6526620745614498e+000	  7.1968692269219030e+000	  7.1484399876438651e+000	  7.1952262819689912e+000	  7.2694379749209261e+000	  7.2120132731520172e+000	  7.1907457571691520e+000	  7.6319655155197150e+000	  7.6490932380900354e+000	  7.1283004997918251e+000	  7.1573645833002093e+000	
  7.6635766967592112e+000	  7.6592761574982120e+000	  7.6526160794457407e+000	  7.1971475077657825e+000	  7.1487216944204306e+000	  7.1955135083146349e+000	  7.2695287101167505e+000	  7.2121667323389431e+000	  7.1908967119463387e+000	  7.6319721922604256e+000	  7.6490503351000818e+000	  7.1285810507778109e+000	  7.1577693910104170e+000	
  7.6636369334342245e+000	  7.6593343657701194e+000	  7.6526608536777641e+000	  7.1977680738617673e+000	  7.1493571787760413e+000	  7.1961462387305488e+000	  7.2698346210496627e+000	  7.2125988409288091e+000	  7.1913562972776575e+000	  7.6320965988925682e+000	  7.6490966128533753e+000	  7.1292174856967403e+000	  7.1586251667829259e+000	
  7.6634296730034031e+000	  7.6591253533021355e+000	  7.6524468359395019e+000	  7.1981193150430354e+000	  7.1497088579828159e+000	  7.1965206033110487e+000	  7.2698611009723315e+000	  7.2127237529068271e+000	  7.1914737424731499e+000	  7.6319832383234765e+000	  7.6488905643465408e+000	  7.1295640766569974e+000	  7.1591834436083843e+000	
  7.6637421208664165e+000	  7.6594395874672383e+000	  7.6527411906986149e+000	  7.1985679644471041e+000	  7.1501812808917649e+000	  7.1969860062629198e+000	  7.2704406075985464e+000	  7.2133799366282041e+000	  7.1923095344917183e+000	  7.6322428613134505e+000	  7.6491645317775934e+000	  7.1300228328641122e+000	  7.1596607772858487e+000	
  7.6637279198185579e+000	  7.6594240376617471e+000	  7.6527271408110540e+000	  7.1984547366212333e+000	  7.1500746571723717e+000	  7.1968284997422174e+000	  7.2701014727169060e+000	  7.2130280380202993e+000	  7.1918683594371871e+000	  7.6322609794501055e+000	  7.6491727681799926e+000	  7.1299510647194460e+000	  7.1596333619037935e+000	
  7.6636521088101279e+000	  7.6593468877816715e+000	  7.6526553349473723e+000	  7.1985117414531903e+000	  7.1501209485291923e+000	  7.1968960154281021e+000	  7.2700876368849290e+000	  7.2130080782425772e+000	  7.1917624285261006e+000	  7.6322114085002255e+000	  7.6491028578949152e+000	  7.1299945295563312e+000	  7.1597066166780792e+000	
  7.6635772771652100e+000	  7.6592710260455092e+000	  7.6525835519183776e+000	  7.1986036413113705e+000	  7.1502055354371432e+000	  7.1970028402305228e+000	  7.2701350814292027e+000	  7.2130752495214221e+000	  7.1918052205785443e+000	  7.6321617054407440e+000	  7.6490272098953671e+000	  7.1300669230148142e+000	  7.1598211622406751e+000	
  7.6635333688558571e+000	  7.6592267410241739e+000	  7.6525386709159680e+000	  7.1986902565304067e+000	  7.1502922451715154e+000	  7.1970974414902926e+000	  7.2701647372812044e+000	  7.2131306565109057e+000	  7.1918747040573425e+000	  7.6321366404604110e+000	  7.6489815520719198e+000	  7.1301493604288737e+000	  7.1599483834581132e+000	
  7.6635098622038065e+000	  7.6592030934615938e+000	  7.6525122217467150e+000	  7.1987882196211643e+000	  7.1503928702736221e+000	  7.1972014769982593e+000	  7.2702005266122924e+000	  7.2131931179616942e+000	  7.1919566946615117e+000	  7.6321288625467556e+000	  7.6489558177439232e+000	  7.1302490968631744e+000	  7.1600939638145267e+000	
  7.6634677466872541e+000	  7.6591603339978587e+000	  7.6524612981302393e+000	  7.1990937476979475e+000	  7.1507067916241347e+000	  7.1975185416807470e+000	  7.2703093316993961e+000	  7.2133765445398321e+000	  7.1921674445995816e+000	  7.6321323341456342e+000	  7.6489082429427171e+000	  7.1305638182913960e+000	  7.1605438060639912e+000	
  7.6634833060410967e+000	  7.6591749736152241e+000	  7.6524672807767420e+000	  7.1994524581656698e+000	  7.1510757913032261e+000	  7.1978849038184283e+000	  7.2704750384693533e+000	  7.2136191187252994e+000	  7.1924303447390425e+000	  7.6321871795375014e+000	  7.6489157329198463e+000	  7.1309346655178079e+000	  7.1610477615192760e+000	
  7.6633737066152747e+000	  7.6590642657876113e+000	  7.6523534402147479e+000	  7.1996890173199439e+000	  7.1513143629247296e+000	  7.1981345198988489e+000	  7.2705058870237309e+000	  7.2137117689233925e+000	  7.1925148279522286e+000	  7.6321331271758144e+000	  7.6488061868286827e+000	  7.1311720687747204e+000	  7.1614153170987223e+000	
  7.6635032536624799e+000	  7.6591925305215813e+000	  7.6524670448728802e+000	  7.2002699063647029e+000	  7.1519147454881811e+000	  7.1987210871107017e+000	  7.2708446651477008e+000	  7.2141619731087445e+000	  7.1930058861761115e+000	  7.6323001444767478e+000	  7.6489183645152146e+000	  7.1317769636348007e+000	  7.1621942688154547e+000	
  7.6632132132164212e+000	  7.6589009036514781e+000	  7.6521876883748829e+000	  7.2001125767609810e+000	  7.1517400978538275e+000	  7.1985711908017187e+000	  7.2705246971374269e+000	  7.2138277456476434e+000	  7.1925646521534663e+000	  7.6320738049704957e+000	  7.6486507050343100e+000	  7.1316029031139241e+000	  7.1620740427929608e+000	
  7.6633218194803572e+000	  7.6590106966550202e+000	  7.6522854226393004e+000	  7.2004045933720828e+000	  7.1520452070211125e+000	  7.1988841055053765e+000	  7.2708615735253144e+000	  7.2142277280654223e+000	  7.1930880970534741e+000	  7.6321673178901417e+000	  7.6487360053969553e+000	  7.1318947972179227e+000	  7.1624080988321257e+000	
  7.6633141639417541e+000	  7.6590026648295009e+000	  7.6522736102586162e+000	  7.2004780388489902e+000	  7.1521248865029055e+000	  7.1989482043777500e+000	  7.2708178022209839e+000	  7.2142061634445920e+000	  7.1930625434442099e+000	  7.6321794237107188e+000	  7.6487312097181235e+000	  7.1319849956278691e+000	  7.1625524171553581e+000	
  7.6632989494132824e+000	  7.6589868096463469e+000	  7.6522534131229065e+000	  7.2006928432781194e+000	  7.1523442480399364e+000	  7.1991699706744967e+000	  7.2709076570317723e+000	  7.2143411519694709e+000	  7.1931959441977149e+000	  7.6321922213438356e+000	  7.6487121807790004e+000	  7.1322047993560265e+000	  7.1628561976191190e+000	
  7.6632855726986886e+000	  7.6589728035523024e+000	  7.6522352654516563e+000	  7.2008992265856779e+000	  7.1525558187799767e+000	  7.1993819068694291e+000	  7.2709900301688197e+000	  7.2144695687171581e+000	  7.1933286066312512e+000	  7.6322062898028200e+000	  7.6486950232589184e+000	  7.1324169403901063e+000	  7.1631512562297921e+000	
  7.6632585756806026e+000	  7.6589451467983984e+000	  7.6522039811390776e+000	  7.2010910291746999e+000	  7.1527518295876060e+000	  7.1995799187102172e+000	  7.2710563467142286e+000	  7.2145795494994207e+000	  7.1934411504984190e+000	  7.6322083038017681e+000	  7.6486651955344769e+000	  7.1326135075630344e+000	  7.1634299119549034e+000	
  7.6632399713216088e+000	  7.6589245299545663e+000	  7.6521692674135426e+000	  7.2017854704589119e+000	  7.1534647923980756e+000	  7.2002934509452068e+000	  7.2713481249773491e+000	  7.2150210289612602e+000	  7.1939055562729841e+000	  7.6322744948362278e+000	  7.6486330304371872e+000	  7.1333304264546449e+000	  7.1644132854698981e+000	
  7.6630810330961427e+000	  7.6587640748740196e+000	  7.6519988244259345e+000	  7.2023177598617618e+000	  7.1540091942204178e+000	  7.2008517513017996e+000	  7.2714892861486717e+000	  7.2152958785383685e+000	  7.1941958534390782e+000	  7.6322114332349695e+000	  7.6484678990748822e+000	  7.1338756817360336e+000	  7.1652125888253480e+000	
  7.6632006654247267e+000	  7.6588833961468890e+000	  7.6521081619027029e+000	  7.2026325481342841e+000	  7.1543375216979115e+000	  7.2011662591548617e+000	  7.2717144787993959e+000	  7.2155775779299027e+000	  7.1945182896343951e+000	  7.6323362999941047e+000	  7.6485746410964124e+000	  7.1342075299328247e+000	  7.1656190721173925e+000	
