-0.34365	-0.34365	-0.34365	-0.34365	-0.34365	-0.34365	-0.34364	-0.34343	-0.34339	-0.34338	-0.34338	-0.34338	-0.34338
-6.6614	-6.6614	-6.6658	-6.6658	-6.6658	-6.6658	-6.6613	-6.6268	-6.6227	-6.6221	-6.6219	-6.6218	-6.6217
-8.8559	-8.8559	-8.8667	-8.8667	-8.8667	-8.8667	-8.8581	-8.8092	-8.8091	-8.8085	-8.8082	-8.8081	-8.8081
-9.9717	-9.9717	-9.9882	-9.9882	-9.9882	-9.9882	-9.9754	-9.9274	-9.9243	-9.9236	-9.9234	-9.9232	-9.9231
-9.9344	-9.9344	-9.9545	-9.9545	-9.9545	-9.9545	-9.9389	-9.8941	-9.8916	-9.8909	-9.8907	-9.8906	-9.8905
-9.388	-9.388	-9.4101	-9.4101	-9.4101	-9.41	-9.3936	-9.3532	-9.3508	-9.3502	-9.35	-9.3499	-9.3498
-8.9575	-8.9575	-8.9811	-8.9811	-8.9811	-8.9811	-8.9667	-8.9269	-8.9246	-8.924	-8.9238	-8.9237	-8.9236
-8.9958	-8.9958	-9.0218	-9.0218	-9.0218	-9.0218	-9.0068	-8.9674	-8.9651	-8.9645	-8.9643	-8.9642	-8.9641
-8.2201	-8.2201	-8.2458	-8.2458	-8.2458	-8.2458	-8.2321	-8.1957	-8.1936	-8.1931	-8.1929	-8.1928	-8.1927
-7.8506	-7.8506	-7.877	-7.877	-7.877	-7.877	-7.8641	-7.8287	-7.8267	-7.8262	-7.826	-7.8259	-7.8258
-7.6919	-7.6919	-7.7194	-7.7194	-7.7194	-7.7193	-7.7066	-7.6717	-7.6697	-7.6692	-7.669	-7.6689	-7.6688
-7.7737	-7.7737	-7.8026	-7.8026	-7.8026	-7.8026	-7.7893	-7.7546	-7.7526	-7.7521	-7.7519	-7.7518	-7.7518
-7.6245	-7.6245	-7.654	-7.654	-7.654	-7.654	-7.6409	-7.607	-7.605	-7.6045	-7.6043	-7.6043	-7.6042
-7.8505	-7.8505	-7.8817	-7.8817	-7.8817	-7.8817	-7.8682	-7.8337	-7.8317	-7.8312	-7.831	-7.8309	-7.8308
-8.478	-8.478	-8.5124	-8.5124	-8.5124	-8.5123	-8.4963	-8.4611	-8.459	-8.4585	-8.4583	-8.4582	-8.4581
-8.4808	-8.4808	-8.5168	-8.5168	-8.5168	-8.5166	-8.4961	-8.4642	-8.4623	-8.4618	-8.4617	-8.4616	-8.4615
-7.4132	-7.4132	-7.4457	-7.4457	-7.4457	-7.4456	-7.4301	-7.3995	-7.3977	-7.3972	-7.3971	-7.397	-7.3969
-6.3926	-6.3926	-6.4216	-6.4216	-6.4216	-6.4216	-6.4119	-6.3813	-6.3797	-6.3793	-6.3791	-6.379	-6.379
-6.1399	-6.1399	-6.1688	-6.1688	-6.1688	-6.1688	-6.1602	-6.1298	-6.128	-6.1275	-6.1274	-6.1273	-6.1272
-6.2586	-6.2586	-6.2887	-6.2887	-6.2887	-6.2887	-6.2809	-6.2489	-6.2469	-6.2464	-6.2463	-6.2462	-6.2462
-6.8045	-6.8045	-6.8377	-6.8377	-6.8377	-6.8377	-6.8276	-6.7943	-6.7923	-6.7919	-6.7917	-6.7916	-6.7915
-6.6841	-6.6841	-6.7181	-6.7181	-6.7181	-6.7181	-6.7101	-6.6746	-6.6724	-6.6719	-6.6717	-6.6716	-6.6716
-6.3987	-6.3987	-6.4326	-6.4326	-6.4326	-6.4326	-6.4265	-6.3904	-6.3877	-6.3872	-6.387	-6.3869	-6.3869
-5.5077	-5.5077	-5.5385	-5.5385	-5.5385	-5.5385	-5.5351	-5.5038	-5.4984	-5.4979	-5.4977	-5.4976	-5.4976
-7.0945	-7.0945	-7.1346	-7.1346	-7.1346	-7.1327	-7.0944	-7.0835	-7.0825	-7.0822	-7.082	-7.082	-7.0819
-6.0749	-6.0749	-6.11	-6.11	-6.11	-6.1089	-6.0775	-6.0659	-6.0649	-6.0646	-6.0645	-6.0644	-6.0644
-4.9994	-4.9994	-5.0291	-5.0291	-5.0291	-5.0288	-5.0078	-4.9923	-4.9913	-4.9911	-4.991	-4.9909	-4.9909
-4.2287	-4.2287	-4.2547	-4.2547	-4.2547	-4.2547	-4.2427	-4.2231	-4.222	-4.2218	-4.2217	-4.2216	-4.2216
-4.1488	-4.1488	-4.1754	-4.1754	-4.1754	-4.1754	-4.1683	-4.1437	-4.1423	-4.142	-4.1419	-4.1419	-4.1418
-4.365	-4.365	-4.3943	-4.3943	-4.3943	-4.3943	-4.3896	-4.3602	-4.3583	-4.3579	-4.3577	-4.3577	-4.3576
-4.2162	-4.2162	-4.2456	-4.2456	-4.2456	-4.2456	-4.2434	-4.2103	-4.2099	-4.2094	-4.2093	-4.2092	-4.2092
-4.2877	-4.2877	-4.3165	-4.3165	-4.3165	-4.3165	-4.311	-4.2833	-4.2816	-4.2813	-4.2811	-4.2811	-4.281
-4.4384	-4.4384	-4.4681	-4.4681	-4.4681	-4.4681	-4.459	-4.4337	-4.4324	-4.432	-4.4319	-4.4319	-4.4318
-4.1972	-4.1972	-4.2248	-4.225	-4.225	-4.225	-4.2133	-4.1928	-4.1918	-4.1915	-4.1914	-4.1914	-4.1913
-5.2003	-5.2002	-5.2252	-5.235	-5.235	-5.2347	-5.2132	-5.1948	-5.1937	-5.1934	-5.1933	-5.1932	-5.1932
-4.9197	-4.9195	-4.9249	-4.9526	-4.9526	-4.952	-4.9288	-4.9147	-4.9138	-4.9135	-4.9134	-4.9133	-4.9133
-4.24	-4.2399	-4.245	-4.2676	-4.2676	-4.2672	-4.2503	-4.236	-4.2352	-4.235	-4.2349	-4.2348	-4.2348
-4.3057	-4.3054	-4.3051	-4.3336	-4.3336	-4.3331	-4.3157	-4.3018	-4.301	-4.3007	-4.3006	-4.3006	-4.3006
-4.4045	-4.4042	-4.4019	-4.4328	-4.4328	-4.4324	-4.4156	-4.4008	-4.4	-4.3997	-4.3996	-4.3996	-4.3995
-4.4908	-4.4903	-4.4876	-4.5193	-4.5193	-4.5189	-4.5033	-4.4873	-4.4864	-4.4861	-4.486	-4.4859	-4.4859
-4.3963	-4.3957	-4.393	-4.4239	-4.4239	-4.4236	-4.4099	-4.3931	-4.3922	-4.3919	-4.3918	-4.3917	-4.3917
-3.7151	-3.7146	-3.7122	-3.7386	-3.7386	-3.7386	-3.7334	-3.713	-3.7119	-3.7116	-3.7115	-3.7114	-3.7114
-3.8805	-3.8799	-3.8776	-3.9052	-3.9052	-3.9052	-3.9009	-3.8791	-3.8773	-3.8769	-3.8768	-3.8767	-3.8767
-3.7246	-3.724	-3.7217	-3.7486	-3.7486	-3.7486	-3.745	-3.7238	-3.7216	-3.7213	-3.7211	-3.7211	-3.721
-3.4839	-3.4833	-3.4813	-3.5066	-3.5066	-3.5066	-3.5038	-3.4837	-3.4812	-3.4808	-3.4807	-3.4806	-3.4806
-3.3862	-3.3855	-3.3825	-3.4085	-3.4085	-3.4085	-3.4065	-3.3867	-3.3836	-3.3833	-3.3831	-3.3831	-3.383
-3.558	-3.5573	-3.5553	-3.5816	-3.5816	-3.5816	-3.5803	-3.5626	-3.5556	-3.5551	-3.5549	-3.5548	-3.5548
-3.5697	-3.5689	-3.567	-3.5934	-3.5934	-3.5934	-3.5926	-3.5781	-3.5676	-3.5669	-3.5668	-3.5667	-3.5666
-3.5293	-3.5284	-3.5267	-3.5527	-3.5527	-3.5527	-3.5522	-3.5404	-3.5274	-3.5266	-3.5264	-3.5263	-3.5263
-3.3846	-3.3837	-3.3822	-3.4072	-3.4072	-3.4072	-3.4068	-3.397	-3.3829	-3.3822	-3.382	-3.3819	-3.3818
-3.1544	-3.1535	-3.1513	-3.1757	-3.1757	-3.1757	-3.1755	-3.1677	-3.1526	-3.152	-3.1519	-3.1519	-3.1518
-2.9044	-2.9039	-2.9026	-2.9226	-2.9226	-2.9226	-2.9225	-2.9184	-2.9036	-2.9027	-2.9025	-2.9024	-2.9023
-2.4734	-2.4729	-2.4718	-2.4894	-2.4894	-2.4894	-2.4894	-2.4866	-2.4732	-2.4719	-2.4717	-2.4716	-2.4716
-2.3636	-2.3632	-2.362	-2.3794	-2.3794	-2.3794	-2.3794	-2.3764	-2.3633	-2.3622	-2.362	-2.3619	-2.3619
-2.3954	-2.395	-2.3939	-2.4118	-2.4118	-2.4118	-2.4117	-2.4078	-2.3947	-2.394	-2.3938	-2.3937	-2.3936
-2.8364	-2.836	-2.8344	-2.856	-2.856	-2.856	-2.8558	-2.8483	-2.8353	-2.8347	-2.8345	-2.8344	-2.8343
-2.92	-2.9198	-2.9184	-2.9465	-2.9465	-2.9465	-2.9439	-2.9209	-2.9185	-2.9181	-2.918	-2.9179	-2.9179
-2.8738	-2.8737	-2.8723	-2.9012	-2.9012	-2.9012	-2.8938	-2.8732	-2.8722	-2.8719	-2.8718	-2.8718	-2.8717
-2.5728	-2.5727	-2.5721	-2.5986	-2.5986	-2.5985	-2.5883	-2.5723	-2.5712	-2.571	-2.5709	-2.5709	-2.5709
