3.15e+010
3.27e+010
3.2528e+010
3.1603e+010
3.0783e+010
2.9796e+010
2.8848e+010
2.8543e+010
2.913e+010
2.9601e+010
2.9611e+010
2.9392e+010
2.9005e+010
2.8094e+010
2.6898e+010
2.6121e+010
2.5713e+010
2.5874e+010
2.6411e+010
2.6751e+010
2.6669e+010
2.7001e+010
2.7295e+010
2.7935e+010
2.8992e+010
3.0188e+010
3.0842e+010
3.1574e+010
3.1724e+010
3.1749e+010
3.1855e+010
3.308e+010
3.4257e+010
3.5292e+010
3.6127e+010
3.756e+010
3.8714e+010
3.9922e+010
4.1027e+010
4.2252e+010
4.3753e+010
4.7029e+010
4.7761e+010
4.8544e+010
4.9759e+010
5.1205e+010
5.2856e+010
5.4303e+010
5.5299e+010
5.61e+010
5.7401e+010
5.8814e+010
6.0401e+010
5.9827e+010
5.7794e+010
5.2802e+010
4.7621e+010
4.4044e+010
4.2725e+010
