0.24044	0.24044	0.24044	0.24044	0.24044	0.24044	0.24044	0.24044	0.24044	0.24044	0.24044	0.24044	0.24044
0.52715	0.52715	0.52715	0.52715	0.52715	0.52715	0.52716	0.52721	0.52721	0.52721	0.52721	0.52721	0.52721
0.57699	0.57699	0.57699	0.57699	0.57699	0.57699	0.57701	0.57719	0.57708	0.57705	0.57703	0.57702	0.57702
0.63069	0.63069	0.63069	0.63069	0.63069	0.63069	0.63069	0.63069	0.63068	0.63068	0.63068	0.63067	0.63067
0.69099	0.69099	0.69099	0.69099	0.69099	0.69099	0.69098	0.69098	0.69098	0.69098	0.69098	0.69098	0.69098
0.75598	0.75598	0.75598	0.75598	0.75598	0.75598	0.756	0.75601	0.756	0.756	0.756	0.756	0.756
0.82236	0.82236	0.82236	0.82236	0.82236	0.82236	0.82235	0.82235	0.82234	0.82234	0.82234	0.82234	0.82234
0.8998	0.8998	0.8998	0.8998	0.8998	0.8998	0.89981	0.89978	0.8998	0.8998	0.8998	0.89981	0.89981
0.9876	0.9876	0.9876	0.9876	0.9876	0.9876	0.98761	0.98763	0.98763	0.98763	0.98763	0.98763	0.98763
1.0108	1.0108	1.0108	1.0108	1.0108	1.0108	1.0108	1.0108	1.0108	1.0108	1.0108	1.0108	1.0108
1.0058	1.0058	1.0058	1.0058	1.0058	1.0058	1.0058	1.0058	1.0058	1.0058	1.0058	1.0058	1.0058
1.0087	1.0087	1.0087	1.0087	1.0087	1.0087	1.0087	1.0087	1.0087	1.0087	1.0087	1.0087	1.0087
1.0092	1.0092	1.0092	1.0092	1.0092	1.0092	1.0092	1.0093	1.0093	1.0093	1.0093	1.0093	1.0093
1.0025	1.0025	1.0025	1.0025	1.0025	1.0025	1.0025	1.0025	1.0025	1.0025	1.0025	1.0025	1.0025
1.0032	1.0032	1.0032	1.0032	1.0032	1.0032	1.0032	1.0031	1.0032	1.0032	1.0032	1.0032	1.0032
1.0624	1.0624	1.0624	1.0624	1.0624	1.0624	1.0624	1.0624	1.0624	1.0624	1.0624	1.0624	1.0624
1.1203	1.1203	1.1203	1.1203	1.1203	1.1203	1.1203	1.1203	1.1204	1.1204	1.1203	1.1203	1.1203
1.1835	1.1835	1.1835	1.1835	1.1835	1.1835	1.1835	1.1835	1.1835	1.1835	1.1835	1.1835	1.1835
1.2481	1.2481	1.2481	1.2481	1.2481	1.2481	1.2481	1.2481	1.2481	1.2481	1.2481	1.2481	1.2481
1.3102	1.3102	1.3102	1.3102	1.3102	1.3102	1.3102	1.3102	1.3102	1.3102	1.3102	1.3102	1.3102
1.3713	1.3713	1.3713	1.3713	1.3713	1.3713	1.3713	1.3713	1.3713	1.3713	1.3713	1.3713	1.3713
1.4494	1.4494	1.4494	1.4494	1.4494	1.4494	1.4494	1.4494	1.4494	1.4494	1.4494	1.4494	1.4494
1.5232	1.5232	1.5232	1.5232	1.5232	1.5232	1.5232	1.5233	1.5233	1.5233	1.5233	1.5233	1.5233
1.5957	1.5957	1.5957	1.5957	1.5957	1.5957	1.5957	1.5957	1.5957	1.5957	1.5957	1.5957	1.5957
1.4067	1.4067	1.4067	1.4067	1.4067	1.4067	1.4067	1.4067	1.4068	1.4068	1.4068	1.4068	1.4068
1.4828	1.4828	1.4828	1.4828	1.4828	1.4828	1.4828	1.4828	1.4828	1.4828	1.4828	1.4828	1.4828
1.5326	1.5326	1.5326	1.5326	1.5326	1.5326	1.5326	1.5326	1.5326	1.5326	1.5326	1.5326	1.5326
1.6369	1.6369	1.6369	1.6369	1.6369	1.6369	1.6369	1.6369	1.6369	1.6369	1.6369	1.6369	1.6369
1.7427	1.7427	1.7427	1.7427	1.7427	1.7427	1.7427	1.7427	1.7427	1.7426	1.7426	1.7426	1.7426
1.8433	1.8433	1.8433	1.8433	1.8433	1.8433	1.8433	1.8433	1.8433	1.8433	1.8433	1.8433	1.8433
1.9402	1.9402	1.9402	1.9402	1.9402	1.9402	1.9402	1.9402	1.9402	1.9402	1.9402	1.9402	1.9402
2.054	2.054	2.054	2.054	2.054	2.054	2.054	2.054	2.054	2.0541	2.0541	2.0541	2.0541
2.0987	2.0987	2.0987	2.0987	2.0987	2.0987	2.0987	2.0987	2.0987	2.0986	2.0986	2.0986	2.0986
2.1326	2.1326	2.1326	2.1326	2.1326	2.1326	2.1326	2.1326	2.1326	2.1324	2.1326	2.1326	2.1326
2.1675	2.1675	2.1675	2.1675	2.1675	2.1675	2.1675	2.1675	2.1675	2.1675	2.1675	2.1675	2.1675
2.1998	2.1998	2.1998	2.1998	2.1998	2.1998	2.1998	2.1998	2.1998	2.1998	2.1998	2.1998	2.1998
2.2295	2.2295	2.2295	2.2295	2.2295	2.2295	2.2295	2.2295	2.2295	2.2295	2.2296	2.2296	2.2296
2.2995	2.2995	2.2995	2.2995	2.2995	2.2995	2.2995	2.2995	2.2995	2.2995	2.2995	2.2995	2.2995
2.3711	2.3711	2.3711	2.3711	2.3711	2.3711	2.3711	2.3711	2.3711	2.3711	2.3711	2.3711	2.3711
2.4428	2.4428	2.4428	2.4428	2.4428	2.4428	2.4428	2.4428	2.4428	2.4429	2.4429	2.4429	2.4429
2.5129	2.5129	2.5129	2.5129	2.5129	2.5129	2.5129	2.5129	2.5129	2.513	2.513	2.513	2.513
2.5909	2.5909	2.5909	2.5909	2.5909	2.5909	2.5909	2.5909	2.5909	2.5909	2.5909	2.5909	2.5909
2.6471	2.6471	2.6471	2.6471	2.6471	2.6471	2.6471	2.6471	2.6471	2.647	2.6471	2.6471	2.6471
2.703	2.703	2.703	2.703	2.703	2.703	2.703	2.703	2.703	2.703	2.703	2.703	2.703
2.7661	2.7661	2.7661	2.7661	2.7661	2.7661	2.7661	2.7661	2.7661	2.7661	2.7661	2.7661	2.7661
2.8258	2.8258	2.8258	2.8258	2.8258	2.8258	2.8258	2.8258	2.8257	2.8258	2.8258	2.8258	2.8258
2.8733	2.8733	2.8733	2.8733	2.8733	2.8733	2.8733	2.8733	2.8733	2.8732	2.8732	2.8732	2.8732
2.9297	2.9297	2.9297	2.9297	2.9297	2.9297	2.9297	2.9297	2.9297	2.9298	2.9297	2.9297	2.9297
2.9921	2.9921	2.9921	2.9921	2.9921	2.9921	2.9921	2.9921	2.9921	2.9921	2.9921	2.9921	2.9921
3.0584	3.0584	3.0584	3.0584	3.0584	3.0584	3.0584	3.0584	3.0583	3.0583	3.0583	3.0583	3.0583
3.1154	3.1154	3.1154	3.1154	3.1154	3.1154	3.1154	3.1154	3.1154	3.1154	3.1154	3.1154	3.1154
3.0293	3.0293	3.0293	3.0293	3.0293	3.0293	3.0293	3.0293	3.0293	3.0293	3.0292	3.0292	3.0292
2.9698	2.9698	2.9698	2.9698	2.9698	2.9698	2.9698	2.9698	2.9698	2.9697	2.9697	2.9697	2.9697
2.8962	2.8962	2.8962	2.8962	2.8962	2.8962	2.8962	2.8962	2.8962	2.8962	2.8962	2.8962	2.8962
2.8444	2.8444	2.8444	2.8444	2.8444	2.8444	2.8444	2.8444	2.8444	2.8445	2.8445	2.8445	2.8445
2.8286	2.8286	2.8286	2.8286	2.8286	2.8286	2.8286	2.8286	2.8286	2.8286	2.8286	2.8286	2.8286
2.8165	2.8165	2.8165	2.8165	2.8165	2.8165	2.8165	2.8165	2.8164	2.8164	2.8164	2.8164	2.8164
2.7826	2.7826	2.7826	2.7826	2.7826	2.7826	2.7826	2.7825	2.7824	2.7824	2.7824	2.7824	2.7824
2.7132	2.7132	2.7132	2.7132	2.7132	2.7132	2.7132	2.7132	2.7132	2.7132	2.7132	2.7132	2.7132
