  2.0829239972805030e-001	  2.0812560094682217e-001	  2.0725119374410966e-001	  2.6895863085081833e-002	  1.1625878101672862e-002	  1.1072679534072070e-002	  1.4366268762858025e-001	  1.0424345803603856e-001	  8.3917042475440962e-002	  2.5853714041986131e-001	  2.3531754159003962e-001	  1.0677696104153448e-002	  4.9294561568288689e-003	
  2.0829299917332120e-001	  2.0812649906905650e-001	  2.0725160212853558e-001	  2.6861407047603938e-002	  1.1623285086696494e-002	  1.1071443358785281e-002	  1.4241486244165197e-001	  1.0424315695549084e-001	  8.3916931585585441e-002	  2.5853194949427938e-001	  2.3531863624523050e-001	  1.0674629444877340e-002	  4.9268954141180486e-003	
  2.0829329012181125e-001	  2.0812733670190531e-001	  2.0725192802938980e-001	  2.6790272088647933e-002	  1.1617892610583044e-002	  1.1068789742172760e-002	  1.4118496768908856e-001	  1.0424248788623966e-001	  8.3916685533054716e-002	  2.5852605500343140e-001	  2.3531964566422792e-001	  1.0668332532764335e-002	  4.9222570249939897e-003	
  2.0829326769965467e-001	  2.0812808446551676e-001	  2.0725218701772963e-001	  2.6685255684561409e-002	  1.1610023834977419e-002	  1.1064786912421002e-002	  1.3997311632847273e-001	  1.0424144278407911e-001	  8.3916301236961255e-002	  2.5851987156205125e-001	  2.3532053836889522e-001	  1.0659261861581375e-002	  4.9163447746181322e-003	
  2.0828858367492697e-001	  2.0813404933719587e-001	  2.0725470383749300e-001	  2.5172348827892235e-002	  1.1504947717140567e-002	  1.1002082634333565e-002	  1.3110330817036364e-001	  1.0422178669218621e-001	  8.3908904127785844e-002	  2.5846908693811627e-001	  2.3532768833583714e-001	  1.0544167348991608e-002	  4.8626006181834670e-003	
  2.0827061603809321e-001	  2.0813252695529291e-001	  2.0725007744217941e-001	  2.2798243191342403e-002	  1.1347572654157546e-002	  1.0893789790150018e-002	  1.2318560977976324e-001	  1.0418158970185357e-001	  8.3893416482955382e-002	  2.5840405322448612e-001	  2.3532540109385125e-001	  1.0379037380607942e-002	  4.8036384658290427e-003	
  2.0824802386488625e-001	  2.0812803338619768e-001	  2.0724252856430028e-001	  2.0178020890980222e-002	  1.1174709935774491e-002	  1.0758970167081808e-002	  1.1612873302586481e-001	  1.0412242199204455e-001	  8.3869914694701828e-002	  2.5833585620736532e-001	  2.3531942978156059e-001	  1.0204020381621290e-002	  4.7479754152105801e-003	
  2.0822372685156978e-001	  2.0812091572381375e-001	  2.0723229844631214e-001	  1.7682927761187597e-002	  1.1000196811187957e-002	  1.0610205102883763e-002	  1.0984014072158674e-001	  1.0404617404978855e-001	  8.3838579570965702e-002	  2.5826758293717955e-001	  2.3531018951832508e-001	  1.0031753095166643e-002	  4.6938587982832359e-003	
  2.0819292052777530e-001	  2.0811279712824718e-001	  2.0721920515223138e-001	  1.4355722426559157e-002	  1.0727003857874094e-002	  1.0363115653535045e-002	  1.0130396279055220e-001	  1.0389661584559216e-001	  8.3774145589152901e-002	  2.5817492977019779e-001	  2.3529964274874726e-001	  9.7683603403796622e-003	  4.6104622519597179e-003	
  2.0815286205710629e-001	  2.0808877247975791e-001	  2.0719005618618225e-001	  1.1949843739687974e-002	  1.0455819436633004e-002	  1.0112922486704009e-002	  9.4181356459530005e-002	  1.0371616979016483e-001	  8.3691875251248868e-002	  2.5807051056543662e-001	  2.3526897293574447e-001	  9.5111791434999218e-003	  4.5274503110259625e-003	
  2.0811273283412543e-001	  2.0805943827925860e-001	  2.0715556697180762e-001	  1.0263886873927829e-002	  1.0183938892022256e-002	  9.8638364889056425e-003	  8.8223021364960338e-002	  1.0350978263592224e-001	  8.3592456256735628e-002	  2.5796798078331984e-001	  2.3523161786900604e-001	  9.2568673244021894e-003	  4.4459123949970279e-003	
  2.0807085976131603e-001	  2.0802533101078333e-001	  2.0711628092782117e-001	  8.9964353684342472e-003	  9.9139796906006356e-003	  9.6174004726839717e-003	  8.3227930942661899e-002	  1.0328168175376348e-001	  8.3476611791250710e-002	  2.5786529797906615e-001	  2.3518826120605274e-001	  9.0084074767501320e-003	  4.3667578064019988e-003	
  2.0802615846228997e-001	  2.0798674068033415e-001	  2.0707247817861166e-001	  7.9627932225116837e-003	  9.6496526066239732e-003	  9.3754189627564544e-003	  7.9032874198044362e-002	  1.0303544457716499e-001	  8.3345070077032235e-002	  2.5776066881227083e-001	  2.3513926297975798e-001	  8.7688883823796131e-003	  4.2899025651480845e-003	
  2.0797913768580534e-001	  2.0794551647858189e-001	  2.0702248539982956e-001	  6.8546754305846020e-003	  9.2224819704055175e-003	  8.9833934118170762e-003	  7.3391515594177684e-002	  1.0258980143879265e-001	  8.3089595507914990e-002	  2.5763187964137035e-001	  2.3508697934271713e-001	  8.3903707878271346e-003	  4.1678791418492470e-003	
  2.0788213601054109e-001	  2.0785137916632326e-001	  2.0691930473411854e-001	  6.1784147253286957e-003	  8.8125090315398398e-003	  8.6096976122499950e-003	  6.9152675528480492e-002	  1.0211380531402138e-001	  8.2795049745377353e-002	  2.5743023586586228e-001	  2.3496760530768107e-001	  8.0298575625318610e-003	  4.0485028996410160e-003	
  2.0777701783908703e-001	  2.0774819554017021e-001	  2.0680743365563006e-001	  5.6596044768702823e-003	  8.4356669262802726e-003	  8.2670907923757374e-003	  6.6039661591266757e-002	  1.0163381368923601e-001	  8.2479357087002922e-002	  2.5722145426464182e-001	  2.3483678992292467e-001	  7.7010286232597411e-003	  3.9388429428783463e-003	
  2.0767392001827567e-001	  2.0764617124682189e-001	  2.0669667462585406e-001	  5.2796193064424870e-003	  8.0780752622176457e-003	  7.9405961963208791e-003	  6.3593367232836220e-002	  1.0113267690843275e-001	  8.2131124803551558e-002	  2.5701829789336705e-001	  2.3470749115401071e-001	  7.3937023832882330e-003	  3.8352855133142764e-003	
  2.0756598567435092e-001	  2.0753890164380398e-001	  2.0658060377794402e-001	  4.9786874152332565e-003	  7.7406970150735964e-003	  7.6318130361423776e-003	  6.1649481452613619e-002	  1.0061557688372061e-001	  8.1752610042417753e-002	  2.5680967287095341e-001	  2.3457156933401527e-001	  7.1070870537186500e-003	  3.7369522896476526e-003	
  2.0745384316816037e-001	  2.0742722087225496e-001	  2.0646008118444201e-001	  4.7275331548467803e-003	  7.4227844923185245e-003	  7.3405077179222091e-003	  6.0078936571745269e-002	  1.0008662714296691e-001	  8.1346004757319776e-002	  2.5659613589148556e-001	  2.3443007171951136e-001	  6.8392105853890871e-003	  3.6434780138924058e-003	
  2.0733781765633280e-001	  2.0731161736645845e-001	  2.0633296351005720e-001	  4.4515862679107825e-003	  7.0379138912698676e-003	  6.9867503720291999e-003	  5.8434539667736089e-002	  9.9383949873974378e-002	  8.0772557037139286e-002	  2.5636609118843767e-001	  2.3428365007314378e-001	  6.5195245720150452e-003	  3.5303381582184336e-003	
  2.0716976239410709e-001	  2.0714389484067361e-001	  2.0615349792245269e-001	  4.2287109995894816e-003	  6.6801326603947754e-003	  6.6576629866462378e-003	  5.7110583385750952e-002	  9.8674271826799442e-002	  8.0159724726539233e-002	  2.5605738706252396e-001	  2.3407115014717647e-001	  6.2212012787444945e-003	  3.4214284582543626e-003	
  2.0699942665918461e-001	  2.0697387011786661e-001	  2.0597174701004481e-001	  4.0359860865072051e-003	  6.3474307921438837e-003	  6.3499370792226492e-003	  5.5985412243102411e-002	  9.7954941978303803e-002	  7.9509928217697923e-002	  2.5574600906434219e-001	  2.3385574062385053e-001	  5.9436108106321814e-003	  3.3184142708353546e-003	
  2.0682823401532435e-001	  2.0680313177126969e-001	  2.0578927757501858e-001	  3.8539098514085118e-003	  6.0420861929917444e-003	  6.0649892580658419e-003	  5.4989035166550057e-002	  9.7227876560094129e-002	  7.8826489976593625e-002	  2.5543459944167102e-001	  2.3363946243990352e-001	  5.6916018451670936e-003	  3.2233547129847722e-003	
  2.0665682748615377e-001	  2.0663234458348087e-001	  2.0560674530074233e-001	  3.6796434265978311e-003	  5.7638360361241267e-003	  5.8031847529609968e-003	  5.4081793422408618e-002	  9.6497625042008664e-002	  7.8113333363919402e-002	  2.5512369908193427e-001	  2.3342314906938727e-001	  5.4642097954722317e-003	  3.1345889031522754e-003	
  2.0648398130324580e-001	  2.0646044278128589e-001	  2.0541893999456637e-001	  3.4587156993344630e-003	  5.4212956666460591e-003	  5.4798421827245694e-003	  5.2950968134702701e-002	  9.5507364648978105e-002	  7.7091056033973593e-002	  2.5479463918452505e-001	  2.3320540804914522e-001	  5.1852190827295563e-003	  3.0217343775152767e-003	
  2.0622829351188945e-001	  2.0620463620957308e-001	  2.0514692712421093e-001	  3.4153775390836144e-003	  5.0895246434395454e-003	  5.1755371543838902e-003	  5.1896713869341714e-002	  9.4525500170589541e-002	  7.6030045726434889e-002	  2.5433800564925774e-001	  2.3288138321988186e-001	  4.9043669928235216e-003	  2.9137378135945823e-003	
  2.0597771678592447e-001	  2.0595569269219313e-001	  2.0488155157242030e-001	  3.1919205025705021e-003	  4.8096828822501436e-003	  4.9020609095316589e-003	  5.0871733553122862e-002	  9.3537690027293480e-002	  7.4932100272892571e-002	  2.5389018309767919e-001	  2.3256612507085511e-001	  4.6733368166271220e-003	  2.8136801912686860e-003	
  2.0573477190772288e-001	  2.0571433701557906e-001	  2.0462374950838286e-001	  3.0029677872031369e-003	  4.5541379050839980e-003	  4.6541113463769955e-003	  4.9861268720681161e-002	  9.2544188895200927e-002	  7.3801469032922437e-002	  2.5345490653045843e-001	  2.3226051033905906e-001	  4.4609577377599484e-003	  2.7203252483814539e-003	
  2.0549945657614274e-001	  2.0548000645468051e-001	  2.0437302405177601e-001	  2.9127660392926206e-003	  4.3132075020527461e-003	  4.4256226812244446e-003	  4.8866856345281713e-002	  9.1553226737203550e-002	  7.2644284043559021e-002	  2.5303154362847691e-001	  2.3196383396521417e-001	  4.2585573029853838e-003	  2.6330700574566713e-003	
  2.0527047285756594e-001	  2.0525232855839212e-001	  2.0412867541863630e-001	  2.8056845682482034e-003	  4.0924400876663873e-003	  4.2129686148583466e-003	  4.7877366299715514e-002	  9.0557434457843825e-002	  7.1448829409084313e-002	  2.5261775419441296e-001	  2.3167561935903663e-001	  4.0731233891065730e-003	  2.5505173816662259e-003	
  2.0504334661948012e-001	  2.0502685945481938e-001	  2.0388644896264055e-001	  2.6786415303416133e-003	  3.8948830398491080e-003	  4.0190949819353351e-003	  4.6905974562245663e-002	  8.9573185730491736e-002	  7.0237243978533703e-002	  2.5220751354253385e-001	  2.3139022929505348e-001	  3.9056504573845366e-003	  2.4729602957289758e-003	
  2.0482259427134708e-001	  2.0480775396415107e-001	  2.0365057779704057e-001	  2.5700392007606682e-003	  3.7121922218551740e-003	  3.8402893047472728e-003	  4.5949404416380984e-002	  8.8599386556883070e-002	  6.9013211548949474e-002	  2.5180753737764638e-001	  2.3111294037168537e-001	  3.7501881535235921e-003	  2.4001552114898245e-003	
  2.0460345819018513e-001	  2.0459011147707204e-001	  2.0341884678615330e-001	  2.4830773806841467e-003	  3.5708167125173963e-003	  3.7006528712380171e-003	  4.5157163030196484e-002	  8.7792159501172612e-002	  6.7991775414649624e-002	  2.5142070237674435e-001	  2.3083760556930760e-001	  3.6273830427768399e-003	  2.3414168746146661e-003	
  2.0444134233711778e-001	  2.0442939838631852e-001	  2.0324432721352995e-001	  2.4091713917404650e-003	  3.4411950939019741e-003	  3.5731452234937775e-003	  4.4371640710015384e-002	  8.6989635949206140e-002	  6.6964182097143332e-002	  2.5112186070023701e-001	  2.3063426145945057e-001	  3.5167403426878780e-003	  2.2880875070613151e-003	
  2.0428162450554552e-001	  2.0427116540932155e-001	  2.0307230598524062e-001	  2.3323872457215586e-003	  3.3194303650804845e-003	  3.4527701293083734e-003	  4.3603559484528362e-002	  8.6201103208475224e-002	  6.5934794013876682e-002	  2.5082757477040085e-001	  2.3043405786129473e-001	  3.4101882672515848e-003	  2.2359320024650624e-003	
  2.0412389554456939e-001	  2.0411487392811284e-001	  2.0290225364047337e-001	  2.2745043675158776e-003	  3.2085128582048489e-003	  3.3428695435439425e-003	  4.2854042347577684e-002	  8.5427999209277891e-002	  6.4906120457055905e-002	  2.5053664367440026e-001	  2.3023637430985383e-001	  3.3162499475210710e-003	  2.1889570004955988e-003	
  2.0396837164644638e-001	  2.0396095948608256e-001	  2.0273459883597991e-001	  2.1943224925062075e-003	  3.0992657126765813e-003	  3.2348478062774969e-003	  4.2118670610634630e-002	  8.4666728034899094e-002	  6.3879084812620376e-002	  2.5024955644078239e-001	  2.3004165128941070e-001	  3.2161635464612484e-003	  2.1397241058978200e-003	
  2.0381308096511949e-001	  2.0380830879551459e-001	  2.0255844205946730e-001	  2.0751741988396248e-003	  2.9276259058003285e-003	  3.0656207790245578e-003	  4.0900560905297000e-002	  8.3392029430006898e-002	  6.2094786649059035e-002	  2.4992802991594426e-001	  2.2984829303000440e-001	  3.0631230394779045e-003	  2.0653736037624937e-003	
  2.0349300935673870e-001	  2.0349102637559011e-001	  2.0221655699263819e-001	  2.0097379043688035e-003	  2.7811769614206699e-003	  2.9151372704220779e-003	  3.9692247368020905e-002	  8.2125814239280143e-002	  6.0321216558203238e-002	  2.4935367115349250e-001	  2.2944728602099360e-001	  2.9362183556084797e-003	  1.9945495926009848e-003	
  2.0319396262718137e-001	  2.0319495815069810e-001	  2.0189584016531326e-001	  1.9228446476352297e-003	  2.6390412963269599e-003	  2.7721663668317216e-003	  3.8449214589164983e-002	  8.0827493712850335e-002	  5.8545281758311071e-002	  2.4881087550795361e-001	  2.2907314309173446e-001	  2.8075892867442265e-003	  1.9256740700072002e-003	
  2.0291485711078336e-001	  2.0291889709807640e-001	  2.0159512453448472e-001	  1.8373547632057985e-003	  2.5071633508614169e-003	  2.6404864867106506e-003	  3.7189489412191204e-002	  7.9509381798281958e-002	  5.6766174272015552e-002	  2.4829934780411336e-001	  2.2872436706893506e-001	  2.6877009496189788e-003	  1.8615394873099525e-003	
  2.0262719535935528e-001	  2.0263258603455250e-001	  2.0129943785897519e-001	  1.8087044327575099e-003	  2.4598909631200071e-003	  2.5921628300824688e-003	  3.6732268218437045e-002	  7.9035999201386903e-002	  5.6159127002303980e-002	  2.4783001016791245e-001	  2.2836322728994285e-001	  2.6413291904782135e-003	  1.8354063726194112e-003	
  2.0256424386140592e-001	  2.0256881281393163e-001	  2.0123237438873756e-001	  1.9501247326870394e-003	  2.4339737285590593e-003	  2.5657321568288293e-003	  4.6211084554839757e-002	  7.8577725944201371e-002	  5.5557699893209765e-002	  2.4775672742478594e-001	  2.2828291859866134e-001	  2.6217364530271036e-003	  1.8256098006857538e-003	
  2.0251665661287716e-001	  2.0251931537150725e-001	  2.0118314584688055e-001	  2.1925757152170332e-003	  2.4284692983349396e-003	  2.5615071084993174e-003	  5.8819314156805365e-002	  7.8241346945760779e-002	  5.5053920310936470e-002	  2.4773285744461307e-001	  2.2822073576341020e-001	  2.6230946056321181e-003	  1.8262164861987714e-003	
  2.0247370205713092e-001	  2.0247407091023817e-001	  2.0113938873446680e-001	  2.4684327863105917e-003	  2.4282922825263702e-003	  2.5625947255198205e-003	  7.0775585555796661e-002	  7.7981006961353905e-002	  5.4582585597819498e-002	  2.4771597462782854e-001	  2.2816391792841034e-001	  2.6283749395836463e-003	  1.8289866866268698e-003	
  2.0243444276368830e-001	  2.0243255223764720e-001	  2.0109983978445892e-001	  2.7323390608497743e-003	  2.4301034741782833e-003	  2.5645030424776994e-003	  8.0604462659261425e-002	  7.7788823630587145e-002	  5.4144857805939306e-002	  2.4769771038382354e-001	  2.2811177643294614e-001	  2.6347173088028847e-003	  1.8326767420586880e-003	
  2.0239935570216769e-001	  2.0239539154297762e-001	  2.0106490534827989e-001	  2.9680068847016587e-003	  2.4342267682832793e-003	  2.5676257542613639e-003	  8.8322034099881014e-002	  7.7652950409603544e-002	  5.3739770649626435e-002	  2.4767821121943781e-001	  2.2806511074242897e-001	  2.6425288023197830e-003	  1.8371201628227891e-003	
  2.0236849767323928e-001	  2.0236181847211282e-001	  2.0103494021273297e-001	  3.2651150963793306e-003	  2.4439555712853357e-003	  2.5749003050253442e-003	  9.6740929256797559e-002	  7.7534656127045229e-002	  5.3204704300853077e-002	  2.4767064878702627e-001	  2.2802301932564228e-001	  2.6564230871992463e-003	  1.8448545890440466e-003	
  2.0233319689908238e-001	  2.0232420574542470e-001	  2.0100108572951425e-001	  3.5098415892311908e-003	  2.4559369032118648e-003	  2.5835654367657133e-003	  1.0261784392629726e-001	  7.7489717776593442e-002	  5.2731856239579072e-002	  2.4764713629446125e-001	  2.2797581844250814e-001	  2.6710800721138736e-003	  1.8529448996893968e-003	
  2.0230628545532420e-001	  2.0229534896346149e-001	  2.0097607513830426e-001	  3.7066349583890811e-003	  2.4695285713264123e-003	  2.5932543871266039e-003	  1.0673672228840611e-001	  7.7497967282572924e-002	  5.2316448030863244e-002	  2.4763001056749981e-001	  2.2793963281600288e-001	  2.6864386959297298e-003	  1.8614281411631906e-003	
  2.0228696152302497e-001	  2.0227440434497124e-001	  2.0095897515994293e-001	  3.8628612869582211e-003	  2.4843146929779971e-003	  2.6038308050334458e-003	  1.0964563237348632e-001	  7.7544867512754745e-002	  5.1953997934144514e-002	  2.4762010452112346e-001	  2.2791339978988695e-001	  2.7023220937407435e-003	  1.8701560864302562e-003	
  2.0227423786834195e-001	  2.0225948550603384e-001	  2.0095049148802835e-001	  4.0603292566907794e-003	  2.5112404384031663e-003	  2.6234404249761826e-003	  1.1292699561314289e-001	  7.7684149174628445e-002	  5.1444861311853204e-002	  2.4762795733536430e-001	  2.2789483737746055e-001	  2.7300925921088658e-003	  1.8853430059294794e-003	
  2.0227460791442931e-001	  2.0225817501594140e-001	  2.0095534703365647e-001	  4.1997194452363541e-003	  2.5391546093269900e-003	  2.6441310643928856e-003	  1.1478135843951834e-001	  7.7875371237322299e-002	  5.1058789377457885e-002	  2.4765042113789063e-001	  2.2789338870989853e-001	  2.7577691701769183e-003	  1.9003975325499643e-003	
  2.0228735001845966e-001	  2.0226950934528401e-001	  2.0097254360598005e-001	  4.3121087922860521e-003	  2.5673593072321238e-003	  2.6654736594443930e-003	  1.1586427768214883e-001	  7.8095885871117099e-002	  5.0778363148460098e-002	  2.4768866194974168e-001	  2.2790784848547255e-001	  2.7850637753128074e-003	  1.9151797418474395e-003	
  2.0230960164661829e-001	  2.0229049681260708e-001	  2.0099908590822091e-001	  4.4132451853571902e-003	  2.5954494791523715e-003	  2.6872193304949728e-003	  1.1654890841951258e-001	  7.8331339653968657e-002	  5.0587776601415023e-002	  2.4773963868259744e-001	  2.2793445365815015e-001	  2.8118125752793675e-003	  1.9296007601936995e-003	
  2.0234259303170052e-001	  2.0232149353326573e-001	  2.0103964437274199e-001	  4.5713734304719195e-003	  2.6459293994688430e-003	  2.7272802409676177e-003	  1.1739318311481668e-001	  7.8771869616129364e-002	  5.0411164595561955e-002	  2.4781916848486263e-001	  2.2797377879095487e-001	  2.8588809439639923e-003	  1.9548213602411666e-003	
  2.0244106014141730e-001	  2.0241825522792090e-001	  2.0114540030662459e-001	  4.6948984386714424e-003	  2.6970916267905244e-003	  2.7699081246838871e-003	  1.1794747046377367e-001	  7.9226173057317870e-002	  5.0436883203327731e-002	  2.4799705130837765e-001	  2.2809594439985889e-001	  2.9069288542403738e-003	  1.9804190878884762e-003	
  2.0253797908928384e-001	  2.0251366100263779e-001	  2.0124905818107836e-001	  4.8040740776528930e-003	  2.7467112770398110e-003	  2.8123400809701962e-003	  1.1842424778244103e-001	  7.9680394544712138e-002	  5.0610221303446536e-002	  2.4817137037477219e-001	  2.2821638270151839e-001	  2.9526823628225388e-003	  2.0045961032762790e-003	
  2.0263112436451008e-001	  2.0260530290584863e-001	  2.0134830979130969e-001	  4.9206288930125535e-003	  2.7943780526017478e-003	  2.8539465007706120e-003	  1.1887653830657337e-001	  8.0118124200944996e-002	  5.0884702078932677e-002	  2.4833863422914459e-001	  2.2833206516733345e-001	  2.9961373801222391e-003	  2.0274166714523336e-003	
  2.0272447018016515e-001	  2.0269671938994588e-001	  2.0144802240201115e-001	  5.0894646002109236e-003	  2.8479689638994097e-003	  2.9017491215970509e-003	  1.1938031448638943e-001	  8.0602703972927611e-002	  5.1297404785723234e-002	  2.4850915420185368e-001	  2.2844748472089604e-001	  3.0444918191690671e-003	  2.0526378769874262e-003	
  2.0283535406445719e-001	  2.0280602405330930e-001	  2.0156507765503956e-001	  5.2134505510280111e-003	  2.8999514241500441e-003	  2.9492412722038129e-003	  1.1985237455411861e-001	  8.1054057443317382e-002	  5.1762337812409534e-002	  2.4870508944334682e-001	  2.2858545233298538e-001	  3.0918309584984311e-003	  2.0771908375012142e-003	
  2.0293442301621453e-001	  2.0290361381610880e-001	  2.0166982287629956e-001	  5.3322721993025665e-003	  2.9497370623703884e-003	  2.9952588632556339e-003	  1.2029470773060964e-001	  8.1479193505672939e-002	  5.2251718661641106e-002	  2.4888146168548295e-001	  2.2870864831153559e-001	  3.1368613873866665e-003	  2.1003528493795920e-003	
  2.0302368560349085e-001	  2.0299135422727510e-001	  2.0176418407235791e-001	  5.4642187578805455e-003	  2.9968958312573796e-003	  3.0391436606557599e-003	  1.2070505277718153e-001	  8.1875794689004841e-002	  5.2746574842428458e-002	  2.4904119224401947e-001	  2.2881942140465411e-001	  3.1790749380992646e-003	  2.1219830064398582e-003	
  2.0310504585365602e-001	  2.0307130984795072e-001	  2.0185028261666269e-001	  5.5866095945098278e-003	  3.0417323730897727e-003	  3.0812654663364808e-003	  1.2108310007362422e-001	  8.2241591159411737e-002	  5.3234173348865023e-002	  2.4918736676648356e-001	  2.2892037789850345e-001	  3.2192437603237234e-003	  2.1424630555695835e-003	
  2.0319368342961483e-001	  2.0315806340402487e-001	  2.0194572952195206e-001	  5.7503095752044053e-003	  3.1064315793366925e-003	  3.1427413147033455e-003	  1.2160192902299455e-001	  8.2745920052577887e-002	  5.3967302341723138e-002	  2.4935404154164667e-001	  2.2902997031184280e-001	  3.2768357821314435e-003	  2.1715483161545098e-003	
  2.0334361408511892e-001	  2.0330605619506187e-001	  2.0210194902055226e-001	  5.9200929636376376e-003	  3.1710515016269928e-003	  3.2045274960295464e-003	  1.2210189048284126e-001	  8.3226934224779156e-002	  5.4658180951845659e-002	  2.4961253746670140e-001	  2.2921681574975181e-001	  3.3357296967217211e-003	  2.2011943121874092e-003	
  2.0345571311268251e-001	  2.0341633519092681e-001	  2.0221957678602381e-001	  6.0908228374010227e-003	  3.2322079999564115e-003	  3.2623479035849305e-003	  1.2258203615650658e-001	  8.3686665360971885e-002	  5.5308797164440954e-002	  2.4981080349840104e-001	  2.2935607920290021e-001	  3.3899971534519405e-003	  2.2281043388510569e-003	
  2.0354402477615541e-001	  2.0350304970282426e-001	  2.0231286562834752e-001	  6.2415689358120020e-003	  3.2874006795639453e-003	  3.3147073562910271e-003	  1.2300424885712037e-001	  8.4093230802626887e-002	  5.5910023710881010e-002	  2.4996994920144969e-001	  2.2946560858295462e-001	  3.4383831618400918e-003	  2.2521183732044452e-003	
  2.0362102735779658e-001	  2.0357862116980605e-001	  2.0239436480605205e-001	  6.3776177356179896e-003	  3.3379817738225124e-003	  3.3633373346556891e-003	  1.2336521514562500e-001	  8.4443185719400016e-002	  5.6455241901384123e-002	  2.5010937045040582e-001	  2.2956108314667040e-001	  3.4833510949676921e-003	  2.2742800064831873e-003	
  2.0370391581685188e-001	  2.0365980332019351e-001	  2.0248236147979481e-001	  6.5451130537778840e-003	  3.3978193501858081e-003	  3.4209138661901351e-003	  1.2376937746925831e-001	  8.4836081780264361e-002	  5.7079029418673814e-002	  2.5026097941942688e-001	  2.2966366310370406e-001	  3.5364240297970991e-003	  2.3001761157246787e-003	
  2.0380915931843774e-001	  2.0376341129622519e-001	  2.0259223409642055e-001	  6.7069107177501188e-003	  3.4554711097576313e-003	  3.4760114570816531e-003	  1.2415660713830380e-001	  8.5209150438957437e-002	  5.7637014964462704e-002	  2.5044477944068461e-001	  2.2979454500583346e-001	  3.5879292865458956e-003	  2.3252153838499681e-003	
  2.0388751801589522e-001	  2.0384031006267600e-001	  2.0267466427910330e-001	  6.8566584495961510e-003	  3.5086403897387117e-003	  3.5263150711827410e-003	  1.2451357447606926e-001	  8.5552568187545641e-002	  5.8141885047117980e-002	  2.5058512244097186e-001	  2.2989170392929828e-001	  3.6345275839040842e-003	  2.3475995383187525e-003	
  2.0395148117283732e-001	  2.0390297884938394e-001	  2.0274224868548993e-001	  6.9898217326892385e-003	  3.5555634577337726e-003	  3.5711081261513588e-003	  1.2481890781536580e-001	  8.5848198133915074e-002	  5.8593764410867645e-002	  2.5070108928901613e-001	  2.2997089805989535e-001	  3.6756153827767458e-003	  2.3674010433083733e-003	
  2.0401020849641596e-001	  2.0396053222722899e-001	  2.0280422342107754e-001	  7.1114439598709105e-003	  3.5984060988353320e-003	  3.6122842169663493e-003	  1.2508362541300588e-001	  8.6105380122726505e-002	  5.8994978959004532e-002	  2.5080714420958622e-001	  2.3004363493935576e-001	  3.7135467199664158e-003	  2.3856042124091275e-003	
  2.0408909221555685e-001	  2.0403778808529546e-001	  2.0288742432332396e-001	  7.2845316159286591e-003	  3.6585765648894986e-003	  3.6695677891916932e-003	  1.2544162250413762e-001	  8.6452829454261818e-002	  5.9527370399537781e-002	  2.5094965079284670e-001	  2.3014127250985544e-001	  3.7664701676682361e-003	  2.4106699928962685e-003	
  2.0420413437692625e-001	  2.0415123338551422e-001	  2.0300635013227264e-001	  7.4549596547835934e-003	  3.7176612372161470e-003	  3.7251305668199006e-003	  1.2580750027749710e-001	  8.6802088423885343e-002	  6.0007993865857395e-002	  2.5114598306246660e-001	  2.3028460196497239e-001	  3.8187957309296049e-003	  2.4353802240395135e-003	
  2.0425933479096234e-001	  2.0420513656898892e-001	  2.0306479058772894e-001	  7.5988603879820317e-003	  3.7669172483237178e-003	  3.7714310698670462e-003	  1.2610847306809159e-001	  8.7092031837695538e-002	  6.0432526156003530e-002	  2.5124753861806604e-001	  2.3035272926949141e-001	  3.8610486656489684e-003	  2.4551588461474982e-003	
  2.0430582862140756e-001	  2.0425052126859053e-001	  2.0311410437703542e-001	  7.7208204362239855e-003	  3.8088622887888697e-003	  3.8115995897634912e-003	  1.2633656867809298e-001	  8.7315178067223873e-002	  6.0789595817440499e-002	  2.5133311852337292e-001	  2.3041010368067796e-001	  3.8978658447951131e-003	  2.4723992705712313e-003	
  2.0436033344680185e-001	  2.0430398493158727e-001	  2.0317112754491001e-001	  7.8358809080229137e-003	  3.8482779233296365e-003	  3.8490803702117865e-003	  1.2654756978602971e-001	  8.7520006496451197e-002	  6.1095942729822904e-002	  2.5142955614379486e-001	  2.3047767885471018e-001	  3.9328224336815246e-003	  2.4886566098644069e-003	
  2.0444345029402036e-001	  2.0438563945860719e-001	  2.0325758454526791e-001	  8.0004624760102276e-003	  3.9041578492699657e-003	  3.9012736602724125e-003	  1.2685991572350688e-001	  8.7819996920906168e-002	  6.1508919032540021e-002	  2.5157458791668025e-001	  2.3058087080523321e-001	  3.9816898994224324e-003	  2.5112486968256161e-003	
  2.0453315659356022e-001	  2.0447396908615550e-001	  2.0335026470152931e-001	  8.1571598448683322e-003	  3.9572061688435255e-003	  3.9504743035505144e-003	  1.2716552159226099e-001	  8.8111120673119353e-002	  6.1895135371664953e-002	  2.5172831810003549e-001	  2.3069248999781239e-001	  4.0278040097039107e-003	  2.5324772834991256e-003	
  2.0455743760117281e-001	  2.0449722115017380e-001	  2.0337698936685705e-001	  8.2772121514116375e-003	  3.9975800667640324e-003	  3.9887913893090939e-003	  1.2736891306072098e-001	  8.8310905867158881e-002	  6.2213385186641490e-002	  2.5177837905342382e-001	  2.3072189832008114e-001	  4.0624753850736937e-003	  2.5483125185437141e-003	
  2.0461351422245513e-001	  2.0455228521154520e-001	  2.0343534487770970e-001	  8.3920361981104988e-003	  4.0366881785593141e-003	  4.0258033841048457e-003	  1.2755811498039588e-001	  8.8495022257437619e-002	  6.2481122046776638e-002	  2.5187615642886230e-001	  2.3079150448513616e-001	  4.0974235218418850e-003	  2.5643564577625716e-003	
  2.0467174714807837e-001	  2.0460950326390959e-001	  2.0349566735727243e-001	  8.5110562272282426e-003	  4.0765487043885901e-003	  4.0624775262041229e-003	  1.2776730591239580e-001	  8.8695055837292328e-002	  6.2736390650286133e-002	  2.5197689282258345e-001	  2.3086382096127336e-001	  4.1321808683421413e-003	  2.5800726546808084e-003	
  2.0476771196759155e-001	  2.0470391773461366e-001	  2.0359474680126932e-001	  8.6935581106835826e-003	  4.1376680941337734e-003	  4.1188397982390660e-003	  1.2809370250293609e-001	  8.9006261603412046e-002	  6.3139545203174816e-002	  2.5214145010558675e-001	  2.3098315013334253e-001	  4.1851392561155464e-003	  2.6040674939887547e-003	
  2.0483273869956509e-001	  2.0476758057835442e-001	  2.0366257153434494e-001	  8.8567335140511405e-003	  4.1921617609936472e-003	  4.1697064691258463e-003	  1.2836320053240688e-001	  8.9266274191226763e-002	  6.3509208945767559e-002	  2.5225666813673681e-001	  2.3106363000426197e-001	  4.2322980044063431e-003	  2.6252689462189617e-003	
  2.0486955225950218e-001	  2.0480323754653654e-001	  2.0370188489050220e-001	  8.9958175627621491e-003	  4.2386796280291395e-003	  4.2135226443402157e-003	  1.2856646331339797e-001	  8.9466298467126795e-002	  6.3808178269502580e-002	  2.5232637205018826e-001	  2.3110872825723147e-001	  4.2729420264174455e-003	  2.6434922607123557e-003	
  2.0496612552939869e-001	  2.0489842867148944e-001	  2.0380099548097391e-001	  9.1628142613713257e-003	  4.2943614440971506e-003	  4.2643828680181527e-003	  1.2883999670478280e-001	  8.9726138248369183e-002	  6.4120865440357278e-002	  2.5248900310439409e-001	  2.3122906530668699e-001	  4.3217768027045489e-003	  2.6652499125508189e-003	
  2.0499287192114712e-001	  2.0492401971606283e-001	  2.0382994258233966e-001	  9.3106604161145683e-003	  4.3423173070367711e-003	  4.3084859766551716e-003	  1.2904462583932064e-001	  8.9926297668445593e-002	  6.4409506953415990e-002	  2.5254254222852301e-001	  2.3126142959892226e-001	  4.3624005871724407e-003	  2.6828482991899214e-003	
  2.0512358186740565e-001	  2.0505294668095056e-001	  2.0396389898302547e-001	  9.5273209200186972e-003	  4.4151213800054639e-003	  4.3757301526440298e-003	  1.2940654657324860e-001	  9.0269258144583753e-002	  6.4837540059231036e-002	  2.5276196299351317e-001	  2.3142444375145835e-001	  4.4261520314082762e-003	  2.7113391131860678e-003	
  2.0511472368526407e-001	  2.0504288996709666e-001	  2.0395764121372509e-001	  9.6819370085608290e-003	  4.4658890256707240e-003	  4.4236970228771393e-003	  1.2958090287117660e-001	  9.0447702196981672e-002	  6.5138545811248061e-002	  2.5276201187634301e-001	  2.3141177592775827e-001	  4.4696055251186419e-003	  2.7302205762284701e-003	
  2.0533532472159655e-001	  2.0526128742084668e-001	  2.0418158228988179e-001	  9.9559099531820079e-003	  4.5576388401648528e-003	  4.5065860072491144e-003	  1.3006287866463559e-001	  9.0894380489168813e-002	  6.5626304690473133e-002	  2.5312210807527469e-001	  2.3168792888046347e-001	  4.5498375130409371e-003	  2.7655978830463234e-003	
  2.0510491164201378e-001	  2.0503125601182551e-001	  2.0395128596360912e-001	  9.9287500084157612e-003	  4.5454309448966102e-003	  4.4976163103253031e-003	  1.2988431720977581e-001	  9.0749772171358475e-002	  6.5629907792985054e-002	  2.5276699749549575e-001	  2.3139709959982049e-001	  4.5352615317299696e-003	  2.7579948290325689e-003	
  2.0524190908088530e-001	  2.0516767764568655e-001	  2.0408973220003138e-001	  9.9721094401779668e-003	  4.5640528579731533e-003	  4.5168816709495619e-003	  1.2998355083495600e-001	  9.0841638826304472e-002	  6.5692605523681724e-002	  2.5298331822553849e-001	  2.3156965308995126e-001	  4.5570686894999520e-003	  2.7696907073103249e-003	
  2.0526345737290988e-001	  2.0518853374174253e-001	  2.0411201727197253e-001	  1.0077188423173563e-002	  4.5983934631926692e-003	  4.5457338319545822e-003	  1.3012408842080320e-001	  9.0972569571561190e-002	  6.5807901616087655e-002	  2.5302236642627607e-001	  2.3159601437838165e-001	  4.5861985014524383e-003	  2.7809542814543915e-003	
  2.0527769693135089e-001	  2.0520218307451482e-001	  2.0412706318838866e-001	  1.0158120022055179e-002	  4.6222322119270805e-003	  4.5665504108453438e-003	  1.3021694410062584e-001	  9.1063026971178615e-002	  6.5931447885634945e-002	  2.5304953609081005e-001	  2.3161325831239649e-001	  4.6044095242792913e-003	  2.7882470362803635e-003	
  2.0532920622348355e-001	  2.0525276236008252e-001	  2.0418027785698115e-001	  1.0275386784348434e-002	  4.6613021528210362e-003	  4.6033088189078109e-003	  1.3038727262377822e-001	  9.1226916660027857e-002	  6.6152336542553716e-002	  2.5313842169192613e-001	  2.3167724705421924e-001	  4.6386121235421100e-003	  2.8035425980864974e-003	
  2.0539522764663692e-001	  2.0531775113642112e-001	  2.0424802812487941e-001	  1.0409538988183833e-002	  4.7066645572871983e-003	  4.6452408577669704e-003	  1.3058892058014471e-001	  9.1418383232395456e-002	  6.6394772765581478e-002	  2.5325035547101438e-001	  2.3175945519781033e-001	  4.6781415854000403e-003	  2.8206783587320702e-003	
  2.0540164158082955e-001	  2.0532335860642098e-001	  2.0425588646669612e-001	  1.0520496295345622e-002	  4.7429704824697161e-003	  4.6790813056708123e-003	  1.3070514826871585e-001	  9.1535093734846029e-002	  6.6579999788811600e-002	  2.5326850727448885e-001	  2.3176657213728596e-001	  4.7090174675847715e-003	  2.8335496734956320e-003	
  2.0554680745961013e-001	  2.0546663872261658e-001	  2.0440394459970260e-001	  1.0765770680531627e-002	  4.8247239643329333e-003	  4.7538220867483919e-003	  1.3108604823156733e-001	  9.1892800977688704e-002	  6.7009649885900233e-002	  2.5350999122747370e-001	  2.3194781562219924e-001	  4.7795810193175083e-003	  2.8641085406948745e-003	
  2.0549780427471814e-001	  2.0541661063384897e-001	  2.0435696474396223e-001	  1.0914421934525713e-002	  4.8725390799784808e-003	  4.7991058877316544e-003	  1.3117523598584838e-001	  9.1994320267029556e-002	  6.7225713589532249e-002	  2.5344540756653694e-001	  2.3188459578658097e-001	  4.8200421708467344e-003	  2.8804720082594541e-003	
  2.0583608831462610e-001	  2.0575334165302822e-001	  2.0469639343320109e-001	  1.1103569769063642e-002	  4.9382376490814707e-003	  4.8555906645245750e-003	  1.3152852855852679e-001	  9.2303160894868841e-002	  6.7405915617808940e-002	  2.5397567492518724e-001	  2.3231056388031324e-001	  4.8832200936870180e-003	  2.9076714659789860e-003	
  2.0567421554820264e-001	  2.0559166149750185e-001	  2.0453444928044803e-001	  1.1100546147055333e-002	  4.9333359093419737e-003	  4.8500772999574213e-003	  1.3154900967653743e-001	  9.2327836804484836e-002	  6.7495417771660099e-002	  2.5372761410197264e-001	  2.3210595709686235e-001	  4.8701402561140122e-003	  2.9013334935566412e-003	
  2.0560313283052470e-001	  2.0552076252092766e-001	  2.0446360658497173e-001	  1.1076062280140466e-002	  4.9252166195884513e-003	  4.8451976565963874e-003	  1.3147794014077760e-001	  9.2271126432130077e-002	  6.7526172018346556e-002	  2.5361821859564398e-001	  2.3201629360353435e-001	  4.8622397384668562e-003	  2.8983439656365775e-003	
  2.0557644712510598e-001	  2.0549405128705706e-001	  2.0443733864757008e-001	  1.1077420926303701e-002	  4.9265649756248253e-003	  4.8489194882531525e-003	  1.3142608041665946e-001	  9.2230384326127735e-002	  6.7543650921526838e-002	  2.5357814554777358e-001	  2.3198255020904249e-001	  4.8652895883601870e-003	  2.8997470120102425e-003	
  2.0556926038310977e-001	  2.0548671622432507e-001	  2.0443056381680455e-001	  1.1096540874856037e-002	  4.9332227665506226e-003	  4.8558618595281296e-003	  1.3142144103975556e-001	  9.2230091643313250e-002	  6.7561250080027169e-002	  2.5356872947437542e-001	  2.3197329858024890e-001	  4.8720181843134331e-003	  2.9026245055600065e-003	
  2.0557730306551383e-001	  2.0549451941397034e-001	  2.0443903685262219e-001	  1.1128656213569777e-002	  4.9440173218555450e-003	  4.8657118884119525e-003	  1.3144924649741380e-001	  9.2258203113417148e-002	  6.7591145331520067e-002	  2.5358333321238408e-001	  2.3198318440736160e-001	  4.8818244411570830e-003	  2.9067625027892697e-003	
  2.0560519966242008e-001	  2.0552163720252836e-001	  2.0446819073764774e-001	  1.1236053727081344e-002	  4.9796120226554257e-003	  4.8979013126895267e-003	  1.3156949992418920e-001	  9.2375523959093639e-002	  6.7727057697116330e-002	  2.5363361980906513e-001	  2.3201751282856442e-001	  4.9125739863658700e-003	  2.9196303181483717e-003	
  2.0570506263968291e-001	  2.0562031611556558e-001	  2.0456953879955853e-001	  1.1397420989947513e-002	  5.0330458858879965e-003	  4.9457015264505275e-003	  1.3180357358314870e-001	  9.2593259258672178e-002	  6.7963095789906322e-002	  2.5379762085709706e-001	  2.3214234835238989e-001	  4.9584496885393776e-003	  2.9388248159594689e-003	
  2.0566787773667017e-001	  2.0558259590154399e-001	  2.0453345221999666e-001	  1.1478393574896552e-002	  5.0597522191589773e-003	  4.9713269661234216e-003	  1.3185329547291871e-001	  9.2650229896423325e-002	  6.8096639399978037e-002	  2.5374640984309788e-001	  2.3209466069803197e-001	  4.9805191482634736e-003	  2.9477226677277419e-003	
  2.0578127220177952e-001	  2.0569468841022234e-001	  2.0464847769606648e-001	  1.1655805344108554e-002	  5.1187994491657058e-003	  5.0246156936407946e-003	  1.3210206301813987e-001	  9.2881887252038400e-002	  6.8352616718146256e-002	  2.5393217366208454e-001	  2.3223648323546345e-001	  5.0317131276340016e-003	  2.9691152975802899e-003	
  2.0573451298955525e-001	  2.0564740743250892e-001	  2.0460292136112246e-001	  1.1733820264813538e-002	  5.1445264759537746e-003	  5.0498002791236896e-003	  1.3214391526592947e-001	  9.2932891120217992e-002	  6.8485010488102613e-002	  2.5386642699775497e-001	  2.3217670691757167e-001	  5.0530015187675139e-003	  2.9778185536857441e-003	
  2.0587147509975509e-001	  2.0578292199912565e-001	  2.0474150329305754e-001	  1.1934548804348051e-002	  5.2115795677165865e-003	  5.1096975409032613e-003	  1.3242538614007496e-001	  9.3193060668317410e-002	  6.8760022926983674e-002	  2.5408920784406103e-001	  2.3234816621676943e-001	  5.1110314013519710e-003	  3.0017764555183820e-003	
  2.0578126961516410e-001	  2.0569254065458686e-001	  2.0465214691824898e-001	  1.1966516544699476e-002	  5.2219184516220027e-003	  5.1214267148974035e-003	  1.3239449488032948e-001	  9.3178000822651125e-002	  6.8832857713947496e-002	  2.5395387112190143e-001	  2.3223385362532870e-001	  5.1187059938750581e-003	  3.0047494386464691e-003	
  2.0591121753300526e-001	  2.0582125588510600e-001	  2.0478341735428943e-001	  1.2136671902975326e-002	  5.2791693987147038e-003	  5.1723443006315047e-003	  1.3263004792513769e-001	  9.3394721420518481e-002	  6.9045200722604075e-002	  2.5416371281645161e-001	  2.3239672234805953e-001	  5.1690372352056271e-003	  3.0255395965619230e-003	
  2.0585362284771641e-001	  2.0576330690865849e-001	  2.0472671596264261e-001	  1.2194076610570795e-002	  5.2980536265691495e-003	  5.1910858513423714e-003	  1.3264833309565094e-001	  9.3422555358177853e-002	  6.9146665051298503e-002	  2.5407964289568158e-001	  2.3232342813170634e-001	  5.1839094213581563e-003	  3.0313620124510767e-003	
  2.0595925968233486e-001	  2.0586776730819439e-001	  2.0483368327098420e-001	  1.2359264339364536e-002	  5.3536112055160550e-003	  5.2409528843844772e-003	  1.3286437713337459e-001	  9.3623337914978955e-002	  6.9360766315298431e-002	  2.5425193744438929e-001	  2.3245561997611119e-001	  5.2322762778833536e-003	  3.0512278239197090e-003	
  2.0592350415524935e-001	  2.0583151157037557e-001	  2.0479892600416214e-001	  1.2437259421589740e-002	  5.3796575510420231e-003	  5.2660258081544745e-003	  1.3291100224800770e-001	  9.3676568255866330e-002	  6.9483088750349822e-002	  2.5420245744935194e-001	  2.3240977169930857e-001	  5.2536170594769454e-003	  3.0596473780147666e-003	
  2.0601798077319475e-001	  2.0592485865435967e-001	  2.0489467837666406e-001	  1.2597977826338423e-002	  5.4338021373032345e-003	  5.3147321938205403e-003	  1.3311541362324425e-001	  9.3867163269652554e-002	  6.9691818716081322e-002	  2.5435725643020218e-001	  2.3252790917055072e-001	  5.3004986886398273e-003	  3.0787816083692452e-003	
  2.0599890820400268e-001	  2.0590507810492109e-001	  2.0487681622486528e-001	  1.2706976419237312e-002	  5.4705313894816907e-003	  5.3494437965994294e-003	  1.3319713731663052e-001	  9.3953215023926021e-002	  6.9850670181442878e-002	  2.5433510524922698e-001	  2.3250290877614660e-001	  5.3310732227782771e-003	  3.0908393867201535e-003	
  2.0610129743123248e-001	  2.0600614910685522e-001	  2.0498067464379915e-001	  1.2897508454277134e-002	  5.5348312669749140e-003	  5.4074271707457502e-003	  1.3343466782861688e-001	  9.4175222644004158e-002	  7.0102329511683326e-002	  2.5450373575582685e-001	  2.3263083091347797e-001	  5.3862874015682145e-003	  3.1132020141358594e-003	
  2.0604169462991839e-001	  2.0594608036873197e-001	  2.0492215200739616e-001	  1.2973987792933241e-002	  5.5609402964906024e-003	  5.4332284874212024e-003	  1.3345132895623354e-001	  9.4203849239934315e-002	  7.0212730681449440e-002	  2.5441747550999461e-001	  2.3255485282606020e-001	  5.4078356693746084e-003	  3.1214764097433107e-003	
  2.0620340636646012e-001	  2.0610633088914010e-001	  2.0508517000842730e-001	  1.3182746252736839e-002	  5.6316876063519320e-003	  5.4957077859736176e-003	  1.3374388667122136e-001	  9.4470762913496487e-002	  7.0470339635257548e-002	  2.5467767829791299e-001	  2.3275766841519449e-001	  5.4691836267663652e-003	  3.1463756205324092e-003	
  2.0605770037160837e-001	  2.0596086490828089e-001	  2.0493986414702689e-001	  1.3161317586135982e-002	  5.6243227647219986e-003	  5.4919926264065224e-003	  1.3363096706344088e-001	  9.4381109969373406e-002	  7.0480754034885254e-002	  2.5445359032717418e-001	  2.3257358960837443e-001	  5.4605023185672619e-003	  3.1422029490214029e-003	
  2.0617137703221605e-001	  2.0607362805143700e-001	  2.0505446873410199e-001	  1.3286613803679657e-002	  5.6672931775319070e-003	  5.5304477412616328e-003	  1.3379245341171309e-001	  9.4528914718777612e-002	  7.0607864638485923e-002	  2.5463543520870863e-001	  2.3271633231641992e-001	  5.4998123911776716e-003	  3.1585868930774710e-003	
  2.0615223386865875e-001	  2.0605403995455362e-001	  2.0503588704129141e-001	  1.3363962438338891e-002	  5.6940919502515546e-003	  5.5546710797226258e-003	  1.3384574864125900e-001	  9.4584117582257959e-002	  7.0701083314662821e-002	  2.5461007723416812e-001	  2.3269154497995137e-001	  5.5218664403094359e-003	  3.1666464743150568e-003	
  2.0621160734458915e-001	  2.0611235666109032e-001	  2.0509661617665081e-001	  1.3518774682871090e-002	  5.7467562445953687e-003	  5.6030248731021937e-003	  1.3401792306351837e-001	  9.4748562006120460e-002	  7.0906857258720493e-002	  2.5471081540168022e-001	  2.3276537899081168e-001	  5.5664216375686274e-003	  3.1845031663353509e-003	
  2.0625560354460309e-001	  2.0615530854561437e-001	  2.0514187824997068e-001	  1.3678204443036515e-002	  5.8013199080259124e-003	  5.6530127499031108e-003	  1.3418199430359007e-001	  9.4906337035679134e-002	  7.1115877248577666e-002	  2.5478769885386088e-001	  2.3281976491523837e-001	  5.6125511470886350e-003	  3.2026945454467731e-003	
  2.0627008981738931e-001	  2.0616892924859553e-001	  2.0515753970391018e-001	  1.3813710714893851e-002	  5.8483024973230782e-003	  5.6966465282814113e-003	  1.3429714259003164e-001	  9.5020971425330072e-002	  7.1288291318685970e-002	  2.5481787873831507e-001	  2.3283703202052131e-001	  5.6522868163044193e-003	  3.2180682383147812e-003	
  2.0640492783016195e-001	  2.0630160853815024e-001	  2.0529466194523471e-001	  1.4143325680503190e-002	  5.9619284569532652e-003	  5.7998123060794063e-003	  1.3466553455567384e-001	  9.5368394362371781e-002	  7.1713863925702753e-002	  2.5504357720347204e-001	  2.3300501079007477e-001	  5.7485958160650797e-003	  3.2558397440772351e-003	
  2.0631138903938301e-001	  2.0620811172022224e-001	  2.0520156529679628e-001	  1.4148250562840126e-002	  5.9643575372619866e-003	  5.8043941531147466e-003	  1.3459769357948398e-001	  9.5316994265545602e-002	  7.1734760448933177e-002	  2.5490065293889114e-001	  2.3288667545537703e-001	  5.7494276029214806e-003	  3.2554880677881396e-003	
  2.0636307673300866e-001	  2.0625920641540627e-001	  2.0525398277489024e-001	  1.4232503597322326e-002	  5.9935216791768197e-003	  5.8311629454128305e-003	  1.3468393465783954e-001	  9.5398704175511398e-002	  7.1814261297543119e-002	  2.5498501159875708e-001	  2.3295139084597877e-001	  5.7760907824978150e-003	  3.2665256500852388e-003	
  2.0636841054604055e-001	  2.0626406159409760e-001	  2.0525988706102727e-001	  1.4311263982858516e-002	  6.0212700068980347e-003	  5.8561960189017310e-003	  1.3474850710988487e-001	  9.5462550097678442e-002	  7.1897231938418071e-002	  2.5499736942114376e-001	  2.3295754995507351e-001	  5.7997841913881402e-003	  3.2754854876703631e-003	
  2.0645738564938942e-001	  2.0635115755298428e-001	  2.0535096996845473e-001	  1.4606028142504038e-002	  6.1246321440471220e-003	  5.9502145776783094e-003	  1.3504109277934503e-001	  9.5742887512423686e-002	  7.2252985689532020e-002	  2.5515036118283485e-001	  2.3306783948847615e-001	  5.8870169393942960e-003	  3.3090173741037077e-003	
  2.0661326145187192e-001	  2.0650467235279615e-001	  2.0550904503002726e-001	  1.4978535600947543e-002	  6.2556672556603760e-003	  6.0688541747671585e-003	  1.3545239624587607e-001	  9.6128580382096540e-002	  7.2726517841406241e-002	  2.5540970276208325e-001	  2.3326221093594937e-001	  5.9972780261099848e-003	  3.3512660103420713e-003	
  2.0630186192379951e-001	  2.0619452308869984e-001	  2.0519732472403884e-001	  1.4814712981448897e-002	  6.1965096407819815e-003	  6.0201658996241279e-003	  1.3517064342994148e-001	  9.5887571073391978e-002	  7.2630970099421058e-002	  2.5492383367907134e-001	  2.3286952263342697e-001	  5.9387136757296120e-003	  3.3269750433887668e-003	
  2.0639867039066109e-001	  2.0629126060485808e-001	  2.0529482574290819e-001	  1.4782969759188471e-002	  6.1842658531393894e-003	  6.0136196986656527e-003	  1.3513258131821410e-001	  9.5853201862824769e-002	  7.2586982933482744e-002	  2.5507346742254511e-001	  2.3299209141580904e-001	  5.9341044030508053e-003	  3.3282550116307146e-003	
  2.0644771463001119e-001	  2.0633993982262258e-001	  2.0534406901067542e-001	  1.4840379735470763e-002	  6.2057076731364411e-003	  6.0323389326023833e-003	  1.3518865962309157e-001	  9.5902463615472458e-002	  7.2587699204945608e-002	  2.5515106896997763e-001	  2.3305377566626942e-001	  5.9583672083567771e-003	  3.3384583615855309e-003	
  2.0647703344102303e-001	  2.0636876230860424e-001	  2.0537348754817614e-001	  1.4935557779920670e-002	  6.2425434401653570e-003	  6.0610904212278086e-003	  1.3527277304425053e-001	  9.5979469680751703e-002	  7.2627081928338236e-002	  2.5519917794161723e-001	  2.3309023344053817e-001	  5.9892408601678266e-003	  3.3481584645405050e-003	
  2.0650586623937456e-001	  2.0639717555072876e-001	  2.0540257729482375e-001	  1.5008117840923558e-002	  6.2696575251953704e-003	  6.0832244902453503e-003	  1.3534801339450339e-001	  9.6049331312450470e-002	  7.2687142900654159e-002	  2.5524661735427695e-001	  2.3312618399736010e-001	  6.0111339466587081e-003	  3.3555116635268093e-003	
  2.0651761051594358e-001	  2.0640860806963363e-001	  2.0541463088180115e-001	  1.5058903352590284e-002	  6.2874017761444020e-003	  6.0991203441140285e-003	  1.3540086758926606e-001	  9.6099756957822399e-002	  7.2748202268337531e-002	  2.5526733188525641e-001	  2.3314065227776015e-001	  6.0252621676353500e-003	  3.3608824697636142e-003	
  2.0654697108982456e-001	  2.0643706105303608e-001	  2.0544507911129989e-001	  1.5203046900434220e-002	  6.3378068111913117e-003	  6.1465391757638882e-003	  1.3553343371694909e-001	  9.6228869749587900e-002	  7.2930341316072844e-002	  2.5532051606662676e-001	  2.3317669869997737e-001	  6.0676708547000449e-003	  3.3774902836676028e-003	
  2.0664675230819007e-001	  2.0653550982027957e-001	  2.0554604072118191e-001	  1.5412896959165940e-002	  6.4120360687615046e-003	  6.2137493243693658e-003	  1.3576991628772270e-001	  9.6449277588669696e-002	  7.3186555253293234e-002	  2.5548485951389449e-001	  2.3330136216836247e-001	  6.1308276273622491e-003	  3.4018313955863091e-003	
  2.0656148793519527e-001	  2.0645011551201695e-001	  2.0546137251730567e-001	  1.5449837239598396e-002	  6.4275652628332383e-003	  6.2303143652623003e-003	  1.3572333920403556e-001	  9.6418611972370685e-002	  7.3233700361606202e-002	  2.5535596264525801e-001	  2.3319325440601205e-001	  6.1429522639219010e-003	  3.4052517740397760e-003	
  2.0669046805919628e-001	  2.0657789278256444e-001	  2.0559137329621860e-001	  1.5628564878608187e-002	  6.4898670404411000e-003	  6.2860153457820461e-003	  1.3595041310887898e-001	  9.6626468040859836e-002	  7.3431255810625498e-002	  2.5556378613091218e-001	  2.3335507506168210e-001	  6.1974324446539362e-003	  3.4271680835619273e-003	
  2.0660650257692159e-001	  2.0649375245796583e-001	  2.0550793637156550e-001	  1.5677413708867726e-002	  6.5102497285876113e-003	  6.3061370618457012e-003	  1.3591574690645433e-001	  9.6606302311167236e-002	  7.3484924464299689e-002	  2.5543704189692418e-001	  2.3324853733947382e-001	  6.2133029615361142e-003	  3.4316256520664375e-003	
  2.0673260597143425e-001	  2.0661867416787214e-001	  2.0563503468960653e-001	  1.5854341903182755e-002	  6.5723900296357357e-003	  6.3617533304274757e-003	  1.3613881215468829e-001	  9.6810590438920388e-002	  7.3681712025289198e-002	  2.5564031000376958e-001	  2.3340674573638773e-001	  6.2673625755293987e-003	  3.4531939652743238e-003	
  2.0665002859684234e-001	  2.0653592568763970e-001	  2.0555297389045948e-001	  1.5902922961109595e-002	  6.5929072183911856e-003	  6.3821126878177686e-003	  1.3610437101656170e-001	  9.6790457380472802e-002	  7.3735117495796906e-002	  2.5551564990181413e-001	  2.3330196516639037e-001	  6.2833968377036340e-003	  3.4577015559676522e-003	
  2.0677362724844472e-001	  2.0665836493407702e-001	  2.0567754407376057e-001	  1.6077070137427082e-002	  6.6542334067131639e-003	  6.4370866179102350e-003	  1.3632294094307454e-001	  9.6990648596884929e-002	  7.3928211321689502e-002	  2.5571490189004636e-001	  2.3345703755309016e-001	  6.3367723278057678e-003	  3.4789796222078509e-003	
  2.0669257222094894e-001	  2.0657714012584621e-001	  2.0559698837956489e-001	  1.6126150622932885e-002	  6.6752517131194802e-003	  6.4578566508629474e-003	  1.3628904811121059e-001	  9.6970823484379506e-002	  7.3980537032892091e-002	  2.5559253065272380e-001	  2.3335418062512700e-001	  6.3532784548335653e-003	  3.4836017482742102e-003	
  2.0681360966265114e-001	  2.0669704097998440e-001	  2.0571897280779311e-001	  1.6297629347946905e-002	  6.7358985962419305e-003	  6.5122541396262874e-003	  1.3650309117267848e-001	  9.7166890300171796e-002	  7.4169674888454024e-002	  2.5578767566653193e-001	  2.3350604494837610e-001	  6.4060485500506232e-003	  3.5045795580869550e-003	
  2.0673415356942945e-001	  2.0661741656031929e-001	  2.0563999968933444e-001	  1.6347130206754913e-002	  6.7573878377381862e-003	  6.5334132709232769e-003	  1.3646984415591476e-001	  9.7147456992189948e-002	  7.4220928432024158e-002	  2.5566771384375520e-001	  2.3340520911994012e-001	  6.4229978828324328e-003	  3.5093111382660108e-003	
  2.0685257722451700e-001	  2.0673472686001312e-001	  2.0575934627844353e-001	  1.6515830108173240e-002	  6.8173047920756158e-003	  6.5871960721808204e-003	  1.3667930457738292e-001	  9.7339350794449928e-002	  7.4406078468818165e-002	  2.5585866851696182e-001	  2.3355379891493935e-001	  6.4751230122280035e-003	  3.5299777735189673e-003	
  2.0677478635618868e-001	  2.0665676900638388e-001	  2.0568202279483877e-001	  1.6565705502283829e-002	  6.8392356216305135e-003	  6.6087206308669561e-003	  1.3664679434451113e-001	  9.7320389010961406e-002	  7.4456318508920857e-002	  2.5574122133999316e-001	  2.3345506839183786e-001	  6.4924950112341760e-003	  3.5348180820128296e-003	
  2.0689055308946000e-001	  2.0677144594170485e-001	  2.0579868881822333e-001	  1.6731560680906733e-002	  6.8984020439423381e-003	  6.6618685250369302e-003	  1.3685163384283114e-001	  9.7508077538925833e-002	  7.4637472285337514e-002	  2.5592791776383117e-001	  2.3360032896764790e-001	  6.5439583340869264e-003	  3.5551656038874287e-003	
  2.0681448476984138e-001	  2.0669521189634352e-001	  2.0572307305353429e-001	  1.6781769856270834e-002	  6.9207515323532788e-003	  6.6837386693307166e-003	  1.3681994385223437e-001	  9.7489660972711625e-002	  7.4686758500258354e-002	  2.5581307668984848e-001	  2.3350377660928529e-001	  6.5617358976901479e-003	  3.5601132848269274e-003	
  2.0692756051023564e-001	  2.0680722163526141e-001	  2.0583702487980010e-001	  1.6944725536784420e-002	  6.9791489748720278e-003	  6.7362340746526493e-003	  1.3702013759396137e-001	  9.7673124074861589e-002	  7.4863918058120857e-002	  2.5599546139422791e-001	  2.3364566465960726e-001	  6.6125225559119944e-003	  3.5801352030736923e-003	
  2.0685326346492261e-001	  2.0673276003988236e-001	  2.0576316629895264e-001	  1.6995227455536246e-002	  7.0018920481883561e-003	  6.7584285259013020e-003	  1.3698934242740329e-001	  9.7655318923956944e-002	  7.4912307389529989e-002	  2.5588330448310326e-001	  2.3355135243570915e-001	  6.6306865685563932e-003	  3.5851882739972476e-003	
  2.0696362271894408e-001	  2.0684207725122394e-001	  2.0587437888285254e-001	  1.7155239906877971e-002	  7.0595048018350917e-003	  6.8102563334355853e-003	  1.3718487745164468e-001	  9.7834547037559075e-002	  7.5085483050417914e-002	  2.5606133760308081e-001	  2.3368983543446742e-001	  6.6807842112708241e-003	  3.6048794131150570e-003	
  2.0689113743156076e-001	  2.0676942851497235e-001	  2.0580231867840246e-001	  1.7205993620230443e-002	  7.0826157528370397e-003	  6.8327531558477804e-003	  1.3715504264860112e-001	  9.7817411772468346e-002	  7.5133028803206395e-002	  2.5595193003730077e-001	  2.3359781488331943e-001	  6.6993146335024853e-003	  3.6100352682152041e-003	
  2.0699876276259502e-001	  2.0687603585795930e-001	  2.0591077503640642e-001	  1.7363028869683668e-002	  7.1394306835333970e-003	  6.8839005204548252e-003	  1.3734591677211580e-001	  9.7992404895485233e-002	  7.5302237983170206e-002	  2.5612558446535655e-001	  2.3373287043833896e-001	  6.7487131880158797e-003	  3.6293916060906361e-003	
  2.0692812186054538e-001	  2.0680523254393313e-001	  2.0584054651126718e-001	  1.7413993401281146e-002	  7.1628831621243965e-003	  6.9066771591898340e-003	  1.3731709897126351e-001	  9.7975990337412708e-002	  7.5348989473861261e-002	  2.5601897912725119e-001	  2.3364318315446669e-001	  6.7675890833121194e-003	  3.6346470527878873e-003	
  2.0703300337884700e-001	  2.0690912016361684e-001	  2.0594623720892155e-001	  1.7568026241130998e-002	  7.2188893111551373e-003	  6.9571331740236964e-003	  1.3750331988478581e-001	  9.8146757197092205e-002	  7.5514255842507802e-002	  2.5618823969261312e-001	  2.3377479836983731e-001	  6.8162804023022437e-003	  3.6536655983306150e-003	
  2.0696423205213477e-001	  2.0684018740796631e-001	  2.0587786619364795e-001	  1.7619160676591691e-002	  7.2426564736149876e-003	  6.9801665787100889e-003	  1.3747556713220235e-001	  9.8131106760731224e-002	  7.5560258305388373e-002	  2.5608447780464622e-001	  2.3368747653302810e-001	  6.8354800886086756e-003	  3.6590169116170446e-003	
  2.0706636691692185e-001	  2.0694135244260942e-001	  2.0598078884605370e-001	  1.7770173850836905e-002	  7.2978448175969263e-003	  7.0299220581479457e-003	  1.3765715160617864e-001	  9.8297664091898940e-002	  7.5721611126822241e-002	  2.5624934047940789e-001	  2.3381564738609381e-001	  6.8834577210944549e-003	  3.6776956007030914e-003	
  2.0699961599362590e-001	  2.0687443921004489e-001	  2.0591442817893810e-001	  1.7821757355283734e-002	  7.3220255810416343e-003	  7.0533019882102642e-003	  1.3763078365147802e-001	  9.8283077618701795e-002	  7.5767189215976791e-002	  2.5614867057716251e-001	  2.3373088004236092e-001	  6.9030686706796048e-003	  3.6831780080260603e-003	
  2.0709915196121509e-001	  2.0697302714053539e-001	  2.0601473251632252e-001	  1.7970129865802778e-002	  7.3765381934567682e-003	  7.1024831600783348e-003	  1.3780819326769905e-001	  9.8445854620024448e-002	  7.5925163117478947e-002	  2.5630938186240892e-001	  2.3385579039950105e-001	  6.9504502712215361e-003	  3.7015592120286872e-003	
  2.0703372325498490e-001	  2.0690744050156643e-001	  2.0594968237004491e-001	  1.8021282353290476e-002	  7.4007984770279988e-003	  7.1259227495672839e-003	  1.3778209661067903e-001	  9.8431337464913199e-002	  7.5969491987438548e-002	  2.5621069390797435e-001	  2.3377270011792625e-001	  6.9701832300013769e-003	  3.7070657016063696e-003	
  2.0713171661110968e-001	  2.0700449652773992e-001	  2.0604843393315334e-001	  1.8168735238539995e-002	  7.4552507737751872e-003	  7.1750872083005254e-003	  1.3795747278883441e-001	  9.8592303175179460e-002	  7.6126123701618989e-002	  2.5636896878957260e-001	  2.3389567390986610e-001	  7.0174976097987420e-003	  3.7253587448457547e-003	
  2.0706679612779433e-001	  2.0693942082442773e-001	  2.0598388564267109e-001	  1.8220055790132011e-002	  7.4799008793201872e-003	  7.1988873465051216e-003	  1.3793096202326258e-001	  9.8577358929193545e-002	  7.6169279199007761e-002	  2.5627103055793404e-001	  2.3381322775710855e-001	  7.0376269361875354e-003	  3.7309666492957860e-003	
  2.0716564420295419e-001	  2.0703733566218577e-001	  2.0608347723905240e-001	  1.8367305149894899e-002	  7.5344939749403469e-003	  7.2481486993236158e-003	  1.3810685658884106e-001	  9.8738634556738217e-002	  7.6325339312190210e-002	  2.5643058783761080e-001	  2.3393729338931446e-001	  7.0850734310415713e-003	  3.7492709147823261e-003	
  2.0709796974902761e-001	  2.0696952683340178e-001	  2.0601615998964418e-001	  1.8416359130412601e-002	  7.5587420000250045e-003	  7.2716273698162047e-003	  1.3807583768906495e-001	  9.8719667008903222e-002	  7.6365047522779061e-002	  2.5632825617143190e-001	  2.3385138084878135e-001	  7.1048692247320062e-003	  3.7546556193365542e-003	
  2.0719990732346502e-001	  2.0707052165702802e-001	  2.0611883922505064e-001	  1.8565019013217752e-002	  7.6139464222014759e-003	  7.3214300336814486e-003	  1.3825534456123958e-001	  9.8884013272391838e-002	  7.6522762851622642e-002	  2.5649264483793471e-001	  2.3397935320212171e-001	  7.1528713580112915e-003	  3.7731836884964320e-003	
  2.0712647161318504e-001	  2.0699699220596723e-001	  2.0604573519643082e-001	  1.8608768243459799e-002	  7.6366556674753137e-003	  7.3435974734813274e-003	  1.3821534982422359e-001	  9.8857038407359626e-002	  7.6555698730868552e-002	  2.5638114229257652e-001	  2.3388618915411905e-001	  7.1713481301299339e-003	  3.7779696007739410e-003	
  2.0723428334158517e-001	  2.0710384313930746e-001	  2.0615428731496890e-001	  1.8759557250085372e-002	  7.6925991542150284e-003	  7.3940076700854829e-003	  1.3840111241117881e-001	  9.9026667291310086e-002	  7.6715597512678188e-002	  2.5655469315502599e-001	  2.3402158620288385e-001	  7.2200693785748728e-003	  3.7968374936841452e-003	
  2.0715396407389627e-001	  2.0702347339978711e-001	  2.0607426936912748e-001	  1.8798128795539978e-002	  7.7139355020121375e-003	  7.4149853500713719e-003	  1.3835136691972516e-001	  9.8991040702571698e-002	  7.6741768747514483e-002	  2.5643227141140335e-001	  2.3391975066128290e-001	  7.2373404548844158e-003	  3.8010186678026623e-003	
  2.0726804879530086e-001	  2.0713657845389460e-001	  2.0618909582462899e-001	  1.8951045649920385e-002	  7.7706244021815670e-003	  7.4660155477806970e-003	  1.3854376353731881e-001	  9.9166281444702631e-002	  7.6904155986487699e-002	  2.5661561245018705e-001	  2.3406307711897253e-001	  7.2867792110051328e-003	  3.8202226271938180e-003	
  2.0718045829999271e-001	  2.0704898257818669e-001	  2.0610177634133361e-001	  1.8984113344324129e-002	  7.7904427466210903e-003	  7.4856881537670320e-003	  1.3848379221084342e-001	  9.9121589783294592e-002	  7.6923307750226003e-002	  2.5648166154488317e-001	  2.3395208081259841e-001	  7.3027207762417206e-003	  3.8237605355892772e-003	
  2.0730123827996189e-001	  2.0716876172824542e-001	  2.0622330076480216e-001	  1.9139373231689762e-002	  7.8479031083421684e-003	  7.5373611945934735e-003	  1.3868337071676770e-001	  9.9302921200359162e-002	  7.7088508026485217e-002	  2.5667545884311238e-001	  2.3410386940039479e-001	  7.3529049355509973e-003	  3.8433270711813075e-003	
  2.0720596192890606e-001	  2.0707352685397917e-001	  2.0612826447213822e-001	  1.9166716107200051e-002	  7.8661310633167617e-003	  7.5556647860365424e-003	  1.3861268020958387e-001	  9.9248737947115362e-002	  7.7100382983607552e-002	  2.5652932700549042e-001	  2.3398318863902889e-001	  7.3674530831008000e-003	  3.8461934948416932e-003	
  2.0733388166474392e-001	  2.0720042243049092e-001	  2.0625693281960059e-001	  1.9324553819949190e-002	  7.9244237636118663e-003	  7.6080301188634902e-003	  1.3882001460851923e-001	  9.9436661854748892e-002	  7.7268741924570311e-002	  2.5673428201044385e-001	  2.3414400034912020e-001	  7.4184372987299027e-003	  3.8661500452423672e-003	
  2.0723048134686911e-001	  2.0709711238720105e-001	  2.0615374098684466e-001	  1.9345927078726642e-002	  7.9409835263154691e-003	  7.6248974992650142e-003	  1.3873808183325068e-001	  9.9372534406190038e-002	  7.7273067780308194e-002	  2.5657528049162104e-001	  2.3401308187063499e-001	  7.4315225620115773e-003	  3.8683137301564700e-003	
  2.0736622661268964e-001	  2.0723188207001647e-001	  2.0629015056972441e-001	  1.9492737618353788e-002	  7.9946676307032609e-003	  7.6727702330221708e-003	  1.3894167825339626e-001	  9.9555669062853083e-002	  7.7425508675982177e-002	  2.5679173220476165e-001	  2.3418387824091594e-001	  7.4789403681152613e-003	  3.8871414361923862e-003	
  2.0726255253425510e-001	  2.0712834388701135e-001	  2.0618659301060657e-001	  1.9506157728502029e-002	  8.0077736184885652e-003	  7.6861402835095623e-003	  1.3886275364956052e-001	  9.9493250304582476e-002	  7.7431261108189417e-002	  2.5663191885773878e-001	  2.3405265635744901e-001	  7.4885976472654422e-003	  3.8880399625755564e-003	
  2.0735410219848860e-001	  2.0721919238968534e-001	  2.0627875670009427e-001	  1.9610290111860721e-002	  8.0461979244292083e-003	  7.7213726777351629e-003	  1.3899898390700208e-001	  9.9617116275581882e-002	  7.7539148679852121e-002	  2.5677849835825728e-001	  2.3416780465407994e-001	  7.5226623935950752e-003	  3.9015808530491894e-003	
  2.0731234060038295e-001	  2.0717724253048972e-001	  2.0623724385425685e-001	  1.9665533367636902e-002	  8.0721598616785243e-003	  7.7457348181775749e-003	  1.3899674014516678e-001	  9.9621641225665455e-002	  7.7584742008407037e-002	  2.5671613422612050e-001	  2.3411463811824962e-001	  7.5443832279335522e-003	  3.9081707946277619e-003	
  2.0736415371373612e-001	  2.0722848873503197e-001	  2.0628955982750044e-001	  1.9761820274043440e-002	  8.1107498949185459e-003	  7.7809610833394572e-003	  1.3909594351652468e-001	  9.9714020385740842e-002	  7.7681023148807954e-002	  2.5680063494433808e-001	  2.3417958853922896e-001	  7.5778869803759486e-003	  3.9203742939523008e-003	
  2.0734353264824165e-001	  2.0720762016878622e-001	  2.0626925417819816e-001	  1.9821754451861646e-002	  8.1384629750898621e-003	  7.8069104450970523e-003	  1.3911283563343035e-001	  9.9734903717250883e-002	  7.7734584797003167e-002	  2.5677133851401535e-001	  2.3415314008017196e-001	  7.6013040982832744e-003	  3.9277156220198454e-003	
  2.0739641693186409e-001	  2.0725970181376924e-001	  2.0632286908299810e-001	  1.9966397481302373e-002	  8.1977071385039499e-003	  7.8613816167873770e-003	  1.3924466456508872e-001	  9.9859725263425000e-002	  7.7881093532918680e-002	  2.5685962425246728e-001	  2.3421914962329868e-001	  7.6522806384749058e-003	  3.9458495150846672e-003	
  2.0738789294583487e-001	  2.0725067710741757e-001	  2.0631489696861341e-001	  2.0075904068984490e-002	  8.2469456889846700e-003	  7.9072669211380509e-003	  1.3929497384251241e-001	  9.9913284591412521e-002	  7.7975841735319545e-002	  2.5685109828859498e-001	  2.3420771366945947e-001	  7.6944945637045332e-003	  3.9596634416133886e-003	
  2.0745667515768659e-001	  2.0731856112235270e-001	  2.0638439480209322e-001	  2.0237904390611853e-002	  8.3132617883185725e-003	  7.9676902163657651e-003	  1.3945374650551803e-001	  1.0006175098844368e-001	  7.8143809030727956e-002	  2.5696453136716557e-001	  2.3429374700130684e-001	  7.7515563966742695e-003	  3.9799742079933420e-003	
  2.0739648086115756e-001	  2.0725811915410619e-001	  2.0632484911680188e-001	  2.0311288631706014e-002	  8.3517029155876204e-003	  8.0053007064616565e-003	  1.3943459204583955e-001	  1.0005571617995168e-001	  7.8195248430972392e-002	  2.5687512936758011e-001	  2.3421716392857059e-001	  7.7846349107555599e-003	  3.9896080338986777e-003	
  2.0761548249934386e-001	  2.0747599234895214e-001	  2.0654423658907839e-001	  2.0477351541797056e-002	  8.4137290328197851e-003	  8.0581347870945976e-003	  1.3966775994027023e-001	  1.0025965027279929e-001	  7.8311205821582519e-002	  2.5721960202577110e-001	  2.3449335122003670e-001	  7.8437146903098925e-003	  4.0136434339571852e-003	
  2.0750894281019350e-001	  2.0736957881989046e-001	  2.0643739196821059e-001	  2.0509750901169715e-002	  8.4363501642719368e-003	  8.0751376035941014e-003	  1.3966726136705762e-001	  1.0026383837917505e-001	  7.8360665020512935e-002	  2.5705538927341809e-001	  2.3435836278265512e-001	  7.8576242268638876e-003	  4.0142906700075271e-003	
  2.0746702063343889e-001	  2.0732786083974336e-001	  2.0639566903736037e-001	  2.0475787968871173e-002	  8.4250756596902267e-003	  8.0676914478686208e-003	  1.3961549883606708e-001	  1.0022119258009946e-001	  7.8371382775422313e-002	  2.5699029564890141e-001	  2.3430546504812491e-001	  7.8440996055390289e-003	  4.0081547547848820e-003	
  2.0745239622923323e-001	  2.0731324813118213e-001	  2.0638136432324827e-001	  2.0455407426102148e-002	  8.4106996000807878e-003	  8.0601826507332181e-003	  1.3958136716242928e-001	  1.0019310664315265e-001	  7.8373519848398590e-002	  2.5696801161362920e-001	  2.3428699364207528e-001	  7.8323200383192317e-003	  4.0061941385192848e-003	
  2.0744950401208875e-001	  2.0731022792542100e-001	  2.0637864851755860e-001	  2.0471915441720761e-002	  8.4135644480444575e-003	  8.0648764540772692e-003	  1.3958039763906205e-001	  1.0019413309715573e-001	  7.8379504038234335e-002	  2.5696439144242722e-001	  2.3428321014076559e-001	  7.8371323450998655e-003	  4.0095255298073038e-003	
  2.0745475502614458e-001	  2.0731532030638075e-001	  2.0638404484122289e-001	  2.0505248567312315e-002	  8.4287157141839687e-003	  8.0779628947855158e-003	  1.3959799678521606e-001	  1.0021176236066745e-001	  7.8395493175533681e-002	  2.5697377362553520e-001	  2.3428967819704813e-001	  7.8514646524088343e-003	  4.0143718615203976e-003	
  2.0747064108439442e-001	  2.0733070375600968e-001	  2.0640043823473311e-001	  2.0612566963820432e-002	  8.4787167579638955e-003	  8.1219307904036135e-003	  1.3966959393548004e-001	  1.0028228926933813e-001	  7.8479543658923512e-002	  2.5700283914953065e-001	  2.3430918136297943e-001	  7.8953514517902165e-003	  4.0283786962962576e-003	
  2.0752584069242722e-001	  2.0738514404024536e-001	  2.0645620658590927e-001	  2.0757775739280910e-002	  8.5410199075380625e-003	  8.1780556417381765e-003	  1.3980385092780365e-001	  1.0040815190333828e-001	  7.8622777451620579e-002	  2.5709426073669051e-001	  2.3437816697929742e-001	  7.9483709211618202e-003	  4.0465161804039626e-003	
  2.0746989063091889e-001	  2.0732908232293318e-001	  2.0640064539247105e-001	  2.0808484902272013e-002	  8.5709277978020110e-003	  8.2075798141343932e-003	  1.3977278815549665e-001	  1.0038869860941629e-001	  7.8650797871484115e-002	  2.5700997187036978e-001	  2.3430710877406966e-001	  7.9735522638735446e-003	  4.0532220798265685e-003	
  2.0760996428485898e-001	  2.0746828508389420e-001	  2.0654113411969652e-001	  2.0939075956858528e-002	  8.6184990068760466e-003	  8.2492679168048814e-003	  1.3996278161572975e-001	  1.0055727790241574e-001	  7.8773233702745277e-002	  2.5723188735778668e-001	  2.3448356698752368e-001	  8.0164965659554107e-003	  4.0705896882776652e-003	
  2.0750263762275992e-001	  2.0736120295899466e-001	  2.0643372437789312e-001	  2.0937344396204836e-002	  8.6265290896071229e-003	  8.2571235517469900e-003	  1.3989128721775917e-001	  1.0049959263167757e-001	  7.8782164149562489e-002	  2.5706558697262727e-001	  2.3434779164235151e-001	  8.0206563654682348e-003	  4.0691127596478764e-003	
  2.0752076784511714e-001	  2.0737922068543507e-001	  2.0645223082209188e-001	  2.0945198441409574e-002	  8.6292472681121779e-003	  8.2620850503747258e-003	  1.3989979595551896e-001	  1.0050907203881267e-001	  7.8800834151077609e-002	  2.5709494772570440e-001	  2.3437065705209120e-001	  8.0232842221248813e-003	  4.0704139537507183e-003	
  2.0753338922083486e-001	  2.0739142321279297e-001	  2.0646527936078193e-001	  2.1015406229785764e-002	  8.6539203394570482e-003	  8.2865930088821798e-003	  1.3995382088867170e-001	  1.0056182923118939e-001	  7.8863255353649644e-002	  2.5711777044502021e-001	  2.3438615522313561e-001	  8.0454570924977271e-003	  4.0797402088360362e-003	
  2.0756114891375493e-001	  2.0741866633009448e-001	  2.0649340088490203e-001	  2.1117902134453945e-002	  8.6977669873176365e-003	  8.3260052114363502e-003	  1.4003298814356974e-001	  1.0063733698219506e-001	  7.8951756987731533e-002	  2.5716471154825238e-001	  2.3442068529712831e-001	  8.0835889797093337e-003	  4.0930923961611633e-003	
  2.0755236476734082e-001	  2.0740961712012054e-001	  2.0648494758102515e-001	  2.1188913132374431e-002	  8.7351184631810942e-003	  8.3599394318067781e-003	  1.4006024929410538e-001	  1.0066735647202597e-001	  7.9009249647099961e-002	  2.5715401737919802e-001	  2.3440920561161199e-001	  8.1157007477047384e-003	  4.1024743826340660e-003	
  2.0761588275672702e-001	  2.0747217694083625e-001	  2.0654926609056204e-001	  2.1378739860276687e-002	  8.8196712606511025e-003	  8.4371836624632154e-003	  1.4022496046604346e-001	  1.0082322557675218e-001	  7.9195549994379638e-002	  2.5726029062059802e-001	  2.3448849724491583e-001	  8.1886881969005405e-003	  4.1269665831985365e-003	
  2.0756714651836219e-001	  2.0742318382637975e-001	  2.0650120370278705e-001	  2.1449729030770241e-002	  8.8568583762463435e-003	  8.4742153534796902e-003	  1.4021626395692216e-001	  1.0082578754963815e-001	  7.9246906024525568e-002	  2.5718864340295627e-001	  2.3442642321204571e-001	  8.2212637522691007e-003	  4.1368205216168802e-003	
  2.0780582036069398e-001	  2.0766063722580269e-001	  2.0674008984936040e-001	  2.1671255434253481e-002	  8.9580651048573809e-003	  8.5576105198039154e-003	  1.4047799767989208e-001	  1.0105524549387745e-001	  7.9378978786521337e-002	  2.5756445473739431e-001	  2.3472746220583532e-001	  8.3170004647101746e-003	  4.1704507596616565e-003	
  2.0767737680087259e-001	  2.0753243428307275e-001	  2.0661152197689422e-001	  2.1642341770985542e-002	  8.9384601953619146e-003	  8.5425682719507314e-003	  1.4045788432329079e-001	  1.0104193925563522e-001	  7.9425329526339836e-002	  2.5736558196684073e-001	  2.3456481017266098e-001	  8.2879222701294688e-003	  4.1590426824887833e-003	
  2.0763132154348529e-001	  2.0748657832658912e-001	  2.0656564044495049e-001	  2.1601928969267173e-002	  8.9199248616182222e-003	  8.5302609370705371e-003	  1.4039081701226180e-001	  1.0098555475832921e-001	  7.9427539821406365e-002	  2.5729370457578338e-001	  2.3450670749827507e-001	  8.2717082366637450e-003	  4.1541138552325056e-003	
  2.0761697604218704e-001	  2.0747227847321650e-001	  2.0655150056427263e-001	  2.1592879523406442e-002	  8.9175875936071351e-003	  8.5309483914172719e-003	  1.4035082201895696e-001	  1.0095201206401266e-001	  7.9419411144927357e-002	  2.5727162477791177e-001	  2.3448862885932345e-001	  8.2724530574801620e-003	  4.1546750664506566e-003	
  2.0761470566106877e-001	  2.0746994361878232e-001	  2.0654937733371670e-001	  2.1606418822102774e-002	  8.9243265740752750e-003	  8.5375507329254769e-003	  1.4034746124790320e-001	  1.0095049050070248e-001	  7.9418318852633424e-002	  2.5726877136400939e-001	  2.3448568858901245e-001	  8.2793897042141348e-003	  4.1570799928725144e-003	
  2.0761897664536869e-001	  2.0747409616446841e-001	  2.0655377972225220e-001	  2.1631162004326902e-002	  8.9358488631886973e-003	  8.5476964799986802e-003	  1.4036141788419834e-001	  1.0096442363815596e-001	  7.9428073412156908e-002	  2.5727637725305780e-001	  2.3449095926245409e-001	  8.2897856427299327e-003	  4.1605748113834945e-003	
  2.0763067551561651e-001	  2.0748541016674593e-001	  2.0656586735130267e-001	  2.1712504098921809e-002	  8.9731919184528729e-003	  8.5815748361403495e-003	  1.4041530390906545e-001	  1.0101755308859207e-001	  7.9488343931384056e-002	  2.5729787013865524e-001	  2.3450530586499557e-001	  8.3222780594955862e-003	  4.1713837420238268e-003	
  2.0766958131540858e-001	  2.0752375935500433e-001	  2.0660517316389651e-001	  2.1827414451657430e-002	  9.0256913899738628e-003	  8.6289419376377654e-003	  1.4051239323397011e-001	  1.0110905405362379e-001	  7.9591933522432060e-002	  2.5736259196072114e-001	  2.3455390951185362e-001	  8.3677672783478152e-003	  4.1864927007621462e-003	
  2.0763781092753986e-001	  2.0749185113606058e-001	  2.0657378848687938e-001	  2.1863053666737946e-002	  9.0429961400887385e-003	  8.6472097592510781e-003	  1.4050626670866118e-001	  1.0110958096792674e-001	  7.9627072398574750e-002	  2.5731552996834650e-001	  2.3451347803513858e-001	  8.3826056157972322e-003	  4.1913077369059998e-003	
  2.0772348799175389e-001	  2.0757663730142839e-001	  2.0665996303635173e-001	  2.2044701547645543e-002	  9.1263964430453436e-003	  8.7214230387267812e-003	  1.4067677003364579e-001	  1.0126703669502395e-001	  7.9790592735180452e-002	  2.5745488217421542e-001	  2.3462093795101091e-001	  8.4553533319144444e-003	  4.2154757054509362e-003	
  2.0760727698137241e-001	  2.0746088367109541e-001	  2.0654390076696300e-001	  2.1960371538968040e-002	  9.0866123306697442e-003	  8.6909003702972630e-003	  1.4055016265079009e-001	  1.0115885121059909e-001	  7.9741852013701139e-002	  2.5727316329188404e-001	  2.3447422104192375e-001	  8.4183694797423277e-003	  4.2030025155393230e-003	
  2.0769418856347746e-001	  2.0754729786033080e-001	  2.0663103606166144e-001	  2.2052781785956981e-002	  9.1301203439983544e-003	  8.7275386678761398e-003	  1.4064015601654822e-001	  1.0123907427454762e-001	  7.9785472992262810e-002	  2.5741057853849458e-001	  2.3458379220668815e-001	  8.4602246745785238e-003	  4.2175357235425971e-003	
  2.0768382072713684e-001	  2.0753680033611610e-001	  2.0662078655710300e-001	  2.2088367998762577e-002	  9.1476694005803542e-003	  8.7432742444785699e-003	  1.4066616840253937e-001	  1.0126490053731288e-001	  7.9819942980986908e-002	  2.5739602485144292e-001	  2.3457046547594868e-001	  8.4741323717351241e-003	  4.2216391882772281e-003	
  2.0770053271517588e-001	  2.0755309999053553e-001	  2.0663789879606001e-001	  2.2175292183121750e-002	  9.1877844793880215e-003	  8.7807351004468622e-003	  1.4072679982671032e-001	  1.0132425771191181e-001	  7.9900966888340585e-002	  2.5742555739947587e-001	  2.3459112952835648e-001	  8.5088890993488750e-003	  4.2331887198092779e-003	
  2.0772669588600459e-001	  2.0757879160810053e-001	  2.0666445214766832e-001	  2.2275410585544411e-002	  9.2343789167394549e-003	  8.8235686218424685e-003	  1.4080441555695017e-001	  1.0139852670733530e-001	  7.9994371023011351e-002	  2.5747010442493307e-001	  2.3462369496059685e-001	  8.5493543268162601e-003	  4.2465469461605435e-003	
  2.0771078966857578e-001	  2.0756267347234625e-001	  2.0664892186938894e-001	  2.2326563013793429e-002	  9.2594896640557263e-003	  8.8483434267036393e-003	  1.4081848508334033e-001	  1.0141665499084387e-001	  8.0041007211295243e-002	  2.5744800243765115e-001	  2.3460327396932976e-001	  8.5712654559147519e-003	  4.2536557992678076e-003	
  2.0778354847334277e-001	  2.0763455055526880e-001	  2.0672224742819770e-001	  2.2511279381895257e-002	  9.3455860107996055e-003	  8.9259885179402750e-003	  1.4098145397805592e-001	  1.0156881149095713e-001	  8.0211094613953024e-002	  2.5756767867360131e-001	  2.3469437813685090e-001	  8.6462175014696847e-003	  4.2783798946236986e-003	
  2.0767098119663488e-001	  2.0752243526663777e-001	  2.0660985687711472e-001	  2.2426232797334487e-002	  9.3054906195934126e-003	  8.8951347967104466e-003	  1.4085081398121865e-001	  1.0145695797907615e-001	  8.0153274232017846e-002	  2.5739153656963071e-001	  2.3455227498556477e-001	  8.6097269172128264e-003	  4.2662118792775759e-003	
  2.0777956125839395e-001	  2.0763037174471108e-001	  2.0671865369906262e-001	  2.2553683699051742e-002	  9.3671333861598659e-003	  8.9467513772624914e-003	  1.4098172800091710e-001	  1.0157366347095974e-001	  8.0224589708532940e-002	  2.5756353989109326e-001	  2.3468912395047151e-001	  8.6673642599001174e-003	  4.2856559317107175e-003	
  2.0774115121352979e-001	  2.0759196295315785e-001	  2.0668037895340088e-001	  2.2565746814009541e-002	  9.3741998722694179e-003	  8.9545132628861129e-003	  1.4097573384317433e-001	  1.0157195974778027e-001	  8.0249135797206411e-002	  2.5750500682716493e-001	  2.3464041350423509e-001	  8.6715917739855815e-003	  4.2864059846380934e-003	
  2.0776849538498993e-001	  2.0761892915175026e-001	  2.0670804036571624e-001	  2.2640750579889440e-002	  9.4078759434688599e-003	  8.9857801144880289e-003	  1.4103347912672817e-001	  1.0162701929376142e-001	  8.0314489092710578e-002	  2.5755036387788266e-001	  2.3467460569698809e-001	  8.7011553787089569e-003	  4.2964767025120004e-003	
  2.0777298366815805e-001	  2.0762314966838866e-001	  2.0671281587643592e-001	  2.2701127542476118e-002	  9.4368086410923681e-003	  9.0129471143264531e-003	  1.4107167588310512e-001	  1.0166514487786674e-001	  8.0370377792187878e-002	  2.5755989234499521e-001	  2.3467995721284293e-001	  8.7262544510166348e-003	  4.3046646601313425e-003	
  2.0778567352347252e-001	  2.0763553786633721e-001	  2.0672579638656371e-001	  2.2766866208878550e-002	  9.4680448351744974e-003	  9.0419710553598931e-003	  1.4111746598782698e-001	  1.0170981123970693e-001	  8.0429279513724306e-002	  2.5758226291858421e-001	  2.3469566468964476e-001	  8.7535532957192606e-003	  4.3136241135678516e-003	
  2.0787892179734582e-001	  2.0772720591234520e-001	  2.0682031017799896e-001	  2.3115027248577946e-002	  9.6351940219952543e-003	  9.1961036552576057e-003	  1.4139075819720548e-001	  1.0197054674976584e-001	  8.0762256822366082e-002	  2.5774051220058869e-001	  2.3481186315573710e-001	  8.8989591636056339e-003	  4.3609812321695023e-003	
