1.575e+010
1.5333e+010
1.4771e+010
1.3927e+010
1.3393e+010
1.3278e+010
1.3333e+010
1.3229e+010
1.3542e+010
1.3792e+010
1.3921e+010
1.3729e+010
1.3616e+010
1.331e+010
1.2608e+010
1.2097e+010
1.2357e+010
1.2985e+010
1.342e+010
1.3636e+010
1.3498e+010
1.3308e+010
1.3239e+010
1.3504e+010
1.3671e+010
1.3533e+010
1.3875e+010
1.4498e+010
1.4721e+010
1.4525e+010
1.4425e+010
1.4389e+010
1.4069e+010
1.4094e+010
1.2541e+010
1.158e+010
1.1276e+010
1.0637e+010
9.7961e+009
8.8266e+009
8.0098e+009
7.3488e+009
6.4924e+009
5.919e+009
5.5176e+009
4.931e+009
3.6921e+009
2.722e+009
2.0193e+009
1.608e+009
1.3387e+009
1.1423e+009
1.269e+009
1.7473e+009
2.5139e+009
3.3767e+009
5.1713e+009
7.3989e+009
9.985e+009
