 -5.9279615187899370e+000	
 -5.9561770895691923e+000	
 -5.9802661261448842e+000	
 -6.0018008148845503e+000	
 -6.1275358417537396e+000	
 -6.2012083623232961e+000	
 -6.2548221249426605e+000	
 -6.3021124245742355e+000	
 -6.3717284265383256e+000	
 -6.4404179354961011e+000	
 -6.5063244340746174e+000	
 -6.5688484153564319e+000	
 -6.6290870023355541e+000	
 -6.7285973860645720e+000	
 -6.8236979360216665e+000	
 -6.9143894985449483e+000	
 -7.0014034759551258e+000	
 -7.0853649999342849e+000	
 -7.1522290138215094e+000	
 -7.2177814479029712e+000	
 -7.2820358657563755e+000	
 -7.3450074638254925e+000	
 -7.4619225613430373e+000	
 -7.5729636107235709e+000	
 -7.6801517205568048e+000	
 -7.7844286662220874e+000	
 -7.8864073000253221e+000	
 -7.9864297098684034e+000	
 -8.1393494931688579e+000	
 -8.2228135427361302e+000	
 -8.3076186228014937e+000	
 -8.3927431368079333e+000	
 -8.4773528738555370e+000	
 -8.5880108266882527e+000	
 -8.6654365565275171e+000	
 -8.7430580432750205e+000	
 -8.8205774312805083e+000	
 -8.8976557108458856e+000	
 -9.0562936689119198e+000	
 -9.1581588821209046e+000	
 -9.2608390546883292e+000	
 -9.3636586582531720e+000	
 -9.4657988682584904e+000	
 -9.5670051270744239e+000	
 -9.5167443000412355e+000	
 -9.4545382768883570e+000	
 -9.4099038885853137e+000	
 -9.3790972397181918e+000	
 -9.3540254389656852e+000	
 -9.3214264752562457e+000	
 -9.2924404868227626e+000	
 -9.2667209929347969e+000	
 -9.2439640267288894e+000	
 -9.2101728642848268e+000	
 -9.1826390749226725e+000	
 -9.1601328602007861e+000	
 -9.1416580222113417e+000	
 -9.1120108688834698e+000	
 -9.0923238529331272e+000	
 -9.0780605810723003e+000	
 -9.0667063405076576e+000	
 -9.0542342847697022e+000	
 -9.0436553363272267e+000	
 -9.0335271279512455e+000	
 -9.0231503751164723e+000	
 -9.0124968388242124e+000	
 -8.9952307759393335e+000	
 -8.9791460303786366e+000	
 -8.9621753913344815e+000	
 -8.9439993712482355e+000	
 -8.9251702426811352e+000	
 -8.8998852979705880e+000	
 -8.8750960501342568e+000	
 -8.8494602239763687e+000	
 -8.8230952462111656e+000	
 -8.7964953913654007e+000	
 -8.7566017151128328e+000	
 -8.7178781333218112e+000	
 -8.6777609559745006e+000	
 -8.6373420838867787e+000	
 -8.5974867932268051e+000	
 -8.5292053055796568e+000	
 -8.4630244534467103e+000	
 -8.3940131755445577e+000	
 -8.3287800925265785e+000	
 -8.2649382700580318e+000	
 -8.1708103344597660e+000	
 -8.0788328724189498e+000	
 -7.9902694865818802e+000	
 -7.9044001118727669e+000	
 -7.8213011020815681e+000	
 -7.6967166014703103e+000	
 -7.5706283893371973e+000	
 -7.4899282728873029e+000	
 -7.4475035713421622e+000	
 -7.4194392968387479e+000	
 -7.3923372320440217e+000	
 -7.3610891137011469e+000	
 -7.3310992043763568e+000	
 -7.2990291010289754e+000	
 -7.2664099879660160e+000	
 -7.2350727520911207e+000	
 -7.2040486990037067e+000	
 -7.1962592084069410e+000	
 -7.1747885368913522e+000	
 -7.1581605946858806e+000	
 -7.1335859630281551e+000	
 -7.1104358747449137e+000	
 -7.0867484765257949e+000	
 -7.0181339933748088e+000	
 -6.9565309299460809e+000	
 -6.9392854066526732e+000	
 -6.9333913264328917e+000	
 -6.9268358897869309e+000	
 -6.9155599215890984e+000	
 -6.9043046246914930e+000	
 -6.8922323873973346e+000	
 -6.8556455734347654e+000	
 -6.8228994942146626e+000	
 -6.7903759566468880e+000	
 -6.7654549774780470e+000	
 -6.7348865996585960e+000	
 -6.7095371558896222e+000	
 -6.6790537604275446e+000	
 -6.6552238873874847e+000	
 -6.6246600829831248e+000	
 -6.6013919707342827e+000	
 -6.5714659236220108e+000	
 -6.5508060037271498e+000	
 -6.5266431911211731e+000	
 -6.5116483454725760e+000	
 -6.4906141321071642e+000	
 -6.4706110380288173e+000	
 -6.4477522142361021e+000	
 -6.4283843543477825e+000	
 -6.3966566915575340e+000	
 -6.3684337487742715e+000	
 -6.3364604616877873e+000	
 -6.3399029445732058e+000	
 -6.3321989192351991e+000	
 -6.3264209762029511e+000	
 -6.3181377853596121e+000	
 -6.3106041020744019e+000	
 -6.3034713271468146e+000	
 -6.2816441707880255e+000	
 -6.2635453909384298e+000	
 -6.2437397020151941e+000	
 -6.2362004544349592e+000	
 -6.2194713801670964e+000	
 -6.2110642359497481e+000	
 -6.1967108407180449e+000	
 -6.1866669511432271e+000	
 -6.1739205233604100e+000	
 -6.1569068899910429e+000	
 -6.1381643089947202e+000	
 -6.1228692706365440e+000	
 -6.0986531302104074e+000	
 -6.0966091302485648e+000	
 -6.0859852140109361e+000	
 -6.0846974094872497e+000	
 -6.0823972245973579e+000	
 -6.0773776115573552e+000	
 -6.0729468179344659e+000	
 -6.0676350354011976e+000	
 -6.0509280330836024e+000	
 -6.0379291271351887e+000	
 -6.0287280678112953e+000	
 -6.0285024368139650e+000	
 -6.0268787308971339e+000	
 -6.0230729462663612e+000	
 -6.0196771692073714e+000	
 -6.0153552046591230e+000	
 -6.0024126203273021e+000	
 -5.9923708002622700e+000	
 -5.9829339644512647e+000	
 -5.9824080368366950e+000	
 -5.9766494460501418e+000	
 -5.9690762232593730e+000	
 -5.9612212293229661e+000	
 -5.9509065620318990e+000	
 -5.9449620038105611e+000	
 -5.9360625563362746e+000	
 -5.9367417894962138e+000	
 -5.9333864284042415e+000	
 -5.9267020394768721e+000	
 -5.9210592173825072e+000	
 -5.9127459304622043e+000	
 -5.9092846114190412e+000	
 -5.9015869720366876e+000	
 -5.9025315879724927e+000	
 -5.8998787188381252e+000	
 -5.8946260341438128e+000	
 -5.8903867429678236e+000	
 -5.8834202448718731e+000	
 -5.8816368234620997e+000	
 -5.8740456714848621e+000	
 -5.8759092752479480e+000	
 -5.8737901838187279e+000	
 -5.8702574158209231e+000	
 -5.8673348920089685e+000	
 -5.8627186583511959e+000	
 -5.8602367095440533e+000	
 -5.8528802663675439e+000	
 -5.8589432971697386e+000	
 -5.8527560118019073e+000	
 -5.8520288288238520e+000	
 -5.8496510609352681e+000	
 -5.8482404253599185e+000	
 -5.8458298808499176e+000	
 -5.8425285345624633e+000	
 -5.8375156583267973e+000	
 -5.8369699856616331e+000	
 -5.8261387016931288e+000	
 -5.8306123226831152e+000	
 -5.8310698979606723e+000	
 -5.8313504524369897e+000	
 -5.8313756912075076e+000	
 -5.8309009834955905e+000	
 -5.8293067891208583e+000	
 -5.8292232686615320e+000	
 -5.8245315375100581e+000	
 -5.8308829715619792e+000	
 -5.8249419222629051e+000	
 -5.8253425876252374e+000	
 -5.8242029450684685e+000	
 -5.8240046101940557e+000	
 -5.8227874853734596e+000	
 -5.8227176723751883e+000	
 -5.8199648001977522e+000	
 -5.8261879692753649e+000	
 -5.8206965495870566e+000	
 -5.8204816030249518e+000	
 -5.8198177499495518e+000	
 -5.8197778063160399e+000	
 -5.8194616617481820e+000	
 -5.8195131241159936e+000	
 -5.8207562255412348e+000	
 -5.8120689584627572e+000	
 -5.8178473534222785e+000	
 -5.8181143445050765e+000	
 -5.8185165762038027e+000	
