  2.4525910682169361e+000	  2.5134905578583222e+000	  2.4036342653035447e+000	  7.6762394703377979e-001	  5.4042227230777229e-001	  3.2281991142180111e-001	  1.1255058899803938e+000	  4.5911620691585497e-001	  1.4572521624867107e-001	  1.7723964410376603e+000	
  2.4525910682169361e+000	  2.5134905578583222e+000	  2.4036342653035447e+000	  7.6762394703377979e-001	  5.4042227230777229e-001	  3.2281991142180111e-001	  1.1255058899803938e+000	  4.5911620691585497e-001	  1.4572521624867107e-001	  1.7723964410376603e+000	
  2.4525910682169361e+000	  2.5134905578583222e+000	  2.4036342653035447e+000	  7.6762394703377979e-001	  5.4042227230777229e-001	  3.2281991142180111e-001	  1.1255058899803938e+000	  4.5911620691585497e-001	  1.4572521624867107e-001	  1.7723964410376603e+000	
  2.4525910682169361e+000	  2.5134905578583222e+000	  2.4036342653035447e+000	  7.6762394703377979e-001	  5.4042227230777229e-001	  3.2281991142180111e-001	  1.1255058899803938e+000	  4.5911620691585497e-001	  1.4572521624867107e-001	  1.7723964410376603e+000	
  2.4525910682169361e+000	  2.5134905578583222e+000	  2.4036342653035447e+000	  7.6762394703377979e-001	  5.4042227230777229e-001	  3.2281991142180111e-001	  1.1255058899803938e+000	  4.5911620691585497e-001	  1.4572521624867107e-001	  1.7723964410376603e+000	
  2.4525910682169361e+000	  2.5134905578583222e+000	  2.4036342653035447e+000	  7.6762394703377979e-001	  5.4042227230777229e-001	  3.2281991142180111e-001	  1.1255058899803938e+000	  4.5911620691585497e-001	  1.4572521624867107e-001	  1.7723964410376603e+000	
  2.4525910682169361e+000	  2.5134905578583222e+000	  2.4036342653035447e+000	  7.6762394703377979e-001	  5.4042227230777229e-001	  3.2281991142180111e-001	  1.1255058899803938e+000	  4.5911620691585497e-001	  1.4572521624867107e-001	  1.7723964410376603e+000	
  2.4525910682169361e+000	  2.5134905578583222e+000	  2.4036342653035447e+000	  7.6762394703377979e-001	  5.4042227230777229e-001	  3.2281991142180111e-001	  1.1255058899803938e+000	  4.5911620691585497e-001	  1.4572521624867107e-001	  1.7723964410376603e+000	
  2.4525910682169361e+000	  2.5134905578583222e+000	  2.4036342653035447e+000	  7.6762394703377979e-001	  5.4042227230777229e-001	  3.2281991142180111e-001	  1.1255058899803938e+000	  4.5911620691585497e-001	  1.4572521624867107e-001	  1.7723964410376603e+000	
  2.4525910682169361e+000	  2.5134905578583222e+000	  2.4036342653037668e+000	  7.6762394703377979e-001	  5.4042227230777229e-001	  3.2281991142180111e-001	  1.1255058899803938e+000	  4.5911620691585497e-001	  1.4572521624867107e-001	  1.7723964410376603e+000	
  2.4525910682169361e+000	  2.5134905578583222e+000	  2.4036342653037668e+000	  7.6762394703377979e-001	  5.4042227230777229e-001	  3.2281991142180111e-001	  1.1255058899803938e+000	  4.5911620691585497e-001	  1.4572521624867107e-001	  1.7723964410376603e+000	
  2.4525910682169361e+000	  2.5134905578583222e+000	  2.4036342653037668e+000	  7.6762394703377979e-001	  5.4042227230777229e-001	  3.2281991142180111e-001	  1.1255058899803938e+000	  4.5911620691585497e-001	  1.4572521624867107e-001	  1.7723964410376603e+000	
  2.4525910682169361e+000	  2.5134905578583222e+000	  2.4036342653037668e+000	  7.6762394703377979e-001	  5.4042227230777229e-001	  3.2281991142180111e-001	  1.1255058899803938e+000	  4.5911620691585497e-001	  1.4572521624867107e-001	  1.7723964410376603e+000	
  2.4525910682169361e+000	  2.5134905578585442e+000	  2.4036342653039888e+000	  7.6762394703377979e-001	  5.4042227230777229e-001	  3.2281991142180111e-001	  1.1255058899803938e+000	  4.5911620691585497e-001	  1.4572521624867107e-001	  1.7723964410378823e+000	
  2.4525910682171581e+000	  2.5134905578585442e+000	  2.4036342653035447e+000	  7.6762394703377979e-001	  5.4042227230777229e-001	  3.2281991142180111e-001	  1.1255058899803938e+000	  4.5911620691585497e-001	  1.4572521624867107e-001	  1.7723964410376603e+000	
  2.4525910682171581e+000	  2.5134905578583222e+000	  2.4036342653037668e+000	  7.6762394703377979e-001	  5.4042227230777229e-001	  3.2281991142180111e-001	  1.1255058899803938e+000	  4.5911620691585497e-001	  1.4572521624867107e-001	  1.7723964410374382e+000	
  2.4525910682171581e+000	  2.5134905578583222e+000	  2.4036342653037668e+000	  7.6762394703377979e-001	  5.4042227230732820e-001	  3.2281991142202315e-001	  1.1255058899803938e+000	  4.5911620691585497e-001	  1.4572521624889312e-001	  1.7723964410374382e+000	
  2.4525910682171581e+000	  2.5134905578585442e+000	  2.4036342653035447e+000	  7.6762394703377979e-001	  5.4042227230755024e-001	  3.2281991142202315e-001	  1.1255058899803938e+000	  4.5911620691585497e-001	  1.4572521624889312e-001	  1.7723964410374382e+000	
  2.4525910682169361e+000	  2.5134905578583222e+000	  2.4036342653037668e+000	  7.6762394703377979e-001	  5.4042227230732820e-001	  3.2281991142180111e-001	  1.1255058899803938e+000	  4.5911620691563293e-001	  1.4572521624867107e-001	  1.7723964410374382e+000	
  2.4525910682171581e+000	  2.5134905578581002e+000	  2.4036342653033227e+000	  7.6762394703355774e-001	  5.4042227230732820e-001	  3.2281991142157906e-001	  1.1255058899803938e+000	  4.5911620691563293e-001	  1.4572521624889312e-001	  1.7723964410376603e+000	
  2.4525910682169361e+000	  2.5134905578583222e+000	  2.4036342653035447e+000	  7.6762394703377979e-001	  5.4042227230755024e-001	  3.2281991142180111e-001	  1.1255058899803938e+000	  4.5911620691541088e-001	  1.4572521624889312e-001	  1.7723964410376603e+000	
  2.4525910682171581e+000	  2.5134905578581002e+000	  2.4036342653035447e+000	  7.6762394703333570e-001	  5.4042227230732820e-001	  3.2281991142180111e-001	  1.1255058899803938e+000	  4.5911620691563293e-001	  1.4572521624889312e-001	  1.7723964410374382e+000	
  2.4525910682167140e+000	  2.5134905578581002e+000	  2.4036342653037668e+000	  7.6762394703377979e-001	  5.4042227230755024e-001	  3.2281991142180111e-001	  1.1255058899803938e+000	  4.5911620691563293e-001	  1.4572521624889312e-001	  1.7723964410374382e+000	
  2.4525910682171581e+000	  2.5134905578581002e+000	  2.4036342653035447e+000	  7.6762394703355774e-001	  5.4042227230777229e-001	  3.2281991142180111e-001	  1.1255058899803938e+000	  4.5911620691585497e-001	  1.4572521624867107e-001	  1.7723964410374382e+000	
  2.4525910682169361e+000	  2.5134905578585442e+000	  2.4036342653039888e+000	  7.6762394703377979e-001	  5.4042227230777229e-001	  3.2281991142202315e-001	  1.1255058899801718e+000	  4.5911620691585497e-001	  1.4572521624889312e-001	  1.7723964410376603e+000	
  2.4525910682171581e+000	  2.5134905578585442e+000	  2.4036342653039888e+000	  7.6762394703400183e-001	  5.4042227230777229e-001	  3.2281991142202315e-001	  1.1255058899801718e+000	  4.5911620691585497e-001	  1.4572521624889312e-001	  1.7723964410374382e+000	
  2.4525910682171581e+000	  2.5134905578585442e+000	  2.4036342653039888e+000	  7.6762394703377979e-001	  5.4042227230777229e-001	  3.2281991142202315e-001	  1.1255058899803938e+000	  4.5911620691585497e-001	  1.4572521624889312e-001	  1.7723964410374382e+000	
  2.4277240758137086e+000	  2.4898013231229310e+000	  2.3769795392805104e+000	  7.6251549660732998e-001	  5.3531144634488825e-001	  3.1907741254433297e-001	  1.1246761686449780e+000	  4.5888986995179515e-001	  1.4547863732872202e-001	  1.7628883949705187e+000	
  2.3799517104936552e+000	  2.4441707355618014e+000	  2.3264799571036665e+000	  7.4703251751651045e-001	  5.2024406424422409e-001	  3.0762355659152973e-001	  1.1218693736669838e+000	  4.5804313754183035e-001	  1.4462271743442834e-001	  1.7436852551524495e+000	
  2.3184309325712249e+000	  2.3852857250918902e+000	  2.2619156000727170e+000	  7.2632827574325987e-001	  5.0026841906025687e-001	  2.9226691726513820e-001	  1.1179179689073671e+000	  4.5679684699417855e-001	  1.4340250378186425e-001	  1.7186999919558410e+000	
  2.2346308853613550e+000	  2.3050863648998998e+000	  2.1737101976173623e+000	  7.0114787708863702e-001	  4.7589704808448374e-001	  2.7361215436449982e-001	  1.1130704308415229e+000	  4.5525396101742110e-001	  1.4190090047350168e-001	  1.6849211523264351e+000	
  2.1325955787125928e+000	  2.2072918619571169e+000	  2.0668731339688051e+000	  6.6414837406880700e-001	  4.4025688490223480e-001	  2.4614670028411112e-001	  1.1057489743682147e+000	  4.5287821970885211e-001	  1.3961955653973845e-001	  1.6423587458116451e+000	
  2.0639020940755870e+000	  2.1413176881865947e+000	  1.9952697535015051e+000	  6.3966874787446670e-001	  4.1673131946939890e-001	  2.2796057667107128e-001	  1.1008208125038443e+000	  4.5125887790731234e-001	  1.3807776548269146e-001	  1.6137902566071283e+000	
  1.9884317399470053e+000	  2.0687237068823805e+000	  1.9164506883544430e+000	  6.1924952971725844e-001	  3.9699347310251376e-001	  2.1283390297965887e-001	  1.0967339632810269e+000	  4.4992212407546361e-001	  1.3680072672461741e-001	  1.5830445780273816e+000	
  1.8656358703221798e+000	  1.9507857907441473e+000	  1.7872045229789801e+000	  5.9302440556363578e-001	  3.7131221902320100e-001	  1.9351221210106573e-001	  1.0916379227650097e+000	  4.4829474984964257e-001	  1.3521924520309980e-001	  1.5337781110296156e+000	
  1.6904458173536696e+000	  1.7828472928618222e+000	  1.6014801553629887e+000	  5.5778902343361914e-001	  3.3639277069341667e-001	  1.6766414260960261e-001	  1.0850303426206409e+000	  4.4625128730646502e-001	  1.3318689099217629e-001	  1.4635271311911335e+000	
  1.4842968916417565e+000	  1.5853082579020406e+000	  1.3822501724178871e+000	  5.1130151954437153e-001	  2.9009458737094818e-001	  1.3360161829045758e-001	  1.0764947504817712e+000	  4.4367426953839662e-001	  1.3057845439656823e-001	  1.3794660933148517e+000	
  1.2649145897158931e+000	  1.3745731582646137e+000	  1.1497552235455455e+000	  4.4933277393366389e-001	  2.2853165542535692e-001	  8.8132180881661526e-002	  1.0650977102373282e+000	  4.4026107751760080e-001	  1.2710330200271791e-001	  1.2867127100144593e+000	
  1.0378222026525830e+000	  1.1547752567035996e+000	  9.1257137766787011e-001	  3.7498526299128976e-001	  1.5505863056297642e-001	  3.3516215963036444e-002	  1.0511693826109614e+000	  4.3607867259720656e-001	  1.2285527116517869e-001	  1.1863637584712539e+000	
  7.9012755777640997e-001	  9.1358712184175239e-001	  6.5727177685315219e-001	  2.8818976461586487e-001	  6.9714247358909631e-002	 -3.0242655611911751e-002	  1.0344701492830399e+000	  4.3102579955855980e-001	  1.1775546811709781e-001	  1.0734333446833499e+000	
  5.2713487305755535e-001	  6.5681151024477025e-001	  3.8809149645024910e-001	  1.8880480104965791e-001	 -2.7544785070388045e-002	 -1.0323438391413031e-001	  1.0147591523879118e+000	  4.2499629202219502e-001	  1.1172207919951660e-001	  9.5046284320465801e-001	
  1.6183931394264661e-001	  2.9824755130380964e-001	  1.8265339087886190e-002	  2.8249789514545043e-002	 -1.8355658811020081e-001	 -2.2123890383052291e-001	  9.8140034427629530e-001	  4.1458651962544835e-001	  1.0146115612386097e-001	  7.7026819296244220e-001	
 -1.8191463764483107e-001	 -4.1617356389411775e-002	 -3.2425250644119163e-001	 -1.5103856892650924e-001	 -3.5619675036324683e-001	 -3.5328346187768478e-001	  9.4185220470999198e-001	  4.0189232204967951e-001	  8.9201563566954079e-002	  5.9013659410012131e-001	
 -5.1330287837481059e-001	 -3.7134145015926823e-001	 -6.4990740025927529e-001	 -3.4477937662902303e-001	 -5.4108701929744818e-001	 -4.9639149185720655e-001	  8.9625349676603072e-001	  3.8677951102572550e-001	  7.4929183245586728e-002	  4.0726315922912093e-001	
 -8.5762043721271386e-001	 -7.1503245148352157e-001	 -9.8675313594187575e-001	 -5.5114255672872314e-001	 -7.3668764163392630e-001	 -6.4933031374159178e-001	  8.4445669553434577e-001	  3.6906085829757629e-001	  5.8546892749866686e-002	  2.1056233672589464e-001	
 -1.0646724020034748e+000	 -9.2163020452851185e-001	 -1.1900777159987719e+000	 -6.7170919531966966e-001	 -8.5058871402809988e-001	 -7.3892291615473837e-001	  8.1279049996019204e-001	  3.5798910635431724e-001	  4.8452440829294119e-002	  9.1138101977028541e-002	
 -1.2824975872390842e+000	 -1.1389491332574053e+000	 -1.4048062892637603e+000	 -7.9682704098937851e-001	 -9.6869843195879213e-001	 -8.3208791527578096e-001	  7.7891401020746542e-001	  3.4597190362672947e-001	  3.7591828995209298e-002	 -3.6701787463067070e-002	
 -1.5092535491874060e+000	 -1.3653727869900045e+000	 -1.6287096857885430e+000	 -9.2685481594723118e-001	 -1.0914340797008037e+000	 -9.2911400830553159e-001	  7.4267971307784286e-001	  3.3294869863831345e-001	  2.5911746505791200e-002	 -1.7268243779955395e-001	
 -1.7367400815339051e+000	 -1.5933055249369721e+000	 -1.8524744807248972e+000	 -1.0617191476967047e+000	 -1.2187359848807588e+000	 -1.0299604509088622e+000	  7.0398397490301079e-001	  3.1886642007772359e-001	  1.3370742588225681e-002	 -3.1442193902564419e-001	
 -2.1011182107770754e+000	 -1.9588209558716319e+000	 -2.2112049940888889e+000	 -1.2820426655727468e+000	 -1.4266797524939978e+000	 -1.1951911889183098e+000	  6.3831730767494044e-001	  2.9458281654282104e-001	 -8.0663858047502757e-003	 -5.4744276853146978e-001	
 -2.3915365943785183e+000	 -2.2509060768920452e+000	 -2.4965030621265649e+000	 -1.4678410325525970e+000	 -1.6019127421872392e+000	 -1.3350251757326959e+000	  5.8060323548225767e-001	  2.7285944436994392e-001	 -2.7065244048163350e-002	 -7.4051700466415404e-001	
 -2.6667798192159253e+000	 -2.5287748447729852e+000	 -2.7655566368056661e+000	 -1.6588735911446939e+000	 -1.7817583753266808e+000	 -1.4793442514803301e+000	  5.1883290249321590e-001	  2.4919957105806745e-001	 -4.7571301951654377e-002	 -9.3336538024646476e-001	
 -2.9229646722949143e+000	 -2.7883456962011222e+000	 -3.0145419679538099e+000	 -1.8531876364222821e+000	 -1.9641529676774905e+000	 -1.6267994979338729e+000	  4.5322673106285016e-001	  2.2358203853301006e-001	 -6.9558032793737290e-002	 -1.1216920936493180e+000	
 -3.1556106250828497e+000	 -3.0247916546122244e+000	 -3.2394059478312309e+000	 -2.0485801906312551e+000	 -2.1468012678136361e+000	 -1.7758680542681038e+000	  3.8415764272969888e-001	  1.9602287087283621e-001	 -9.2956467479199389e-002	 -1.3000895109865906e+000	
 -3.4211991665800134e+000	 -3.2958979912741659e+000	 -3.4940134216124852e+000	 -2.3123453683721040e+000	 -2.3917075936408239e+000	 -1.9786975467478429e+000	  2.8534130134727498e-001	  1.5541715392020095e-001	 -1.2693201726976522e-001	 -1.5167653055510044e+000	
 -3.6214207833082934e+000	 -3.5016046649927191e+000	 -3.6834452112134430e+000	 -2.5666423658758930e+000	 -2.6253452494618967e+000	 -2.1765813761578379e+000	  1.8274449478350441e-001	  1.1155496037207335e-001	 -1.6292478610668848e-001	 -1.6962332392986834e+000	
 -3.7473053612110396e+000	 -3.6320763362839292e+000	 -3.8007045925619876e+000	 -2.8042465570942143e+000	 -2.8405250487752998e+000	 -2.3645148659481308e+000	  7.8367960873793052e-002	  6.4806505875480980e-002	 -2.0043195653329793e-001	 -1.8311446248931995e+000	
 -3.8146774446595755e+000	 -3.7060575967010623e+000	 -3.8518646939907919e+000	 -3.0194562761279853e+000	 -3.0321536906039448e+000	 -2.5380851040049945e+000	 -2.5667232164017229e-002	  1.5635445528516811e-002	 -2.3889123951437163e-001	 -1.9182192110350771e+000	
 -3.8185075831708160e+000	 -3.7143418586468302e+000	 -3.8439084188790495e+000	 -3.2078694745316660e+000	 -3.1964827924382266e+000	 -2.6938984016151579e+000	 -1.2732160536566006e-001	 -3.5432059176221387e-002	 -2.7773641723549680e-001	 -1.9589500780468061e+000	
 -3.7495368147435482e+000	 -3.6510765046215976e+000	 -3.7590305283495828e+000	 -3.4139955489125295e+000	 -3.3708939767942425e+000	 -2.8712319489149207e+000	 -2.5677439423976711e-001	 -1.0582993019825349e-001	 -3.2948263502652342e-001	 -1.9532504009257545e+000	
 -3.6245612999424859e+000	 -3.5303955468607429e+000	 -3.6205259749918506e+000	 -3.5661139551473875e+000	 -3.4935695950599754e+000	 -3.0111443710670871e+000	 -3.7603893461579663e-001	 -1.7748934512651360e-001	 -3.8009977487885038e-001	 -1.8995435920771131e+000	
 -3.4708749535730110e+000	 -3.3796665957035454e+000	 -3.4558973512520685e+000	 -3.6677740588586527e+000	 -3.5696957397677309e+000	 -3.1152118919486327e+000	 -4.8366631949015026e-001	 -2.4944056602194120e-001	 -4.2901142094786682e-001	 -1.8183896725902926e+000	
 -3.3067302267677512e+000	 -3.2177302113413075e+000	 -3.2829555768657537e+000	 -3.7257958480558795e+000	 -3.6072273380796105e+000	 -3.1873299740371452e+000	 -5.7943769063439898e-001	 -3.2092974497577309e-001	 -4.7594974755371666e-001	 -1.7246210246860683e+000	
 -3.1463934280053785e+000	 -3.0589932887025162e+000	 -3.1161793828353712e+000	 -3.7484051666571983e+000	 -3.6148888721302397e+000	 -3.2325357500815333e+000	 -6.6390255835258039e-001	 -3.9138307792419003e-001	 -5.2086454798172532e-001	 -1.6289078415073766e+000	
 -2.9913929666145478e+000	 -2.9052571483151324e+000	 -2.9566108023810767e+000	 -3.7431887046704970e+000	 -3.5999165362070595e+000	 -3.2565889494775568e+000	 -7.4058754100392310e-001	 -4.6291725652247706e-001	 -5.6541645682295361e-001	 -1.5340391213392035e+000	
 -2.8515621033627925e+000	 -2.7664606909285627e+000	 -2.8140052694466400e+000	 -3.7168412885381086e+000	 -3.5691179313203092e+000	 -3.2627044595486820e+000	 -8.0728678539077059e-001	 -5.3247950357315776e-001	 -6.0804466139019464e-001	 -1.4469957696974234e+000	
 -2.7257853415920685e+000	 -2.6416443988244165e+000	 -2.6867888068388135e+000	 -3.6760476836035227e+000	 -3.5283259102545372e+000	 -3.2554586974753441e+000	 -8.6519811401053470e-001	 -5.9980474795540140e-001	 -6.4894568090090310e-001	 -1.3681792161670536e+000	
 -2.6131337109236430e+000	 -2.5299617699932053e+000	 -2.5737199796526111e+000	 -3.6259605694209940e+000	 -3.4817478782014355e+000	 -3.2385284395116676e+000	 -9.1543744206690203e-001	 -6.6471567915793450e-001	 -6.8828591045289045e-001	 -1.2973699931354554e+000	
 -2.5432485667773452e+000	 -2.4606782201740396e+000	 -2.5041076154740383e+000	 -3.5874142147034327e+000	 -3.4472982540295627e+000	 -3.2225103511593911e+000	 -9.4683678494289492e-001	 -7.0895829937944743e-001	 -7.1516487277556440e-001	 -1.2528401572586834e+000	
 -2.4762880396957954e+000	 -2.3944076945013881e+000	 -2.4375991565276367e+000	 -3.5472878987331535e+000	 -3.4122737169999251e+000	 -3.2039991309056326e+000	 -9.7529672321938765e-001	 -7.5192847259808460e-001	 -7.4139156731389821e-001	 -1.2113083977463024e+000	
 -2.4228611523764432e+000	 -2.3415757212863486e+000	 -2.3846452903544257e+000	 -3.5123610017282481e+000	 -3.3822900858382354e+000	 -3.1867055962470081e+000	 -9.9743519457706764e-001	 -7.8756553325853851e-001	 -7.6327506926354705e-001	 -1.1776299193607676e+000	
 -2.3820951922238764e+000	 -2.3012916475882994e+000	 -2.3443289997659988e+000	 -3.4842986276528709e+000	 -3.3584668426226427e+000	 -3.1721416749661557e+000	 -1.0137546351988158e+000	 -8.1529931665602628e-001	 -7.8041080460400369e-001	 -1.1520160708670124e+000	
 -2.3418882993162526e+000	 -2.2616056967152964e+000	 -2.3045694930972083e+000	 -3.4561582645561417e+000	 -3.3347589786850707e+000	 -3.1570085959036209e+000	 -1.0289503570878322e+000	 -8.4242728817640611e-001	 -7.9727888843394989e-001	 -1.1271852335067445e+000	
 -2.3032813705597954e+000	 -2.2235204532126129e+000	 -2.2664197262878272e+000	 -3.4280383699418771e+000	 -3.3112170847678923e+000	 -3.1414097593934764e+000	 -1.0430721247663977e+000	 -8.6894744913101896e-001	 -8.1388621029476749e-001	 -1.1032145646187042e+000	
 -2.2664721197929172e+000	 -2.1872280146228995e+000	 -2.2301124689049212e+000	 -3.4000553220804308e+000	 -3.2879200453717061e+000	 -3.1254617112242977e+000	 -1.0561760316911695e+000	 -8.9486015573614353e-001	 -8.3024119609242941e-001	 -1.0803859144211669e+000	
 -2.2183426216860758e+000	 -2.1398238612485576e+000	 -2.1826674032823234e+000	 -3.3626548644264398e+000	 -3.2569512083184815e+000	 -3.1035437242203923e+000	 -1.0723226632701754e+000	 -9.2884378795610179e-001	 -8.5190914474353452e-001	 -1.0509837671572875e+000	
 -2.1741972218337624e+000	 -2.0963357797346704e+000	 -2.1392803884542344e+000	 -3.3258821780085546e+000	 -3.2266804858744891e+000	 -3.0813994084776253e+000	 -1.0868460170315730e+000	 -9.6173201526827956e-001	 -8.7315215056427142e-001	 -1.0235915075015312e+000	
 -2.1323324502565688e+000	 -2.0551241634457762e+000	 -2.0982415743813210e+000	 -3.2899465442688403e+000	 -3.1972607221134597e+000	 -3.0592580761135135e+000	 -1.0998902985813741e+000	 -9.9353765704757180e-001	 -8.9399273069812324e-001	 -9.9823338256832539e-001	
 -2.0927137029147502e+000	 -2.0161468482665645e+000	 -2.0594506737681151e+000	 -3.2549787091429305e+000	 -3.1687730576739348e+000	 -3.0372884447602555e+000	 -1.1115870151746643e+000	 -1.0242762590615406e+000	 -9.1445092963904351e-001	 -9.7442556161653204e-001	
 -2.0548909452116071e+000	 -1.9789309133014799e+000	 -2.0224023019062010e+000	 -3.2210385330078140e+000	 -3.1412333622155009e+000	 -3.0156012379647379e+000	 -1.1220509619206398e+000	 -1.0539793848514112e+000	 -9.3454201132958659e-001	 -9.5170921699350153e-001	
 -2.0153935277240631e+000	 -1.9401122851587793e+000	 -1.9836956442638165e+000	 -3.1857236822118162e+000	 -3.1126601171005408e+000	 -2.9926896389218527e+000	 -1.1320204683513690e+000	 -1.0847481565883221e+000	 -9.5571685061635048e-001	 -9.2841334302662393e-001	
 -1.9780158923111690e+000	 -1.9033937052053140e+000	 -1.9470985211396119e+000	 -3.1515698609267950e+000	 -3.0850885708640918e+000	 -2.9702314659413309e+000	 -1.1407820491743381e+000	 -1.1143751649609346e+000	 -9.7649635301055859e-001	 -9.0643924577094026e-001	
 -1.9422565079380005e+000	 -1.8682540698626848e+000	 -1.9120893426048946e+000	 -3.1185789397123465e+000	 -3.0585062987962264e+000	 -2.9482928591195723e+000	 -1.1484310086304905e+000	 -1.1428725364455161e+000	 -9.9690549208675261e-001	 -8.8567858744370564e-001	
 -1.9079346188360935e+000	 -1.8345391823947343e+000	 -1.8784913133820247e+000	 -3.0867379264715167e+000	 -3.0328915770490017e+000	 -2.9269233697559738e+000	 -1.1550550731277420e+000	 -1.1702525144269282e+000	 -1.0169727667396211e+000	 -8.6598224226508425e-001	
 -1.8749797706970606e+000	 -1.8021723800872858e+000	 -1.8462247761367179e+000	 -3.0560183686479947e+000	 -3.0082111935043621e+000	 -2.9061551752596060e+000	 -1.1607339851481546e+000	 -1.1965304951386813e+000	 -1.0367127480478411e+000	 -8.4719693868917645e-001	
 -1.8400035604108078e+000	 -1.7678317979207270e+000	 -1.8119410218634391e+000	 -3.0237339968782750e+000	 -2.9822927310998448e+000	 -2.8842013576261261e+000	 -1.1659294675169241e+000	 -1.2239411842697168e+000	 -1.0578589549191664e+000	 -8.2757208679840044e-001	
 -1.8069347034485039e+000	 -1.7353614440500653e+000	 -1.7795548119488025e+000	 -2.9926645598804535e+000	 -2.9573686029329416e+000	 -2.8629833949005423e+000	 -1.1701730438938851e+000	 -1.2500896219944657e+000	 -1.0786145104368927e+000	 -8.0904718201391113e-001	
 -1.7750335022596042e+000	 -1.7040353862320945e+000	 -1.7483210818532990e+000	 -2.9627686198754333e+000	 -2.9334052005117739e+000	 -2.8425145875251578e+000	 -1.1735492608713205e+000	 -1.2750049050439527e+000	 -1.0989775844710836e+000	 -7.9151455493475797e-001	
 -1.7442359123822637e+000	 -1.6738173467223394e+000	 -1.7181831244685863e+000	 -2.9339886900685563e+000	 -2.9103534894765470e+000	 -2.8227904702354811e+000	 -1.1761374941289260e+000	 -1.2987183107504574e+000	 -1.1189481699570569e+000	 -7.7495733337362704e-001	
 -1.7151070324469275e+000	 -1.6452343227727484e+000	 -1.6896943008153364e+000	 -2.9062966554562752e+000	 -2.8881971680093654e+000	 -2.8038190930814721e+000	 -1.1780100269540572e+000	 -1.3212629298147149e+000	 -1.1385268289482164e+000	 -7.5925437822677022e-001	
 -1.6532395560504565e+000	 -1.5845425527583057e+000	 -1.6288193598349432e+000	 -2.8508852479887103e+000	 -2.8438056562970493e+000	 -2.7659458475590704e+000	 -1.1797856790802808e+000	 -1.3650637780197039e+000	 -1.1784303247014405e+000	 -7.2681877290659003e-001	
 -1.6015228666870218e+000	 -1.5336793232665347e+000	 -1.5783433660617741e+000	 -2.7996231940595750e+000	 -2.8028524422391010e+000	 -2.7311594856477273e+000	 -1.1791181615600221e+000	 -1.4042300016459119e+000	 -1.2165857460315621e+000	 -6.9910240534432067e-001	
 -1.5514814540100730e+000	 -1.4846583049717976e+000	 -1.5296975617730135e+000	 -2.7523003534126733e+000	 -2.7652160437904305e+000	 -2.6994225327735544e+000	 -1.1765587691127122e+000	 -1.4391079115538830e+000	 -1.2530370789596290e+000	 -6.7519971455942684e-001	
 -1.5065134060565644e+000	 -1.4405917920530253e+000	 -1.4859939836218139e+000	 -2.7086618012470698e+000	 -2.7306838915465148e+000	 -2.6705976947961618e+000	 -1.1725389211604265e+000	 -1.4700075351841146e+000	 -1.2878559649333043e+000	 -6.5349570331019180e-001	
 -1.4648008496173093e+000	 -1.3995609960587574e+000	 -1.4453173504015426e+000	 -2.6683860619973743e+000	 -2.6989326204525099e+000	 -2.6444470134288078e+000	 -1.1673488195941273e+000	 -1.4972244848815430e+000	 -1.3211103181588468e+000	 -6.3322948763266940e-001	
 -1.4221595197636550e+000	 -1.3579222324201501e+000	 -1.4038487156837753e+000	 -2.6303798645127552e+000	 -2.6689608835934742e+000	 -2.6202255970942945e+000	 -1.1611592371086887e+000	 -1.5212809027749241e+000	 -1.3531593119739949e+000	 -6.1493952608726588e-001	
 -1.3850928091988512e+000	 -1.3218922889957074e+000	 -1.3682271959959413e+000	 -2.5947490095333814e+000	 -2.6409057306095995e+000	 -2.5979841405270321e+000	 -1.1542770523792489e+000	 -1.5421982144749879e+000	 -1.3836731840662919e+000	 -5.9929434789562919e-001	
 -1.3557102362177220e+000	 -1.2925245599449964e+000	 -1.3397268544014240e+000	 -2.5620713630376546e+000	 -2.6153925922508536e+000	 -2.5780450970189772e+000	 -1.1468939629477592e+000	 -1.5602831140272277e+000	 -1.4126616914431622e+000	 -5.8405306208331176e-001	
 -1.3220222515972768e+000	 -1.2590636535227961e+000	 -1.3065252571264896e+000	 -2.5320186309941706e+000	 -2.5919662758469020e+000	 -2.5600902543646553e+000	 -1.1391246695283685e+000	 -1.5758008665565093e+000	 -1.4401608131509036e+000	 -5.6986154219240692e-001	
 -1.2845471371550898e+000	 -1.2236464163898342e+000	 -1.2709140006373909e+000	 -2.5030830998112874e+000	 -2.5692145201658967e+000	 -2.5431316556234762e+000	 -1.1311618193340367e+000	 -1.5890021467734883e+000	 -1.4662641322474856e+000	 -5.5949018205725398e-001	
 -1.2680461614726912e+000	 -1.2077378011844386e+000	 -1.2560873280087481e+000	 -2.4816323282035313e+000	 -2.5524585750181794e+000	 -2.5308522375806497e+000	 -1.1250009063821231e+000	 -1.5978039688091528e+000	 -1.4856068849979920e+000	 -5.5216867057883423e-001	
 -1.2531199467925580e+000	 -1.1916450055938776e+000	 -1.2410351267507780e+000	 -2.4621334659312710e+000	 -2.5374342320024779e+000	 -2.5199450083077668e+000	 -1.1188175855643134e+000	 -1.6054716960909321e+000	 -1.5041839222380560e+000	 -5.4256429053189947e-001	
 -1.2329115334751561e+000	 -1.1716158897263629e+000	 -1.2209996525300859e+000	 -2.4453803494519644e+000	 -2.5244501461002544e+000	 -2.5106889735836413e+000	 -1.1131432019009235e+000	 -1.6115811509053168e+000	 -1.5205296550835357e+000	 -5.3581353181109126e-001	
 -1.2117775797666486e+000	 -1.1517550629451812e+000	 -1.2011314338545853e+000	 -2.4289695292225577e+000	 -2.5116245886624977e+000	 -2.5017233130795180e+000	 -1.1075304687426790e+000	 -1.6168897298624030e+000	 -1.5362566968404323e+000	 -5.3050468918292015e-001	
 -1.1990647761515039e+000	 -1.1396174857853936e+000	 -1.1894548599523658e+000	 -2.4162597891765891e+000	 -2.5017092149384190e+000	 -2.4948880390732731e+000	 -1.1031221554371751e+000	 -1.6205933633026692e+000	 -1.5483756560831230e+000	 -5.2636680179163342e-001	
 -1.1874822786859252e+000	 -1.1279720278596361e+000	 -1.1782974524099377e+000	 -2.4040705176914257e+000	 -2.4922223186506498e+000	 -2.4884194027938733e+000	 -1.0987688069199475e+000	 -1.6238587405735805e+000	 -1.5601166303809144e+000	 -5.2174076587419016e-001	
 -1.1755841989868898e+000	 -1.1160575938706785e+000	 -1.1666935017851099e+000	 -2.3923778845683641e+000	 -2.4831096478558079e+000	 -2.4822732009243120e+000	 -1.0944745999421635e+000	 -1.6267146481253603e+000	 -1.5714855393216265e+000	 -5.1762570005242647e-001	
 -1.1634331788998864e+000	 -1.1042223932685724e+000	 -1.1551517123040700e+000	 -2.3810817798429751e+000	 -2.4742892262060723e+000	 -2.4763889722716481e+000	 -1.0902526769068777e+000	 -1.6291898542138972e+000	 -1.5824910623168931e+000	 -5.1396394316793881e-001	
 -1.1421465527782226e+000	 -1.0838147538718701e+000	 -1.1352809561464561e+000	 -2.3626008894628292e+000	 -2.4598077902115989e+000	 -2.4668702670628262e+000	 -1.0832767546229416e+000	 -1.6325692318732710e+000	 -1.6002669124056679e+000	 -5.0763652502650025e-001	
 -1.1260199238454227e+000	 -1.0680256848217828e+000	 -1.1202751556907975e+000	 -2.3451639013868375e+000	 -2.4461787387751732e+000	 -2.4580480632833135e+000	 -1.0765527001599384e+000	 -1.6350552009483099e+000	 -1.6170661588683632e+000	 -5.0287411831273499e-001	
 -1.1110173755520814e+000	 -1.0525852608647135e+000	 -1.1055224662561702e+000	 -2.3290386537353491e+000	 -2.4335673983563177e+000	 -2.4500052993013943e+000	 -1.0700990419625356e+000	 -1.6367617306485283e+000	 -1.6329343848958677e+000	 -4.9787699841330468e-001	
 -1.0930856120040522e+000	 -1.0348335177704504e+000	 -1.0880989917652073e+000	 -2.3137804114441440e+000	 -2.4214841903442696e+000	 -2.4424095410064961e+000	 -1.0639246236205935e+000	 -1.6377869142040202e+000	 -1.6479121205135172e+000	 -4.9361734883490715e-001	
 -1.0771029494562878e+000	 -1.0199456279080810e+000	 -1.0738419202649396e+000	 -2.2990890458711721e+000	 -2.4098081316387132e+000	 -2.4351529981234687e+000	 -1.0580826505185437e+000	 -1.6382287623829539e+000	 -1.6620538099020310e+000	 -4.9093345414930045e-001	
 -1.0610230196178572e+000	 -1.0045573942200070e+000	 -1.0600097419646293e+000	 -2.2806178474285010e+000	 -2.3953065258871531e+000	 -2.4263023134585282e+000	 -1.0506145397001232e+000	 -1.6380340370532043e+000	 -1.6800312425422348e+000	 -4.8595748681967699e-001	
 -1.0462977612023527e+000	 -9.8881421347041254e-001	 -1.0452314218223346e+000	 -2.2641482652907552e+000	 -2.3823384701391337e+000	 -2.4185705017423231e+000	 -1.0436166316584172e+000	 -1.6370700954883022e+000	 -1.6965806282316365e+000	 -4.8059671486355704e-001	
 -1.0250647369992594e+000	 -9.6705197938362630e-001	 -1.0231214307521164e+000	 -2.2483872565117746e+000	 -2.3693938940387849e+000	 -2.4108546884408222e+000	 -1.0371095887576898e+000	 -1.6354859298249869e+000	 -1.7117850551942038e+000	 -4.7756980337276822e-001	
 -1.0040472409150736e+000	 -9.4779342020934187e-001	 -1.0042332158700651e+000	 -2.2322851394214194e+000	 -2.3559182783247090e+000	 -2.4026671435252167e+000	 -1.0312653379602743e+000	 -1.6334442640604241e+000	 -1.7257777189141343e+000	 -4.7735153668393426e-001	
 -9.9448213059327717e-001	 -9.3982997132535662e-001	 -9.9879835065075362e-001	 -2.2173262756952639e+000	 -2.3438862172152630e+000	 -2.3953681306115859e+000	 -1.0260774705250775e+000	 -1.6310845425144826e+000	 -1.7386633151033060e+000	 -4.7543962257423633e-001	
 -9.7297402215035245e-001	 -9.1701971529400961e-001	 -9.7710002141693231e-001	 -2.1948632286011849e+000	 -2.3256547076064837e+000	 -2.3843413332520491e+000	 -1.0181849750156013e+000	 -1.6265062380996786e+000	 -1.7583469462557622e+000	 -4.7029482381122367e-001	
 -9.5136483256219595e-001	 -8.9518584133119194e-001	 -9.5612638819364548e-001	 -2.1754759477738972e+000	 -2.3093785916585841e+000	 -2.3744836223552612e+000	 -1.0113955767429017e+000	 -1.6216202250954881e+000	 -1.7752284728562717e+000	 -4.6711479046179782e-001	
 -9.3233606084652809e-001	 -8.7636716407046844e-001	 -9.3860960097424950e-001	 -2.1575777459137413e+000	 -2.2938806600962813e+000	 -2.3649297337935415e+000	 -1.0056801136499871e+000	 -1.6166998283131395e+000	 -1.7896788955884535e+000	 -4.6551559859819847e-001	
 -9.1534434222673156e-001	 -8.5931012368178905e-001	 -9.2283525166814151e-001	 -2.1407606974017668e+000	 -2.2791932862638031e+000	 -2.3556109783862134e+000	 -1.0010130204332057e+000	 -1.6119598840035332e+000	 -1.8020403801249918e+000	 -4.6421425579623588e-001	
 -8.9933823275389901e-001	 -8.4324705850313819e-001	 -9.0788107245443062e-001	 -2.1251232833509048e+000	 -2.2654866779469041e+000	 -2.3466279553654434e+000	 -9.9727172448815793e-001	 -1.6075479090543743e+000	 -1.8125984249590665e+000	 -4.6310574651220460e-001	
 -8.8499250855411660e-001	 -8.2886401437887169e-001	 -8.9445850664615634e-001	 -2.1113338122643599e+000	 -2.2532649577573505e+000	 -2.3383821427873652e+000	 -9.9441886708373506e-001	 -1.6037016582904906e+000	 -1.8211811437272019e+000	 -4.6227566342149640e-001	
 -8.7657139111341209e-001	 -8.2040876363087545e-001	 -8.8654743128380176e-001	 -2.1033168517629042e+000	 -2.2460803205941460e+000	 -2.3334273378002868e+000	 -9.9296344728616592e-001	 -1.6015010953949194e+000	 -1.8258135734604553e+000	 -4.6184715006936106e-001	
 -8.6860124073950828e-001	 -8.1238614249612429e-001	 -8.7907094603822955e-001	 -2.0955929026855724e+000	 -2.2391074416627799e+000	 -2.3285424309038572e+000	 -9.9170113464186471e-001	 -1.5994080921351017e+000	 -1.8300244207618555e+000	 -4.6151642418346128e-001	
 -8.6088999068001382e-001	 -8.0461683946908558e-001	 -8.7182598161361646e-001	 -2.0881430772804466e+000	 -2.2323388262435184e+000	 -2.3237282138454107e+000	 -9.9061549594137155e-001	 -1.5974181355423722e+000	 -1.8338467611704878e+000	 -4.6123930530717061e-001	
 -8.5340129389999131e-001	 -7.9706865526718573e-001	 -8.6477033631715550e-001	 -2.0809405738889675e+000	 -2.2257552483606613e+000	 -2.3189765879204627e+000	 -9.8968888492889651e-001	 -1.5955292327938242e+000	 -1.8373109691247613e+000	 -4.6099185082615346e-001	
 -8.4393784800007587e-001	 -7.8751846539082404e-001	 -8.5584271261773814e-001	 -2.0718042939115167e+000	 -2.2173501238145210e+000	 -2.3128100285753073e+000	 -9.8868527791340366e-001	 -1.5931933269462961e+000	 -1.8413739715823496e+000	 -4.6072058383495040e-001	
 -8.3471200273710355e-001	 -7.7820682321705359e-001	 -8.4709891747869470e-001	 -2.0630104933662130e+000	 -2.2092026101238060e+000	 -2.3067267055961738e+000	 -9.8789298397350400e-001	 -1.5910284004516662e+000	 -1.8449223074725740e+000	 -4.6046387814413503e-001	
 -8.2585980723226537e-001	 -7.6926488101169976e-001	 -8.3869216632437293e-001	 -2.0545187921615637e+000	 -2.2012864480009942e+000	 -2.3007157911082432e+000	 -9.8727808713816589e-001	 -1.5890299958666310e+000	 -1.8480116438531757e+000	 -4.6025385016934539e-001	
 -8.1733607374756545e-001	 -7.6064506220197003e-001	 -8.3059201948953998e-001	 -2.0463137627717565e+000	 -2.1935984189891400e+000	 -2.2947840236547945e+000	 -9.8681334312766822e-001	 -1.5871920779506610e+000	 -1.8506917129191836e+000	 -4.6008055415924787e-001	
 -8.0908085545128294e-001	 -7.5229286886779878e-001	 -8.2272982182818311e-001	 -2.0383802331265244e+000	 -2.1861314112670005e+000	 -2.2889368183436343e+000	 -9.8647596239798130e-001	 -1.5855070887376144e+000	 -1.8530064502387811e+000	 -4.5993066242022707e-001	
 -7.9375322503638657e-001	 -7.3675118865335065e-001	 -8.0813976877314175e-001	 -2.0234536765117994e+000	 -2.1720064551753460e+000	 -2.2776513129488807e+000	 -9.8612074137238714e-001	 -1.5825795408898058e+000	 -1.8566726919971854e+000	 -4.5967894761833605e-001	
 -7.7832071220207411e-001	 -7.2115711938058880e-001	 -7.9326025449033555e-001	 -2.0092063872667598e+000	 -2.1584208485614376e+000	 -2.2665635571862408e+000	 -9.8602760402421996e-001	 -1.5801400646265895e+000	 -1.8592988699703827e+000	 -4.5919050723186583e-001	
 -7.6435087336268470e-001	 -7.0701049293520057e-001	 -7.7980765951513042e-001	 -1.9956053848771971e+000	 -2.1454023331965999e+000	 -2.2557052611176243e+000	 -9.8610304758151024e-001	 -1.5781062820396929e+000	 -1.8611039517231198e+000	 -4.5901726571473400e-001	
 -7.5094305772183123e-001	 -6.9341274944900722e-001	 -7.6695240158775047e-001	 -1.9827058458612434e+000	 -2.1330218198172268e+000	 -2.2451965067830093e+000	 -9.8628459468763641e-001	 -1.5764002010635325e+000	 -1.8622661086641346e+000	 -4.5874766134634815e-001	
 -7.3789440970684073e-001	 -6.8019615882708440e-001	 -7.5434779465310964e-001	 -1.9703922067472179e+000	 -2.1211659418715056e+000	 -2.2350111920702576e+000	 -9.8652056451542514e-001	 -1.5749510672756761e+000	 -1.8629216230402479e+000	 -4.5844700029473717e-001	
 -7.2637539690323383e-001	 -6.6854038591712683e-001	 -7.4318095856629185e-001	 -1.9594737083563629e+000	 -2.1106311023555424e+000	 -2.2258680652404994e+000	 -9.8675185011165567e-001	 -1.5737907993961242e+000	 -1.8631651780041114e+000	 -4.5820294734666422e-001	
 -7.1554488138159122e-001	 -6.5755865214256470e-001	 -7.3273473757096141e-001	 -1.9490163545385908e+000	 -2.1005326761205367e+000	 -2.2170159331289518e+000	 -9.8698760298698840e-001	 -1.5727603046252758e+000	 -1.8631259308914405e+000	 -4.5797413678982934e-001	
 -7.0476956974341309e-001	 -6.4664337324149557e-001	 -7.2231454997762068e-001	 -1.9389136820903152e+000	 -2.0907609487113010e+000	 -2.2083998102124802e+000	 -9.8719756190723817e-001	 -1.5718264539096305e+000	 -1.8628444491706198e+000	 -4.5758800300343960e-001	
 -6.9433267558571821e-001	 -6.3607953054811706e-001	 -7.1218627410452040e-001	 -1.9291075058254226e+000	 -2.0812666528715607e+000	 -2.1999793510656396e+000	 -9.8736586345948840e-001	 -1.5709607964141670e+000	 -1.8623581976022763e+000	 -4.5718969824171118e-001	
 -6.8178785812222920e-001	 -6.2337005157930836e-001	 -7.0004954250779683e-001	 -1.9171334398039308e+000	 -2.0696694328313781e+000	 -2.1896127881791960e+000	 -9.8751343894376564e-001	 -1.5699248964043955e+000	 -1.8614928181187596e+000	 -4.5661029034804734e-001	
 -6.6900536502001451e-001	 -6.1046349660709431e-001	 -6.8761979106557458e-001	 -1.9054767800159578e+000	 -2.0583624832337666e+000	 -2.1794747130122749e+000	 -9.8754120767841069e-001	 -1.5689165310922570e+000	 -1.8603961540535341e+000	 -4.5578700964565844e-001	
 -6.5719917272000217e-001	 -5.9853318193214822e-001	 -6.7612654413273798e-001	 -1.8941949027340144e+000	 -2.0474214052943474e+000	 -2.1695964941937929e+000	 -9.8747392607889672e-001	 -1.5679084409663258e+000	 -1.8591215331567046e+000	 -4.5523623311682915e-001	
 -6.4575328575511293e-001	 -5.8695536554931316e-001	 -6.6506067322757989e-001	 -1.8833712884145370e+000	 -2.0369197714210641e+000	 -2.1600653397519931e+000	 -9.8732351750030478e-001	 -1.5668849086726278e+000	 -1.8577091501882359e+000	 -4.5449901697269812e-001	
 -6.3420938165514862e-001	 -5.7529530549038643e-001	 -6.5391300411654640e-001	 -1.8728303378218181e+000	 -2.0266802519076643e+000	 -2.1507923820884844e+000	 -9.8705915240338005e-001	 -1.5658269406093606e+000	 -1.8561771485552381e+000	 -4.5350219441442352e-001	
 -6.1241195091676914e-001	 -5.5326549940726277e-001	 -6.3270918113922381e-001	 -1.8522278259642810e+000	 -2.0066794971783652e+000	 -2.1325268013029364e+000	 -9.8619180048897803e-001	 -1.5634944348502655e+000	 -1.8526857315339651e+000	 -4.5135899752246633e-001	
 -5.9042267449149755e-001	 -5.3115421645155703e-001	 -6.1112859043543910e-001	 -1.8322601231299807e+000	 -1.9872724997784807e+000	 -2.1147707901012502e+000	 -9.8479144681051789e-001	 -1.5608914888439740e+000	 -1.8488500020090726e+000	 -4.4881064444157737e-001	
 -5.7206245933349997e-001	 -5.1262389302764166e-001	 -5.9336303966761594e-001	 -1.8139665818193151e+000	 -1.9694907777264570e+000	 -2.0983125535478653e+000	 -9.8330139069191524e-001	 -1.5581241527136136e+000	 -1.8448690421202230e+000	 -4.4755630372717015e-001	
 -5.5282690820168678e-001	 -4.9320874819513971e-001	 -5.7494406265445885e-001	 -1.7966568446742270e+000	 -1.9526301967029980e+000	 -2.0828795357892282e+000	 -9.8160310807815510e-001	 -1.5552302380267280e+000	 -1.8407819873448306e+000	 -4.4478431350758463e-001	
 -5.3424980645200293e-001	 -4.7450160137674224e-001	 -5.5671492327391547e-001	 -1.7796846189356286e+000	 -1.9361441948019253e+000	 -2.0677999814925352e+000	 -9.7952175297566502e-001	 -1.5521681018469957e+000	 -1.8365791850761815e+000	 -4.4199961026958334e-001	
 -5.1721565870421760e-001	 -4.5735181398309788e-001	 -5.4012968880179368e-001	 -1.7635294348620212e+000	 -1.9204836502499933e+000	 -2.0533134549128862e+000	 -9.7709551387115123e-001	 -1.5488955111969682e+000	 -1.8322632247239623e+000	 -4.3907788619945709e-001	
 -5.0026986404139162e-001	 -4.4029874074658082e-001	 -5.2363686287093536e-001	 -1.7477466663513574e+000	 -1.9051484065143454e+000	 -2.0390976289992313e+000	 -9.7429823066719212e-001	 -1.5452738609773586e+000	 -1.8276687436884487e+000	 -4.3576708048642665e-001	
 -4.8409053003828362e-001	 -4.2403223411280333e-001	 -5.0786598737517785e-001	 -1.7327196262547639e+000	 -1.8905357549664492e+000	 -2.0255583611010763e+000	 -9.7125670942799225e-001	 -1.5414598599193807e+000	 -1.8229783759178275e+000	 -4.3231520155662118e-001	
 -4.6872007854903419e-001	 -4.0858359779816222e-001	 -4.9288252140067268e-001	 -1.7183695476431504e+000	 -1.8765850662529893e+000	 -2.0126100228953225e+000	 -9.6799692126880998e-001	 -1.5374817411432096e+000	 -1.8182045614072440e+000	 -4.2871806603406171e-001	
 -4.5404405567317507e-001	 -3.9383992273256396e-001	 -4.7856443278149197e-001	 -1.7046537169220777e+000	 -1.8632486089869005e+000	 -2.0002016343118045e+000	 -9.6453823649522707e-001	 -1.5333592771552551e+000	 -1.8133571893101941e+000	 -4.2497687151277219e-001	
 -4.3346360974505505e-001	 -3.7316750524718501e-001	 -4.5847326757608720e-001	 -1.6853760724373501e+000	 -1.8444966920713179e+000	 -1.9826956877205815e+000	 -9.5896766306213799e-001	 -1.5269399074284706e+000	 -1.8059818257236682e+000	 -4.1888015509050636e-001	
 -4.1392750877478068e-001	 -3.5358983050337578e-001	 -4.3932205227548149e-001	 -1.6670949238715149e+000	 -1.8266916297955405e+000	 -1.9660255113093106e+000	 -9.5308809248295656e-001	 -1.5202613153928457e+000	 -1.7984826404339183e+000	 -4.1301973584151330e-001	
 -3.9566257918366432e-001	 -3.3525312350679570e-001	 -4.2149420422765704e-001	 -1.6498213929396766e+000	 -1.8098521239338083e+000	 -1.9502226230661002e+000	 -9.4707113767922291e-001	 -1.5134388682499500e+000	 -1.7909316644182383e+000	 -4.0709892617873944e-001	
 -3.7804383565676059e-001	 -3.1757531753773272e-001	 -4.0424450169829207e-001	 -1.6333503154689621e+000	 -1.7937888109090805e+000	 -1.9351330321034643e+000	 -9.4086700443407612e-001	 -1.5065279851568247e+000	 -1.7833497003755250e+000	 -4.0081210812992207e-001	
 -3.6120293976715789e-001	 -3.0068893272172659e-001	 -3.8771657038194629e-001	 -1.6175365419039966e+000	 -1.7783705479792467e+000	 -1.9206067873187571e+000	 -9.3438206376017519e-001	 -1.4994875009245456e+000	 -1.7757178882369384e+000	 -3.9426428610800368e-001	
 -3.4519874170368947e-001	 -2.8464679237882873e-001	 -3.7200157286731983e-001	 -1.6024055422817485e+000	 -1.7636123191853148e+000	 -1.9066530847084984e+000	 -9.2763115385852135e-001	 -1.4922705606699171e+000	 -1.7680288342514228e+000	 -3.8757817290280272e-001	
 -3.2989173462727450e-001	 -2.6930765327570771e-001	 -3.5695213310082963e-001	 -1.5879200782482616e+000	 -1.7494687188769342e+000	 -1.8932525248743781e+000	 -9.2068696434843833e-001	 -1.4848861759907406e+000	 -1.7602813083080759e+000	 -3.8077103456857220e-001	
 -3.1467900036241669e-001	 -2.5406458391352693e-001	 -3.4197397165502963e-001	 -1.5735086073178639e+000	 -1.7353850673426097e+000	 -1.8798834542481657e+000	 -9.1334874564452662e-001	 -1.4771172127620025e+000	 -1.7522068106348154e+000	 -3.7358877899396070e-001	
 -2.9999863034335661e-001	 -2.3935904094096738e-001	 -3.2750292758243482e-001	 -1.5595759091889816e+000	 -1.7217592958602701e+000	 -1.8669162561117947e+000	 -9.0587529782770737e-001	 -1.4692504541100604e+000	 -1.7440754753985654e+000	 -3.6631147458277002e-001	
 -2.8579947480045220e-001	 -2.2513705465443401e-001	 -3.1349848827011417e-001	 -1.5460710980895742e+000	 -1.7085406043324536e+000	 -1.8543039085079371e+000	 -8.9828719870777007e-001	 -1.4613059610194545e+000	 -1.7358985977005137e+000	 -3.5895008133823847e-001	
 -2.7199298367441838e-001	 -2.1131105075711254e-001	 -2.9986973853124432e-001	 -1.5329346434770352e+000	 -1.6956714561757735e+000	 -1.8420002114083456e+000	 -8.9059817908165861e-001	 -1.4532927748138746e+000	 -1.7276853219589938e+000	 -3.5149639048248638e-001	
 -2.5854939634717411e-001	 -1.9785033459940315e-001	 -2.8658778390555639e-001	 -1.5201198756445988e+000	 -1.6831085142453572e+000	 -1.8299657143305836e+000	 -8.8282208806955698e-001	 -1.4452184359979858e+000	 -1.7194413579608714e+000	 -3.4396898386868102e-001	
 -2.4331635940988416e-001	 -1.8260148919013730e-001	 -2.7152853009948519e-001	 -1.5055802180856670e+000	 -1.6688428893013585e+000	 -1.8162723790493551e+000	 -8.7370411428888684e-001	 -1.4357747137091481e+000	 -1.7098279891907264e+000	 -3.3515065936973176e-001	
 -2.2845893121337113e-001	 -1.6773132032288363e-001	 -2.5683571245560533e-001	 -1.4913867204598974e+000	 -1.6549050638249296e+000	 -1.8028661997226969e+000	 -8.6451720893454542e-001	 -1.4262882216682371e+000	 -1.7001890918829643e+000	 -3.2623599922854130e-001	
 -2.1394749896674892e-001	 -1.5321004984614195e-001	 -2.4247669223420587e-001	 -1.4775125162634906e+000	 -1.6412703969682640e+000	 -1.7897235872312844e+000	 -8.5525997989199798e-001	 -1.4167658731003563e+000	 -1.6905271247144027e+000	 -3.1721232186610049e-001	
 -1.9977264938508821e-001	 -1.3902798008602613e-001	 -2.2844046611392166e-001	 -1.4639403409770768e+000	 -1.6279220991815002e+000	 -1.7768280287168148e+000	 -8.4593511238961749e-001	 -1.4072069468529236e+000	 -1.6808429400363423e+000	 -3.0810242361267726e-001	
 -1.8591748764529292e-001	 -1.2516757387925903e-001	 -2.1471274439577304e-001	 -1.4506545454240349e+000	 -1.6148442150324405e+000	 -1.7641667626523416e+000	 -8.3655869953325190e-001	 -1.3976163109843398e+000	 -1.6711401623578093e+000	 -2.9893109966849796e-001	
 -1.6711182617357156e-001	 -1.0635686906734776e-001	 -1.9606771399571787e-001	 -1.4325947382949344e+000	 -1.5970498663504529e+000	 -1.7468960551091373e+000	 -8.2340406552705581e-001	 -1.3842034614194310e+000	 -1.6575876039931492e+000	 -2.8599652337235604e-001	
 -1.4874877631287919e-001	 -8.7995689553976852e-002	 -1.7784594557890276e-001	 -1.4149466919725073e+000	 -1.5796403241735701e+000	 -1.7299627743011525e+000	 -8.1025576491089435e-001	 -1.3707925255388442e+000	 -1.6440407636616472e+000	 -2.7315641863845386e-001	
 -1.3077301588115819e-001	 -7.0015583948701554e-002	 -1.6001661682696344e-001	 -1.3976670915508693e+000	 -1.5625818298545813e+000	 -1.7133450945092665e+000	 -7.9713388004098995e-001	 -1.3574285736005498e+000	 -1.6305316038253137e+000	 -2.6023652000772834e-001	
 -1.1625491184197312e-001	 -5.5496502799456948e-002	 -1.4560199484880965e-001	 -1.3837203146128685e+000	 -1.5488099959450885e+000	 -1.6999075518829843e+000	 -7.8633576978770492e-001	 -1.3464862216411300e+000	 -1.6194666637006083e+000	 -2.4954861705850373e-001	
 -1.0208010091239395e-001	 -4.1318968875825313e-002	 -1.3152119789949790e-001	 -1.3700584988404207e+000	 -1.5353150237322755e+000	 -1.6867085730833953e+000	 -7.7544957767516909e-001	 -1.3355208851842937e+000	 -1.6084048445615950e+000	 -2.3869849860247427e-001	
 -8.8232038834012982e-002	 -2.7474513061731543e-002	 -1.1774270516684560e-001	 -1.3566822722934635e+000	 -1.5220895134151480e+000	 -1.6737444820199565e+000	 -7.6449825523694503e-001	 -1.3245063367312016e+000	 -1.5973362663213031e+000	 -2.2783946177795666e-001	
 -7.4665170975873885e-002	 -1.3909791597543908e-002	 -1.0424086606575234e-001	 -1.3435538481555431e+000	 -1.5090945671103473e+000	 -1.6609883144061977e+000	 -7.5355929974407765e-001	 -1.3134792174975818e+000	 -1.5862728134373727e+000	 -2.1702339578244523e-001	
 -6.1280841429867117e-002	 -5.2621821211573661e-004	 -9.0918205941759034e-002	 -1.3306157439935129e+000	 -1.4962796220734376e+000	 -1.6483969487162131e+000	 -7.4266062349126472e-001	 -1.3024868329261086e+000	 -1.5752317426295237e+000	 -2.0620489350597904e-001	
 -4.7255711454030624e-002	  1.3497107198112701e-002	 -7.6951487997467538e-002	 -1.3170587882223028e+000	 -1.4828477701952503e+000	 -1.6351828507121802e+000	 -7.3110628401173994e-001	 -1.2908625926657535e+000	 -1.5635442233197239e+000	 -1.9469358922874491e-001	
 -3.3433486637646226e-002	  2.7316055468240563e-002	 -6.3181401251943825e-002	 -1.3036830559588486e+000	 -1.4695901184663684e+000	 -1.6221227488375511e+000	 -7.1955853743255194e-001	 -1.2792691833977132e+000	 -1.5518935227841757e+000	 -1.8319805265476496e-001	
 -1.9806428379065544e-002	  4.0940344441686705e-002	 -4.9603254689167819e-002	 -1.2904866126831616e+000	 -1.4565033397911931e+000	 -1.6092183974559804e+000	 -7.0803243578576591e-001	 -1.2677021359603913e+000	 -1.5402810128997135e+000	 -1.7172491964201342e-001	
 -6.3483933386843105e-003	  5.4395784401251035e-002	 -3.6188711483919889e-002	 -1.2774518352164366e+000	 -1.4435715501106561e+000	 -1.5964566174008210e+000	 -6.9653717775852719e-001	 -1.2561694540657031e+000	 -1.5287081007027137e+000	 -1.6026574586458509e-001	
  6.9492795555792242e-003	  6.7690791222041469e-002	 -2.2929203966071121e-002	 -1.2645661614201220e+000	 -1.4307837322113937e+000	 -1.5838257863982630e+000	 -6.8507116692018144e-001	 -1.2446766333443771e+000	 -1.5171763813662809e+000	 -1.4882285345141355e-001	
  3.1259952733897478e-002	  9.1996223900103757e-002	  1.3228763897643603e-003	 -1.2409877924818291e+000	 -1.4073734147843631e+000	 -1.5606722702927733e+000	 -6.6379421851880949e-001	 -1.2233842090629832e+000	 -1.4958247852452367e+000	 -1.2755519495100121e-001	
  5.5192808958270945e-002	  1.1592212166910976e-001	  2.5203138524165780e-002	 -1.2177828932881107e+000	 -1.3843211076822737e+000	 -1.5378580166036659e+000	 -6.4272902157802569e-001	 -1.2022821776609405e+000	 -1.4746617234043802e+000	 -1.0658540114294457e-001	
  7.8802945410183511e-002	  1.3953061709504055e-001	  4.8755667357180954e-002	 -1.1949093533288879e+000	 -1.3615963045053858e+000	 -1.5153608512197270e+000	 -6.2185516587975886e-001	 -1.1813941549644325e+000	 -1.4537071313650562e+000	 -8.5694986272200069e-002	
  1.0193024164317777e-001	  1.6265324571240747e-001	  7.1849077368790759e-002	 -1.1724670831579909e+000	 -1.3392970129483261e+000	 -1.4932499929771748e+000	 -6.0100434182408513e-001	 -1.1606155653396399e+000	 -1.4328972176919086e+000	 -6.4731971776921249e-002	
  1.2451306526961581e-001	  1.8522851933400197e-001	  9.4419654383948171e-002	 -1.1504930095291854e+000	 -1.3174437656918725e+000	 -1.4715404920354613e+000	 -5.8021442609623719e-001	 -1.1399060259844607e+000	 -1.4121951549430634e+000	 -4.3914057892613378e-002	
  1.4793542921376357e-001	  2.0864538748521788e-001	  1.1782539064131292e-001	 -1.1277226196054757e+000	 -1.2947827218868779e+000	 -1.4490220707025214e+000	 -5.5863846911274884e-001	 -1.1183521485768066e+000	 -1.3906272673054332e+000	 -2.2369063180094351e-002	
  1.7120854838603705e-001	  2.3191633123631483e-001	  1.4107223237669331e-001	 -1.1051479040449230e+000	 -1.2723223654973470e+000	 -1.4267143613724276e+000	 -5.3734761233947825e-001	 -1.0970910733220096e+000	 -1.3693161149112010e+000	 -1.0228804031564565e-003	
  1.9414467110889788e-001	  2.5484886153148700e-001	  1.6399252882082216e-001	 -1.0828818369720272e+000	 -1.2501761715569826e+000	 -1.4047035217336079e+000	 -5.1615118610526256e-001	 -1.0760084016475657e+000	 -1.3482120447058099e+000	  2.0325314143976314e-002	
  2.1658999293228121e-001	  2.7728723080122641e-001	  1.8644166552528318e-001	 -1.0610362190284217e+000	 -1.2284350743733130e+000	 -1.3830623659265573e+000	 -4.9502083451258283e-001	 -1.0550112748282103e+000	 -1.3272444825601637e+000	  4.1550458049988137e-002	
  2.3874182503891284e-001	  2.9943356470862881e-001	  2.0859656481264643e-001	 -1.0394836906021387e+000	 -1.2069701914610986e+000	 -1.3616894801855572e+000	 -4.7414532501055540e-001	 -1.0342035260135773e+000	 -1.3064527881733179e+000	  6.2434059101112993e-002	
  2.6081027841384774e-001	  3.2150022221877350e-001	  2.3065456077708824e-001	 -1.0180688386070003e+000	 -1.1856480215877152e+000	 -1.3404762247237745e+000	 -4.5358131871242602e-001	 -1.0136923980252899e+000	 -1.2859121950397068e+000	  8.3063201963495814e-002	
  2.8551510412966330e-001	  3.4620165795917757e-001	  2.5534903379265117e-001	 -9.9410420947032563e-001	 -1.1617983445010305e+000	 -1.3167508853541010e+000	 -4.3054557374733182e-001	 -9.9077172134964808e-001	 -1.2629716893930443e+000	  1.0623103265317013e-001	
  3.0972222804814820e-001	  3.7040414448741288e-001	  2.7956228114422998e-001	 -9.7057326772675978e-001	 -1.1383760824189570e+000	 -1.2934214123293541e+000	 -4.0759840418358451e-001	 -9.6799959227855670e-001	 -1.2402283747771081e+000	  1.2936552830766779e-001	
  3.3351998693964546e-001	  3.9419573511612072e-001	  3.0337639264610416e-001	 -9.4742007077763812e-001	 -1.1153154409654364e+000	 -1.2704337534771293e+000	 -3.8487028268197054e-001	 -9.4541617850796289e-001	 -1.2176839654182148e+000	  1.5219415795830749e-001	
  3.5712768652063076e-001	  4.1779954186860202e-001	  3.2699095680999157e-001	 -9.2448831080704785e-001	 -1.0924734469633934e+000	 -1.2476747168997937e+000	 -3.6248126592131058e-001	 -9.2313183958014911e-001	 -1.1954091115311538e+000	  1.7465936364535750e-001	
  3.8209083590179382e-001	  4.4275998666831740e-001	  3.5195181477698512e-001	 -9.0028136082698218e-001	 -1.0683711151461273e+000	 -1.2236765428039753e+000	 -3.3898393033093832e-001	 -8.9975420005949935e-001	 -1.1720230016356581e+000	  1.9828465628779490e-001	
  4.0666755005669408e-001	  4.6733322500314145e-001	  3.7653455183606077e-001	 -8.7642824980405099e-001	 -1.0446254800379196e+000	 -1.2000207675393337e+000	 -3.1565742848338463e-001	 -8.7660687733270848e-001	 -1.1488981827211253e+000	  2.2181299418866374e-001	
  4.3075095697298060e-001	  4.9141084946202618e-001	  4.0064066652312214e-001	 -8.5301050769481801e-001	 -1.0213008088876263e+000	 -1.1767566254049511e+000	 -2.9249460686864293e-001	 -8.5362906536834426e-001	 -1.1259749229175497e+000	  2.4512881440674761e-001	
  4.5461231446597417e-001	  5.1526785446287526e-001	  4.2451677710952929e-001	 -8.2984145282249955e-001	 -9.9821628131480100e-001	 -1.1537411004112208e+000	 -2.6970679610049952e-001	 -8.3095723229920093e-001	 -1.1033269296346626e+000	  2.6797980951576150e-001	
  4.7843573917405458e-001	  5.3909014585418191e-001	  4.4833487726436694e-001	 -8.0678046453797059e-001	 -9.7525470245563017e-001	 -1.1308809728788338e+000	 -2.4731837409230906e-001	 -8.0867757068492363e-001	 -1.0810312393745303e+000	  2.9049486520360546e-001	
  4.9890320712209224e-001	  5.5955561392240227e-001	  4.6880280844652233e-001	 -7.8695731793054780e-001	 -9.5552878554072684e-001	 -1.1112382271810661e+000	 -2.2797128555318569e-001	 -7.8950007650713250e-001	 -1.0618680433028826e+000	  3.1005622889535012e-001	
  5.1887549148998957e-001	  5.7952276677486481e-001	  4.8879924419087395e-001	 -7.6754207676732467e-001	 -9.3619578316272989e-001	 -1.0919480837117135e+000	 -2.0863900595669005e-001	 -7.7037042793803856e-001	 -1.0428076623659743e+000	  3.2957338589301166e-001	
  5.3504259032655099e-001	  5.9568507160223660e-001	  5.0498839333568135e-001	 -7.5182563351428033e-001	 -9.2053008135783987e-001	 -1.0763113740788199e+000	 -1.9299135927830502e-001	 -7.5481466183313639e-001	 -1.0272967073887695e+000	  3.4523124934193739e-001	
  5.5128607252741268e-001	  6.1192906939044889e-001	  5.2123161521899775e-001	 -7.3610389047173985e-001	 -9.0486632445185844e-001	 -1.0607055300831947e+000	 -1.7762842003532509e-001	 -7.3950493165797493e-001	 -1.0119766642076033e+000	  3.6065416397179639e-001	
  5.6749691750956899e-001	  6.2813986018550594e-001	  5.3744014268120033e-001	 -7.2043605137317446e-001	 -8.8927436735253274e-001	 -1.0451817684770104e+000	 -1.6237410280983688e-001	 -7.2437334251229668e-001	 -9.9683234897074424e-001	  3.7609611302591439e-001	
  5.8342561930535553e-001	  6.4406438377928588e-001	  5.5338150165096245e-001	 -7.0499107146260176e-001	 -8.7390390506147941e-001	 -1.0298592464150769e+000	 -1.4711435259417982e-001	 -7.0928436032557940e-001	 -9.8178356890721297e-001	  3.9151679679871876e-001	
  5.9911521005218127e-001	  6.5974971109739045e-001	  5.6908770785857321e-001	 -6.8975887412336956e-001	 -8.5873055880891780e-001	 -1.0147227961916361e+000	 -1.3197484544213989e-001	 -6.9426301337993657e-001	 -9.6681871346793180e-001	  4.0670943994713937e-001	
  6.1708192269072093e-001	  6.7771532291294179e-001	  5.8706208769221391e-001	 -6.7236247025603824e-001	 -8.4140205145888380e-001	 -9.9745080303936806e-001	 -1.1485013938483668e-001	 -6.7723802346686401e-001	 -9.4981327354404232e-001	  4.2393146527652803e-001	
  6.3497588577154929e-001	  6.9560802888224416e-001	  6.0495932772974825e-001	 -6.5506196623954516e-001	 -8.2417853225935644e-001	 -9.8029432968360641e-001	 -9.7921343524265403e-002	 -6.6042806662969245e-001	 -9.3300719333622162e-001	  4.4099438399003432e-001	
  6.5267660131573813e-001	  7.1330674517300352e-001	  6.2266553782786005e-001	 -6.3794028370345313e-001	 -8.0713699900680780e-001	 -9.6331649428083033e-001	 -8.1110956083763064e-002	 -6.4376442190550165e-001	 -9.1636558483476627e-001	  4.5795992805941488e-001	
  6.7015069926079640e-001	  7.3077806983357085e-001	  6.4014976379600519e-001	 -6.2102619027304407e-001	 -7.9029903035177096e-001	 -9.4653464350535899e-001	 -6.4427334019567795e-002	 -6.2722796801129022e-001	 -8.9986647234796546e-001	  4.7477942230167436e-001	
  7.0204748791091731e-001	  7.6267075306324372e-001	  6.7206390141105743e-001	 -5.9016723870175536e-001	 -7.5957546518445884e-001	 -9.1591375653476970e-001	 -3.4000383474563911e-002	 -5.9704887196998513e-001	 -8.6974646913551279e-001	  5.0543512479905850e-001	
  7.3358085327601685e-001	  7.9420078319492049e-001	  7.0359995277846643e-001	 -5.5972054492647860e-001	 -7.2927173293346748e-001	 -8.8573937547009596e-001	 -4.2373748079249651e-003	 -5.6750007162398308e-001	 -8.4023091182394705e-001	  5.3539243958677929e-001	
  7.6453565135370383e-001	  8.2515309319575181e-001	  7.3456011797623511e-001	 -5.2983539470485841e-001	 -6.9953392633903544e-001	 -8.5612527253509096e-001	  2.5058436751601576e-002	 -5.3846256089529199e-001	 -8.1124345300875866e-001	  5.6496281845141993e-001	
  7.9470738075992919e-001	  8.5532088664908024e-001	  7.6475676314058383e-001	 -5.0066211678112538e-001	 -6.7049426021303926e-001	 -8.2717219643402284e-001	  5.3990333542586200e-002	 -5.0982274640920533e-001	 -7.8268578326046168e-001	  5.9418353932638723e-001	
  8.2280031833592560e-001	  8.8340989833990413e-001	  7.9287317191134576e-001	 -4.7351479154700282e-001	 -6.4346351627320164e-001	 -8.0021997166124237e-001	  8.0904579830010093e-002	 -4.8314254657999545e-001	 -7.5607001286381870e-001	  6.2129159191925964e-001	
  8.5086012552970658e-001	  9.1146787935358908e-001	  8.2092261157407087e-001	 -4.4651698320363753e-001	 -6.1660180565958900e-001	 -7.7349866627351993e-001	  1.0709219493354460e-001	 -4.5711959544292302e-001	 -7.3005586600261019e-001	  6.4761916838351752e-001	
  8.7128161940852600e-001	  9.3188967049040450e-001	  8.4132747643650418e-001	 -4.2689519433736223e-001	 -5.9709907332250456e-001	 -7.5411611442854909e-001	  1.2603505435726525e-001	 -4.3835558877913794e-001	 -7.1130888838411011e-001	  6.6679873903008335e-001	
  8.9087110761787436e-001	  9.5147641844217645e-001	  8.6094864278352112e-001	 -4.0793281670870041e-001	 -5.7823518001431928e-001	 -7.3528682032786286e-001	  1.4516451975099542e-001	 -4.1954000232480304e-001	 -6.9260592490993922e-001	  6.8629467050618231e-001	
  9.0412518023885724e-001	  9.6472361388766359e-001	  8.7424806867963945e-001	 -3.9504823933877997e-001	 -5.6538692286989267e-001	 -7.2242499418084805e-001	  1.5842245094721541e-001	 -4.0642836581217257e-001	 -6.7958674166102018e-001	  6.9956823700612070e-001	
  9.1770978216576538e-001	  9.7830853305413967e-001	  8.8783181110252407e-001	 -3.8198009569756497e-001	 -5.5235838179357177e-001	 -7.0944851200804848e-001	  1.7117370382546682e-001	 -3.9365788935763479e-001	 -6.6680377611183506e-001	  7.1220915905789717e-001	
  9.3045285045811887e-001	  9.9105620514294834e-001	  9.0054629455527113e-001	 -3.6981481306774810e-001	 -5.4026807367546503e-001	 -6.9745548607602625e-001	  1.8266223262131120e-001	 -3.8222485094219216e-001	 -6.5531619334391333e-001	  7.2386513871891545e-001	
  9.3464444236057709e-001	  9.9525110154830010e-001	  9.0472765953997225e-001	 -3.6580553802356697e-001	 -5.3629270707666876e-001	 -6.9350892820085885e-001	  1.8652438300059693e-001	 -3.7844223106497932e-001	 -6.5152672242418941e-001	  7.2791861406518166e-001	
  9.3879852229261651e-001	  9.9939731839193691e-001	  9.0889567924778980e-001	 -3.6182299445197685e-001	 -5.3234272616398126e-001	 -6.8957801699687238e-001	  1.9044435589110620e-001	 -3.7461934976457112e-001	 -6.4772257647127685e-001	  7.3193193275211677e-001	
  9.4275793918163764e-001	  1.0033588841846797e+000	  9.1285580582844972e-001	 -3.5794374701481058e-001	 -5.2848567054430973e-001	 -6.8572580926395954e-001	  1.9434738685975006e-001	 -3.7077969035526070e-001	 -6.4391655030582307e-001	  7.3581141949863316e-001	
  9.4679728654956108e-001	  1.0073960098671009e+000	  9.1690150265777426e-001	 -3.5407034231660361e-001	 -5.2462899851535294e-001	 -6.8188268436231159e-001	  1.9822389834622811e-001	 -3.6694356517963378e-001	 -6.4011245216166746e-001	  7.3971399489280998e-001	
  9.6022129670747525e-001	  1.0208188541938057e+000	  9.3033455799673703e-001	 -3.4112973802502555e-001	 -5.1174917340224280e-001	 -6.6904748870477704e-001	  2.1106172339657725e-001	 -3.5422362834902632e-001	 -6.2744254801450072e-001	  7.5266442734256422e-001	
  9.7361636091908288e-001	  1.0342129514304688e+000	  9.4373399854541518e-001	 -3.2824475503778761e-001	 -4.9892877326151996e-001	 -6.5628007076823369e-001	  2.2373312325418837e-001	 -3.4166473626762173e-001	 -6.1491010826253412e-001	  7.6544012286472451e-001	
  9.8692876190709100e-001	  1.0475247250794073e+000	  9.5704831210308150e-001	 -3.1544995094390238e-001	 -4.8620211068028940e-001	 -6.4361060507844847e-001	  2.3628650709262011e-001	 -3.2923342226764962e-001	 -6.0250399616945671e-001	  7.7811742111522086e-001	
  1.0136109521281522e+000	  1.0742050888026267e+000	  9.8373453137545752e-001	 -2.8981607904166040e-001	 -4.6070894643512883e-001	 -6.1823495287471886e-001	  2.6144128006633238e-001	 -3.0433661519579935e-001	 -5.7766938321457406e-001	  8.0352644009740182e-001	
  1.0399637608440315e+000	  1.1005561298593758e+000	  1.0100811826581069e+000	 -2.6454034613676569e-001	 -4.3558005190535987e-001	 -5.9324293146778562e-001	  2.8606866893055027e-001	 -2.7994544862464110e-001	 -5.5333162263837554e-001	  8.2837832057713889e-001	
  1.0657110432827910e+000	  1.1263021242693405e+000	  1.0358338265505918e+000	 -2.3982575238001846e-001	 -4.1100661670456784e-001	 -5.6878368426094283e-001	  3.1036216346080892e-001	 -2.5592601275292726e-001	 -5.2938659684675926e-001	  8.5295287004494291e-001	
  1.0909926427464800e+000	  1.1515819478447042e+000	  1.0611215688298703e+000	 -2.1557067583777290e-001	 -3.8688861602520497e-001	 -5.4477671808284001e-001	  3.3421551675161254e-001	 -2.3233479519235711e-001	 -5.0586796945362167e-001	  8.7705775038293687e-001	
  1.1087211176568079e+000	  1.1693095004992049e+000	  1.0788540301378546e+000	 -1.9857108519649724e-001	 -3.6998597964588154e-001	 -5.2795262285076916e-001	  3.5093495410176700e-001	 -2.1580178196833888e-001	 -4.8938562209643877e-001	  8.9395997087082790e-001	
