 -6.0002808005698371e-001	
 -6.0002808005698371e-001	
 -6.0002808005698371e-001	
 -6.0002808005698371e-001	
 -6.0002808005701203e-001	
 -6.0002808005701203e-001	
 -6.0002808005701203e-001	
 -6.0002808005703945e-001	
 -6.0002808005724639e-001	
 -6.0002808005757835e-001	
 -6.0002808013649833e-001	
 -6.0002808036485211e-001	
 -6.0002808081806180e-001	
 -6.0002809745422070e-001	
 -6.0002813803479160e-001	
 -6.0002821256185168e-001	
 -6.0002847400184245e-001	
 -6.0002895324734640e-001	
 -6.0002973201384957e-001	
 -6.0003089362175832e-001	
 -6.0003398962121279e-001	
 -6.0003879263061943e-001	
 -6.0004559492235099e-001	
 -6.0005459644603865e-001	
 -6.0006590829676065e-001	
 -6.0008789597520518e-001	
 -6.0011532436599879e-001	
 -6.0014780005348856e-001	
 -6.0018467054497293e-001	
 -6.0022507321821716e-001	
 -6.0027206800477606e-001	
 -6.0032096792722101e-001	
 -6.0037097576078868e-001	
 -6.0042174483936939e-001	
 -6.0047327802056016e-001	
 -6.0055136765042716e-001	
 -6.0063201852210502e-001	
 -6.0071543479232414e-001	
 -6.0080148014790336e-001	
 -6.0088983735396573e-001	
 -6.0099659132104688e-001	
 -6.0110546886855876e-001	
 -6.0121573268653727e-001	
 -6.0124894551344421e-001	
 -6.0128213364442629e-001	
 -6.0131526723446793e-001	
 -6.0134836020417703e-001	
 -6.0138145070224502e-001	
 -6.0145258107541544e-001	
 -6.0152410576868753e-001	
 -6.0159607044171048e-001	
 -6.0166841714314856e-001	
 -6.0176326164238092e-001	
 -6.0185839884615722e-001	
 -6.0195353094759008e-001	
 -6.0204839044816105e-001	
 -6.0214285743045470e-001	
 -6.0227303774998053e-001	
 -6.0240322694110193e-001	
 -6.0244820420704881e-001	
 -6.0248990171109496e-001	
 -6.0253084127647105e-001	
 -6.0257064717229147e-001	
 -6.0260903970589974e-001	
 -6.0267812150908107e-001	
 -6.0274153850224499e-001	
 -6.0279969802515376e-001	
 -6.0285323201751084e-001	
 -6.0292874382877071e-001	
 -6.0299687755769882e-001	
 -6.0305945333262956e-001	
 -6.0311776359291325e-001	
 -6.0317271569496955e-001	
 -6.0329144667114620e-001	
 -6.0340001936206256e-001	
 -6.0350123979862258e-001	
 -6.0359634716414945e-001	
 -6.0369911722328773e-001	
 -6.0379431387822013e-001	
 -6.0388224695182602e-001	
 -6.0396331177149121e-001	
 -6.0405941176703348e-001	
 -6.0414579293541171e-001	
 -6.0422357188917808e-001	
 -6.0429359742815558e-001	
 -6.0436299428197926e-001	
 -6.0441712182592044e-001	
 -6.0447209853348949e-001	
 -6.0453005212434285e-001	
 -6.0459050577320261e-001	
 -6.0465181885374197e-001	
 -6.0471786327386989e-001	
 -6.0478298585980728e-001	
 -6.0484670523913764e-001	
 -6.0490874119743343e-001	
 -6.0500471051154203e-001	
 -6.0509689328954896e-001	
 -6.0518578821986413e-001	
 -6.0527202528462931e-001	
 -6.0547457335115140e-001	
 -6.0565690055755250e-001	
 -6.0571814902122356e-001	
 -6.0578062205137884e-001	
 -6.0584225664895064e-001	
 -6.0590183877124604e-001	
 -6.0602952862127368e-001	
 -6.0614719212144541e-001	
 -6.0626155404544879e-001	
 -6.0637038766925233e-001	
 -6.0652115950249708e-001	
 -6.0665994968494885e-001	
 -6.0677212924660040e-001	
 -6.0687564753208589e-001	
 -6.0697665053294259e-001	
 -6.0699760368670441e-001	
 -6.0701906130522076e-001	
 -6.0702937634022969e-001	
 -6.0703651314811946e-001	
 -6.0704289673089906e-001	
 -6.0704833033507943e-001	
 -6.0705498544605918e-001	
 -6.0705971138684067e-001	
 -6.0706293490413332e-001	
 -6.0706608344264512e-001	
 -6.0706582013874533e-001	
 -6.0706290642819483e-001	
 -6.0705744368008996e-001	
 -6.0703925877051046e-001	
 -6.0701615040790413e-001	
 -6.0698690953572387e-001	
 -6.0697272364186350e-001	
 -6.0695638899233062e-001	
 -6.0695283596042682e-001	
 -6.0694914930614052e-001	
 -6.0694534103928277e-001	
 -6.0694024544728142e-001	
 -6.0693929844511785e-001	
 -6.0693855645233119e-001	
 -6.0693785606921269e-001	
 -6.0693715908449497e-001	
 -6.0693593238657839e-001	
 -6.0693473744844595e-001	
 -6.0693359113641099e-001	
 -6.0693167705362239e-001	
 -6.0693008439263907e-001	
 -6.0692883531202724e-001	
 -6.0692751056052785e-001	
 -6.0692702429766543e-001	
 -6.0692737036399413e-001	
 -6.0692847051726484e-001	
 -6.0692980884368786e-001	
 -6.0693147304384809e-001	
 -6.0693333698023766e-001	
 -6.0693523909927261e-001	
 -6.0693754826827717e-001	
 -6.0693883868166354e-001	
 -6.0693972015941311e-001	
 -6.0694040997295473e-001	
 -6.0694106336064935e-001	
 -6.0694168081280631e-001	
 -6.0694291883623608e-001	
 -6.0694401601214576e-001	
 -6.0694499516879818e-001	
 -6.0694647880502395e-001	
 -6.0694773593792517e-001	
 -6.0694880636379012e-001	
 -6.0694971159074496e-001	
 -6.0695106442784086e-001	
 -6.0695125746196799e-001	
 -6.0695039302844700e-001	
 -6.0694850319270999e-001	
 -6.0694077091474041e-001	
 -6.0692766930832964e-001	
 -6.0691063844077220e-001	
 -6.0689087888570215e-001	
 -6.0685742069972837e-001	
 -6.0681845977139859e-001	
 -6.0677352103209881e-001	
 -6.0672293884692152e-001	
 -6.0663399875946777e-001	
 -6.0653877762916975e-001	
 -6.0643477699077541e-001	
 -6.0632434693707482e-001	
 -6.0617299664033863e-001	
 -6.0601637832339694e-001	
 -6.0585376642176625e-001	
 -6.0568878637453860e-001	
 -6.0544514407451355e-001	
 -6.0520653704319927e-001	
 -6.0517480323445549e-001	
 -6.0514144873694553e-001	
 -6.0510495230336880e-001	
 -6.0504968846743046e-001	
 -6.0499416958800789e-001	
 -6.0493939643373373e-001	
 -6.0482221019864613e-001	
 -6.0471202007964298e-001	
 -6.0459995270584121e-001	
 -6.0446804884397509e-001	
 -6.0433674440554053e-001	
 -6.0420740576080612e-001	
 -6.0416315749584015e-001	
 -6.0414636972832292e-001	
 -6.0412834269249038e-001	
 -6.0410969043530716e-001	
 -6.0404561120132538e-001	
 -6.0398271346504351e-001	
 -6.0392118356321145e-001	
 -6.0377209460525716e-001	
 -6.0372067222119363e-001	
 -6.0367838499229987e-001	
 -6.0363383760572176e-001	
 -6.0358938312133270e-001	
 -6.0351088058317282e-001	
 -6.0343511166315966e-001	
 -6.0336033732325545e-001	
 -6.0319612184590010e-001	
 -6.0304309782314114e-001	
 -6.0293757486940724e-001	
 -6.0283664707846640e-001	
 -6.0273575012883418e-001	
 -6.0258949834668485e-001	
 -6.0244478272013668e-001	
 -6.0230617313643275e-001	
 -6.0210632822756693e-001	
 -6.0190691985024625e-001	
 -6.0188044583635336e-001	
 -6.0185875215914231e-001	
 -6.0183474792306391e-001	
 -6.0180977656585044e-001	
 -6.0175753475452365e-001	
 -6.0170726230315674e-001	
 -6.0165850064291071e-001	
 -6.0154380489842207e-001	
 -6.0143934912082786e-001	
 -6.0135352391433949e-001	
 -6.0127510394960548e-001	
 -6.0119420844905846e-001	
 -6.0111653367237672e-001	
 -6.0103642688913139e-001	
 -6.0096330158211997e-001	
 -6.0088302327113630e-001	
 -6.0081052479238917e-001	
 -6.0073395365230753e-001	
 -6.0066690882305251e-001	
 -6.0060832101579842e-001	
 -6.0055584165886300e-001	
 -6.0050178599400650e-001	
 -6.0044541210613722e-001	
 -6.0038860632483271e-001	
 -6.0033568497406453e-001	
 -6.0025673579981709e-001	
 -6.0018380884371592e-001	
 -6.0010859385509940e-001	
 -6.0008756430302401e-001	
 -6.0006744022815250e-001	
 -6.0004638483235384e-001	
 -6.0002597792116219e-001	
 -5.9998668470629135e-001	
 -5.9994995448795596e-001	
 -5.9991378989887179e-001	
 -5.9984124700554164e-001	
 -5.9977087464417911e-001	
 -5.9971135422058341e-001	
 -5.9968999600585260e-001	
 -5.9967150361516453e-001	
 -5.9965440459417407e-001	
 -5.9961512599700306e-001	
 -5.9957945718115524e-001	
 -5.9954329350983904e-001	
 -5.9950582200144564e-001	
 -5.9949030842287854e-001	
 -5.9947708959719703e-001	
 -5.9946489970263483e-001	
 -5.9943595800743665e-001	
 -5.9940990577490205e-001	
 -5.9938354683162309e-001	
 -5.9935590104526026e-001	
 -5.9934335928567961e-001	
 -5.9933404394083589e-001	
 -5.9932537775421990e-001	
 -5.9931106977119519e-001	
 -5.9929761298701034e-001	
 -5.9928498529892038e-001	
 -5.9924062920054355e-001	
 -5.9923776149637886e-001	
 -5.9923357233181362e-001	
 -5.9922980677240489e-001	
 -5.9922606017612501e-001	
 -5.9922349065904768e-001	
 -5.9922166952748634e-001	
 -5.9921831124270786e-001	
 -5.9921589629048144e-001	
 -5.9921360412555380e-001	
 -5.9920840192767022e-001	
 -5.9920339715748794e-001	
 -5.9919857091165307e-001	
 -5.9918569566713886e-001	
 -5.9917674608544225e-001	
 -5.9916723724270238e-001	
 -5.9917095602141934e-001	
 -5.9916989184921898e-001	
 -5.9916663386151092e-001	
 -5.9916533492236779e-001	
 -5.9916541375514165e-001	
 -5.9916540100956084e-001	
 -5.9916506273554004e-001	
 -5.9916512129082422e-001	
 -5.9916736813834115e-001	
 -5.9917040799985388e-001	
 -5.9917636874580782e-001	
