3.6075e+14
3.9499e+14
3.9129e+14
3.8226e+14
3.7421e+14
3.6495e+14
3.5638e+14
3.5276e+14
3.5591e+14
3.587e+14
3.585e+14
3.5634e+14
3.5294e+14
3.4566e+14
3.3618e+14
3.2948e+14
3.2562e+14
3.2598e+14
3.2914e+14
3.3092e+14
3.2946e+14
3.3249e+14
3.3536e+14
3.4097e+14
3.6734e+14
3.7821e+14
3.8491e+14
3.8647e+14
3.8582e+14
3.8696e+14
3.8832e+14
4.0193e+14
4.1236e+14
4.1985e+14
4.341e+14
4.498e+14
4.6981e+14
4.8239e+14
4.951e+14
5.0948e+14
5.2581e+14
5.5002e+14
5.6255e+14
5.7445e+14
5.8921e+14
6.0726e+14
6.3977e+14
6.6355e+14
6.8359e+14
7.0075e+14
7.2266e+14
7.6284e+14
8.2821e+14
8.2121e+14
7.9337e+14
7.359e+14
6.7119e+14
6.3447e+14
6.2079e+14
