  1.9096140142967690e+000	  1.9078729463253956e+000	  1.8536295627910213e+000	  1.9354558278658085e+000	  1.9315008912636102e+000	  1.8838966903136010e+000	  2.0007362661258270e+000	  2.0148588856681267e+000	  2.0594421992825911e+000	  1.9708107699618873e+000	  1.8960998232746584e+000	  1.9071694424242540e+000	  1.9699959983743998e+000	
  1.9096119153074544e+000	  1.9078706836744763e+000	  1.8536280948931243e+000	  1.9354555569946861e+000	  1.9315005957852975e+000	  1.8838965525462226e+000	  2.0007363403115681e+000	  2.0148589667142094e+000	  2.0594422301650295e+000	  1.9708107322423036e+000	  1.8960977236646490e+000	  1.9071692097996464e+000	  1.9699971087388812e+000	
  1.9096075291023258e+000	  1.9078660453350984e+000	  1.8536249790303692e+000	  1.9354549402301773e+000	  1.9314999305968208e+000	  1.8838962316558037e+000	  2.0007365175337828e+000	  2.0148591640666438e+000	  2.0594423045154753e+000	  1.9708106183288436e+000	  1.8960935280177520e+000	  1.9071688166910761e+000	  1.9699994520027480e+000	
  1.9096012578180304e+000	  1.9078595334073873e+000	  1.8536203986425992e+000	  1.9354539657338339e+000	  1.9314988964654378e+000	  1.8838957104471210e+000	  2.0007368137653376e+000	  2.0148594992348383e+000	  2.0594424294647045e+000	  1.9708104025057100e+000	  1.8960878904875174e+000	  1.9071684180643982e+000	  1.9700029256465970e+000	
  1.9094878057786986e+000	  1.9077598796711421e+000	  1.8535194450655745e+000	  1.9354283211524463e+000	  1.9314859546764545e+000	  1.8838737684010260e+000	  2.0007559401172315e+000	  2.0148822512327382e+000	  2.0594501309231936e+000	  1.9708053850758702e+000	  1.8960602921931577e+000	  1.9072329614976511e+000	  1.9701098544726017e+000	
  1.9093600062240659e+000	  1.9076725701323611e+000	  1.8533881292340675e+000	  1.9353996457141709e+000	  1.9314965056373752e+000	  1.8838363467569481e+000	  2.0007966334816265e+000	  2.0149309188898408e+000	  2.0594658896107862e+000	  1.9708063830478895e+000	  1.8961171565464037e+000	  1.9074038427074755e+000	  1.9702956317311822e+000	
  1.9092409687052916e+000	  1.9076268942586061e+000	  1.8532426591578097e+000	  1.9353824952367154e+000	  1.9315518948397112e+000	  1.8837881176671158e+000	  2.0008622148047706e+000	  2.0150092732572045e+000	  2.0594906341783745e+000	  1.9708225788943949e+000	  1.8962777944107729e+000	  1.9076903739581172e+000	  1.9705646264034329e+000	
  1.9090439942867428e+000	  1.9077526955171153e+000	  1.8528585837959857e+000	  1.9354464754619707e+000	  1.9319344582356541e+000	  1.8836511540880074e+000	  2.0011467214161027e+000	  2.0153461059582765e+000	  2.0595965938904230e+000	  1.9709632118109199e+000	  1.8970837151923405e+000	  1.9088337466479959e+000	  1.9715972770912067e+000	
  1.9090571965173466e+000	  1.9082581348168466e+000	  1.8524858080785498e+000	  1.9357176278708625e+000	  1.9326854785389793e+000	  1.8835211647799741e+000	  2.0016130583784930e+000	  2.0158923008586300e+000	  2.0597700353252555e+000	  1.9712742039081608e+000	  1.8983902553020591e+000	  1.9104737396498956e+000	  1.9731198788741555e+000	
  1.9093059494275295e+000	  1.9091099165463676e+000	  1.8521570434362202e+000	  1.9362130338399441e+000	  1.9337644918127530e+000	  1.8834284878566605e+000	  2.0022659775652034e+000	  2.0166504154099560e+000	  2.0600191939606889e+000	  1.9717632444474689e+000	  1.9000444084925305e+000	  1.9124352815847363e+000	  1.9750479940830112e+000	
  1.9097826322774683e+000	  1.9102334247998112e+000	  1.8518888337748598e+000	  1.9369276422943442e+000	  1.9350999512557447e+000	  1.8833905138228659e+000	  2.0030978682299327e+000	  2.0176091998065804e+000	  2.0603505319663542e+000	  1.9724188272710921e+000	  1.9019189263280016e+000	  1.9145905039878723e+000	  1.9772640283263110e+000	
  1.9115902237638178e+000	  1.9133773865379708e+000	  1.8515636722726705e+000	  1.9392397529080172e+000	  1.9386816744781179e+000	  1.8835561982110567e+000	  2.0055162764582715e+000	  2.0203556227342552e+000	  2.0614088058334872e+000	  1.9743959366323465e+000	  1.9065503829862160e+000	  1.9197878605310643e+000	  1.9827254601724076e+000	
  1.9142097806817635e+000	  1.9171151597633143e+000	  1.8515759840476005e+000	  1.9423276376308900e+000	  1.9428193305178292e+000	  1.8840336609153499e+000	  2.0085602240258620e+000	  2.0237741454465965e+000	  2.0628939696877935e+000	  1.9769441418094478e+000	  1.9115019513994957e+000	  1.9252181693884973e+000	  1.9886239699841513e+000	
  1.9173860703874801e+000	  1.9211385993722832e+000	  1.8518799067812117e+000	  1.9459481776694592e+000	  1.9472226140659528e+000	  1.8847818035818811e+000	  2.0120475655994228e+000	  2.0276709042740473e+000	  2.0647978367174589e+000	  1.9798993120349448e+000	  1.9165142378921225e+000	  1.9306576670969509e+000	  1.9946209483275024e+000	
  1.9209122300422032e+000	  1.9252885775511377e+000	  1.8524163352013219e+000	  1.9499001024789702e+000	  1.9517408870199271e+000	  1.8857441114122138e+000	  2.0158260242255892e+000	  2.0318927832944307e+000	  2.0670985682128471e+000	  1.9831371847004959e+000	  1.9215039315630578e+000	  1.9360453246111857e+000	  2.0005804297104839e+000	
  1.9252098339939709e+000	  1.9301004814458100e+000	  1.8532435563196119e+000	  1.9546686189405442e+000	  1.9569635703020249e+000	  1.8870382333877382e+000	  2.0203521333223882e+000	  2.0369753483744666e+000	  2.0701576168676454e+000	  1.9870762160399456e+000	  1.9271657418126042e+000	  1.9421414176122913e+000	  2.0073110706222077e+000	
  1.9295958132866473e+000	  1.9348503468136944e+000	  1.8540566967403229e+000	  1.9595093876628322e+000	  1.9621121432941611e+000	  1.8882752883292673e+000	  2.0248971517905896e+000	  2.0420887452390462e+000	  2.0735908814842205e+000	  1.9910892234622828e+000	  1.9326932898738551e+000	  1.9480824921255402e+000	  2.0139124742393961e+000	
  1.9338105974211086e+000	  1.9394179618898946e+000	  1.8547561617579367e+000	  1.9641626456788657e+000	  1.9670748500175239e+000	  1.8894081990469058e+000	  2.0290734009508231e+000	  2.0471396485648627e+000	  2.0773188872749691e+000	  1.9950124551519055e+000	  1.9379970939084983e+000	  1.9537910445146538e+000	  2.0203089981878595e+000	
  1.9368807801881172e+000	  1.9427968985727888e+000	  1.8553294368646638e+000	  1.9675782368337373e+000	  1.9707622700384573e+000	  1.8903484682280092e+000	  2.0320965413546563e+000	  2.0511195811232570e+000	  2.0804388130122056e+000	  1.9980155969444855e+000	  1.9419558982104517e+000	  1.9580664612750684e+000	  2.0251646582545320e+000	
  1.9397677446224502e+000	  1.9460377868632526e+000	  1.8560836635370022e+000	  1.9708252134830480e+000	  1.9743272995761934e+000	  1.8914788176922279e+000	  2.0351066551543449e+000	  2.0551289086308948e+000	  2.0836827901825798e+000	  2.0010102799727223e+000	  1.9457469505299836e+000	  1.9621817470161935e+000	  2.0298190884988347e+000	
  1.9426476037655578e+000	  1.9493531468596526e+000	  1.8570935286785721e+000	  1.9740745840510401e+000	  1.9779765922231802e+000	  1.8928625516129849e+000	  2.0382984500442611e+000	  2.0591890670637096e+000	  2.0870450565766054e+000	  2.0041110233095667e+000	  1.9495184370909078e+000	  1.9662728019845701e+000	  2.0343842815586193e+000	
  1.9456424671342316e+000	  1.9528374702721647e+000	  1.8583560619077004e+000	  1.9774388527746767e+000	  1.9817894598947650e+000	  1.8944928029148986e+000	  2.0417356903000421e+000	  2.0633142796516362e+000	  2.0905265510308886e+000	  2.0073687663198672e+000	  1.9533656547122202e+000	  1.9704266953103475e+000	  2.0389865455004830e+000	
  1.9487720962655164e+000	  1.9564392426779522e+000	  1.8598383586356917e+000	  1.9809340697071782e+000	  1.9857129000863600e+000	  1.8963371192591314e+000	  2.0453926284435648e+000	  2.0675229209229657e+000	  2.0941319939814673e+000	  2.0107729505622403e+000	  1.9572882063413932e+000	  1.9746458603208046e+000	  2.0436679521237537e+000	
  1.9526842721171909e+000	  1.9608826020037542e+000	  1.8618777737680448e+000	  1.9852823950197456e+000	  1.9905437529647501e+000	  1.8988055796798122e+000	  2.0500378849108625e+000	  2.0727192829470287e+000	  2.0986415060609831e+000	  2.0150405304879322e+000	  1.9620881773501375e+000	  1.9797975588601551e+000	  2.0493775548588125e+000	
  1.9566820431588914e+000	  1.9654074255346505e+000	  1.8641581430867955e+000	  1.9897093744826249e+000	  1.9954525604140474e+000	  1.9015080222630782e+000	  2.0548807472722195e+000	  2.0780403767286990e+000	  2.1033314239580871e+000	  2.0194537321725474e+000	  1.9669187184887811e+000	  1.9849675316646105e+000	  2.0551230087899306e+000	
  1.9606937365884987e+000	  1.9699912489720683e+000	  1.8666435843713860e+000	  1.9941472844149473e+000	  2.0004192014341076e+000	  1.9044103648783699e+000	  2.0598706639801541e+000	  2.0834555997731083e+000	  2.1081923181275437e+000	  2.0239746996292740e+000	  1.9717555454968085e+000	  1.9901368156719792e+000	  2.0608699630060006e+000	
  1.9646785102920818e+000	  1.9746228848330754e+000	  1.8693047904549349e+000	  1.9985571921097005e+000	  2.0054335301392410e+000	  1.9074847736134735e+000	  2.0649736767630769e+000	  2.0889375344365391e+000	  2.1132119506914955e+000	  2.0285781767144599e+000	  1.9766090666100364e+000	  1.9953201882911600e+000	  2.0666216552888503e+000	
  1.9686107696974238e+000	  1.9792922159301443e+000	  1.8721186052454406e+000	  2.0029125553245124e+000	  2.0104847273064212e+000	  1.9107082212858078e+000	  2.0701591104976567e+000	  2.0944660215126802e+000	  2.1183753748161545e+000	  2.0332434334144107e+000	  1.9814871095672113e+000	  2.0005264454267380e+000	  2.0723910763862881e+000	
  1.9744478806240990e+000	  1.9865532030405602e+000	  1.8767052912460060e+000	  2.0093906011826519e+000	  2.0183312624964760e+000	  1.9159167270149529e+000	  2.0782422630812856e+000	  2.1030320823559228e+000	  2.1265478538116431e+000	  2.0404875400559837e+000	  1.9890775580278965e+000	  2.0086261636705962e+000	  2.0813208998954678e+000	
  1.9759910218019885e+000	  1.9886852894489613e+000	  1.8781157318540864e+000	  2.0111000016620988e+000	  2.0206330830590784e+000	  1.9175110983396657e+000	  2.0806368272426594e+000	  2.1055604439661306e+000	  2.1290297847374871e+000	  2.0426079749841168e+000	  1.9912469788458047e+000	  2.0109185455216880e+000	  2.0839689344066472e+000	
  1.9773501409287444e+000	  1.9907493645506320e+000	  1.8795249333899062e+000	  2.0126493204408433e+000	  2.0228739257328274e+000	  1.9191079524165118e+000	  2.0830041967928050e+000	  2.1080637291210866e+000	  2.1315252379831375e+000	  2.0446704661644244e+000	  1.9933341257976716e+000	  2.0131481050285727e+000	  2.0865350265659988e+000	
  1.9786675209802025e+000	  1.9927990046338380e+000	  1.8809448705436194e+000	  2.0141778506453996e+000	  2.0251070819536765e+000	  1.9207180459524478e+000	  2.0853637585300326e+000	  2.1105607922054084e+000	  2.1340398336782456e+000	  2.0467280407962152e+000	  1.9954570236603688e+000	  2.0154322456846687e+000	  2.0890630795717344e+000	
  1.9802410581254701e+000	  1.9950515307688097e+000	  1.8825497567285687e+000	  2.0158130777142511e+000	  2.0274020366425920e+000	  1.9223908365075422e+000	  2.0876899300421701e+000	  2.1130117095260523e+000	  2.1365534351508315e+000	  2.0488216903868643e+000	  1.9977424774744472e+000	  2.0177406557330873e+000	  2.0914820421743534e+000	
  1.9820822531358986e+000	  1.9974516544742607e+000	  1.8844107173197766e+000	  2.0175649695447433e+000	  2.0297063670127455e+000	  1.9241833925979233e+000	  2.0899277919957595e+000	  2.1153416565260232e+000	  2.1390341933794987e+000	  2.0509362882998743e+000	  1.9999905108454330e+000	  2.0198657573470999e+000	  2.0936606944041403e+000	
  1.9840042297915232e+000	  1.9997691814516283e+000	  1.8864331169708004e+000	  2.0193508674412266e+000	  2.0318845369996712e+000	  1.9260885662669569e+000	  2.0920446883905948e+000	  2.1175082628235207e+000	  2.1414639663236197e+000	  2.0530169842060864e+000	  2.0019936517439150e+000	  2.0216908553554189e+000	  2.0955521846942431e+000	
  1.9858941123768794e+000	  2.0018750709281212e+000	  1.8885342146777415e+000	  2.0211096305205749e+000	  2.0338561588716524e+000	  1.9280720257468735e+000	  2.0940314205124686e+000	  2.1195010671087484e+000	  2.1438347526924439e+000	  2.0550233402028750e+000	  2.0037228341139168e+000	  2.0232449916663051e+000	  2.0971690677680859e+000	
  1.9877048906648651e+000	  2.0037557060111246e+000	  1.8906710867678309e+000	  2.0228005950430314e+000	  2.0356191671100889e+000	  1.9301005739374921e+000	  2.0958936826347370e+000	  2.1213299051467094e+000	  2.1461439980264099e+000	  2.0569398578066891e+000	  2.0052423447487104e+000	  2.0246111358066239e+000	  2.0985637319337642e+000	
  1.9905138228429535e+000	  2.0064909059592573e+000	  1.8942150941572145e+000	  2.0254351723671356e+000	  2.0381898137542844e+000	  1.9334817634569286e+000	  2.0987320063734329e+000	  2.1240479223263211e+000	  2.1498114916565214e+000	  2.0599214312294363e+000	  2.0074829923022106e+000	  2.0266434559362683e+000	  2.1005637133566242e+000	
  1.9931352532217019e+000	  2.0088922896572217e+000	  1.8977635846528129e+000	  2.0279031916189156e+000	  2.0404517687353891e+000	  1.9368824696892359e+000	  2.1013332685088684e+000	  2.1264723486076504e+000	  2.1533111829683103e+000	  2.0627185737812184e+000	  2.0094855511104215e+000	  2.0284740723834149e+000	  2.1023152226912045e+000	
  1.9955912954445849e+000	  2.0110638903758273e+000	  1.9012879875454280e+000	  2.0302200298404669e+000	  2.0425002632114211e+000	  1.9402703293174219e+000	  2.1037525099719541e+000	  2.1286867571074195e+000	  2.1566464428948877e+000	  2.0653636153779011e+000	  2.0113163856954155e+000	  2.0301544562656835e+000	  2.1039087936410406e+000	
  1.9979032350766452e+000	  2.0130695131693597e+000	  1.9047662655093183e+000	  2.0324045640109518e+000	  2.0443945776355874e+000	  1.9436208999699751e+000	  2.1060332437119200e+000	  2.1307553202258553e+000	  2.1598230159121057e+000	  2.0678811692891328e+000	  2.0130107084229016e+000	  2.0317118835988097e+000	  2.1053829900529775e+000	
  2.0019710000328388e+000	  2.0165461358329346e+000	  1.9111415904362490e+000	  2.0362577541571238e+000	  2.0476839172575052e+000	  1.9497740048957168e+000	  2.1100772805686092e+000	  2.1344138510002515e+000	  2.1654268935416296e+000	  2.0723582196018109e+000	  2.0159201891444827e+000	  2.0343835843005906e+000	  2.1079127462926412e+000	
  2.0057591223135742e+000	  2.0197410502606399e+000	  1.9172132246496350e+000	  2.0398598236574874e+000	  2.0507163043596131e+000	  1.9556449246280183e+000	  2.1138647862345281e+000	  2.1378399451581949e+000	  2.1705528182958176e+000	  2.0765363362526790e+000	  2.0185870471654348e+000	  2.0368411032239067e+000	  2.1102142462073319e+000	
  2.0093596828636624e+000	  2.0227575283265784e+000	  1.9229369465775725e+000	  2.0432936231894487e+000	  2.0535865067506736e+000	  1.9611852543250097e+000	  2.1174733454070198e+000	  2.1411052407910138e+000	  2.1752585967933160e+000	  2.0804726295666160e+000	  2.0210971127217814e+000	  2.0391576785047856e+000	  2.1123833193389951e+000	
  2.0128126474203403e+000	  2.0256326079822111e+000	  1.9282921052523831e+000	  2.0465946511307083e+000	  2.0563273860135927e+000	  1.9663722303677260e+000	  2.1209357708441416e+000	  2.1442344976653747e+000	  2.1795990696042473e+000	  2.0841942193182521e+000	  2.0234784101037810e+000	  2.0413563879034937e+000	  2.1144543795896595e+000	
  2.0162784914436247e+000	  2.0284971383622965e+000	  1.9335014896566540e+000	  2.0499144425277094e+000	  2.0590623191674551e+000	  1.9714203725560653e+000	  2.1244077771256551e+000	  2.1473650732571206e+000	  2.1838016905960731e+000	  2.0878714708055317e+000	  2.0258402561574340e+000	  2.0435374939012725e+000	  2.1165205735816182e+000	
  2.0195971258384824e+000	  2.0312206954014056e+000	  1.9383287444475967e+000	  2.0530981274082918e+000	  2.0616658638787175e+000	  1.9760998459829549e+000	  2.1277233045895709e+000	  2.1503476877508989e+000	  2.1877031650829055e+000	  2.0913391320134935e+000	  2.0280811917560460e+000	  2.0456084125342566e+000	  2.1184877506708553e+000	
  2.0227650354611835e+000	  2.0338051549414642e+000	  1.9428029261414741e+000	  2.0561403782512331e+000	  2.0641384428589542e+000	  1.9804380932838763e+000	  2.1308777701655686e+000	  2.1531800089632869e+000	  2.1913406876202894e+000	  2.0946067896982918e+000	  2.0302035569497265e+000	  2.0475700935377699e+000	  2.1203568834776325e+000	
  2.0257783004283327e+000	  2.0362502371621072e+000	  1.9469556206371530e+000	  2.0590362320258384e+000	  2.0664788388719528e+000	  1.9844653161347465e+000	  2.1338689410706442e+000	  2.1558616833939470e+000	  2.1947438101775543e+000	  2.0976833396748145e+000	  2.0322059078496713e+000	  2.0494202240058459e+000	  2.1221249789539454e+000	
  2.0297767028760441e+000	  2.0394670124252330e+000	  1.9523599481917415e+000	  2.0628808899735915e+000	  2.0695582667483041e+000	  1.9897073446976046e+000	  2.1378311247148871e+000	  2.1594059624861308e+000	  2.1992192160710617e+000	  2.1017344201454486e+000	  2.0348163040234759e+000	  2.0518259914134300e+000	  2.1244368470402644e+000	
  2.0334876921847735e+000	  2.0424372235779686e+000	  1.9572599162925817e+000	  2.0664514170862245e+000	  2.0724030780240779e+000	  1.9944604907784245e+000	  2.1414871355934721e+000	  2.1626749057962278e+000	  2.2033210903643083e+000	  2.1054580331677397e+000	  2.0372320026327042e+000	  2.0540564779726305e+000	  2.1265658063275734e+000	
  2.0369233055533820e+000	  2.0451778804903538e+000	  1.9617245927808240e+000	  2.0697568160789017e+000	  2.0750274557844874e+000	  1.9987908755602575e+000	  2.1448560973298982e+000	  2.1656861017484239e+000	  2.2070882093430915e+000	  2.1088824791439671e+000	  2.0394548233256118e+000	  2.0561061088607970e+000	  2.1285269696888611e+000	
  2.0400611524670023e+000	  2.0476846512918598e+000	  1.9658034124898971e+000	  2.0727733818521146e+000	  2.0774265902044191e+000	  2.0027465786158203e+000	  2.1479481167265830e+000	  2.1684471978833737e+000	  2.2105495156156580e+000	  2.1120172516203426e+000	  2.0414696571398432e+000	  2.0579582274589625e+000	  2.1303059314801711e+000	
  2.0435108868590506e+000	  2.0504367396872700e+000	  1.9703267460883847e+000	  2.0760885420504138e+000	  2.0800586357993933e+000	  2.0071330368038587e+000	  2.1513715213622517e+000	  2.1714982124688187e+000	  2.2144039902393264e+000	  2.1154826240244464e+000	  2.0436529630788756e+000	  2.0599568987243808e+000	  2.1322277331007582e+000	
  2.0466130685161268e+000	  2.0528975140122965e+000	  1.9743944180881030e+000	  2.0790695918395126e+000	  2.0824107313238640e+000	  2.0110766276325975e+000	  2.1544428187296978e+000	  2.1742313952525363e+000	  2.2178759406572737e+000	  2.1185946111237728e+000	  2.0455965433106602e+000	  2.0617341341798041e+000	  2.1339236095927925e+000	
  2.0494193133393193e+000	  2.0550799617780249e+000	  1.9780590452442466e+000	  2.0817652580163699e+000	  2.0844932787474533e+000	  2.0146280784252912e+000	  2.1572012810945203e+000	  2.1766767058621252e+000	  2.2210005749672703e+000	  2.1213904611158281e+000	  2.0473075122917357e+000	  2.0632925029500933e+000	  2.1354110571698062e+000	
  2.0519522745950698e+000	  2.0569949953106175e+000	  1.9813606571274363e+000	  2.0841971655344693e+000	  2.0863171477797557e+000	  2.0178264092525859e+000	  2.1596731692867293e+000	  2.1788411013171296e+000	  2.2238082611508130e+000	  2.1238933230973429e+000	  2.0487873052089336e+000	  2.0646321082308212e+000	  2.1366889162134037e+000	
  2.0546216708410747e+000	  2.0589796631611685e+000	  1.9848645566175402e+000	  2.0867573877126349e+000	  2.0882044338722507e+000	  2.0212189492495054e+000	  2.1622741487716124e+000	  2.1810989822164948e+000	  2.2267774604394983e+000	  2.1265267698545656e+000	  2.0502898902294460e+000	  2.0659825456424961e+000	  2.1379701360175507e+000	
  2.0569552895104266e+000	  2.0607202134505571e+000	  1.9879589639528936e+000	  2.0889924050381805e+000	  2.0898574763334374e+000	  2.0242127244592250e+000	  2.1645234878297925e+000	  2.1830709386418699e+000	  2.2293831025492490e+000	  2.1288321132841923e+000	  2.0515956883909743e+000	  2.0671524518064142e+000	  2.1390661760532939e+000	
  2.0589739395258082e+000	  2.0622372457807119e+000	  1.9906887473071990e+000	  2.0909214419057474e+000	  2.0912947688575341e+000	  2.0268512035226203e+000	  2.1664571260607772e+000	  2.1847896720437046e+000	  2.2316617690693668e+000	  2.1308398474075494e+000	  2.0527175418481907e+000	  2.0681503863587656e+000	  2.1400001513057805e+000	
  2.0607142214785217e+000	  2.0635383195081030e+000	  1.9930893577496405e+000	  2.0925811156905252e+000	  2.0925235912895443e+000	  2.0291690428660081e+000	  2.1681237816201446e+000	  2.1862730515511188e+000	  2.2336464711209039e+000	  2.1325795382998551e+000	  2.0536594881976944e+000	  2.0689799525985006e+000	  2.1407730801912228e+000	
  2.0633694700177920e+000	  2.0654536690874954e+000	  1.9968095914508108e+000	  2.0951065014798602e+000	  2.0943220627707348e+000	  2.0327547149076217e+000	  2.1706633741114332e+000	  2.1884953172615251e+000	  2.2366709368092588e+000	  2.1352217253398211e+000	  2.0549829907630750e+000	  2.0701202516789050e+000	  2.1418203772938296e+000	
  2.0654737931526106e+000	  2.0669536393556101e+000	  1.9997265004305798e+000	  2.0970976595028468e+000	  2.0957205542060233e+000	  2.0355542287156565e+000	  2.1726339231478891e+000	  2.1901938540691033e+000	  2.2389536103519867e+000	  2.1372674723948193e+000	  2.0560282387240321e+000	  2.0710183644168660e+000	  2.1426016502459775e+000	
  2.0669969914663513e+000	  2.0679609949257438e+000	  2.0019361010162093e+000	  2.0985243977523065e+000	  2.0966410068181602e+000	  2.0376644383590241e+000	  2.1740384754098074e+000	  2.1913733918658433e+000	  2.2406088260991610e+000	  2.1387366536520793e+000	  2.0566275439614716e+000	  2.0714863157415513e+000	  2.1429995523100462e+000	
  2.0680208118522945e+000	  2.0685556232086193e+000	  2.0035548293695391e+000	  2.0994679725290397e+000	  2.0971635105464768e+000	  2.0391997515509805e+000	  2.1749622671278939e+000	  2.1921147803779437e+000	  2.2417551440667807e+000	  2.1397217691055164e+000	  2.0568825246216580e+000	  2.0716338328892885e+000	  2.1430746458916348e+000	
  2.0687884155993244e+000	  2.0689033424567325e+000	  2.0049306972738585e+000	  2.1001516196508025e+000	  2.0974355899510342e+000	  2.0404879552659043e+000	  2.1756142908286500e+000	  2.1925853085513460e+000	  2.2426278227876235e+000	  2.1404453848032889e+000	  2.0568993718747270e+000	  2.0715428353483740e+000	  2.1428931609217745e+000	
  2.0691441878525727e+000	  2.0689341477055088e+000	  2.0057681414572710e+000	  2.1004352337275543e+000	  2.0974011380824300e+000	  2.0412500032568315e+000	  2.1758561089224857e+000	  2.1926831173385644e+000	  2.2430249167132379e+000	  2.1407512785984650e+000	  2.0566747034277535e+000	  2.0712303518193540e+000	  2.1424942461744561e+000	
  2.0691394567653818e+000	  2.0686672768929784e+000	  2.0061468008000292e+000	  2.1003688437735262e+000	  2.0970783412734479e+000	  2.0415637415052443e+000	  2.1757468149302919e+000	  2.1924585020140901e+000	  2.2430385684315741e+000	  2.1406979355391274e+000	  2.0561975643078081e+000	  2.0706792646517949e+000	  2.1418705847510320e+000	
  2.0688565903241254e+000	  2.0681784896363182e+000	  2.0061704537852076e+000	  2.1000325284495807e+000	  2.0965410654876124e+000	  2.0415312487391906e+000	  2.1753652217904560e+000	  2.1919835431931851e+000	  2.2427494190958956e+000	  2.1403667532277351e+000	  2.0555467615565188e+000	  2.0699684224577335e+000	  2.1410857907654117e+000	
  2.0681276045314330e+000	  2.0672292602049667e+000	  2.0057926406690618e+000	  2.0992352097381843e+000	  2.0955296419130214e+000	  2.0410820641188248e+000	  2.1744953167112060e+000	  2.1910060388200887e+000	  2.2419550744201442e+000	  2.1395636865329890e+000	  2.0544282334518287e+000	  2.0687794799971959e+000	  2.1397912574829867e+000	
  2.0671239369206216e+000	  2.0660673899905233e+000	  2.0050690769018065e+000	  2.0981701143284384e+000	  2.0943116949607066e+000	  2.0402947613966678e+000	  2.1733512473307677e+000	  2.1897765206178987e+000	  2.2408330092433411e+000	  2.1384812764665511e+000	  2.0531495633068646e+000	  2.0674433078614238e+000	  2.1383523017884132e+000	
  2.0658455047885957e+000	  2.0646641269724224e+000	  2.0040406143268323e+000	  2.0968382361997526e+000	  2.0928595837629209e+000	  2.0392104436905258e+000	  2.1719472097443480e+000	  2.1883055495282160e+000	  2.2394474230851427e+000	  2.1371371064786309e+000	  2.0516499683611231e+000	  2.0658943107381260e+000	  2.1367167367133755e+000	
  2.0644423861817547e+000	  2.0631801001048498e+000	  2.0028185658991227e+000	  2.0953847148326252e+000	  2.0913295795078000e+000	  2.0379358660063969e+000	  2.1704137712075449e+000	  2.1867167085799846e+000	  2.2378951996833445e+000	  2.1356577875938076e+000	  2.0501148723742353e+000	  2.0643201317759319e+000	  2.1350427482720784e+000	
  2.0621534629549050e+000	  2.0608081576111057e+000	  2.0007365180068453e+000	  2.0930192324905441e+000	  2.0888876829670942e+000	  2.0357753733812789e+000	  2.1679139238920468e+000	  2.1841454900279142e+000	  2.2353245877494285e+000	  2.1332368933594390e+000	  2.0476972160721618e+000	  2.0618472247454136e+000	  2.1324221801882226e+000	
  2.0596558772876312e+000	  2.0582495933372202e+000	  1.9984269263414183e+000	  2.0904506652994264e+000	  2.0862643715807709e+000	  2.0333933686095262e+000	  2.1652168036956749e+000	  2.1813913929790125e+000	  2.2325603989320997e+000	  2.1306184688133145e+000	  2.0451063867319372e+000	  2.0592064699078887e+000	  2.1296489407865975e+000	
  2.0570701755996992e+000	  2.0556349971171377e+000	  1.9959822437506456e+000	  2.0877958867903676e+000	  2.0835869837746936e+000	  2.0308785231993256e+000	  2.1624293398698593e+000	  2.1785568065662511e+000	  2.2296801753631144e+000	  2.1279057814414646e+000	  2.0424904225289819e+000	  2.0565472825783973e+000	  2.1268513529351947e+000	
  2.0544341976401426e+000	  2.0529822619612417e+000	  1.9934752723332565e+000	  2.0850920121295635e+000	  2.0808725764748468e+000	  2.0283033627770521e+000	  2.1595925611746449e+000	  2.1756785223201551e+000	  2.2267423345805950e+000	  2.1251432538819128e+000	  2.0398437348033820e+000	  2.0538587546601454e+000	  2.1240313666092185e+000	
  2.0508030723758837e+000	  2.0493483348368127e+000	  1.9899606662049534e+000	  2.0813496279609800e+000	  2.0771379110823243e+000	  2.0246788990851345e+000	  2.1556232990569586e+000	  2.1716446259651083e+000	  2.2225538606512671e+000	  2.1212792980930191e+000	  2.0362542553929361e+000	  2.0502061130669671e+000	  2.1201586552102789e+000	
  2.0492367318422664e+000	  2.0477445693191632e+000	  1.9885349064192379e+000	  2.0797515079296049e+000	  2.0755053639206333e+000	  2.0232214134395092e+000	  2.1539753132112325e+000	  2.1699826171631327e+000	  2.2209178588830780e+000	  2.1196803061564840e+000	  2.0346069443482655e+000	  2.0485293799374662e+000	  2.1184573161682021e+000	
  2.0477158737997803e+000	  2.0462329218914075e+000	  1.9870887174050060e+000	  2.0781991395569350e+000	  2.0739657123858111e+000	  2.0217429818724661e+000	  2.1523619915206837e+000	  2.1683548423469108e+000	  2.2192652004431626e+000	  2.1181077503903949e+000	  2.0331199069340564e+000	  2.0470287732765997e+000	  2.1168725558180501e+000	
  2.0463080459454801e+000	  2.0448453464819187e+000	  1.9856988546034942e+000	  2.0767546415879745e+000	  2.0725449000420855e+000	  2.0203169740902145e+000	  2.1508372547980357e+000	  2.1668126783106909e+000	  2.2176497441782055e+000	  2.1166180309961486e+000	  2.0317643857640326e+000	  2.0456550201407255e+000	  2.1154231966219790e+000	
  2.0449056697812407e+000	  2.0434443695282938e+000	  1.9843309708088885e+000	  2.0753152146849070e+000	  2.0711104391376889e+000	  2.0189128720635554e+000	  2.1493208014353047e+000	  2.1652797222488158e+000	  2.2160579968743157e+000	  2.1151377240613707e+000	  2.0303742060258552e+000	  2.0442423206246958e+000	  2.1139490087831518e+000	
  2.0425212090855829e+000	  2.0410664695506613e+000	  1.9820099989956264e+000	  2.0728610528695044e+000	  2.0686699020180388e+000	  2.0165240450733473e+000	  2.1467247027281759e+000	  2.1626504007582570e+000	  2.2133254699935714e+000	  2.1126085868971365e+000	  2.0280300269767677e+000	  2.0418591320271551e+000	  2.1114349658027560e+000	
  2.0401573941863060e+000	  2.0387026943630056e+000	  1.9797281108641314e+000	  2.0704275461342143e+000	  2.0662435399192352e+000	  2.0141744772781283e+000	  2.1441529832128081e+000	  2.1600460173159028e+000	  2.2106300185663321e+000	  2.1101063708905086e+000	  2.0256895695644812e+000	  2.0394773309580843e+000	  2.1089315212457422e+000	
  2.0377609015438529e+000	  2.0363040642260719e+000	  1.9774281764781765e+000	  2.0679640580871363e+000	  2.0637848899834030e+000	  2.0118094157626611e+000	  2.1415589989588377e+000	  2.1574225026512597e+000	  2.2079282617315448e+000	  2.1075828740856815e+000	  2.0233084798627905e+000	  2.0370556597603562e+000	  2.1063959271707886e+000	
  2.0373482455055565e+000	  2.0359382215948054e+000	  1.9769212350305576e+000	  2.0675190298680026e+000	  2.0633901239209353e+000	  2.0112715176797349e+000	  2.1410323368676778e+000	  2.1568755457411979e+000	  2.2072521415278272e+000	  2.1070648536108378e+000	  2.0230253018086573e+000	  2.0367679873264959e+000	  2.1060024672205344e+000	
  2.0366486582697876e+000	  2.0351797410322643e+000	  1.9763349115994857e+000	  2.0668054593186360e+000	  2.0626183328933929e+000	  2.0106727193601306e+000	  2.1403063475635027e+000	  2.1561465240770641e+000	  2.2065757631312062e+000	  2.1063672371855358e+000	  2.0221782512169191e+000	  2.0358906048448735e+000	  2.1051875179688491e+000	
  2.0359560295764676e+000	  2.0344712323544498e+000	  1.9757217023060190e+000	  2.0661019860641758e+000	  2.0619008874773588e+000	  2.0100480478124263e+000	  2.1395915803562979e+000	  2.1554293339781379e+000	  2.2058882594577387e+000	  2.1056744591907339e+000	  2.0214625092430620e+000	  2.0351693772954262e+000	  2.1044330499148667e+000	
  2.0353213773864045e+000	  2.0338453095114191e+000	  1.9751234777012312e+000	  2.0654538904539939e+000	  2.0612631252601554e+000	  2.0094363137322322e+000	  2.1389190124732895e+000	  2.1547512092985799e+000	  2.2052031880535039e+000	  2.1050208962120824e+000	  2.0208512587109611e+000	  2.0345528225435334e+000	  2.1037798073053149e+000	
  2.0342090768969872e+000	  2.0327468911491366e+000	  1.9740404472712705e+000	  2.0643132558907982e+000	  2.0601392820064905e+000	  2.0083256037794532e+000	  2.1377200071680451e+000	  2.1535408788277870e+000	  2.2039453157552833e+000	  2.1038515883713287e+000	  2.0197738425067202e+000	  2.0334606046336905e+000	  2.1026334200516192e+000	
  2.0331687487669092e+000	  2.0317189387633623e+000	  1.9730102417266755e+000	  2.0632417213042835e+000	  2.0590833829819601e+000	  2.0072653577829422e+000	  2.1365826387613289e+000	  2.1523905161242856e+000	  2.2027323589985883e+000	  2.1027415423359370e+000	  2.0187695178148113e+000	  2.0324400734459434e+000	  2.1015541588115951e+000	
  2.0321168052709702e+000	  2.0306685231995734e+000	  1.9719872707133692e+000	  2.0621591807799637e+000	  2.0580055664237911e+000	  2.0062129777813906e+000	  2.1354387589044554e+000	  2.1512340647815216e+000	  2.2015297023686644e+000	  2.1016271541465672e+000	  2.0177290333026083e+000	  2.0313810371510046e+000	  2.1004462524490641e+000	
  2.0292979384303651e+000	  2.0278559165399566e+000	  1.9692442800485359e+000	  2.0592497427392300e+000	  2.0551120666059766e+000	  2.0033832321436629e+000	  2.1323492794882379e+000	  2.1481045914698145e+000	  2.1982641551565147e+000	  2.0986216198367704e+000	  2.0149556594931393e+000	  2.0285551161797439e+000	  2.0974657151138443e+000	
  2.0267403631026006e+000	  2.0253008964762653e+000	  1.9667453731552405e+000	  2.0565930485652957e+000	  2.0524685151063728e+000	  2.0007900882369647e+000	  2.1294960635453908e+000	  2.1452038994762295e+000	  2.1952056592584950e+000	  2.0958523131842881e+000	  2.0124439841109427e+000	  2.0259856420621509e+000	  2.0947292545896858e+000	
  2.0257530630158200e+000	  2.0242628043456725e+000	  1.9659060912410429e+000	  2.0555932163916357e+000	  2.0514192259551356e+000	  1.9999386868912292e+000	  2.1284909090412198e+000	  2.1441987797159001e+000	  2.1942744899054341e+000	  2.0948825414882788e+000	  2.0113349438476802e+000	  2.0248536121606491e+000	  2.0936294710998045e+000	
  2.0250058654211274e+000	  2.0235432404358202e+000	  1.9651674368387806e+000	  2.0548266279233758e+000	  2.0506830035595436e+000	  1.9991805093337573e+000	  2.1276837877726917e+000	  2.1433836950116651e+000	  2.1934180874304503e+000	  2.0940943102216272e+000	  2.0106638684083382e+000	  2.0241817301576841e+000	  2.0928801635400882e+000	
  2.0242938873043359e+000	  2.0228442429843385e+000	  1.9644582363222347e+000	  2.0540924308215618e+000	  2.0499639484675329e+000	  1.9984502067659216e+000	  2.1269021430730279e+000	  2.1425929095674205e+000	  2.1925788325026656e+000	  2.0933319425273260e+000	  2.0099819237408840e+000	  2.0234872805909969e+000	  2.0921507161711608e+000	
  2.0229195066054313e+000	  2.0214742502257312e+000	  1.9631119797995487e+000	  2.0526752704019677e+000	  2.0485558061122169e+000	  1.9970632257670899e+000	  2.1253987754351886e+000	  2.1410725707300813e+000	  2.1909862186668607e+000	  2.0918670749296364e+000	  2.0086295941962145e+000	  2.0221096291397620e+000	  2.0907053028352132e+000	
  2.0216132780379357e+000	  2.0201735613244014e+000	  1.9618301109130492e+000	  2.0513240833290944e+000	  2.0472150783973757e+000	  1.9957386835208248e+000	  2.1239576535565061e+000	  2.1396118858535309e+000	  2.1894503154047267e+000	  2.0904647736090634e+000	  2.0073520899958712e+000	  2.0208065865722737e+000	  2.0893259576090562e+000	
  2.0202464921103958e+000	  2.0188001444768058e+000	  1.9605221667924864e+000	  2.0499156012845230e+000	  2.0458045610906193e+000	  1.9943909425436421e+000	  2.1224704964299042e+000	  2.1381077677043696e+000	  2.1878999831223123e+000	  2.0890200636414042e+000	  2.0059832862348239e+000	  2.0194108257723604e+000	  2.0878695566209919e+000	
  2.0180657683691248e+000	  2.0166247033943532e+000	  1.9583954756737088e+000	  2.0476559390249873e+000	  2.0435589042622504e+000	  1.9921893880065287e+000	  2.1200558306673920e+000	  2.1356579255959995e+000	  2.1853273756710538e+000	  2.0866745100009862e+000	  2.0038444966544056e+000	  2.0172264639305957e+000	  2.0855529195203606e+000	
  2.0157611024674886e+000	  2.0143089492091497e+000	  1.9561971532121751e+000	  2.0452796478594886e+000	  2.0411795741856995e+000	  1.9899229756736414e+000	  2.1175465273805445e+000	  2.1331201289976232e+000	  2.1827138709266833e+000	  2.0842387106490534e+000	  2.0015366532639485e+000	  2.0148722940422856e+000	  2.0830953048429826e+000	
  2.0137534772027008e+000	  2.0123093710398217e+000	  1.9542244017668775e+000	  2.0431908622597144e+000	  2.0391078378781438e+000	  1.9878735594090857e+000	  2.1152969451359707e+000	  2.1308331440902939e+000	  2.1802880470739070e+000	  2.0820551448335247e+000	  1.9995800803715280e+000	  2.0128697754133147e+000	  2.0809549572472430e+000	
  2.0128920832312480e+000	  2.0114084140196318e+000	  1.9534770333450309e+000	  2.0423147330639702e+000	  2.0381937799013969e+000	  1.9871122730192374e+000	  2.1144065866912691e+000	  2.1299410063452457e+000	  2.1794440008436315e+000	  2.0811958623563958e+000	  1.9986263415048549e+000	  2.0118951112330699e+000	  2.0799988446713442e+000	
  2.0122086387937483e+000	  2.0107446372329068e+000	  1.9528049908437146e+000	  2.0416116098492361e+000	  2.0375130129041770e+000	  1.9864209022108597e+000	  2.1136640743804218e+000	  2.1291906475503444e+000	  2.1786561691449831e+000	  2.0804718858377353e+000	  1.9979991017452605e+000	  2.0112637536632154e+000	  2.0793038407070044e+000	
  2.0115519339611674e+000	  2.0100968756707074e+000	  1.9521557395511671e+000	  2.0409331947023710e+000	  2.0368457968344238e+000	  1.9857511909529124e+000	  2.1129412453967591e+000	  2.1284591368392127e+000	  2.1778822068457351e+000	  2.0797679441420005e+000	  1.9973648928854653e+000	  2.0106169010161552e+000	  2.0786242323373298e+000	
  2.0101153008998711e+000	  2.0086623090243703e+000	  1.9507533802930044e+000	  2.0394488352978772e+000	  2.0353688591165202e+000	  1.9843037527299308e+000	  2.1113630372550598e+000	  2.1268620066021784e+000	  2.1762090896031507e+000	  2.0782322711404837e+000	  1.9959480573231232e+000	  2.0091713683532118e+000	  2.0771057705523073e+000	
  2.0087749257123475e+000	  2.0073260366356855e+000	  1.9494373959571494e+000	  2.0380578412496635e+000	  2.0339876530717613e+000	  1.9829400598051110e+000	  2.1098720280732417e+000	  2.1253488045733193e+000	  2.1746109908369942e+000	  2.0767833386480730e+000	  1.9946365771646553e+000	  2.0078307432312092e+000	  2.0756822711855163e+000	
  2.0073140153094453e+000	  2.0058524689857538e+000	  1.9480525618921700e+000	  2.0365521326304932e+000	  2.0324744190862907e+000	  1.9815128621626392e+000	  2.1082852631392432e+000	  2.1237450170911782e+000	  2.1729681323660053e+000	  2.0752439243707181e+000	  1.9931607795640371e+000	  2.0063244108428613e+000	  2.0741178582846027e+000	
  2.0057318489965086e+000	  2.0042790291870292e+000	  1.9464955439223541e+000	  2.0349070608071265e+000	  2.0308451957139408e+000	  1.9798965282052461e+000	  2.1065157190461723e+000	  2.1219471984074034e+000	  2.1710610392008118e+000	  2.0735254317727487e+000	  1.9916238403738207e+000	  2.0047525377082263e+000	  2.0724379616372306e+000	
  2.0039033330659244e+000	  2.0024311708944507e+000	  1.9447775754634147e+000	  2.0330270310690932e+000	  2.0289518251639826e+000	  1.9781298122540740e+000	  2.1045455216260751e+000	  2.1199593020422118e+000	  2.1690418932425968e+000	  2.0716143135923035e+000	  1.9897648245102779e+000	  2.0028567303021276e+000	  2.0704811947190378e+000	
  2.0035320414623170e+000	  2.0020996659450203e+000	  1.9443346434263595e+000	  2.0326276993088199e+000	  2.0285955466918510e+000	  1.9776602698309338e+000	  2.1040790973827690e+000	  2.1194766256822231e+000	  2.1684517951604199e+000	  2.0711562285919070e+000	  1.9895015348374481e+000	  2.0025889351326494e+000	  2.0701260643168466e+000	
  2.0028625424925557e+000	  2.0013896294662277e+000	  1.9437442963809084e+000	  2.0319398708838747e+000	  2.0278687987687416e+000	  1.9770533457424393e+000	  2.1033652072008482e+000	  2.1187576587576018e+000	  2.1677544519072049e+000	  2.0704687916184779e+000	  1.9887371509918661e+000	  2.0017992795209496e+000	  2.0693633176809829e+000	
  2.0022206136477814e+000	  2.0007426680805400e+000	  1.9431485136591304e+000	  2.0312807218897286e+000	  2.0272070551482861e+000	  1.9764408743603989e+000	  2.1026781012979834e+000	  2.1180647614074308e+000	  2.1670577093121377e+000	  2.0698027107622932e+000	  1.9880951202139405e+000	  2.0011483010709425e+000	  2.0686749261243458e+000	
  2.0011226692151056e+000	  1.9996508993652122e+000	  1.9420876241414142e+000	  2.0301476333083919e+000	  2.0260842105359074e+000	  1.9753466905996651e+000	  2.1014779287845551e+000	  2.1168507310461511e+000	  2.1657948424442983e+000	  2.0686367037900775e+000	  1.9870212144498061e+000	  2.0000543307773500e+000	  2.0675223592550425e+000	
  2.0001024225679815e+000	  1.9986362511288913e+000	  1.9410849871382407e+000	  2.0290897239330712e+000	  2.0250361743252294e+000	  1.9743086215293408e+000	  2.1003455802924198e+000	  2.1157026804449695e+000	  2.1645810537156724e+000	  2.0675358040134104e+000	  1.9860263180618563e+000	  1.9990378735877679e+000	  2.0664451318612809e+000	
  1.9990416715693775e+000	  1.9975693812447344e+000	  1.9400679203090145e+000	  2.0279935764184986e+000	  2.0239379740106780e+000	  1.9732582067502280e+000	  2.0991834071180722e+000	  2.1145267942229586e+000	  2.1633627935450113e+000	  2.0664077767383402e+000	  1.9849630844132551e+000	  1.9979514851114952e+000	  2.0653107521055349e+000	
  1.9968137065298326e+000	  1.9953408223314943e+000	  1.9378997770040194e+000	  2.0256788057043238e+000	  2.0216325846758902e+000	  1.9710085559190011e+000	  2.0967017419052949e+000	  2.1120076495465860e+000	  2.1607120371609612e+000	  2.0640002760833123e+000	  1.9827680445124618e+000	  1.9957046724873591e+000	  2.0629287567419268e+000	
  1.9945154989044136e+000	  1.9930295714651107e+000	  1.9357013395542755e+000	  2.0233004975926834e+000	  2.0192505619975503e+000	  1.9687348132383786e+000	  2.0941753218666701e+000	  2.1094493350757255e+000	  2.1580607138677523e+000	  2.0615507966209292e+000	  1.9804684837936464e+000	  1.9933535784956791e+000	  2.0604653079866533e+000	
  1.9924273379699873e+000	  1.9909392277345299e+000	  1.9336713306643754e+000	  2.0211278493803175e+000	  2.0170854863975065e+000	  1.9666255467890208e+000	  2.0918409121897290e+000	  2.1070782249662825e+000	  2.1555614421362717e+000	  2.0592878394930199e+000	  1.9784091211491512e+000	  1.9912434933603236e+000	  2.0582250245874500e+000	
  1.9913890077256522e+000	  1.9898815285329217e+000	  1.9327119158689172e+000	  2.0200606208430569e+000	  2.0160023459154148e+000	  1.9656389624248858e+000	  2.0907261704477147e+000	  2.1059543433674164e+000	  2.1544333285218538e+000	  2.0582087985811470e+000	  1.9773346079616314e+000	  1.9901461793637973e+000	  2.0571012614037794e+000	
  1.9904054645131291e+000	  1.9888999278144608e+000	  1.9317668259064624e+000	  2.0190473542138436e+000	  2.0149946627576347e+000	  1.9646658051668200e+000	  2.0896576654425498e+000	  2.1048752258409977e+000	  2.1533183127667486e+000	  2.0571703039513571e+000	  1.9763655851593842e+000	  1.9891600193870056e+000	  2.0560661373813764e+000	
  1.9894820150547194e+000	  1.9879823963759189e+000	  1.9308637542700458e+000	  2.0180922621619586e+000	  2.0140491753264982e+000	  1.9637329943627770e+000	  2.0886410632263424e+000	  2.1038464759473681e+000	  2.1522364682363428e+000	  2.0561814360090982e+000	  1.9754644438901845e+000	  1.9882407453020987e+000	  2.0550963826050688e+000	
  1.9879493128799828e+000	  1.9864501942471540e+000	  1.9293687318081318e+000	  2.0165029933534977e+000	  2.0124669570683773e+000	  1.9621849598802457e+000	  2.0869426826319040e+000	  2.1021250219878267e+000	  2.1504267229532101e+000	  2.0545315662729795e+000	  1.9739532772990271e+000	  1.9866954801356433e+000	  2.0534663995668807e+000	
  1.9864371323999721e+000	  1.9849326626506059e+000	  1.9279082487623433e+000	  2.0149355176974466e+000	  2.0109005890996658e+000	  1.9606726047757883e+000	  2.0852708573667980e+000	  2.1004305845735667e+000	  2.1486573003017133e+000	  2.0529095142620553e+000	  1.9724498409276034e+000	  1.9851576003067530e+000	  2.0518483975204425e+000	
  1.9849188191541238e+000	  1.9834077202518396e+000	  1.9264497644021146e+000	  2.0133642294353669e+000	  2.0093289190756987e+000	  1.9591644363812775e+000	  2.0836009194041658e+000	  2.0987398735164593e+000	  2.1469014261557033e+000	  2.0512895452072510e+000	  1.9709357861565771e+000	  1.9836100523218398e+000	  2.0502256741601825e+000	
  1.9845758423374749e+000	  1.9830963198675626e+000	  1.9260381797297612e+000	  2.0129895294048170e+000	  2.0089893746952132e+000	  1.9587230932174593e+000	  2.0831533538411175e+000	  2.0982737030959759e+000	  2.1463242661787030e+000	  2.0508519136341059e+000	  1.9706824564963470e+000	  1.9833471411565711e+000	  2.0498822067858393e+000	
  1.9842555314499688e+000	  1.9827214970507669e+000	  1.9258000739098891e+000	  2.0126644204368831e+000	  2.0086093502709006e+000	  1.9584816606748925e+000	  2.0828287665823582e+000	  2.0979503587003929e+000	  2.1460555359775912e+000	  2.0505448528528909e+000	  1.9702248465246357e+000	  1.9828657591689434e+000	  2.0494765852414187e+000	
  1.9839539044240164e+000	  1.9823993562026172e+000	  1.9255534589840333e+000	  2.0123609469388248e+000	  2.0082866138191595e+000	  1.9582325242109557e+000	  2.0825303516182405e+000	  2.0976539413426551e+000	  2.1457939198746678e+000	  2.0502558341129156e+000	  1.9698935383925995e+000	  1.9825352089567150e+000	  2.0491264286341822e+000	
  1.9837027767465922e+000	  1.9821569194596458e+000	  1.9253248919063934e+000	  2.0121045361424796e+000	  2.0080400126295057e+000	  1.9579987448563791e+000	  2.0822674629811684e+000	  2.0973892201348270e+000	  2.1455350743649277e+000	  2.0500023428142482e+000	  1.9696672575654355e+000	  1.9823097873611166e+000	  2.0488727094347374e+000	
  1.9832446938101722e+000	  1.9817145877409799e+000	  1.9248789748668516e+000	  2.0116335270785388e+000	  2.0075861056675626e+000	  1.9575404099599696e+000	  2.0817712088637266e+000	  2.0968878964815616e+000	  2.1450103476447326e+000	  2.0495198759688815e+000	  1.9692423567182189e+000	  1.9818791649725884e+000	  2.0484159598047200e+000	
  1.9828253202485164e+000	  1.9813047624430564e+000	  1.9244577998072014e+000	  2.0111996995088979e+000	  2.0071634334518924e+000	  1.9571056605694270e+000	  2.0813076741840515e+000	  2.0964190501120012e+000	  2.1445068034108461e+000	  2.0490672803851266e+000	  1.9688460651743072e+000	  1.9814755197547456e+000	  2.0479877592313169e+000	
  1.9824109110795785e+000	  1.9808928916599413e+000	  1.9240465451064566e+000	  2.0107707187943351e+000	  2.0067386450120468e+000	  1.9566807917190749e+000	  2.0808491903021817e+000	  2.0959553128322472e+000	  2.1440135264412641e+000	  2.0486203897998521e+000	  1.9684408073439617e+000	  1.9810615311113406e+000	  2.0475530717301114e+000	
  1.9810450566500610e+000	  1.9795258969293084e+000	  1.9227155257578614e+000	  2.0093568253817913e+000	  2.0053292589496272e+000	  1.9553048220390463e+000	  2.0793427899445240e+000	  2.0944303207668789e+000	  2.1424150714072412e+000	  2.0471559698988830e+000	  1.9670895321315867e+000	  1.9796809090018803e+000	  2.0461025722983166e+000	
  1.9798643770964586e+000	  1.9783494288052046e+000	  1.9215436893386477e+000	  2.0081224196585072e+000	  2.0041052479979800e+000	  1.9540827548038029e+000	  2.0780019127497513e+000	  2.0930646821911747e+000	  2.1409502800416771e+000	  2.0458549577464167e+000	  1.9659422025946371e+000	  1.9785030706862374e+000	  2.0448377755508895e+000	
  1.9792675437558600e+000	  1.9777220495716539e+000	  1.9210243383372509e+000	  2.0075134823792311e+000	  2.0034671715859753e+000	  1.9535522326051178e+000	  2.0773790611209337e+000	  2.0924400052090766e+000	  2.1403575377853579e+000	  2.0452548540438493e+000	  1.9652775822999633e+000	  1.9778224176272159e+000	  2.0441692910325968e+000	
  1.9787945180659836e+000	  1.9772619763729640e+000	  1.9205586596915725e+000	  2.0070250249832648e+000	  2.0029938250273371e+000	  1.9530716606026373e+000	  2.0768607882195806e+000	  2.0919154937128326e+000	  2.1398041773543941e+000	  2.0447500209344573e+000	  1.9648428995609775e+000	  1.9773836199590773e+000	  2.0436854529889077e+000	
  1.9783367947683943e+000	  1.9768091106694565e+000	  1.9201077762514991e+000	  2.0065505826736056e+000	  2.0025260651323618e+000	  1.9526051921521896e+000	  2.0763534203539034e+000	  2.0914015394372942e+000	  2.1392595150638165e+000	  2.0442567455419840e+000	  1.9643984546598794e+000	  1.9769290418851202e+000	  2.0432076832807171e+000	
  1.9771011427614331e+000	  1.9755709446033682e+000	  1.9189055131719432e+000	  2.0052704605284144e+000	  2.0012486455524527e+000	  1.9513612938976823e+000	  2.0749877170390874e+000	  2.0900182745241320e+000	  2.1378090092421305e+000	  2.0429298518999848e+000	  1.9631735919234954e+000	  1.9756767695867528e+000	  2.0418915516981162e+000	
  1.9759779644355249e+000	  1.9744484953952499e+000	  1.9178022982275387e+000	  2.0040997469513249e+000	  2.0000841969147785e+000	  1.9502136165341741e+000	  2.0737243504459260e+000	  2.0887339550404738e+000	  2.1364445365418856e+000	  2.0417041964167830e+000	  1.9620722690131640e+000	  1.9745475916335526e+000	  2.0406882796621733e+000	
  1.9746427768149013e+000	  1.9730944579863230e+000	  1.9165542722953683e+000	  2.0027269260210971e+000	  1.9986971080374021e+000	  1.9489302770549233e+000	  2.0722872600595097e+000	  2.0872849534464626e+000	  2.1349796164981529e+000	  2.0403113079553368e+000	  1.9607058118569902e+000	  1.9731533897108731e+000	  2.0392539021306382e+000	
  1.9744037908474290e+000	  1.9728912554184079e+000	  1.9162508046732856e+000	  2.0024659458785923e+000	  1.9984745456131749e+000	  1.9486059399929689e+000	  2.0719736045260158e+000	  2.0869581426351376e+000	  2.1345607954000672e+000	  2.0400019798979643e+000	  1.9605608593609036e+000	  1.9730059132139941e+000	  2.0390354002719664e+000	
  1.9739059168932316e+000	  1.9723564688879134e+000	  1.9158176841939112e+000	  2.0019544531388616e+000	  1.9979273278349883e+000	  1.9481606818540744e+000	  2.0714429648739952e+000	  2.0864242936667838e+000	  2.1340494649988968e+000	  2.0394922487768290e+000	  1.9599783009841611e+000	  1.9724028711432497e+000	  2.0384590470786637e+000	
  1.9734382650123916e+000	  1.9718851104375617e+000	  1.9153834476641558e+000	  2.0014738582036919e+000	  1.9974449661047433e+000	  1.9477139726998243e+000	  2.0709415948640126e+000	  2.0859187299469202e+000	  2.1335409518131692e+000	  2.0390063408164298e+000	  1.9595119896087676e+000	  1.9719302143541286e+000	  2.0379572061579871e+000	
  1.9726125842146005e+000	  1.9710637786387271e+000	  1.9145841794644043e+000	  2.0006205602432980e+000	  1.9965992976615270e+000	  1.9468887322742903e+000	  2.0700359551958352e+000	  2.0850024449477793e+000	  2.1325852439360120e+000	  2.0381267168779793e+000	  1.9587042166898603e+000	  1.9711064878235958e+000	  2.0370894793026131e+000	
  1.9718490515526048e+000	  1.9703034697583084e+000	  1.9138331003298581e+000	  1.9998275938732175e+000	  1.9958129877264623e+000	  1.9461101079091612e+000	  2.0691852761826728e+000	  2.0841396724268697e+000	  2.1316706429078129e+000	  2.0372999406434498e+000	  1.9579584103895267e+000	  1.9703436275047010e+000	  2.0362809013492691e+000	
  1.9710443744870290e+000	  1.9694919206022052e+000	  1.9130636642005014e+000	  1.9989956891238541e+000	  1.9949774388697321e+000	  1.9453152084494749e+000	  2.0683032372537755e+000	  2.0832474783061081e+000	  2.1307481828001027e+000	  2.0364443058196504e+000	  1.9571477802485198e+000	  1.9695147692097832e+000	  2.0354175903041964e+000	
  1.9695179886031340e+000	  1.9679649012837888e+000	  1.9115742698949081e+000	  1.9974077441053129e+000	  1.9933961083125589e+000	  1.9437681711976624e+000	  2.0665968451806696e+000	  2.0815148454915611e+000	  2.1289183551624671e+000	  2.0347890093288412e+000	  1.9556452947976231e+000	  1.9679757601379448e+000	  2.0337839228686962e+000	
  1.9678812865266007e+000	  1.9663152959585475e+000	  1.9100151272298502e+000	  1.9957168891967043e+000	  1.9916988498213541e+000	  1.9421582870484704e+000	  2.0648073186607645e+000	  2.0797053803178556e+000	  2.1270533333761348e+000	  2.0330536587859060e+000	  1.9539985173239149e+000	  1.9662931418684650e+000	  2.0320304046936539e+000	
  1.9674622728681939e+000	  1.9659180680035151e+000	  1.9095509278215306e+000	  1.9952670654984881e+000	  1.9912743232561401e+000	  1.9416651989915432e+000	  2.0642899729835440e+000	  2.0791711529450714e+000	  2.1264254564443315e+000	  2.0325495018268525e+000	  1.9536444928390084e+000	  1.9659270737810579e+000	  2.0315961546728634e+000	
  1.9671161518088793e+000	  1.9655198445201221e+000	  1.9092912954332908e+000	  1.9949176905035724e+000	  1.9908726578200415e+000	  1.9414033418044172e+000	  2.0639445466872552e+000	  2.0788282272986369e+000	  2.1261432706957772e+000	  2.0322216802842155e+000	  1.9531727473168561e+000	  1.9654359292686214e+000	  2.0311665658254747e+000	
  1.9668379136822434e+000	  1.9652403956032518e+000	  1.9090479505365021e+000	  1.9946362972007312e+000	  1.9905914105636411e+000	  1.9411562682838137e+000	  2.0636632675760289e+000	  2.0785475029159186e+000	  2.1258789730174343e+000	  2.0319485113393028e+000	  1.9529049947063679e+000	  1.9651717869424989e+000	  2.0308685608178618e+000	
  1.9666150170762025e+000	  1.9650314681844285e+000	  1.9088289864389589e+000	  1.9944073771427437e+000	  1.9903772513532603e+000	  1.9409314331202268e+000	  2.0634227191442580e+000	  2.0783041385185426e+000	  2.1256243398932626e+000	  2.0317147219840348e+000	  1.9527140788705770e+000	  1.9649804940163689e+000	  2.0306549459402685e+000	
  1.9661706649560102e+000	  1.9645979094827224e+000	  1.9083826714559788e+000	  1.9939480723298384e+000	  1.9899303111925113e+000	  1.9404711229372991e+000	  2.0629321563988721e+000	  2.0778079156024476e+000	  2.1250920823607493e+000	  2.0312359278499588e+000	  1.9522939011251259e+000	  1.9645522101472359e+000	  2.0302042904855693e+000	
  1.9657554579114336e+000	  1.9641878246895765e+000	  1.9079639085324360e+000	  1.9935169878298740e+000	  1.9895061902282756e+000	  1.9400375536105969e+000	  2.0624683448426016e+000	  2.0773379704775703e+000	  2.1245854009096252e+000	  2.0307832382229458e+000	  1.9518949199534135e+000	  1.9641445921284959e+000	  2.0297712680583335e+000	
  1.9653301399985914e+000	  1.9637610096165257e+000	  1.9075483902438366e+000	  1.9930762757518847e+000	  1.9890657738174755e+000	  1.9396076907811319e+000	  2.0619979151766041e+000	  2.0768616971672325e+000	  2.1240846130109841e+000	  2.0303258037925742e+000	  1.9514713049410279e+000	  1.9637111071654316e+000	  2.0293175999264146e+000	
  1.9639182329091880e+000	  1.9623446884946523e+000	  1.9061781800975472e+000	  1.9916122013080442e+000	  1.9876034801416333e+000	  1.9381886669010091e+000	  2.0604344301536659e+000	  2.0752769896612913e+000	  2.1224250211193114e+000	  2.0288079805827084e+000	  1.9500706267170231e+000	  1.9622784350360096e+000	  2.0278088556424341e+000	
  1.9626956603471630e+000	  1.9611205953584780e+000	  1.9049761214761194e+000	  1.9903325682898318e+000	  1.9863289627486560e+000	  1.9369332319214756e+000	  2.0590434133262754e+000	  2.0738597568227508e+000	  2.1209102533319517e+000	  2.0274607584353421e+000	  1.9488706325755725e+000	  1.9610447990217952e+000	  2.0264868380713943e+000	
  1.9620780501594794e+000	  1.9604576925842618e+000	  1.9044695314619142e+000	  1.9897099408845760e+000	  1.9856617026863650e+000	  1.9364221657330472e+000	  2.0584249895519053e+000	  2.0732448174427849e+000	  2.1203665292900258e+000	  2.0268667494842263e+000	  1.9481487077689523e+000	  1.9603072367542873e+000	  2.0257848863898729e+000	
  1.9617365416317214e+000	  1.9601514706030843e+000	  1.9040986192672531e+000	  1.9893548743889014e+000	  1.9853440174117121e+000	  1.9360378848849775e+000	  2.0580395128373912e+000	  2.0728527440621161e+000	  2.1199199839267298e+000	  2.0264870476112828e+000	  1.9478959690273558e+000	  1.9600578339514447e+000	  2.0254707499480449e+000	
  1.9613734684259807e+000	  1.9597908529102284e+000	  1.9037336027719813e+000	  1.9889776948057678e+000	  1.9849706222552899e+000	  1.9356599435576738e+000	  2.0576327297520818e+000	  2.0724403725075096e+000	  2.1194761875338219e+000	  2.0260908500184183e+000	  1.9475376264611359e+000	  1.9596892076283585e+000	  2.0250916258541558e+000	
  1.9606565994952458e+000	  1.9590712284508212e+000	  1.9030331883099905e+000	  1.9882347424539175e+000	  1.9842280281094467e+000	  1.9349351660738319e+000	  2.0568394103814516e+000	  2.0716369667678087e+000	  2.1186313772612904e+000	  2.0253193552967375e+000	  1.9468251608217677e+000	  1.9589606478351851e+000	  2.0243260477481271e+000	
  1.9599687361206890e+000	  1.9583824279115027e+000	  1.9023620222953836e+000	  1.9875204099407520e+000	  1.9835158944342062e+000	  1.9342392193674611e+000	  2.0560740516914073e+000	  2.0708605064888226e+000	  2.1178138220217941e+000	  2.0245762584103533e+000	  1.9461462266928669e+000	  1.9582658808887741e+000	  2.0235913160742092e+000	
  1.9592451071006516e+000	  1.9576522075186547e+000	  1.9016714076736869e+000	  1.9867724093305048e+000	  1.9827642190149326e+000	  1.9335257768621912e+000	  2.0552812820012942e+000	  2.0700585055199268e+000	  2.1169862589917132e+000	  2.0238074527824810e+000	  1.9454170209058184e+000	  1.9575204748158117e+000	  2.0228144520601976e+000	
  1.9580062307188253e+000	  1.9564129964420827e+000	  1.9004606473400096e+000	  1.9854829259603355e+000	  1.9814803764502846e+000	  1.9322675913398666e+000	  2.0538939375888576e+000	  2.0686494646517826e+000	  2.1154954806479145e+000	  2.0224616458480247e+000	  1.9441986095028201e+000	  1.9562722118223452e+000	  2.0214880033817799e+000	
  1.9566060577708877e+000	  1.9549995855490012e+000	  1.8991346941101059e+000	  1.9840410836743096e+000	  1.9800303794746488e+000	  1.9309025643409732e+000	  2.0523775941525297e+000	  2.0671192238048341e+000	  2.1139319671018333e+000	  2.0209903686644815e+000	  1.9427822775003922e+000	  1.9548273506169640e+000	  2.0199919815480136e+000	
  1.9565972700546264e+000	  1.9550364938096578e+000	  1.8990470429357107e+000	  1.9840187321296989e+000	  1.9800555780450326e+000	  1.9308016701948127e+000	  2.0523183816644952e+000	  2.0670498713688596e+000	  2.1137741541831447e+000	  2.0209264484101310e+000	  1.9428877250409327e+000	  1.9549387926656823e+000	  2.0200313857165186e+000	
  1.9563997727435982e+000	  1.9548085728583202e+000	  1.8988771502485087e+000	  1.9838123335319859e+000	  1.9798189004715223e+000	  1.9306243861296866e+000	  2.0520960288556598e+000	  2.0668246101108343e+000	  2.1135559837232072e+000	  2.0207151870141593e+000	  1.9426146192494917e+000	  1.9546473752213280e+000	  2.0197807907468794e+000	
  1.9561423238228941e+000	  1.9545273898913262e+000	  1.8986653752184999e+000	  1.9835499815947970e+000	  1.9795337705300386e+000	  1.9304079247257835e+000	  2.0518305969831814e+000	  2.0665592012006067e+000	  2.1133158993865617e+000	  2.0204603259222904e+000	  1.9423122060409466e+000	  1.9543386524073749e+000	  2.0194727448102996e+000	
  1.9557653105199020e+000	  1.9541468254518624e+000	  1.8983260688060002e+000	  1.9831644770941106e+000	  1.9791460532593170e+000	  1.9300603864960157e+000	  2.0514336474142181e+000	  2.0661597348492080e+000	  2.1129266598337839e+000	  2.0200771146934713e+000	  1.9419330091159865e+000	  1.9539549174690178e+000	  2.0190698453745224e+000	
  1.9554255232007107e+000	  1.9538116601334750e+000	  1.8979996205692737e+000	  1.9828148398296781e+000	  1.9788022406786476e+000	  1.9297245795682050e+000	  2.0510658268201905e+000	  2.0657883502310312e+000	  2.1125428247849207e+000	  2.0197197706629093e+000	  1.9416055227644635e+000	  1.9536223771134016e+000	  2.0187191300505174e+000	
  1.9551032754165669e+000	  1.9534924409250185e+000	  1.8976835772537286e+000	  1.9824821352028827e+000	  1.9784737916460764e+000	  1.9293987225922131e+000	  2.0507126382214351e+000	  2.0654314482982752e+000	  2.1121671517647140e+000	  2.0193758008249292e+000	  1.9412922434903801e+000	  1.9533031371368474e+000	  2.0183837914799527e+000	
  1.9542254680908016e+000	  1.9526159024820633e+000	  1.8968251949662660e+000	  1.9815738395859404e+000	  1.9775703873851180e+000	  1.9285118107446779e+000	  2.0497452084243437e+000	  2.0644525033977836e+000	  2.1111383473480259e+000	  2.0184346127813146e+000	  1.9404274716514076e+000	  1.9524200961670257e+000	  2.0174559273646500e+000	
  1.9534470418349013e+000	  1.9518393556196445e+000	  1.8960555851806773e+000	  1.9807622154678906e+000	  1.9767645270449583e+000	  1.9277111278924832e+000	  2.0488679578265292e+000	  2.0635606302775313e+000	  2.1101860204396328e+000	  2.0175827495704142e+000	  1.9396673914886411e+000	  1.9516409270562383e+000	  2.0166244129744659e+000	
  1.9524824214195502e+000	  1.9508588959734028e+000	  1.8951571535993528e+000	  1.9797728193182933e+000	  1.9757623692149033e+000	  1.9267894716747993e+000	  2.0478369413691215e+000	  2.0625226108207517e+000	  2.1091442946090657e+000	  2.0165829296666162e+000	  1.9386747679164444e+000	  1.9506292743756157e+000	  2.0155891593407262e+000	
  1.9523642606342955e+000	  1.9507753601304152e+000	  1.8949749642474076e+000	  1.9796379268079796e+000	  1.9756641170744014e+000	  1.9265913134462056e+000	  2.0476604669825882e+000	  2.0623353391463715e+000	  2.1088742522803052e+000	  2.0164065819980377e+000	  1.9386441948597788e+000	  1.9505986135855085e+000	  2.0154985956478870e+000	
  1.9519982393850184e+000	  1.9503734507148860e+000	  1.8946665678006502e+000	  1.9792631446720739e+000	  1.9752541045108276e+000	  1.9262752819365514e+000	  2.0472745969121888e+000	  2.0619481897605558e+000	  2.1085153666677536e+000	  2.0160372392490440e+000	  1.9381962458742241e+000	  1.9501340111504566e+000	  2.0150640630730816e+000	
  1.9516697780722250e+000	  1.9500433328250701e+000	  1.8943618172515420e+000	  1.9789261725555898e+000	  1.9749168749582577e+000	  1.9259622354095256e+000	  2.0469243683142748e+000	  2.0615952965478859e+000	  2.1081618432926650e+000	  2.0156975221173199e+000	  1.9378721037340649e+000	  1.9498065887202285e+000	  2.0147133676783220e+000	
  1.9511058142134732e+000	  1.9494834647245733e+000	  1.8938141882893047e+000	  1.9783437320876704e+000	  1.9743407264776438e+000	  1.9253972225962401e+000	  2.0463066382031916e+000	  2.0609705098268614e+000	  2.1075094992865275e+000	  2.0150971313139432e+000	  1.9373222281020632e+000	  1.9492461851551073e+000	  2.0141234480647334e+000	
  1.9505849184288249e+000	  1.9489648858748585e+000	  1.8933007915198685e+000	  1.9778031686011945e+000	  1.9738047881184031e+000	  1.9248654010236654e+000	  2.0457272522944012e+000	  2.0603831563118407e+000	  2.1068864971450512e+000	  2.0145336032271723e+000	  1.9368134794784144e+000	  1.9487260949386735e+000	  2.0135728984980017e+000	
  1.9500353372595394e+000	  1.9484103995453734e+000	  1.8927746014920370e+000	  1.9772354667662091e+000	  1.9732343479409336e+000	  1.9243222511068740e+000	  2.0451259199077816e+000	  2.0597751857173581e+000	  2.1062583192549167e+000	  2.0139499549493252e+000	  1.9362594873504146e+000	  1.9481599828271738e+000	  2.0129839642920362e+000	
  1.9488468493832030e+000	  1.9472211008133462e+000	  1.8916131648727765e+000	  1.9759992343497153e+000	  1.9720029565257289e+000	  1.9231160299225725e+000	  2.0437971564286510e+000	  2.0584261077359414e+000	  2.1048321116511910e+000	  2.0126605586618753e+000	  1.9350892494939398e+000	  1.9469615225208212e+000	  2.0117120507548685e+000	
  1.9475411194963095e+000	  1.9459046661598909e+000	  1.8903702230219193e+000	  1.9746532804705286e+000	  1.9706511871723218e+000	  1.9218353439860378e+000	  2.0423778981539136e+000	  2.0569928031683751e+000	  2.1033608599482618e+000	  2.0112831059407443e+000	  1.9337735368946236e+000	  1.9456190149205708e+000	  2.0103176959947513e+000	
  1.9475286640043350e+000	  1.9459309327237311e+000	  1.8902861322761819e+000	  1.9746270231451934e+000	  1.9706653774751262e+000	  1.9217379388144149e+000	  2.0423151806421611e+000	  2.0569200768254237e+000	  2.1032047750805556e+000	  2.0112168229671341e+000	  1.9338573431499240e+000	  1.9457058832769552e+000	  2.0103435864237604e+000	
  1.9472797996431142e+000	  1.9456430659151027e+000	  1.8900873567698881e+000	  1.9743713439521351e+000	  1.9703708722811681e+000	  1.9215335576506467e+000	  2.0420507965989909e+000	  2.0566548045845070e+000	  2.1029676916225579e+000	  2.0109660608884390e+000	  1.9335168056663570e+000	  1.9453478707245950e+000	  2.0100277870157042e+000	
  1.9470100945845159e+000	  1.9453588195307912e+000	  1.8898596032447172e+000	  1.9740974464485679e+000	  1.9700834099291720e+000	  1.9213015989140598e+000	  2.0417748113595637e+000	  2.0563788340583304e+000	  2.1027147500833920e+000	  2.0107002677350567e+000	  1.9332228076436129e+000	  1.9450506095718065e+000	  2.0097216976617793e+000	
  1.9465811820758019e+000	  1.9449348600909633e+000	  1.8894544405359690e+000	  1.9736578132884355e+000	  1.9696501790014749e+000	  1.9208861570859843e+000	  2.0413169330795680e+000	  2.0559174437412273e+000	  2.1022468055167778e+000	  2.0102557906296648e+000	  1.9328079990695561e+000	  1.9446308046545766e+000	  2.0092787540556145e+000	
  1.9462077353474780e+000	  1.9445680754349994e+000	  1.8890825741948332e+000	  1.9732716425488148e+000	  1.9692721522316003e+000	  1.9205023281657816e+000	  2.0409050567858995e+000	  2.0555007236917024e+000	  2.1018028224850567e+000	  2.0098540895017902e+000	  1.9324520834343417e+000	  1.9442683729008994e+000	  2.0088943058947550e+000	
  1.9458325822140803e+000	  1.9441928757769096e+000	  1.8887165025669606e+000	  1.9728839380162648e+000	  1.9688858701599186e+000	  1.9201245230168276e+000	  2.0404931491205738e+000	  2.0550843379561403e+000	  2.1013662029171285e+000	  2.0094531769319577e+000	  1.9320801611466780e+000	  1.9438885434952711e+000	  2.0084976992265111e+000	
  1.9445449997520938e+000	  1.9429029199312655e+000	  1.8874603327871586e+000	  1.9715479381138741e+000	  1.9675532462540721e+000	  1.9188229533494146e+000	  2.0390632124681201e+000	  2.0536344432228169e+000	  2.0998405003635576e+000	  2.0080643428986393e+000	  1.9308072979892956e+000	  1.9425865840360370e+000	  2.0071234133615787e+000	
  1.9433728477293912e+000	  1.9417251127094854e+000	  1.8863209715788598e+000	  1.9703263486401348e+000	  1.9663318308181235e+000	  1.9176372155789119e+000	  2.0377463706810444e+000	  2.0522961902558023e+000	  2.0984267076295575e+000	  2.0067886940504982e+000	  1.9296442139786072e+000	  1.9413932974218899e+000	  2.0058569681572820e+000	
  1.9430111628895976e+000	  1.9413225333896635e+000	  1.8860419728358302e+000	  1.9699648306005204e+000	  1.9659293215025908e+000	  1.9173587079375065e+000	  2.0373950306182396e+000	  2.0519492288432062e+000	  2.0981438561690848e+000	  2.0064528855632933e+000	  1.9291879668294545e+000	  1.9409256242105426e+000	  2.0054301315984611e+000	
  1.9428172144315208e+000	  1.9411542240315789e+000	  1.8858384479783441e+000	  1.9697664475791912e+000	  1.9657577635114805e+000	  1.9171503712352691e+000	  2.0371881119422572e+000	  2.0517405813243430e+000	  2.0979138264964652e+000	  2.0062482521169516e+000	  1.9290576945235680e+000	  1.9408021845194887e+000	  2.0052611643185418e+000	
  1.9426602075606940e+000	  1.9410103737556501e+000	  1.8856630636547871e+000	  1.9696025990429276e+000	  1.9656075865789790e+000	  1.9169686511770074e+000	  2.0370072490612010e+000	  2.0515562822038915e+000	  2.0976996084470061e+000	  2.0060700244882175e+000	  1.9289272579560375e+000	  1.9406688265965701e+000	  2.0051166577212030e+000	
  1.9423533293376383e+000	  1.9407043672758941e+000	  1.8853507274690571e+000	  1.9692839861066291e+000	  1.9652911298528484e+000	  1.9166454667763380e+000	  2.0366637600268356e+000	  2.0512083257700424e+000	  2.0973226888640348e+000	  2.0057340071499254e+000	  1.9286252076285895e+000	  1.9403592995005274e+000	  2.0047936644816464e+000	
  1.9420445811342431e+000	  1.9403945956126738e+000	  1.8850466570807423e+000	  1.9689638747880784e+000	  1.9649713555442359e+000	  1.9163307759647479e+000	  2.0363212269738686e+000	  2.0508611467298739e+000	  2.0969560974408403e+000	  2.0054005296195996e+000	  1.9283193193647841e+000	  1.9400465786502255e+000	  2.0044642243341739e+000	
  1.9417281073801895e+000	  1.9400757521487348e+000	  1.8847411996751229e+000	  1.9686365602582809e+000	  1.9646429654332853e+000	  1.9160151521387345e+000	  2.0359733234570481e+000	  2.0505088824214934e+000	  2.0965901640513374e+000	  2.0050626239185250e+000	  1.9280022452858911e+000	  1.9397225795538340e+000	  2.0041254056281659e+000	
  1.9406872308945935e+000	  1.9390322482421334e+000	  1.8837293278278966e+000	  1.9675569438547558e+000	  1.9635653248428269e+000	  1.9149668674846836e+000	  2.0348189286260534e+000	  2.0493384714491776e+000	  2.0953618866720829e+000	  2.0039419276829946e+000	  1.9269716671803860e+000	  1.9386686480903670e+000	  2.0030134203006984e+000	
  1.9397418087983387e+000	  1.9380828770809861e+000	  1.8828089638221051e+000	  1.9665716560517694e+000	  1.9625807771942134e+000	  1.9140090573566728e+000	  2.0337564106970336e+000	  2.0482586484048944e+000	  2.0942199964141421e+000	  2.0029124930362157e+000	  1.9260349114071640e+000	  1.9377077184078459e+000	  2.0019927933710586e+000	
  1.9392102641313600e+000	  1.9375233277933983e+000	  1.8823560787812754e+000	  1.9660366657251014e+000	  1.9620183616896223e+000	  1.9135530012245643e+000	  2.0332241483097420e+000	  2.0477296361489432e+000	  2.0937416608396946e+000	  2.0023984507537635e+000	  1.9254397404815051e+000	  1.9371030682616170e+000	  2.0014074430179507e+000	
  1.9391798492931711e+000	  1.9375321564864534e+000	  1.8822762925828156e+000	  1.9659997600345758e+000	  1.9620219226218631e+000	  1.9134665258006804e+000	  2.0331691941866206e+000	  2.0476696666792207e+000	  2.0936266244114345e+000	  2.0023394605461675e+000	  1.9255038023819162e+000	  1.9371756267428810e+000	  2.0014233667711947e+000	
  1.9390877888265905e+000	  1.9374361106941953e+000	  1.8821765242263182e+000	  1.9659018620845894e+000	  1.9619200469151865e+000	  1.9133617578969622e+000	  2.0330568081812652e+000	  2.0475545195147107e+000	  2.0934947925332748e+000	  2.0022304486247022e+000	  1.9253967355538115e+000	  1.9370601098308471e+000	  2.0013228474182725e+000	
  1.9389609873135325e+000	  1.9372993384473143e+000	  1.8820600083854639e+000	  1.9657712042320366e+000	  1.9617799419099731e+000	  1.9132417102911716e+000	  2.0329196784073980e+000	  2.0474167081579573e+000	  2.0933572650299883e+000	  2.0020972781883795e+000	  1.9252507640226315e+000	  1.9369099439412878e+000	  2.0011738187347459e+000	
  1.9386475835995780e+000	  1.9369816467545917e+000	  1.8817656998895491e+000	  1.9654487424118716e+000	  1.9614544316517200e+000	  1.9129388401021270e+000	  2.0325816137043384e+000	  2.0470754835565956e+000	  2.0930123284973519e+000	  2.0017694528175167e+000	  1.9249334090380366e+000	  1.9365870152602769e+000	  2.0008359672518199e+000	
  1.9383592078821952e+000	  1.9366950520217328e+000	  1.8814844045275891e+000	  1.9651505778826328e+000	  1.9611592211615807e+000	  1.9126483057265788e+000	  2.0322645027143338e+000	  2.0467543497551119e+000	  2.0926758692270555e+000	  2.0014610864587090e+000	  1.9246526443522949e+000	  1.9363008762623792e+000	  2.0005332882571736e+000	
  1.9380704097688592e+000	  1.9364053505426315e+000	  1.8812044918511970e+000	  1.9648521578862015e+000	  1.9608610319300002e+000	  1.9123593545607511e+000	  2.0319475773383888e+000	  2.0464337215769421e+000	  2.0923416671449022e+000	  2.0011530004034053e+000	  1.9243652304140302e+000	  1.9360074129461131e+000	  2.0002265808276602e+000	
  1.9363454777057434e+000	  1.9346746718005334e+000	  1.8795283051954454e+000	  1.9630610073602217e+000	  1.9590719844317850e+000	  1.9106209124831639e+000	  2.0300285398208473e+000	  2.0444872129209930e+000	  2.0902954567490943e+000	  1.9992910819170628e+000	  1.9226550505183841e+000	  1.9342570338098652e+000	  1.9983776045087875e+000	
  1.9350231484023641e+000	  1.9333389325065713e+000	  1.8782421839942747e+000	  1.9616649558432833e+000	  1.9576711152162982e+000	  1.9092656087459288e+000	  2.0284897072434336e+000	  2.0429133372738035e+000	  2.0886035838322998e+000	  1.9978090554875274e+000	  1.9213395737714509e+000	  1.9328963901755940e+000	  1.9969060699759797e+000	
  1.9348554526029798e+000	  1.9330878387356236e+000	  1.8781611619601015e+000	  1.9614942334150618e+000	  1.9574085653268540e+000	  1.9091873533241646e+000	  2.0283013562973848e+000	  2.0427184333917845e+000	  2.0885054417909634e+000	  1.9976583759628623e+000	  1.9208846933414574e+000	  1.9323620275577160e+000	  1.9966717816350170e+000	
  1.9346536020400065e+000	  1.9327839246068763e+000	  1.8780597735514302e+000	  1.9612996315937654e+000	  1.9571105937557725e+000	  1.9090929119242634e+000	  2.0281297542684409e+000	  2.0425575224844437e+000	  2.0884291372119090e+000	  1.9974909668293408e+000	  1.9204501432438956e+000	  1.9319150231901288e+000	  1.9963371703110906e+000	
  1.9344669272309030e+000	  1.9325216638719185e+000	  1.8779591735172583e+000	  1.9611210520349203e+000	  1.9568593021039726e+000	  1.9089986391763980e+000	  2.0279853343458463e+000	  2.0424267668360061e+000	  2.0883683276152585e+000	  1.9973436181900195e+000	  1.9201438759871710e+000	  1.9316193629203395e+000	  1.9960227606601935e+000	
  1.9341446182998592e+000	  1.9321510845088985e+000	  1.8777612778388382e+000	  1.9608122118827758e+000	  1.9565069096215757e+000	  1.9088111081678019e+000	  2.0277320169723549e+000	  2.0421902479656038e+000	  2.0882466398525588e+000	  1.9970947518138495e+000	  1.9197885343687393e+000	  1.9312918530023337e+000	  1.9955880558656989e+000	
  1.9339313509461520e+000	  1.9319682647916727e+000	  1.8776057677570976e+000	  1.9606075087518398e+000	  1.9563347718854276e+000	  1.9086618876023964e+000	  2.0275607887347187e+000	  2.0420252824010734e+000	  2.0881418878356510e+000	  1.9969294762884968e+000	  1.9196723148390766e+000	  1.9312027511237486e+000	  1.9953962711541549e+000	
  1.9338044935495673e+000	  1.9319028145105217e+000	  1.8774887519537549e+000	  1.9604849670087552e+000	  1.9562738606104986e+000	  1.9085477835207698e+000	  2.0274534735823821e+000	  2.0419180391137863e+000	  2.0880492922812830e+000	  1.9968263130581136e+000	  1.9196792736467969e+000	  1.9312288439283323e+000	  1.9953548956605787e+000	
  1.9336769327581194e+000	  1.9318709345536287e+000	  1.8773332478712330e+000	  1.9603600159647634e+000	  1.9562431224304972e+000	  1.9083938383833199e+000	  2.0273319427081820e+000	  2.0417925259702359e+000	  2.0879015803006435e+000	  1.9967075696417946e+000	  1.9197332705639103e+000	  1.9312983840232554e+000	  1.9953812105383248e+000	
  1.9336458962012062e+000	  1.9319149875717212e+000	  1.8772301953525030e+000	  1.9603278874686292e+000	  1.9562851497929090e+000	  1.9082891607436963e+000	  2.0272871628697908e+000	  2.0417437686767630e+000	  2.0877819515914373e+000	  1.9966552526293839e+000	  1.9198445481210564e+000	  1.9314200652041023e+000	  1.9954762040276777e+000	
  1.9336701383156878e+000	  1.9319912049401020e+000	  1.8771648274065986e+000	  1.9603482726652961e+000	  1.9563572480031404e+000	  1.9082201554458240e+000	  2.0272856436026161e+000	  2.0417391088328203e+000	  2.0876885875167206e+000	  1.9966424115442027e+000	  1.9199689550185992e+000	  1.9315491645743186e+000	  1.9955874261793791e+000	
  1.9337132441288472e+000	  1.9320657346105472e+000	  1.8771223919397753e+000	  1.9603865218705725e+000	  1.9564269045118017e+000	  1.9081735192618505e+000	  2.0273001381853124e+000	  2.0417516096190402e+000	  2.0876167274546322e+000	  1.9966454498632837e+000	  1.9200716400337663e+000	  1.9316521854369573e+000	  1.9956833805765559e+000	
  1.9337580342308336e+000	  1.9321302553370410e+000	  1.8770490588778415e+000	  1.9604221683997274e+000	  1.9564825982388463e+000	  1.9080926941498801e+000	  2.0272986200895837e+000	  2.0417484715285283e+000	  2.0874976501684595e+000	  1.9966277018376264e+000	  1.9201509434652291e+000	  1.9317256263475207e+000	  1.9957613778141234e+000	
  1.9337748705231708e+000	  1.9321477382677517e+000	  1.8770019388391579e+000	  1.9604312978057030e+000	  1.9564933866074949e+000	  1.9080389753341274e+000	  2.0272840585192684e+000	  2.0417318536749409e+000	  2.0874193815199060e+000	  1.9966044149582409e+000	  1.9201766589494946e+000	  1.9317481766326758e+000	  1.9957711017899533e+000	
  1.9337644065404369e+000	  1.9321329845428208e+000	  1.8769660708099110e+000	  1.9604138028686433e+000	  1.9564723182072288e+000	  1.9079969776553503e+000	  2.0272495022914350e+000	  2.0416927696954006e+000	  2.0873548923171996e+000	  1.9965690523749491e+000	  1.9201636185997222e+000	  1.9317304533797615e+000	  1.9957454466910045e+000	
  1.9337261336762861e+000	  1.9320851987077796e+000	  1.8769273073583208e+000	  1.9603697327543914e+000	  1.9564192731050534e+000	  1.9079529497038852e+000	  2.0271937197756933e+000	  2.0416321237017709e+000	  2.0872892987832574e+000	  1.9965163146843485e+000	  1.9201112282754997e+000	  1.9316730729769664e+000	  1.9956849511425707e+000	
  1.9335897486847073e+000	  1.9319292144468769e+000	  1.8768145978091595e+000	  1.9602238526074398e+000	  1.9562549057342622e+000	  1.9078312833926532e+000	  2.0270314974081738e+000	  2.0414621680003857e+000	  2.0871269787236759e+000	  1.9963638129411532e+000	  1.9199452638426471e+000	  1.9314990603012105e+000	  1.9955023883089384e+000	
  1.9334231740999857e+000	  1.9317529486770642e+000	  1.8766738105164671e+000	  1.9600494329575124e+000	  1.9560717944020698e+000	  1.9076828534753163e+000	  2.0268442392606238e+000	  2.0412694713000170e+000	  2.0869407952646108e+000	  1.9961865355997435e+000	  1.9197664122965654e+000	  1.9313148751760094e+000	  1.9953055815395686e+000	
  1.9332462983604415e+000	  1.9315718517580256e+000	  1.8765138332117743e+000	  1.9598652682367446e+000	  1.9558842601753617e+000	  1.9075158474156169e+000	  2.0266470793373905e+000	  2.0410687457757142e+000	  2.0867379527320038e+000	  1.9959978715289610e+000	  1.9195843823918683e+000	  1.9311278643865695e+000	  1.9951084968029487e+000	
  1.9330636071221423e+000	  1.9313866933522366e+000	  1.8763424599486331e+000	  1.9596756768413242e+000	  1.9556930215752411e+000	  1.9073378913569554e+000	  2.0264447205545970e+000	  2.0408639364123831e+000	  2.0865268632797580e+000	  1.9958027865477665e+000	  1.9193988791709840e+000	  1.9309377530431391e+000	  1.9949089899143104e+000	
  1.9326563880728802e+000	  1.9309769258549032e+000	  1.8759542955101534e+000	  1.9592536791664812e+000	  1.9552702443794980e+000	  1.9069357205126058e+000	  2.0259949336795602e+000	  2.0404090909529047e+000	  2.0860548786042363e+000	  1.9953677731528998e+000	  1.9189910370359289e+000	  1.9305205423612455e+000	  1.9944702834058077e+000	
  1.9323943444505289e+000	  1.9307148377742527e+000	  1.8757005707069649e+000	  1.9589821208988747e+000	  1.9549997700553747e+000	  1.9066730163152272e+000	  2.0257050543976338e+000	  2.0401158278806126e+000	  2.0857475883116465e+000	  1.9950866450932343e+000	  1.9187318925326076e+000	  1.9302556592098661e+000	  1.9941908983427084e+000	
