0.88526	0.88526	0.88526	0.84575	0.68039	0.25324	0.12321	0.072598	0.045419	0.029739	0.020176	0.014082	0.0073291
0.88986	0.88986	0.88986	0.8437	0.65348	0.23453	0.1204	0.071895	0.045432	0.02998	0.020467	0.014359	0.0075329
0.80574	0.80574	0.80574	0.68058	0.29544	0.12056	0.065304	0.038444	0.024054	0.015757	0.010698	0.0074728	0.0038961
0.81033	0.81033	0.81033	0.6906	0.30644	0.12288	0.066485	0.039116	0.024467	0.016027	0.010881	0.0076022	0.0039653
0.81191	0.81191	0.81191	0.74003	0.41751	0.14275	0.07435	0.042602	0.026146	0.016885	0.011339	0.007854	0.0040453
0.81302	0.81302	0.81302	0.77947	0.57434	0.17772	0.087368	0.048114	0.028713	0.018164	0.012008	0.008216	0.0041567
0.81473	0.81473	0.81473	0.80239	0.69232	0.25753	0.10544	0.055418	0.032023	0.019793	0.012859	0.0086805	0.0043079
0.7531	0.7531	0.7531	0.66082	0.28043	0.10562	0.053288	0.02992	0.018109	0.011578	0.0077176	0.0053152	0.0027159
0.75989	0.75989	0.75989	0.53355	0.16895	0.080609	0.043459	0.025542	0.015976	0.010469	0.0071123	0.0049731	0.0025987
0.76555	0.76555	0.76555	0.36711	0.12881	0.065652	0.037058	0.022499	0.014413	0.0096189	0.0066293	0.0046891	0.0024932
0.76992	0.76992	0.76992	0.23758	0.10423	0.055657	0.032461	0.020179	0.013158	0.0089024	0.0062026	0.0044262	0.0023851
0.77726	0.77726	0.77726	0.14208	0.07471	0.043025	0.026484	0.017135	0.011519	0.007983	0.0056707	0.0041114	0.0022702
0.68386	0.68386	0.68385	0.061146	0.034521	0.020935	0.013388	0.0089176	0.0061333	0.0043289	0.0031212	0.0022911	0.0012897
0.691	0.69089	0.65566	0.048298	0.028617	0.017979	0.011809	0.0080309	0.0056158	0.0040175	0.0029293	0.0021706	0.0012401
0.69732	0.69251	0.5365	0.041329	0.025215	0.016192	0.010817	0.0074552	0.0052699	0.0038038	0.0027943	0.0020836	0.0012026
0.70405	0.68822	0.32346	0.036413	0.022742	0.014867	0.010071	0.0070192	0.0050074	0.003642	0.0026927	0.002019	0.0011757
0.71197	0.67848	0.1719	0.032432	0.020716	0.01378	0.0094644	0.0066708	0.0048031	0.0035208	0.0026204	0.0019761	0.0011615
0.69034	0.61884	0.10072	0.025204	0.016513	0.011207	0.007824	0.0055896	0.0040707	0.0030131	0.0022616	0.0017181	0.0010224
0.69405	0.6163	0.090696	0.024679	0.016127	0.010923	0.007613	0.0054318	0.0039516	0.0029223	0.0021918	0.001664	0.00098919
0.69797	0.61389	0.081743	0.024103	0.015715	0.010625	0.0073961	0.0052714	0.0038316	0.0028315	0.0021224	0.0016105	0.00095661
0.70378	0.61045	0.072412	0.023413	0.015285	0.010347	0.0072095	0.005143	0.0037412	0.0027667	0.0020751	0.0015756	0.00093681
0.71043	0.60639	0.063825	0.022656	0.014837	0.01007	0.0070313	0.0050251	0.0036613	0.0027114	0.0020362	0.0015478	0.00092213
0.68543	0.55293	0.049967	0.019017	0.01248	0.0084857	0.005935	0.0042477	0.0030989	0.0022977	0.0017275	0.0013144	0.00078452
0.69197	0.54745	0.044358	0.018295	0.012041	0.0082064	0.0057511	0.0041232	0.0030127	0.0022368	0.0016837	0.0012825	0.00076694
0.69643	0.54395	0.03993	0.017526	0.01153	0.007856	0.0055048	0.0039464	0.0028834	0.0021409	0.0016115	0.0012276	0.00073423
0.70001	0.54133	0.036036	0.016692	0.010963	0.0074606	0.0052227	0.0037413	0.0027319	0.0020274	0.0015255	0.0011617	0.00069443
0.70551	0.53653	0.031957	0.015795	0.010396	0.007087	0.0049687	0.0035641	0.0026056	0.0019357	0.0014579	0.0011112	0.00066522
0.65702	0.44255	0.023417	0.012179	0.0080094	0.0054588	0.0038276	0.0027465	0.0020089	0.0014934	0.0011256	0.00085856	0.00051486
0.66383	0.43408	0.020463	0.011641	0.0076994	0.005273	0.0037128	0.0026741	0.0019625	0.0014633	0.001106	0.00084577	0.00050952
0.6619	0.44276	0.018876	0.011022	0.0072075	0.0048924	0.0034204	0.0024493	0.0017888	0.0013284	0.0010005	0.00076286	0.00045733
0.6539	0.46122	0.017991	0.010384	0.0066247	0.0044113	0.003037	0.0021474	0.0015518	0.001142	0.0008535	0.00064635	0.00038313
0.63193	0.48874	0.018469	0.0099088	0.0059869	0.003825	0.0025487	0.001755	0.0012406	0.00089613	0.00065906	0.00049219	0.00028507
0.60597	0.50884	0.019635	0.0098679	0.0055387	0.0033545	0.0021463	0.0014312	0.0009858	0.00069687	0.00050327	0.00037001	0.00020892
0.58591	0.51719	0.019915	0.0097542	0.0050964	0.0029384	0.0018135	0.0011765	0.00079292	0.00055069	0.0003919	0.00028457	0.00015751
0.57822	0.52272	0.018209	0.009171	0.0045551	0.0025408	0.001532	0.00097688	0.00064965	0.00044644	0.00031498	0.0002271	0.00012431
