0.83773	0.83773	0.83773	0.83773	0.83773	0.83773	0.83773	0.83773	0.83773	0.83773	0.83773	0.83773	0.83773
0.79774	0.79774	0.79774	0.79774	0.79774	0.79774	0.79774	0.79774	0.79774	0.79773	0.79773	0.79773	0.79773
0.91182	0.91182	0.91182	0.91182	0.91182	0.91182	0.91182	0.91182	0.91183	0.91182	0.91182	0.91182	0.91182
1.0557	1.0557	1.0557	1.0557	1.0557	1.0557	1.0557	1.0557	1.0557	1.0557	1.0557	1.0557	1.0557
1.1988	1.1988	1.1988	1.1988	1.1988	1.1988	1.1988	1.1988	1.1975	1.1988	1.1988	1.1988	1.1988
1.375	1.375	1.3749	1.3749	1.3749	1.3749	1.3749	1.3749	1.375	1.375	1.375	1.375	1.375
1.5435	1.5435	1.5435	1.5435	1.5435	1.5435	1.5435	1.5435	1.5435	1.5435	1.5435	1.5435	1.5435
1.6476	1.6476	1.6476	1.6476	1.6476	1.6476	1.6476	1.6476	1.6476	1.6476	1.6476	1.6476	1.6476
1.654	1.654	1.654	1.654	1.654	1.654	1.654	1.654	1.654	1.654	1.654	1.654	1.654
1.6085	1.6085	1.6086	1.6086	1.6086	1.6086	1.6086	1.6086	1.6085	1.6085	1.6085	1.6085	1.6085
1.5924	1.5924	1.5924	1.5924	1.5924	1.5924	1.5924	1.5924	1.5924	1.5924	1.5924	1.5924	1.5924
1.6144	1.6144	1.6144	1.6144	1.6144	1.6144	1.6144	1.6144	1.6145	1.6144	1.6144	1.6144	1.6144
1.6533	1.6533	1.6533	1.6533	1.6533	1.6533	1.6533	1.6533	1.6533	1.6533	1.6533	1.6533	1.6533
1.7478	1.7478	1.7478	1.7478	1.7478	1.7478	1.7478	1.7478	1.7478	1.7478	1.7478	1.7478	1.7478
1.8872	1.8872	1.8872	1.8872	1.8872	1.8872	1.8872	1.8872	1.8872	1.8872	1.8872	1.8872	1.8872
2.0441	2.0441	2.0441	2.0441	2.0441	2.0441	2.0441	2.0441	2.0441	2.0441	2.0441	2.0441	2.0441
2.1474	2.1474	2.1474	2.1474	2.1474	2.1474	2.1474	2.1474	2.1474	2.1474	2.1474	2.1474	2.1474
2.1823	2.1823	2.1823	2.1823	2.1823	2.1823	2.1823	2.1823	2.1823	2.1823	2.1823	2.1823	2.1823
2.1749	2.1749	2.175	2.175	2.175	2.175	2.175	2.175	2.1749	2.1749	2.1749	2.1749	2.1749
2.1917	2.1917	2.1917	2.1917	2.1917	2.1917	2.1917	2.1917	2.1917	2.1917	2.1917	2.1917	2.1917
2.2646	2.2646	2.2646	2.2646	2.2646	2.2646	2.2646	2.2646	2.2646	2.2646	2.2646	2.2646	2.2646
2.3064	2.3064	2.3064	2.3064	2.3064	2.3064	2.3064	2.3064	2.3063	2.3064	2.3064	2.3064	2.3064
2.3518	2.3518	2.3518	2.3518	2.3518	2.3518	2.3518	2.3518	2.3518	2.3518	2.3518	2.3518	2.3518
2.3598	2.3598	2.3598	2.3598	2.3598	2.3598	2.3598	2.3598	2.3598	2.3598	2.3598	2.3598	2.3598
2.4593	2.4593	2.4593	2.4593	2.4593	2.4593	2.4593	2.4593	2.4593	2.4593	2.4593	2.4593	2.4593
2.4166	2.4166	2.4166	2.4166	2.4166	2.4166	2.4166	2.4166	2.4166	2.4166	2.4166	2.4166	2.4166
2.431	2.431	2.4311	2.4311	2.4311	2.4311	2.4311	2.4311	2.431	2.431	2.431	2.431	2.431
2.4354	2.4354	2.4355	2.4355	2.4355	2.4355	2.4355	2.4355	2.4354	2.4354	2.4354	2.4354	2.4354
2.5167	2.5167	2.5167	2.5167	2.5167	2.5167	2.5167	2.5167	2.5166	2.5166	2.5166	2.5166	2.5166
2.628	2.628	2.6279	2.6279	2.6279	2.6279	2.6279	2.6279	2.628	2.628	2.628	2.628	2.628
2.7247	2.7247	2.7247	2.7247	2.7247	2.7247	2.7247	2.7247	2.7247	2.7247	2.7247	2.7247	2.7247
2.8046	2.8046	2.8046	2.8046	2.8046	2.8046	2.8046	2.8046	2.8046	2.8046	2.8046	2.8046	2.8046
2.7682	2.7682	2.7683	2.7683	2.7683	2.7683	2.7683	2.7683	2.7683	2.7683	2.7683	2.7682	2.7682
2.7145	2.7145	2.7146	2.7146	2.7146	2.7146	2.7146	2.7145	2.7145	2.7145	2.7145	2.7145	2.7145
2.7487	2.7487	2.7486	2.7486	2.7486	2.7486	2.7486	2.7487	2.7487	2.7487	2.7487	2.7487	2.7487
2.7022	2.7022	2.7022	2.7022	2.7022	2.7022	2.7022	2.7022	2.7022	2.7022	2.7022	2.7022	2.7022
2.7037	2.7037	2.7037	2.7037	2.7037	2.7037	2.7037	2.7037	2.7037	2.7037	2.7037	2.7037	2.7037
2.6992	2.6992	2.6992	2.6992	2.6992	2.6992	2.6992	2.6992	2.6992	2.6992	2.6992	2.6992	2.6992
2.7086	2.7086	2.7086	2.7086	2.7086	2.7086	2.7086	2.7086	2.7086	2.7086	2.7086	2.7086	2.7086
2.7107	2.7107	2.7107	2.7107	2.7107	2.7107	2.7107	2.7107	2.7107	2.7107	2.7107	2.7107	2.7107
2.679	2.679	2.679	2.679	2.679	2.679	2.679	2.679	2.679	2.679	2.679	2.679	2.679
2.5792	2.5792	2.5792	2.5791	2.5791	2.5791	2.5791	2.5792	2.5792	2.5792	2.5792	2.5792	2.5792
2.6368	2.6368	2.6368	2.6368	2.6368	2.6368	2.6368	2.6368	2.6368	2.6368	2.6368	2.6368	2.6368
2.6811	2.6811	2.6811	2.6811	2.6811	2.6811	2.6811	2.6811	2.6811	2.6811	2.6811	2.6811	2.6811
2.6975	2.6975	2.6975	2.6976	2.6975	2.6975	2.6975	2.6975	2.6975	2.6975	2.6975	2.6975	2.6975
2.696	2.696	2.696	2.696	2.696	2.696	2.696	2.696	2.696	2.696	2.696	2.696	2.696
2.7475	2.7475	2.7475	2.7475	2.7475	2.7475	2.7475	2.7475	2.7475	2.7475	2.7475	2.7475	2.7475
2.7543	2.7543	2.7543	2.7544	2.7544	2.7543	2.7543	2.7543	2.7543	2.7543	2.7543	2.7543	2.7543
2.7976	2.7976	2.7976	2.7976	2.7976	2.7976	2.7976	2.7976	2.7976	2.7976	2.7976	2.7976	2.7976
2.8522	2.8522	2.8522	2.8523	2.8523	2.8522	2.8522	2.8522	2.8522	2.8522	2.8522	2.8522	2.8522
2.847	2.847	2.847	2.847	2.847	2.847	2.847	2.847	2.847	2.847	2.847	2.847	2.847
2.7287	2.7287	2.7287	2.7287	2.7287	2.7287	2.7287	2.7287	2.7287	2.7287	2.7287	2.7287	2.7287
2.7095	2.7095	2.7095	2.7096	2.7095	2.7095	2.7095	2.7095	2.7095	2.7095	2.7095	2.7095	2.7095
2.6734	2.6734	2.6734	2.6733	2.6734	2.6734	2.6734	2.6734	2.6734	2.6734	2.6734	2.6734	2.6734
2.793	2.793	2.793	2.793	2.793	2.793	2.793	2.793	2.793	2.793	2.793	2.793	2.793
3.2127	3.2127	3.2127	3.2127	3.2127	3.2127	3.2127	3.2127	3.2127	3.2127	3.2127	3.2127	3.2127
3.5906	3.5906	3.5906	3.5907	3.5906	3.5906	3.5906	3.5906	3.5906	3.5906	3.5906	3.5906	3.5906
3.8416	3.8416	3.8416	3.8416	3.8416	3.8413	3.8416	3.8416	3.8416	3.8416	3.8416	3.8416	3.8416
3.8658	3.8658	3.8658	3.8658	3.8658	3.8658	3.8658	3.8658	3.8658	3.8658	3.8658	3.8658	3.8658
