1.575e+10
1.575e+10
1.575e+10
1.575e+10
1.575e+10
1.575e+10
1.575e+10
1.575e+10
1.575e+10
1.575e+10
1.575e+10
1.575e+10
1.575e+10
1.575e+10
1.575e+10
1.575e+10
1.575e+10
1.575e+10
1.575e+10
1.575e+10
1.575e+10
1.575e+10
1.575e+10
1.575e+10
1.2927e+10
1.2762e+10
1.302e+10
1.3441e+10
1.3557e+10
1.3349e+10
1.3212e+10
1.3171e+10
1.3044e+10
1.3127e+10
1.2247e+10
1.1789e+10
1.1744e+10
1.1475e+10
1.1122e+10
1.0725e+10
1.0407e+10
1.0199e+10
9.8398e+09
9.5856e+09
9.3971e+09
9.1265e+09
8.5526e+09
8.0206e+09
7.5044e+09
7.0768e+09
6.7253e+09
6.5902e+09
6.4437e+09
6.4722e+09
6.4432e+09
6.1112e+09
6.0412e+09
6.1324e+09
6.2062e+09
