  9.9998126825824875e+002	
  9.9998190224861582e+002	
  9.9998253597274356e+002	
  9.9998316942942699e+002	
  9.9998948389490806e+002	
  9.9999577840364429e+002	
  1.0000020554645550e+003	
  1.0000642036567166e+003	
  1.0001260392267252e+003	
  1.0001877391048030e+003	
  1.0008013152613825e+003	
  1.0014117875053130e+003	
  1.0020194123240243e+003	
  1.0055691172636443e+003	
  1.0090864597167564e+003	
  1.0125921875522519e+003	
  1.0198608111832352e+003	
  1.0271899998587210e+003	
  1.0346037588970021e+003	
  1.0420987138800990e+003	
  1.0530397714574729e+003	
  1.0640485088947078e+003	
  1.0750622229037635e+003	
  1.0860360945560260e+003	
  1.0969424243053409e+003	
  1.1149298689717170e+003	
  1.1326780347070048e+003	
  1.1502164948789343e+003	
  1.1675695764181360e+003	
  1.1847650569376997e+003	
  1.2043085100704718e+003	
  1.2237985584154301e+003	
  1.2432996837155310e+003	
  1.2595634724149249e+003	
  1.2757830438554683e+003	
  1.2919302219042343e+003	
  1.3079901646050255e+003	
  1.3276374576833202e+003	
  1.3471608010659011e+003	
  1.3665950370047553e+003	
  1.3859611505810826e+003	
  1.4052819151397011e+003	
  1.4281846862715558e+003	
  1.4511869755574357e+003	
  1.4743649748977273e+003	
  1.4976981627023470e+003	
  1.5211156474475983e+003	
  1.5474420111523732e+003	
  1.5737324542299025e+003	
  1.5999497327799997e+003	
  1.6260533415437851e+003	
  1.6520192638019646e+003	
  1.6830158919187538e+003	
  1.7138317439606878e+003	
  1.7301192230608417e+003	
  1.7352055396848932e+003	
  1.7368575711526444e+003	
  1.7367750690229802e+003	
  1.7361113402307844e+003	
  1.7347333523885795e+003	
  1.7330762004681976e+003	
  1.7311779635076073e+003	
  1.7269851696427040e+003	
  1.7222737675108770e+003	
  1.7172255790206939e+003	
  1.7119956579716629e+003	
  1.7022226769023227e+003	
  1.6925977054305799e+003	
  1.6833019305284599e+003	
  1.6743576153379308e+003	
  1.6657431676544911e+003	
  1.6537193983593570e+003	
  1.6422856109654431e+003	
  1.6313702599752942e+003	
  1.6209253828315548e+003	
  1.6109037005905770e+003	
  1.5912141779900171e+003	
  1.5726542024786968e+003	
  1.5579321553006425e+003	
  1.5465667591398449e+003	
  1.5357723225356397e+003	
  1.5254131473505101e+003	
  1.5153747594036142e+003	
  1.4987419076800420e+003	
  1.4825257082504022e+003	
  1.4668991347648105e+003	
  1.4519541933834016e+003	
  1.4327948517715674e+003	
  1.4294047301519981e+003	
  1.4279843563783538e+003	
  1.4274751587818198e+003	
  1.4272430479113655e+003	
  1.4268627350077711e+003	
  1.4263880474600805e+003	
  1.4258316116936307e+003	
  1.4248295621117668e+003	
  1.4237409407282471e+003	
  1.4226122661604227e+003	
  1.4183810224704782e+003	
  1.4130184337719506e+003	
  1.4079519186134703e+003	
  1.4033895244437758e+003	
  1.3975161158476687e+003	
  1.3921157891091584e+003	
  1.3873662358730858e+003	
  1.3830237357150197e+003	
  1.3763825447493455e+003	
  1.3707665868354488e+003	
  1.3662713456334097e+003	
  1.3629701707059139e+003	
  1.3606020850401283e+003	
  1.3579079396893098e+003	
  1.3558825788979038e+003	
  1.3531346004697334e+003	
  1.3508974055872688e+003	
  1.3487644950773033e+003	
  1.3459275125090519e+003	
  1.3416042870741203e+003	
  1.3367542124828112e+003	
  1.3318523486363551e+003	
  1.3256636522911133e+003	
  1.3196708563533143e+003	
  1.3138784284553285e+003	
  1.3038265724510852e+003	
  1.2940348930721673e+003	
  1.2847120489288670e+003	
  1.2759133339901534e+003	
  1.2633251406599163e+003	
  1.2513005917767352e+003	
  1.2401768419519544e+003	
  1.2351500761214261e+003	
  1.2326031394361785e+003	
  1.2318384163836147e+003	
  1.2310822120439743e+003	
  1.2303243392625782e+003	
  1.2295557992434613e+003	
  1.2286387698205176e+003	
  1.2277004406633537e+003	
  1.2267450847203249e+003	
  1.2257783140081194e+003	
  1.2235531891050168e+003	
  1.2213092066733655e+003	
  1.2190680997165966e+003	
  1.2168452489790980e+003	
  1.2125748609477835e+003	
  1.2083350074292357e+003	
  1.2041813909232174e+003	
  1.2001516312286526e+003	
  1.1926870601993407e+003	
  1.1853563382859190e+003	
  1.1784634087728061e+003	
  1.1720415608438152e+003	
  1.1618146894038052e+003	
  1.1520655287268980e+003	
  1.1433687001273433e+003	
  1.1356370781400040e+003	
  1.1283568084666279e+003	
  1.1197520334215890e+003	
  1.1119097691863515e+003	
  1.1049497968514859e+003	
  1.0985390541197503e+003	
  1.0878712647173409e+003	
  1.0789532946701620e+003	
  1.0715674324454490e+003	
  1.0643517352935908e+003	
  1.0599178064209179e+003	
  1.0549391566444044e+003	
  1.0510601994056044e+003	
  1.0468749729662259e+003	
  1.0435287907983968e+003	
  1.0414752799819109e+003	
  1.0408454059495741e+003	
  1.0398154011381853e+003	
  1.0387421270665375e+003	
  1.0362938396862191e+003	
  1.0337269234012613e+003	
  1.0318331499102096e+003	
  1.0294753206888229e+003	
  1.0283473806700704e+003	
  1.0267966193141394e+003	
  1.0255955631384277e+003	
  1.0239170193984078e+003	
  1.0224914564119852e+003	
  1.0210383801870327e+003	
  1.0193245691496270e+003	
  1.0177681267935650e+003	
  1.0163335496079264e+003	
  1.0150531854537938e+003	
  1.0129660081201032e+003	
  1.0119397261071484e+003	
  1.0103931965858209e+003	
  1.0106634771456762e+003	
  1.0101568098889842e+003	
  1.0097310744514409e+003	
  1.0094691294496623e+003	
  1.0092864409757453e+003	
  1.0091602247289472e+003	
  1.0090374219738777e+003	
  1.0086839275538013e+003	
  1.0082945138289863e+003	
  1.0079837281201761e+003	
  1.0076692670010123e+003	
  1.0068751282524852e+003	
  1.0067013859140411e+003	
  1.0065623650550153e+003	
  1.0063850066460166e+003	
  1.0062198164926259e+003	
  1.0059328240689888e+003	
  1.0056468126686267e+003	
  1.0054059247836145e+003	
  1.0051453549857380e+003	
  1.0044899063938052e+003	
  1.0043295821621597e+003	
  1.0029020301015082e+003	
  1.0041823282258879e+003	
  1.0041724372850919e+003	
  1.0039490861814104e+003	
  1.0038136930912692e+003	
  1.0036489048084389e+003	
  1.0035312913818980e+003	
  1.0034249505050394e+003	
  1.0030296326445748e+003	
  1.0027256661159861e+003	
  1.0023344676202802e+003	
  1.0025509649070135e+003	
  1.0018794872214025e+003	
  1.0021840942914943e+003	
  1.0021493257436555e+003	
  1.0020865064064591e+003	
  1.0020112473165053e+003	
  1.0019455278178514e+003	
  1.0015539433107408e+003	
  1.0013795078857886e+003	
  1.0006005566519538e+003	
  1.0010246179627388e+003	
  1.0011444563778547e+003	
  1.0011722622871647e+003	
  1.0011290034185618e+003	
  1.0011136827906021e+003	
  1.0009765295802885e+003	
  1.0008575489861878e+003	
  1.0007808549347900e+003	
  1.0005049542895940e+003	
  1.0009901577196127e+003	
  9.9805001439581599e+002	
  9.9663272703228540e+002	
  9.9623408531269081e+002	
  9.9641053785524491e+002	
  9.9677309430744526e+002	
  9.9735893650218782e+002	
  9.9793392787848802e+002	
  9.9841304269764771e+002	
  9.9892245934244795e+002	
  9.9931596205401445e+002	
  9.9960100502817045e+002	
  9.9980159216035122e+002	
  9.9992357348029839e+002	
