  2.5000000000000000e+001	  2.5000000000000000e+001	  2.5000000000000000e+001	  1.6000000000000000e+001	  1.6000000000000000e+001	  1.6000000000000000e+001	  1.2000000000000000e+001	  1.2000000000000000e+001	  1.2000000000000000e+001	  1.2000000000000000e+001	  1.8000000000000000e+001	  1.4000000000000000e+001	  1.2000000000000000e+001	
  2.5000000000000000e+001	  2.5000000000000000e+001	  2.5000000000000000e+001	  1.6000000000000000e+001	  1.6000000000000000e+001	  1.6000000000000000e+001	  1.2000000000000000e+001	  1.2000000000000000e+001	  1.2000000000000000e+001	  1.2000000000000000e+001	  1.8000000000000000e+001	  1.4000000000000000e+001	  1.2000000000000000e+001	
  2.4999999999707047e+001	  2.4999999999707047e+001	  2.4999999999707047e+001	  1.5999999999707045e+001	  1.5999999999707045e+001	  1.5999999999707045e+001	  1.1999999999707045e+001	  1.1999999999707045e+001	  1.1999999999707045e+001	  1.1999999999707045e+001	  1.7999999999707047e+001	  1.3999999999707045e+001	  1.1999999999707045e+001	
  2.4999999999424720e+001	  2.4999999999424720e+001	  2.4999999999424720e+001	  1.5999999999424718e+001	  1.5999999999424718e+001	  1.5999999999424718e+001	  1.1999999999424718e+001	  1.1999999999424718e+001	  1.1999999999424718e+001	  1.1999999999424718e+001	  1.7999999999424720e+001	  1.3999999999424718e+001	  1.1999999999424718e+001	
  2.4999999999248651e+001	  2.4999999999248651e+001	  2.4999999999248651e+001	  1.5999999999248651e+001	  1.5999999999248651e+001	  1.5999999999248651e+001	  1.1999999999248651e+001	  1.1999999999248651e+001	  1.1999999999248651e+001	  1.1999999999248651e+001	  1.7999999999248651e+001	  1.3999999999248651e+001	  1.1999999999248651e+001	
  2.4999999998543860e+001	  2.4999999998543860e+001	  2.4999999998543860e+001	  1.5999999998543860e+001	  1.5999999998543860e+001	  1.5999999998543860e+001	  1.1999999998543860e+001	  1.1999999998543860e+001	  1.1999999998543860e+001	  1.1999999998543860e+001	  1.7999999998543860e+001	  1.3999999998543860e+001	  1.1999999998543860e+001	
  2.4999999998891646e+001	  2.4999999998891646e+001	  2.4999999998891646e+001	  1.5999999998891644e+001	  1.5999999998891644e+001	  1.5999999998891644e+001	  1.1999999998891644e+001	  1.1999999998891644e+001	  1.1999999998891644e+001	  1.1999999998891644e+001	  1.7999999998891646e+001	  1.3999999998891644e+001	  1.1999999998891644e+001	
  2.5000000009765817e+001	  2.5000000009765817e+001	  2.5000000009765817e+001	  1.6000000009765813e+001	  1.6000000009765813e+001	  1.6000000009765813e+001	  1.2000000009765813e+001	  1.2000000009765813e+001	  1.2000000009765813e+001	  1.2000000009765813e+001	  1.8000000009765817e+001	  1.4000000009765813e+001	  1.2000000009765813e+001	
  2.5000000221702013e+001	  2.5000000221702013e+001	  2.5000000221702013e+001	  1.6000000221702010e+001	  1.6000000221702010e+001	  1.6000000221702010e+001	  1.2000000221702011e+001	  1.2000000221702011e+001	  1.2000000221702011e+001	  1.2000000221702011e+001	  1.8000000221702013e+001	  1.4000000221702011e+001	  1.2000000221702011e+001	
  2.5000000536743698e+001	  2.5000000536743698e+001	  2.5000000536743698e+001	  1.6000000536743695e+001	  1.6000000536743695e+001	  1.6000000536743695e+001	  1.2000000536743697e+001	  1.2000000536743697e+001	  1.2000000536743697e+001	  1.2000000536743697e+001	  1.8000000536743698e+001	  1.4000000536743697e+001	  1.2000000536743697e+001	
  2.5000001885928778e+001	  2.5000001885928778e+001	  2.5000001885928778e+001	  1.6000001885928775e+001	  1.6000001885928775e+001	  1.6000001885928775e+001	  1.2000001885928775e+001	  1.2000001885928775e+001	  1.2000001885928775e+001	  1.2000001885928775e+001	  1.8000001885928778e+001	  1.4000001885928775e+001	  1.2000001885928775e+001	
  2.5000025596440015e+001	  2.5000025596440015e+001	  2.5000025596440015e+001	  1.6000025596440011e+001	  1.6000025596440011e+001	  1.6000025596440011e+001	  1.2000025596440011e+001	  1.2000025596440011e+001	  1.2000025596440011e+001	  1.2000025596440011e+001	  1.8000025596440015e+001	  1.4000025596440011e+001	  1.2000025596440011e+001	
  2.5000059386088946e+001	  2.5000059386088946e+001	  2.5000059386088946e+001	  1.6000059386088942e+001	  1.6000059386088942e+001	  1.6000059386088942e+001	  1.2000059386088942e+001	  1.2000059386088942e+001	  1.2000059386088942e+001	  1.2000059386088942e+001	  1.8000059386088946e+001	  1.4000059386088942e+001	  1.2000059386088942e+001	
  2.5000153228291861e+001	  2.5000153228291861e+001	  2.5000153228291861e+001	  1.6000153228291857e+001	  1.6000153228291857e+001	  1.6000153228291857e+001	  1.2000153228291859e+001	  1.2000153228291859e+001	  1.2000153228291859e+001	  1.2000153228291859e+001	  1.8000153228291861e+001	  1.4000153228291859e+001	  1.2000153228291859e+001	
  2.5001052955697052e+001	  2.5001052955697052e+001	  2.5001052955697052e+001	  1.6001052955697048e+001	  1.6001052955697048e+001	  1.6001052955697048e+001	  1.2001052955697050e+001	  1.2001052955697050e+001	  1.2001052955697050e+001	  1.2001052955697050e+001	  1.8001052955697052e+001	  1.4001052955697050e+001	  1.2001052955697050e+001	
  2.5002275043027591e+001	  2.5002275043027591e+001	  2.5002275043027591e+001	  1.6002275043027588e+001	  1.6002275043027588e+001	  1.6002275043027588e+001	  1.2002275043027590e+001	  1.2002275043027590e+001	  1.2002275043027590e+001	  1.2002275043027590e+001	  1.8002275043027591e+001	  1.4002275043027590e+001	  1.2002275043027590e+001	
  2.5004174698682071e+001	  2.5004174698682071e+001	  2.5004174698682071e+001	  1.6004174698682068e+001	  1.6004174698682068e+001	  1.6004174698682068e+001	  1.2004174698682068e+001	  1.2004174698682068e+001	  1.2004174698682068e+001	  1.2004174698682068e+001	  1.8004174698682071e+001	  1.4004174698682068e+001	  1.2004174698682068e+001	
  2.5009488432734059e+001	  2.5009488432734059e+001	  2.5009488432734059e+001	  1.6009488432734056e+001	  1.6009488432734056e+001	  1.6009488432734056e+001	  1.2009488432734054e+001	  1.2009488432734054e+001	  1.2009488432734054e+001	  1.2009488432734054e+001	  1.8009488432734059e+001	  1.4009488432734054e+001	  1.2009488432734054e+001	
  2.5016037540268172e+001	  2.5016037540268172e+001	  2.5016037540268172e+001	  1.6016037540268169e+001	  1.6016037540268169e+001	  1.6016037540268169e+001	  1.2016037540268169e+001	  1.2016037540268169e+001	  1.2016037540268169e+001	  1.2016037540268169e+001	  1.8016037540268172e+001	  1.4016037540268169e+001	  1.2016037540268169e+001	
  2.5023766907011073e+001	  2.5023766907011073e+001	  2.5023766907011073e+001	  1.6023766907011069e+001	  1.6023766907011069e+001	  1.6023766907011069e+001	  1.2023766907011069e+001	  1.2023766907011069e+001	  1.2023766907011069e+001	  1.2023766907011069e+001	  1.8023766907011073e+001	  1.4023766907011069e+001	  1.2023766907011069e+001	
  2.5033286914999447e+001	  2.5033286914999447e+001	  2.5033286914999447e+001	  1.6033286914999444e+001	  1.6033286914999444e+001	  1.6033286914999444e+001	  1.2033286914999445e+001	  1.2033286914999445e+001	  1.2033286914999445e+001	  1.2033286914999445e+001	  1.8033286914999447e+001	  1.4033286914999445e+001	  1.2033286914999445e+001	
  2.5049495991469875e+001	  2.5049495991469875e+001	  2.5049495991469875e+001	  1.6049495991469872e+001	  1.6049495991469872e+001	  1.6049495991469872e+001	  1.2049495991469872e+001	  1.2049495991469872e+001	  1.2049495991469872e+001	  1.2049495991469872e+001	  1.8049495991469875e+001	  1.4049495991469872e+001	  1.2049495991469872e+001	
  2.5067660446367999e+001	  2.5067660446367999e+001	  2.5067660446367999e+001	  1.6067660446367995e+001	  1.6067660446367995e+001	  1.6067660446367995e+001	  1.2067660446367995e+001	  1.2067660446367995e+001	  1.2067660446367995e+001	  1.2067660446367995e+001	  1.8067660446367999e+001	  1.4067660446367995e+001	  1.2067660446367995e+001	
  2.5087593149890655e+001	  2.5087593149890655e+001	  2.5087593149890655e+001	  1.6087593149890651e+001	  1.6087593149890651e+001	  1.6087593149890651e+001	  1.2087593149890651e+001	  1.2087593149890651e+001	  1.2087593149890651e+001	  1.2087593149890651e+001	  1.8087593149890655e+001	  1.4087593149890651e+001	  1.2087593149890651e+001	
  2.5109131453950930e+001	  2.5109131453950930e+001	  2.5109131453950930e+001	  1.6109131453950926e+001	  1.6109131453950926e+001	  1.6109131453950926e+001	  1.2109131453950928e+001	  1.2109131453950928e+001	  1.2109131453950928e+001	  1.2109131453950928e+001	  1.8109131453950930e+001	  1.4109131453950928e+001	  1.2109131453950928e+001	
  2.5134042640827605e+001	  2.5134042640827605e+001	  2.5134042640827605e+001	  1.6134042640827602e+001	  1.6134042640827602e+001	  1.6134042640827602e+001	  1.2134042640827605e+001	  1.2134042640827605e+001	  1.2134042640827605e+001	  1.2134042640827605e+001	  1.8134042640827605e+001	  1.4134042640827605e+001	  1.2134042640827605e+001	
  2.5180591101949528e+001	  2.5180591101949528e+001	  2.5180591101949528e+001	  1.6180591101949524e+001	  1.6180591101949524e+001	  1.6180591101949524e+001	  1.2180591101949528e+001	  1.2180591101949528e+001	  1.2180591101949528e+001	  1.2180591101949528e+001	  1.8180591101949528e+001	  1.4180591101949528e+001	  1.2180591101949528e+001	
  2.5229523835600048e+001	  2.5229523835600048e+001	  2.5229523835600048e+001	  1.6229523835600045e+001	  1.6229523835600045e+001	  1.6229523835600045e+001	  1.2229523835600050e+001	  1.2229523835600050e+001	  1.2229523835600050e+001	  1.2229523835600050e+001	  1.8229523835600048e+001	  1.4229523835600050e+001	  1.2229523835600050e+001	
  2.5280280535468506e+001	  2.5280280535468506e+001	  2.5280280535468506e+001	  1.6280280535468503e+001	  1.6280280535468503e+001	  1.6280280535468503e+001	  1.2280280535468506e+001	  1.2280280535468506e+001	  1.2280280535468506e+001	  1.2280280535468506e+001	  1.8280280535468506e+001	  1.4280280535468506e+001	  1.2280280535468506e+001	
  2.5332474543403283e+001	  2.5332474543403283e+001	  2.5332474543403283e+001	  1.6332474543403279e+001	  1.6332474543403279e+001	  1.6332474543403279e+001	  1.2332474543403283e+001	  1.2332474543403283e+001	  1.2332474543403283e+001	  1.2332474543403283e+001	  1.8332474543403283e+001	  1.4332474543403283e+001	  1.2332474543403283e+001	
  2.5386814735726961e+001	  2.5386814735726961e+001	  2.5386814735726961e+001	  1.6386814735726958e+001	  1.6386814735726958e+001	  1.6386814735726958e+001	  1.2386814735726960e+001	  1.2386814735726960e+001	  1.2386814735726960e+001	  1.2386814735726960e+001	  1.8386814735726961e+001	  1.4386814735726960e+001	  1.2386814735726960e+001	
  2.5451044725644703e+001	  2.5451044725644703e+001	  2.5451044725644703e+001	  1.6451044725644699e+001	  1.6451044725644699e+001	  1.6451044725644699e+001	  1.2451044725644701e+001	  1.2451044725644701e+001	  1.2451044725644701e+001	  1.2451044725644701e+001	  1.8451044725644703e+001	  1.4451044725644701e+001	  1.2451044725644701e+001	
  2.5515893879145196e+001	  2.5515893879145196e+001	  2.5515893879145196e+001	  1.6515893879145196e+001	  1.6515893879145196e+001	  1.6515893879145196e+001	  1.2515893879145196e+001	  1.2515893879145196e+001	  1.2515893879145196e+001	  1.2515893879145196e+001	  1.8515893879145196e+001	  1.4515893879145196e+001	  1.2515893879145196e+001	
  2.5581052697659690e+001	  2.5581052697659690e+001	  2.5581052697659690e+001	  1.6581052697659690e+001	  1.6581052697659690e+001	  1.6581052697659690e+001	  1.2581052697659690e+001	  1.2581052697659690e+001	  1.2581052697659690e+001	  1.2581052697659690e+001	  1.8581052697659690e+001	  1.4581052697659690e+001	  1.2581052697659690e+001	
  2.5632967510995773e+001	  2.5632967510995773e+001	  2.5632967510995773e+001	  1.6632967510995773e+001	  1.6632967510995773e+001	  1.6632967510995773e+001	  1.2632967510995773e+001	  1.2632967510995773e+001	  1.2632967510995773e+001	  1.2632967510995773e+001	  1.8632967510995773e+001	  1.4632967510995773e+001	  1.2632967510995773e+001	
  2.5685134358478241e+001	  2.5685134358478241e+001	  2.5685134358478241e+001	  1.6685134358478241e+001	  1.6685134358478241e+001	  1.6685134358478241e+001	  1.2685134358478239e+001	  1.2685134358478239e+001	  1.2685134358478239e+001	  1.2685134358478239e+001	  1.8685134358478241e+001	  1.4685134358478239e+001	  1.2685134358478239e+001	
  2.5737439213581961e+001	  2.5737439213581961e+001	  2.5737439213581961e+001	  1.6737439213581961e+001	  1.6737439213581961e+001	  1.6737439213581961e+001	  1.2737439213581958e+001	  1.2737439213581958e+001	  1.2737439213581958e+001	  1.2737439213581958e+001	  1.8737439213581961e+001	  1.4737439213581958e+001	  1.2737439213581958e+001	
  2.5791090947102568e+001	  2.5791090947102568e+001	  2.5791090947102568e+001	  1.6791090947102568e+001	  1.6791090947102568e+001	  1.6791090947102568e+001	  1.2791090947102564e+001	  1.2791090947102564e+001	  1.2791090947102564e+001	  1.2791090947102564e+001	  1.8791090947102568e+001	  1.4791090947102564e+001	  1.2791090947102564e+001	
  2.5858533682385911e+001	  2.5858533682385911e+001	  2.5858533682385911e+001	  1.6858533682385911e+001	  1.6858533682385911e+001	  1.6858533682385911e+001	  1.2858533682385909e+001	  1.2858533682385909e+001	  1.2858533682385909e+001	  1.2858533682385909e+001	  1.8858533682385911e+001	  1.4858533682385909e+001	  1.2858533682385909e+001	
  2.5925305829164195e+001	  2.5925305829164195e+001	  2.5925305829164195e+001	  1.6925305829164195e+001	  1.6925305829164195e+001	  1.6925305829164195e+001	  1.2925305829164191e+001	  1.2925305829164191e+001	  1.2925305829164191e+001	  1.2925305829164191e+001	  1.8925305829164195e+001	  1.4925305829164191e+001	  1.2925305829164191e+001	
  2.5991276698207958e+001	  2.5991276698207958e+001	  2.5991276698207958e+001	  1.6991276698207958e+001	  1.6991276698207958e+001	  1.6991276698207958e+001	  1.2991276698207955e+001	  1.2991276698207955e+001	  1.2991276698207955e+001	  1.2991276698207955e+001	  1.8991276698207958e+001	  1.4991276698207955e+001	  1.2991276698207955e+001	
  2.6056421728014634e+001	  2.6056421728014634e+001	  2.6056421728014634e+001	  1.7056421728014634e+001	  1.7056421728014634e+001	  1.7056421728014634e+001	  1.3056421728014632e+001	  1.3056421728014632e+001	  1.3056421728014632e+001	  1.3056421728014632e+001	  1.9056421728014634e+001	  1.5056421728014632e+001	  1.3056421728014632e+001	
  2.6122228042317772e+001	  2.6122228042317772e+001	  2.6122228042317772e+001	  1.7122228042317772e+001	  1.7122228042317772e+001	  1.7122228042317772e+001	  1.3122228042317769e+001	  1.3122228042317769e+001	  1.3122228042317769e+001	  1.3122228042317769e+001	  1.9122228042317772e+001	  1.5122228042317769e+001	  1.3122228042317769e+001	
  2.6200857872530900e+001	  2.6200857872530900e+001	  2.6200857872530900e+001	  1.7200857872530900e+001	  1.7200857872530900e+001	  1.7200857872530900e+001	  1.3200857872530898e+001	  1.3200857872530898e+001	  1.3200857872530898e+001	  1.3200857872530898e+001	  1.9200857872530900e+001	  1.5200857872530898e+001	  1.3200857872530898e+001	
  2.6277969414623144e+001	  2.6277969414623144e+001	  2.6277969414623144e+001	  1.7277969414623144e+001	  1.7277969414623144e+001	  1.7277969414623144e+001	  1.3277969414623142e+001	  1.3277969414623142e+001	  1.3277969414623142e+001	  1.3277969414623142e+001	  1.9277969414623144e+001	  1.5277969414623142e+001	  1.3277969414623142e+001	
  2.6353619736042198e+001	  2.6353619736042198e+001	  2.6353619736042198e+001	  1.7353619736042198e+001	  1.7353619736042198e+001	  1.7353619736042198e+001	  1.3353619736042198e+001	  1.3353619736042198e+001	  1.3353619736042198e+001	  1.3353619736042198e+001	  1.9353619736042198e+001	  1.5353619736042198e+001	  1.3353619736042198e+001	
  2.6427881383915658e+001	  2.6427881383915658e+001	  2.6427881383915658e+001	  1.7427881383915658e+001	  1.7427881383915658e+001	  1.7427881383915658e+001	  1.3427881383915659e+001	  1.3427881383915659e+001	  1.3427881383915659e+001	  1.3427881383915659e+001	  1.9427881383915658e+001	  1.5427881383915659e+001	  1.3427881383915659e+001	
  2.6502137406286067e+001	  2.6502137406286067e+001	  2.6502137406286067e+001	  1.7502137406286067e+001	  1.7502137406286067e+001	  1.7502137406286067e+001	  1.3502137406286069e+001	  1.3502137406286069e+001	  1.3502137406286069e+001	  1.3502137406286069e+001	  1.9502137406286067e+001	  1.5502137406286069e+001	  1.3502137406286069e+001	
  2.6585372976654210e+001	  2.6585372976654210e+001	  2.6585372976654210e+001	  1.7585372976654210e+001	  1.7585372976654210e+001	  1.7585372976654210e+001	  1.3585372976654211e+001	  1.3585372976654211e+001	  1.3585372976654211e+001	  1.3585372976654211e+001	  1.9585372976654210e+001	  1.5585372976654211e+001	  1.3585372976654211e+001	
  2.6666558278369447e+001	  2.6666558278369447e+001	  2.6666558278369447e+001	  1.7666558278369447e+001	  1.7666558278369447e+001	  1.7666558278369447e+001	  1.3666558278369449e+001	  1.3666558278369449e+001	  1.3666558278369449e+001	  1.3666558278369449e+001	  1.9666558278369447e+001	  1.5666558278369449e+001	  1.3666558278369449e+001	
  2.6745719154058293e+001	  2.6745719154058293e+001	  2.6745719154058293e+001	  1.7745719154058293e+001	  1.7745719154058293e+001	  1.7745719154058293e+001	  1.3745719154058296e+001	  1.3745719154058296e+001	  1.3745719154058296e+001	  1.3745719154058296e+001	  1.9745719154058293e+001	  1.5745719154058296e+001	  1.3745719154058296e+001	
  2.6822954262654971e+001	  2.6822954262654971e+001	  2.6822954262654971e+001	  1.7822954262654971e+001	  1.7822954262654971e+001	  1.7822954262654971e+001	  1.3822954262654976e+001	  1.3822954262654976e+001	  1.3822954262654976e+001	  1.3822954262654976e+001	  1.9822954262654971e+001	  1.5822954262654976e+001	  1.3822954262654976e+001	
  2.6902688574097670e+001	  2.6902688574097670e+001	  2.6902688574097670e+001	  1.7902688574097670e+001	  1.7902688574097670e+001	  1.7902688574097670e+001	  1.3902688574097674e+001	  1.3902688574097674e+001	  1.3902688574097674e+001	  1.3902688574097674e+001	  1.9902688574097670e+001	  1.5902688574097674e+001	  1.3902688574097674e+001	
  2.6996070912652048e+001	  2.6996070912652048e+001	  2.6996070912652048e+001	  1.7996070912652048e+001	  1.7996070912652048e+001	  1.7996070912652048e+001	  1.3996070912652050e+001	  1.3996070912652050e+001	  1.3996070912652050e+001	  1.3996070912652050e+001	  1.9996070912652048e+001	  1.5996070912652050e+001	  1.3996070912652050e+001	
  2.7085873184879269e+001	  2.7085873184879269e+001	  2.7085873184879269e+001	  1.8085873184879269e+001	  1.8085873184879269e+001	  1.8085873184879269e+001	  1.4085873184879272e+001	  1.4085873184879272e+001	  1.4085873184879272e+001	  1.4085873184879272e+001	  2.0085873184879269e+001	  1.6085873184879272e+001	  1.4085873184879272e+001	
  2.7123317317633735e+001	  2.7123317317633735e+001	  2.7123317317633735e+001	  1.8123317317633735e+001	  1.8123317317633735e+001	  1.8123317317633735e+001	  1.4123317317633738e+001	  1.4123317317633738e+001	  1.4123317317633738e+001	  1.4123317317633738e+001	  2.0123317317633735e+001	  1.6123317317633738e+001	  1.4123317317633738e+001	
  2.7133026498352560e+001	  2.7133026498352560e+001	  2.7133026498352560e+001	  1.8133026498352560e+001	  1.8133026498352560e+001	  1.8133026498352560e+001	  1.4133026498352566e+001	  1.4133026498352566e+001	  1.4133026498352566e+001	  1.4133026498352566e+001	  2.0133026498352560e+001	  1.6133026498352564e+001	  1.4133026498352566e+001	
  2.7141930378925185e+001	  2.7141930378925185e+001	  2.7141930378925185e+001	  1.8141930378925185e+001	  1.8141930378925185e+001	  1.8141930378925185e+001	  1.4141930378925190e+001	  1.4141930378925190e+001	  1.4141930378925190e+001	  1.4141930378925190e+001	  2.0141930378925185e+001	  1.6141930378925188e+001	  1.4141930378925190e+001	
  2.7150509281772507e+001	  2.7150509281772507e+001	  2.7150509281772507e+001	  1.8150509281772507e+001	  1.8150509281772507e+001	  1.8150509281772507e+001	  1.4150509281772514e+001	  1.4150509281772514e+001	  1.4150509281772514e+001	  1.4150509281772514e+001	  2.0150509281772507e+001	  1.6150509281772511e+001	  1.4150509281772514e+001	
  2.7158798392661403e+001	  2.7158798392661403e+001	  2.7158798392661403e+001	  1.8158798392661403e+001	  1.8158798392661403e+001	  1.8158798392661403e+001	  1.4158798392661410e+001	  1.4158798392661410e+001	  1.4158798392661410e+001	  1.4158798392661410e+001	  2.0158798392661403e+001	  1.6158798392661406e+001	  1.4158798392661410e+001	
  2.7170632884827981e+001	  2.7170632884827981e+001	  2.7170632884827981e+001	  1.8170632884827981e+001	  1.8170632884827981e+001	  1.8170632884827981e+001	  1.4170632884827988e+001	  1.4170632884827988e+001	  1.4170632884827988e+001	  1.4170632884827988e+001	  2.0170632884827981e+001	  1.6170632884827985e+001	  1.4170632884827988e+001	
  2.7181578229521470e+001	  2.7181578229521470e+001	  2.7181578229521470e+001	  1.8181578229521470e+001	  1.8181578229521470e+001	  1.8181578229521470e+001	  1.4181578229521477e+001	  1.4181578229521477e+001	  1.4181578229521477e+001	  1.4181578229521477e+001	  2.0181578229521470e+001	  1.6181578229521474e+001	  1.4181578229521477e+001	
  2.7191324491534008e+001	  2.7191324491534008e+001	  2.7191324491534008e+001	  1.8191324491534008e+001	  1.8191324491534008e+001	  1.8191324491534008e+001	  1.4191324491534015e+001	  1.4191324491534015e+001	  1.4191324491534015e+001	  1.4191324491534015e+001	  2.0191324491534008e+001	  1.6191324491534012e+001	  1.4191324491534015e+001	
  2.7207985471303882e+001	  2.7207985471303882e+001	  2.7207985471303882e+001	  1.8207985471303882e+001	  1.8207985471303882e+001	  1.8207985471303882e+001	  1.4207985471303887e+001	  1.4207985471303887e+001	  1.4207985471303887e+001	  1.4207985471303887e+001	  2.0207985471303882e+001	  1.6207985471303886e+001	  1.4207985471303887e+001	
  2.7221616974670962e+001	  2.7221616974670962e+001	  2.7221616974670962e+001	  1.8221616974670962e+001	  1.8221616974670962e+001	  1.8221616974670962e+001	  1.4221616974670967e+001	  1.4221616974670967e+001	  1.4221616974670967e+001	  1.4221616974670967e+001	  2.0221616974670962e+001	  1.6221616974670965e+001	  1.4221616974670967e+001	
  2.7232479997649442e+001	  2.7232479997649442e+001	  2.7232479997649442e+001	  1.8232479997649442e+001	  1.8232479997649442e+001	  1.8232479997649442e+001	  1.4232479997649449e+001	  1.4232479997649449e+001	  1.4232479997649449e+001	  1.4232479997649449e+001	  2.0232479997649442e+001	  1.6232479997649445e+001	  1.4232479997649449e+001	
  2.7239760724528018e+001	  2.7239760724528018e+001	  2.7239760724528018e+001	  1.8239760724528018e+001	  1.8239760724528018e+001	  1.8239760724528018e+001	  1.4239760724528026e+001	  1.4239760724528026e+001	  1.4239760724528026e+001	  1.4239760724528026e+001	  2.0239760724528018e+001	  1.6239760724528022e+001	  1.4239760724528026e+001	
  2.7247059009806922e+001	  2.7247059009806922e+001	  2.7247059009806922e+001	  1.8247059009806922e+001	  1.8247059009806922e+001	  1.8247059009806922e+001	  1.4247059009806927e+001	  1.4247059009806927e+001	  1.4247059009806927e+001	  1.4247059009806927e+001	  2.0247059009806922e+001	  1.6247059009806925e+001	  1.4247059009806927e+001	
  2.7248495688206358e+001	  2.7248495688206358e+001	  2.7248495688206358e+001	  1.8248495688206358e+001	  1.8248495688206358e+001	  1.8248495688206358e+001	  1.4248495688206363e+001	  1.4248495688206363e+001	  1.4248495688206363e+001	  1.4248495688206363e+001	  2.0248495688206358e+001	  1.6248495688206361e+001	  1.4248495688206363e+001	
  2.7245227436205191e+001	  2.7245227436205191e+001	  2.7245227436205191e+001	  1.8245227436205191e+001	  1.8245227436205191e+001	  1.8245227436205191e+001	  1.4245227436205194e+001	  1.4245227436205194e+001	  1.4245227436205194e+001	  1.4245227436205194e+001	  2.0245227436205191e+001	  1.6245227436205191e+001	  1.4245227436205194e+001	
  2.7238294856812537e+001	  2.7238294856812537e+001	  2.7238294856812537e+001	  1.8238294856812537e+001	  1.8238294856812537e+001	  1.8238294856812537e+001	  1.4238294856812539e+001	  1.4238294856812539e+001	  1.4238294856812539e+001	  1.4238294856812539e+001	  2.0238294856812537e+001	  1.6238294856812537e+001	  1.4238294856812539e+001	
  2.7226700589278938e+001	  2.7226700589278938e+001	  2.7226700589278938e+001	  1.8226700589278938e+001	  1.8226700589278938e+001	  1.8226700589278938e+001	  1.4226700589278940e+001	  1.4226700589278940e+001	  1.4226700589278940e+001	  1.4226700589278940e+001	  2.0226700589278938e+001	  1.6226700589278938e+001	  1.4226700589278940e+001	
  2.7204699803657743e+001	  2.7204699803657743e+001	  2.7204699803657743e+001	  1.8204699803657743e+001	  1.8204699803657743e+001	  1.8204699803657743e+001	  1.4204699803657745e+001	  1.4204699803657745e+001	  1.4204699803657745e+001	  1.4204699803657745e+001	  2.0204699803657743e+001	  1.6204699803657743e+001	  1.4204699803657745e+001	
  2.7180725321825737e+001	  2.7180725321825737e+001	  2.7180725321825737e+001	  1.8180725321825737e+001	  1.8180725321825737e+001	  1.8180725321825737e+001	  1.4180725321825738e+001	  1.4180725321825738e+001	  1.4180725321825738e+001	  1.4180725321825738e+001	  2.0180725321825737e+001	  1.6180725321825737e+001	  1.4180725321825738e+001	
  2.7155696568892491e+001	  2.7155696568892491e+001	  2.7155696568892491e+001	  1.8155696568892491e+001	  1.8155696568892491e+001	  1.8155696568892491e+001	  1.4155696568892493e+001	  1.4155696568892493e+001	  1.4155696568892493e+001	  1.4155696568892493e+001	  2.0155696568892491e+001	  1.6155696568892491e+001	  1.4155696568892493e+001	
  2.7130182288287713e+001	  2.7130182288287713e+001	  2.7130182288287713e+001	  1.8130182288287713e+001	  1.8130182288287713e+001	  1.8130182288287713e+001	  1.4130182288287717e+001	  1.4130182288287717e+001	  1.4130182288287717e+001	  1.4130182288287717e+001	  2.0130182288287713e+001	  1.6130182288287713e+001	  1.4130182288287717e+001	
  2.7096788735175739e+001	  2.7096788735175739e+001	  2.7096788735175739e+001	  1.8096788735175739e+001	  1.8096788735175739e+001	  1.8096788735175739e+001	  1.4096788735175743e+001	  1.4096788735175743e+001	  1.4096788735175743e+001	  1.4096788735175743e+001	  2.0096788735175739e+001	  1.6096788735175739e+001	  1.4096788735175743e+001	
  2.7017661177764126e+001	  2.7017661177764126e+001	  2.7017661177764126e+001	  1.8017661177764126e+001	  1.8017661177764126e+001	  1.8017661177764126e+001	  1.4017661177764126e+001	  1.4017661177764126e+001	  1.4017661177764126e+001	  1.4017661177764126e+001	  2.0017661177764126e+001	  1.6017661177764126e+001	  1.4017661177764126e+001	
  2.6954245018754349e+001	  2.6954245018754349e+001	  2.6954245018754349e+001	  1.7954245018754349e+001	  1.7954245018754349e+001	  1.7954245018754349e+001	  1.3954245018754349e+001	  1.3954245018754349e+001	  1.3954245018754349e+001	  1.3954245018754349e+001	  1.9954245018754349e+001	  1.5954245018754349e+001	  1.3954245018754349e+001	
  2.6918015193551462e+001	  2.6918015193551462e+001	  2.6918015193551462e+001	  1.7918015193551462e+001	  1.7918015193551462e+001	  1.7918015193551462e+001	  1.3918015193551460e+001	  1.3918015193551460e+001	  1.3918015193551460e+001	  1.3918015193551460e+001	  1.9918015193551462e+001	  1.5918015193551460e+001	  1.3918015193551460e+001	
  2.6893965564220665e+001	  2.6893965564220665e+001	  2.6893965564220665e+001	  1.7893965564220665e+001	  1.7893965564220665e+001	  1.7893965564220665e+001	  1.3893965564220665e+001	  1.3893965564220665e+001	  1.3893965564220665e+001	  1.3893965564220665e+001	  1.9893965564220665e+001	  1.5893965564220665e+001	  1.3893965564220665e+001	
  2.6868061623255617e+001	  2.6868061623255617e+001	  2.6868061623255617e+001	  1.7868061623255617e+001	  1.7868061623255617e+001	  1.7868061623255617e+001	  1.3868061623255617e+001	  1.3868061623255617e+001	  1.3868061623255617e+001	  1.3868061623255617e+001	  1.9868061623255617e+001	  1.5868061623255617e+001	  1.3868061623255617e+001	
  2.6841085738152461e+001	  2.6841085738152461e+001	  2.6841085738152461e+001	  1.7841085738152461e+001	  1.7841085738152461e+001	  1.7841085738152461e+001	  1.3841085738152460e+001	  1.3841085738152460e+001	  1.3841085738152460e+001	  1.3841085738152460e+001	  1.9841085738152461e+001	  1.5841085738152460e+001	  1.3841085738152460e+001	
  2.6805817976476188e+001	  2.6805817976476188e+001	  2.6805817976476188e+001	  1.7805817976476188e+001	  1.7805817976476188e+001	  1.7805817976476188e+001	  1.3805817976476185e+001	  1.3805817976476185e+001	  1.3805817976476185e+001	  1.3805817976476185e+001	  1.9805817976476188e+001	  1.5805817976476185e+001	  1.3805817976476185e+001	
  2.6737760844085923e+001	  2.6737760844085923e+001	  2.6737760844085923e+001	  1.7737760844085923e+001	  1.7737760844085923e+001	  1.7737760844085923e+001	  1.3737760844085921e+001	  1.3737760844085921e+001	  1.3737760844085921e+001	  1.3737760844085921e+001	  1.9737760844085923e+001	  1.5737760844085921e+001	  1.3737760844085921e+001	
  2.6683368334579452e+001	  2.6683368334579452e+001	  2.6683368334579452e+001	  1.7683368334579452e+001	  1.7683368334579452e+001	  1.7683368334579452e+001	  1.3683368334579452e+001	  1.3683368334579452e+001	  1.3683368334579452e+001	  1.3683368334579452e+001	  1.9683368334579452e+001	  1.5683368334579452e+001	  1.3683368334579452e+001	
  2.6635987223810272e+001	  2.6635987223810272e+001	  2.6635987223810272e+001	  1.7635987223810272e+001	  1.7635987223810272e+001	  1.7635987223810272e+001	  1.3635987223810270e+001	  1.3635987223810270e+001	  1.3635987223810270e+001	  1.3635987223810270e+001	  1.9635987223810272e+001	  1.5635987223810270e+001	  1.3635987223810270e+001	
  2.6581930165032066e+001	  2.6581930165032066e+001	  2.6581930165032066e+001	  1.7581930165032066e+001	  1.7581930165032066e+001	  1.7581930165032066e+001	  1.3581930165032064e+001	  1.3581930165032064e+001	  1.3581930165032064e+001	  1.3581930165032064e+001	  1.9581930165032066e+001	  1.5581930165032064e+001	  1.3581930165032064e+001	
  2.6508331834449738e+001	  2.6508331834449738e+001	  2.6508331834449738e+001	  1.7508331834449738e+001	  1.7508331834449738e+001	  1.7508331834449738e+001	  1.3508331834449740e+001	  1.3508331834449740e+001	  1.3508331834449740e+001	  1.3508331834449740e+001	  1.9508331834449738e+001	  1.5508331834449740e+001	  1.3508331834449740e+001	
  2.6518477227574923e+001	  2.6518477227574923e+001	  2.6518477227574923e+001	  1.7518477227574923e+001	  1.7518477227574923e+001	  1.7518477227574923e+001	  1.3518477227574925e+001	  1.3518477227574925e+001	  1.3518477227574925e+001	  1.3518477227574925e+001	  1.9518477227574923e+001	  1.5518477227574925e+001	  1.3518477227574925e+001	
  2.6525729557272818e+001	  2.6525729557272818e+001	  2.6525729557272818e+001	  1.7525729557272818e+001	  1.7525729557272818e+001	  1.7525729557272818e+001	  1.3525729557272820e+001	  1.3525729557272820e+001	  1.3525729557272820e+001	  1.3525729557272820e+001	  1.9525729557272818e+001	  1.5525729557272820e+001	  1.3525729557272820e+001	
  2.6530314484047356e+001	  2.6530314484047356e+001	  2.6530314484047356e+001	  1.7530314484047356e+001	  1.7530314484047356e+001	  1.7530314484047356e+001	  1.3530314484047356e+001	  1.3530314484047356e+001	  1.3530314484047356e+001	  1.3530314484047356e+001	  1.9530314484047356e+001	  1.5530314484047356e+001	  1.3530314484047356e+001	
  2.6532751630116199e+001	  2.6532751630116199e+001	  2.6532751630116199e+001	  1.7532751630116199e+001	  1.7532751630116199e+001	  1.7532751630116199e+001	  1.3532751630116200e+001	  1.3532751630116200e+001	  1.3532751630116200e+001	  1.3532751630116200e+001	  1.9532751630116199e+001	  1.5532751630116200e+001	  1.3532751630116200e+001	
  2.6534526880748555e+001	  2.6534526880748555e+001	  2.6534526880748555e+001	  1.7534526880748555e+001	  1.7534526880748555e+001	  1.7534526880748555e+001	  1.3534526880748555e+001	  1.3534526880748555e+001	  1.3534526880748555e+001	  1.3534526880748555e+001	  1.9534526880748555e+001	  1.5534526880748555e+001	  1.3534526880748555e+001	
  2.6534960551187798e+001	  2.6534960551187798e+001	  2.6534960551187798e+001	  1.7534960551187798e+001	  1.7534960551187798e+001	  1.7534960551187798e+001	  1.3534960551187799e+001	  1.3534960551187799e+001	  1.3534960551187799e+001	  1.3534960551187799e+001	  1.9534960551187798e+001	  1.5534960551187799e+001	  1.3534960551187799e+001	
  2.6534108061345872e+001	  2.6534108061345872e+001	  2.6534108061345872e+001	  1.7534108061345872e+001	  1.7534108061345872e+001	  1.7534108061345872e+001	  1.3534108061345872e+001	  1.3534108061345872e+001	  1.3534108061345872e+001	  1.3534108061345872e+001	  1.9534108061345872e+001	  1.5534108061345872e+001	  1.3534108061345872e+001	
  2.6531205292590410e+001	  2.6531205292590410e+001	  2.6531205292590410e+001	  1.7531205292590410e+001	  1.7531205292590410e+001	  1.7531205292590410e+001	  1.3531205292590412e+001	  1.3531205292590412e+001	  1.3531205292590412e+001	  1.3531205292590412e+001	  1.9531205292590410e+001	  1.5531205292590412e+001	  1.3531205292590412e+001	
  2.6527895458665615e+001	  2.6527895458665615e+001	  2.6527895458665615e+001	  1.7527895458665615e+001	  1.7527895458665615e+001	  1.7527895458665615e+001	  1.3527895458665615e+001	  1.3527895458665615e+001	  1.3527895458665615e+001	  1.3527895458665615e+001	  1.9527895458665615e+001	  1.5527895458665615e+001	  1.3527895458665615e+001	
  2.6521547711559332e+001	  2.6521547711559332e+001	  2.6521547711559332e+001	  1.7521547711559332e+001	  1.7521547711559332e+001	  1.7521547711559332e+001	  1.3521547711559332e+001	  1.3521547711559332e+001	  1.3521547711559332e+001	  1.3521547711559332e+001	  1.9521547711559332e+001	  1.5521547711559332e+001	  1.3521547711559332e+001	
  2.6484510523053537e+001	  2.6484510523053537e+001	  2.6484510523053537e+001	  1.7484510523053537e+001	  1.7484510523053537e+001	  1.7484510523053537e+001	  1.3484510523053535e+001	  1.3484510523053535e+001	  1.3484510523053535e+001	  1.3484510523053535e+001	  1.9484510523053537e+001	  1.5484510523053535e+001	  1.3484510523053535e+001	
  2.6473424252789087e+001	  2.6473424252789087e+001	  2.6473424252789087e+001	  1.7473424252789087e+001	  1.7473424252789087e+001	  1.7473424252789087e+001	  1.3473424252789087e+001	  1.3473424252789087e+001	  1.3473424252789087e+001	  1.3473424252789087e+001	  1.9473424252789087e+001	  1.5473424252789087e+001	  1.3473424252789087e+001	
  2.6463414333408711e+001	  2.6463414333408711e+001	  2.6463414333408711e+001	  1.7463414333408711e+001	  1.7463414333408711e+001	  1.7463414333408711e+001	  1.3463414333408711e+001	  1.3463414333408711e+001	  1.3463414333408711e+001	  1.3463414333408711e+001	  1.9463414333408711e+001	  1.5463414333408711e+001	  1.3463414333408711e+001	
  2.6444412368400044e+001	  2.6444412368400044e+001	  2.6444412368400044e+001	  1.7444412368400044e+001	  1.7444412368400044e+001	  1.7444412368400044e+001	  1.3444412368400044e+001	  1.3444412368400044e+001	  1.3444412368400044e+001	  1.3444412368400044e+001	  1.9444412368400044e+001	  1.5444412368400044e+001	  1.3444412368400044e+001	
  2.6421549817754233e+001	  2.6421549817754233e+001	  2.6421549817754233e+001	  1.7421549817754233e+001	  1.7421549817754233e+001	  1.7421549817754233e+001	  1.3421549817754236e+001	  1.3421549817754236e+001	  1.3421549817754236e+001	  1.3421549817754236e+001	  1.9421549817754233e+001	  1.5421549817754236e+001	  1.3421549817754236e+001	
  2.6411799600695971e+001	  2.6411799600695971e+001	  2.6411799600695971e+001	  1.7411799600695971e+001	  1.7411799600695971e+001	  1.7411799600695971e+001	  1.3411799600695971e+001	  1.3411799600695971e+001	  1.3411799600695971e+001	  1.3411799600695971e+001	  1.9411799600695971e+001	  1.5411799600695971e+001	  1.3411799600695971e+001	
  2.6397228273389032e+001	  2.6397228273389032e+001	  2.6397228273389032e+001	  1.7397228273389032e+001	  1.7397228273389032e+001	  1.7397228273389032e+001	  1.3397228273389031e+001	  1.3397228273389031e+001	  1.3397228273389031e+001	  1.3397228273389031e+001	  1.9397228273389032e+001	  1.5397228273389031e+001	  1.3397228273389031e+001	
  2.6370418763774225e+001	  2.6370418763774225e+001	  2.6370418763774225e+001	  1.7370418763774225e+001	  1.7370418763774225e+001	  1.7370418763774225e+001	  1.3370418763774227e+001	  1.3370418763774227e+001	  1.3370418763774227e+001	  1.3370418763774227e+001	  1.9370418763774225e+001	  1.5370418763774227e+001	  1.3370418763774227e+001	
  2.6351813314855541e+001	  2.6351813314855541e+001	  2.6351813314855541e+001	  1.7351813314855541e+001	  1.7351813314855541e+001	  1.7351813314855541e+001	  1.3351813314855542e+001	  1.3351813314855542e+001	  1.3351813314855542e+001	  1.3351813314855542e+001	  1.9351813314855541e+001	  1.5351813314855542e+001	  1.3351813314855542e+001	
  2.6347295850424658e+001	  2.6347295850424658e+001	  2.6347295850424658e+001	  1.7347295850424658e+001	  1.7347295850424658e+001	  1.7347295850424658e+001	  1.3347295850424652e+001	  1.3347295850424652e+001	  1.3347295850424652e+001	  1.3347295850424652e+001	  1.9347295850424658e+001	  1.5347295850424652e+001	  1.3347295850424652e+001	
  2.6323571237014516e+001	  2.6323571237014516e+001	  2.6323571237014516e+001	  1.7323571237014516e+001	  1.7323571237014516e+001	  1.7323571237014516e+001	  1.3323571237014527e+001	  1.3323571237014527e+001	  1.3323571237014527e+001	  1.3323571237014527e+001	  1.9323571237014516e+001	  1.5323571237014527e+001	  1.3323571237014527e+001	
  2.6339717408943965e+001	  2.6339717408943965e+001	  2.6339717408943965e+001	  1.7339717408943965e+001	  1.7339717408943965e+001	  1.7339717408943965e+001	  1.3339717408943946e+001	  1.3339717408943946e+001	  1.3339717408943946e+001	  1.3339717408943946e+001	  1.9339717408943965e+001	  1.5339717408943946e+001	  1.3339717408943946e+001	
  2.6310630876517408e+001	  2.6310630876517408e+001	  2.6310630876517408e+001	  1.7310630876517408e+001	  1.7310630876517408e+001	  1.7310630876517408e+001	  1.3310630876517440e+001	  1.3310630876517440e+001	  1.3310630876517440e+001	  1.3310630876517440e+001	  1.9310630876517408e+001	  1.5310630876517440e+001	  1.3310630876517440e+001	
  2.6320425679741266e+001	  2.6320425679741266e+001	  2.6320425679741266e+001	  1.7320425679741266e+001	  1.7320425679741266e+001	  1.7320425679741266e+001	  1.3320425679741222e+001	  1.3320425679741222e+001	  1.3320425679741222e+001	  1.3320425679741222e+001	  1.9320425679741266e+001	  1.5320425679741222e+001	  1.3320425679741222e+001	
  2.6300365849780341e+001	  2.6300365849780341e+001	  2.6300365849780341e+001	  1.7300365849780341e+001	  1.7300365849780341e+001	  1.7300365849780341e+001	  1.3300365849780412e+001	  1.3300365849780412e+001	  1.3300365849780412e+001	  1.3300365849780412e+001	  1.9300365849780341e+001	  1.5300365849780412e+001	  1.3300365849780412e+001	
  2.6299913889355857e+001	  2.6299913889355857e+001	  2.6299913889355857e+001	  1.7299913889355857e+001	  1.7299913889355857e+001	  1.7299913889355857e+001	  1.3299913889355700e+001	  1.3299913889355700e+001	  1.3299913889355700e+001	  1.3299913889355700e+001	  1.9299913889355857e+001	  1.5299913889355700e+001	  1.3299913889355700e+001	
  2.6287748583316596e+001	  2.6287748583316596e+001	  2.6287748583316596e+001	  1.7287748583316596e+001	  1.7287748583316596e+001	  1.7287748583316596e+001	  1.3287748583316949e+001	  1.3287748583316949e+001	  1.3287748583316949e+001	  1.3287748583316949e+001	  1.9287748583316596e+001	  1.5287748583316949e+001	  1.3287748583316949e+001	
  2.6289896288242048e+001	  2.6289896288242048e+001	  2.6289896288242048e+001	  1.7289896288242048e+001	  1.7289896288242048e+001	  1.7289896288242048e+001	  1.3289896288241231e+001	  1.3289896288241231e+001	  1.3289896288241231e+001	  1.3289896288241231e+001	  1.9289896288242048e+001	  1.5289896288241231e+001	  1.3289896288241231e+001	
  2.6283030612815033e+001	  2.6283030612815033e+001	  2.6283030612815033e+001	  1.7283030612815033e+001	  1.7283030612815033e+001	  1.7283030612815033e+001	  1.3283030612814473e+001	  1.3283030612814473e+001	  1.3283030612814473e+001	  1.3283030612814473e+001	  1.9283030612815033e+001	  1.5283030612814473e+001	  1.3283030612814473e+001	
  2.6273573424405743e+001	  2.6273573424405743e+001	  2.6273573424405743e+001	  1.7273573424405743e+001	  1.7273573424405743e+001	  1.7273573424405743e+001	  1.3273573424405361e+001	  1.3273573424405361e+001	  1.3273573424405361e+001	  1.3273573424405361e+001	  1.9273573424405743e+001	  1.5273573424405361e+001	  1.3273573424405361e+001	
  2.6262574641307349e+001	  2.6262574641307349e+001	  2.6262574641307349e+001	  1.7262574641307349e+001	  1.7262574641307349e+001	  1.7262574641307349e+001	  1.3262574641307086e+001	  1.3262574641307086e+001	  1.3262574641307086e+001	  1.3262574641307086e+001	  1.9262574641307349e+001	  1.5262574641307086e+001	  1.3262574641307086e+001	
  2.6248836922945294e+001	  2.6248836922945294e+001	  2.6248836922945294e+001	  1.7248836922945294e+001	  1.7248836922945294e+001	  1.7248836922945294e+001	  1.3248836922945115e+001	  1.3248836922945115e+001	  1.3248836922945115e+001	  1.3248836922945115e+001	  1.9248836922945294e+001	  1.5248836922945115e+001	  1.3248836922945115e+001	
  2.6228296266910387e+001	  2.6228296266910387e+001	  2.6228296266910387e+001	  1.7228296266910387e+001	  1.7228296266910387e+001	  1.7228296266910387e+001	  1.3228296266910284e+001	  1.3228296266910284e+001	  1.3228296266910284e+001	  1.3228296266910284e+001	  1.9228296266910387e+001	  1.5228296266910284e+001	  1.3228296266910284e+001	
  2.6208378413370184e+001	  2.6208378413370184e+001	  2.6208378413370184e+001	  1.7208378413370184e+001	  1.7208378413370184e+001	  1.7208378413370184e+001	  1.3208378413370125e+001	  1.3208378413370125e+001	  1.3208378413370125e+001	  1.3208378413370125e+001	  1.9208378413370184e+001	  1.5208378413370125e+001	  1.3208378413370125e+001	
  2.6183113636045654e+001	  2.6183113636045654e+001	  2.6183113636045654e+001	  1.7183113636045654e+001	  1.7183113636045654e+001	  1.7183113636045654e+001	  1.3183113636045622e+001	  1.3183113636045622e+001	  1.3183113636045622e+001	  1.3183113636045622e+001	  1.9183113636045654e+001	  1.5183113636045622e+001	  1.3183113636045622e+001	
  2.6132429752344752e+001	  2.6132429752344752e+001	  2.6132429752344752e+001	  1.7132429752344752e+001	  1.7132429752344752e+001	  1.7132429752344752e+001	  1.3132429752344745e+001	  1.3132429752344745e+001	  1.3132429752344745e+001	  1.3132429752344745e+001	  1.9132429752344752e+001	  1.5132429752344745e+001	  1.3132429752344745e+001	
  2.6094974813156377e+001	  2.6094974813156377e+001	  2.6094974813156377e+001	  1.7094974813156377e+001	  1.7094974813156377e+001	  1.7094974813156377e+001	  1.3094974813156375e+001	  1.3094974813156375e+001	  1.3094974813156375e+001	  1.3094974813156375e+001	  1.9094974813156377e+001	  1.5094974813156375e+001	  1.3094974813156375e+001	
  2.6063834012169369e+001	  2.6063834012169369e+001	  2.6063834012169369e+001	  1.7063834012169369e+001	  1.7063834012169369e+001	  1.7063834012169369e+001	  1.3063834012169368e+001	  1.3063834012169368e+001	  1.3063834012169368e+001	  1.3063834012169368e+001	  1.9063834012169369e+001	  1.5063834012169368e+001	  1.3063834012169368e+001	
  2.6024066629082718e+001	  2.6024066629082718e+001	  2.6024066629082718e+001	  1.7024066629082718e+001	  1.7024066629082718e+001	  1.7024066629082718e+001	  1.3024066629082716e+001	  1.3024066629082716e+001	  1.3024066629082716e+001	  1.3024066629082716e+001	  1.9024066629082718e+001	  1.5024066629082716e+001	  1.3024066629082716e+001	
  2.5963021125250638e+001	  2.5963021125250638e+001	  2.5963021125250638e+001	  1.6963021125250638e+001	  1.6963021125250638e+001	  1.6963021125250638e+001	  1.2963021125250640e+001	  1.2963021125250640e+001	  1.2963021125250640e+001	  1.2963021125250640e+001	  1.8963021125250638e+001	  1.4963021125250640e+001	  1.2963021125250640e+001	
  2.5924655251237965e+001	  2.5924655251237965e+001	  2.5924655251237965e+001	  1.6924655251237965e+001	  1.6924655251237965e+001	  1.6924655251237965e+001	  1.2924655251237967e+001	  1.2924655251237967e+001	  1.2924655251237967e+001	  1.2924655251237967e+001	  1.8924655251237965e+001	  1.4924655251237967e+001	  1.2924655251237967e+001	
  2.5890670061653601e+001	  2.5890670061653601e+001	  2.5890670061653601e+001	  1.6890670061653601e+001	  1.6890670061653601e+001	  1.6890670061653601e+001	  1.2890670061653605e+001	  1.2890670061653605e+001	  1.2890670061653605e+001	  1.2890670061653605e+001	  1.8890670061653601e+001	  1.4890670061653605e+001	  1.2890670061653605e+001	
  2.5893743983024830e+001	  2.5893743983024830e+001	  2.5893743983024830e+001	  1.6893743983024830e+001	  1.6893743983024830e+001	  1.6893743983024830e+001	  1.2893743983024834e+001	  1.2893743983024834e+001	  1.2893743983024834e+001	  1.2893743983024834e+001	  1.8893743983024830e+001	  1.4893743983024834e+001	  1.2893743983024834e+001	
  2.5894655241125584e+001	  2.5894655241125584e+001	  2.5894655241125584e+001	  1.6894655241125584e+001	  1.6894655241125584e+001	  1.6894655241125584e+001	  1.2894655241125587e+001	  1.2894655241125587e+001	  1.2894655241125587e+001	  1.2894655241125587e+001	  1.8894655241125584e+001	  1.4894655241125587e+001	  1.2894655241125587e+001	
  2.5895132546872578e+001	  2.5895132546872578e+001	  2.5895132546872578e+001	  1.6895132546872578e+001	  1.6895132546872578e+001	  1.6895132546872578e+001	  1.2895132546872579e+001	  1.2895132546872579e+001	  1.2895132546872579e+001	  1.2895132546872579e+001	  1.8895132546872578e+001	  1.4895132546872579e+001	  1.2895132546872579e+001	
  2.5895319666841388e+001	  2.5895319666841388e+001	  2.5895319666841388e+001	  1.6895319666841388e+001	  1.6895319666841388e+001	  1.6895319666841388e+001	  1.2895319666841390e+001	  1.2895319666841390e+001	  1.2895319666841390e+001	  1.2895319666841390e+001	  1.8895319666841388e+001	  1.4895319666841390e+001	  1.2895319666841390e+001	
  2.5895238460160620e+001	  2.5895238460160620e+001	  2.5895238460160620e+001	  1.6895238460160620e+001	  1.6895238460160620e+001	  1.6895238460160620e+001	  1.2895238460160622e+001	  1.2895238460160622e+001	  1.2895238460160622e+001	  1.2895238460160622e+001	  1.8895238460160620e+001	  1.4895238460160622e+001	  1.2895238460160622e+001	
  2.5894864647657577e+001	  2.5894864647657577e+001	  2.5894864647657577e+001	  1.6894864647657577e+001	  1.6894864647657577e+001	  1.6894864647657577e+001	  1.2894864647657577e+001	  1.2894864647657577e+001	  1.2894864647657577e+001	  1.2894864647657577e+001	  1.8894864647657577e+001	  1.4894864647657577e+001	  1.2894864647657577e+001	
  2.5894108732131979e+001	  2.5894108732131979e+001	  2.5894108732131979e+001	  1.6894108732131979e+001	  1.6894108732131979e+001	  1.6894108732131979e+001	  1.2894108732131977e+001	  1.2894108732131977e+001	  1.2894108732131977e+001	  1.2894108732131977e+001	  1.8894108732131979e+001	  1.4894108732131977e+001	  1.2894108732131977e+001	
  2.5893068242643029e+001	  2.5893068242643029e+001	  2.5893068242643029e+001	  1.6893068242643029e+001	  1.6893068242643029e+001	  1.6893068242643029e+001	  1.2893068242643025e+001	  1.2893068242643025e+001	  1.2893068242643025e+001	  1.2893068242643025e+001	  1.8893068242643029e+001	  1.4893068242643025e+001	  1.2893068242643025e+001	
  2.5891770646027780e+001	  2.5891770646027780e+001	  2.5891770646027780e+001	  1.6891770646027780e+001	  1.6891770646027780e+001	  1.6891770646027780e+001	  1.2891770646027775e+001	  1.2891770646027775e+001	  1.2891770646027775e+001	  1.2891770646027775e+001	  1.8891770646027780e+001	  1.4891770646027775e+001	  1.2891770646027775e+001	
  2.5889748897476512e+001	  2.5889748897476512e+001	  2.5889748897476512e+001	  1.6889748897476512e+001	  1.6889748897476512e+001	  1.6889748897476512e+001	  1.2889748897476505e+001	  1.2889748897476505e+001	  1.2889748897476505e+001	  1.2889748897476505e+001	  1.8889748897476512e+001	  1.4889748897476505e+001	  1.2889748897476505e+001	
  2.5883662149977251e+001	  2.5883662149977251e+001	  2.5883662149977251e+001	  1.6883662149977251e+001	  1.6883662149977251e+001	  1.6883662149977251e+001	  1.2883662149977246e+001	  1.2883662149977246e+001	  1.2883662149977246e+001	  1.2883662149977246e+001	  1.8883662149977251e+001	  1.4883662149977246e+001	  1.2883662149977246e+001	
  2.5877092729278729e+001	  2.5877092729278729e+001	  2.5877092729278729e+001	  1.6877092729278729e+001	  1.6877092729278729e+001	  1.6877092729278729e+001	  1.2877092729278724e+001	  1.2877092729278724e+001	  1.2877092729278724e+001	  1.2877092729278724e+001	  1.8877092729278729e+001	  1.4877092729278724e+001	  1.2877092729278724e+001	
  2.5870198069658240e+001	  2.5870198069658240e+001	  2.5870198069658240e+001	  1.6870198069658240e+001	  1.6870198069658240e+001	  1.6870198069658240e+001	  1.2870198069658239e+001	  1.2870198069658239e+001	  1.2870198069658239e+001	  1.2870198069658239e+001	  1.8870198069658240e+001	  1.4870198069658239e+001	  1.2870198069658239e+001	
  2.5861173633192223e+001	  2.5861173633192223e+001	  2.5861173633192223e+001	  1.6861173633192223e+001	  1.6861173633192223e+001	  1.6861173633192223e+001	  1.2861173633192220e+001	  1.2861173633192220e+001	  1.2861173633192220e+001	  1.2861173633192220e+001	  1.8861173633192223e+001	  1.4861173633192220e+001	  1.2861173633192220e+001	
  2.5840620096725569e+001	  2.5840620096725569e+001	  2.5840620096725569e+001	  1.6840620096725569e+001	  1.6840620096725569e+001	  1.6840620096725569e+001	  1.2840620096725567e+001	  1.2840620096725567e+001	  1.2840620096725567e+001	  1.2840620096725567e+001	  1.8840620096725569e+001	  1.4840620096725567e+001	  1.2840620096725567e+001	
  2.5822536698428909e+001	  2.5822536698428909e+001	  2.5822536698428909e+001	  1.6822536698428909e+001	  1.6822536698428909e+001	  1.6822536698428909e+001	  1.2822536698428909e+001	  1.2822536698428909e+001	  1.2822536698428909e+001	  1.2822536698428909e+001	  1.8822536698428909e+001	  1.4822536698428909e+001	  1.2822536698428909e+001	
  2.5806248628795217e+001	  2.5806248628795217e+001	  2.5806248628795217e+001	  1.6806248628795217e+001	  1.6806248628795217e+001	  1.6806248628795217e+001	  1.2806248628795217e+001	  1.2806248628795217e+001	  1.2806248628795217e+001	  1.2806248628795217e+001	  1.8806248628795217e+001	  1.4806248628795217e+001	  1.2806248628795217e+001	
  2.5784547650777856e+001	  2.5784547650777856e+001	  2.5784547650777856e+001	  1.6784547650777856e+001	  1.6784547650777856e+001	  1.6784547650777856e+001	  1.2784547650777855e+001	  1.2784547650777855e+001	  1.2784547650777855e+001	  1.2784547650777855e+001	  1.8784547650777856e+001	  1.4784547650777855e+001	  1.2784547650777855e+001	
  2.5738971082297322e+001	  2.5738971082297322e+001	  2.5738971082297322e+001	  1.6738971082297322e+001	  1.6738971082297322e+001	  1.6738971082297322e+001	  1.2738971082297320e+001	  1.2738971082297320e+001	  1.2738971082297320e+001	  1.2738971082297320e+001	  1.8738971082297322e+001	  1.4738971082297320e+001	  1.2738971082297320e+001	
  2.5710447587383232e+001	  2.5710447587383232e+001	  2.5710447587383232e+001	  1.6710447587383232e+001	  1.6710447587383232e+001	  1.6710447587383232e+001	  1.2710447587383234e+001	  1.2710447587383234e+001	  1.2710447587383234e+001	  1.2710447587383234e+001	  1.8710447587383232e+001	  1.4710447587383234e+001	  1.2710447587383234e+001	
  2.5687622923490210e+001	  2.5687622923490210e+001	  2.5687622923490210e+001	  1.6687622923490210e+001	  1.6687622923490210e+001	  1.6687622923490210e+001	  1.2687622923490213e+001	  1.2687622923490213e+001	  1.2687622923490213e+001	  1.2687622923490213e+001	  1.8687622923490210e+001	  1.4687622923490213e+001	  1.2687622923490213e+001	
  2.5651466434514496e+001	  2.5651466434514496e+001	  2.5651466434514496e+001	  1.6651466434514496e+001	  1.6651466434514496e+001	  1.6651466434514496e+001	  1.2651466434514496e+001	  1.2651466434514496e+001	  1.2651466434514496e+001	  1.2651466434514496e+001	  1.8651466434514496e+001	  1.4651466434514496e+001	  1.2651466434514496e+001	
  2.5589655719915953e+001	  2.5589655719915953e+001	  2.5589655719915953e+001	  1.6589655719915953e+001	  1.6589655719915953e+001	  1.6589655719915953e+001	  1.2589655719915951e+001	  1.2589655719915951e+001	  1.2589655719915951e+001	  1.2589655719915951e+001	  1.8589655719915953e+001	  1.4589655719915951e+001	  1.2589655719915951e+001	
  2.5565191472002184e+001	  2.5565191472002184e+001	  2.5565191472002184e+001	  1.6565191472002184e+001	  1.6565191472002184e+001	  1.6565191472002184e+001	  1.2565191472002184e+001	  1.2565191472002184e+001	  1.2565191472002184e+001	  1.2565191472002184e+001	  1.8565191472002184e+001	  1.4565191472002184e+001	  1.2565191472002184e+001	
  2.5544774345247724e+001	  2.5544774345247724e+001	  2.5544774345247724e+001	  1.6544774345247724e+001	  1.6544774345247724e+001	  1.6544774345247724e+001	  1.2544774345247728e+001	  1.2544774345247728e+001	  1.2544774345247728e+001	  1.2544774345247728e+001	  1.8544774345247724e+001	  1.4544774345247728e+001	  1.2544774345247728e+001	
  2.5510421144002166e+001	  2.5510421144002166e+001	  2.5510421144002166e+001	  1.6510421144002166e+001	  1.6510421144002166e+001	  1.6510421144002166e+001	  1.2510421144002160e+001	  1.2510421144002160e+001	  1.2510421144002160e+001	  1.2510421144002160e+001	  1.8510421144002166e+001	  1.4510421144002160e+001	  1.2510421144002160e+001	
  2.5475043383818498e+001	  2.5475043383818498e+001	  2.5475043383818498e+001	  1.6475043383818498e+001	  1.6475043383818498e+001	  1.6475043383818498e+001	  1.2475043383818500e+001	  1.2475043383818500e+001	  1.2475043383818500e+001	  1.2475043383818500e+001	  1.8475043383818498e+001	  1.4475043383818500e+001	  1.2475043383818500e+001	
  2.5441074594916884e+001	  2.5441074594916884e+001	  2.5441074594916884e+001	  1.6441074594916884e+001	  1.6441074594916884e+001	  1.6441074594916884e+001	  1.2441074594916882e+001	  1.2441074594916882e+001	  1.2441074594916882e+001	  1.2441074594916882e+001	  1.8441074594916884e+001	  1.4441074594916882e+001	  1.2441074594916882e+001	
  2.5420459759245869e+001	  2.5420459759245869e+001	  2.5420459759245869e+001	  1.6420459759245869e+001	  1.6420459759245869e+001	  1.6420459759245869e+001	  1.2420459759245873e+001	  1.2420459759245873e+001	  1.2420459759245873e+001	  1.2420459759245873e+001	  1.8420459759245869e+001	  1.4420459759245873e+001	  1.2420459759245873e+001	
  2.5393859022046083e+001	  2.5393859022046083e+001	  2.5393859022046083e+001	  1.6393859022046083e+001	  1.6393859022046083e+001	  1.6393859022046083e+001	  1.2393859022046076e+001	  1.2393859022046076e+001	  1.2393859022046076e+001	  1.2393859022046076e+001	  1.8393859022046083e+001	  1.4393859022046076e+001	  1.2393859022046076e+001	
  2.5335136317043997e+001	  2.5335136317043997e+001	  2.5335136317043997e+001	  1.6335136317043997e+001	  1.6335136317043997e+001	  1.6335136317043997e+001	  1.2335136317044004e+001	  1.2335136317044004e+001	  1.2335136317044004e+001	  1.2335136317044004e+001	  1.8335136317043997e+001	  1.4335136317044004e+001	  1.2335136317044004e+001	
  2.5303778472810563e+001	  2.5303778472810563e+001	  2.5303778472810563e+001	  1.6303778472810563e+001	  1.6303778472810563e+001	  1.6303778472810563e+001	  1.2303778472810544e+001	  1.2303778472810544e+001	  1.2303778472810544e+001	  1.2303778472810544e+001	  1.8303778472810563e+001	  1.4303778472810544e+001	  1.2303778472810544e+001	
  2.5289337175082228e+001	  2.5289337175082228e+001	  2.5289337175082228e+001	  1.6289337175082228e+001	  1.6289337175082228e+001	  1.6289337175082228e+001	  1.2289337175082283e+001	  1.2289337175082283e+001	  1.2289337175082283e+001	  1.2289337175082283e+001	  1.8289337175082228e+001	  1.4289337175082283e+001	  1.2289337175082283e+001	
  2.5235626849914649e+001	  2.5235626849914649e+001	  2.5235626849914649e+001	  1.6235626849914649e+001	  1.6235626849914649e+001	  1.6235626849914649e+001	  1.2235626849914491e+001	  1.2235626849914491e+001	  1.2235626849914491e+001	  1.2235626849914491e+001	  1.8235626849914649e+001	  1.4235626849914491e+001	  1.2235626849914491e+001	
  2.5255642919556543e+001	  2.5255642919556543e+001	  2.5255642919556543e+001	  1.6255642919556543e+001	  1.6255642919556543e+001	  1.6255642919556543e+001	  1.2255642919557003e+001	  1.2255642919557003e+001	  1.2255642919557003e+001	  1.2255642919557003e+001	  1.8255642919556543e+001	  1.4255642919557003e+001	  1.2255642919557003e+001	
  2.5205558240627845e+001	  2.5205558240627845e+001	  2.5205558240627845e+001	  1.6205558240627845e+001	  1.6205558240627845e+001	  1.6205558240627845e+001	  1.2205558240626823e+001	  1.2205558240626823e+001	  1.2205558240626823e+001	  1.2205558240626823e+001	  1.8205558240627845e+001	  1.4205558240626823e+001	  1.2205558240626823e+001	
  2.5215857819843421e+001	  2.5215857819843421e+001	  2.5215857819843421e+001	  1.6215857819843421e+001	  1.6215857819843421e+001	  1.6215857819843421e+001	  1.2215857819845692e+001	  1.2215857819845692e+001	  1.2215857819845692e+001	  1.2215857819845692e+001	  1.8215857819843421e+001	  1.4215857819845692e+001	  1.2215857819845692e+001	
  2.5177948589926963e+001	  2.5177948589926963e+001	  2.5177948589926963e+001	  1.6177948589926963e+001	  1.6177948589926963e+001	  1.6177948589926963e+001	  1.2177948589921929e+001	  1.2177948589921929e+001	  1.2177948589921929e+001	  1.2177948589921929e+001	  1.8177948589926963e+001	  1.4177948589921929e+001	  1.2177948589921929e+001	
  2.5183450064760152e+001	  2.5183450064760152e+001	  2.5183450064760152e+001	  1.6183450064760152e+001	  1.6183450064760152e+001	  1.6183450064760152e+001	  1.2183450064771309e+001	  1.2183450064771309e+001	  1.2183450064771309e+001	  1.2183450064771309e+001	  1.8183450064760152e+001	  1.4183450064771309e+001	  1.2183450064771309e+001	
  2.5138077020818091e+001	  2.5138077020818091e+001	  2.5138077020818091e+001	  1.6138077020818091e+001	  1.6138077020818091e+001	  1.6138077020818091e+001	  1.2138077020793348e+001	  1.2138077020793348e+001	  1.2138077020793348e+001	  1.2138077020793348e+001	  1.8138077020818091e+001	  1.4138077020793348e+001	  1.2138077020793348e+001	
  2.5178800925481664e+001	  2.5178800925481664e+001	  2.5178800925481664e+001	  1.6178800925481664e+001	  1.6178800925481664e+001	  1.6178800925481664e+001	  1.2178800925491348e+001	  1.2178800925491348e+001	  1.2178800925491348e+001	  1.2178800925491348e+001	  1.8178800925481664e+001	  1.4178800925491348e+001	  1.2178800925491348e+001	
  2.5169412422956430e+001	  2.5169412422956430e+001	  2.5169412422956430e+001	  1.6169412422956430e+001	  1.6169412422956430e+001	  1.6169412422956430e+001	  1.2169412422954963e+001	  1.2169412422954963e+001	  1.2169412422954963e+001	  1.2169412422954963e+001	  1.8169412422956430e+001	  1.4169412422954963e+001	  1.2169412422954963e+001	
  2.5163978033034489e+001	  2.5163978033034489e+001	  2.5163978033034489e+001	  1.6163978033034489e+001	  1.6163978033034489e+001	  1.6163978033034489e+001	  1.2163978033034709e+001	  1.2163978033034709e+001	  1.2163978033034709e+001	  1.2163978033034709e+001	  1.8163978033034489e+001	  1.4163978033034709e+001	  1.2163978033034709e+001	
  2.5152472739297618e+001	  2.5152472739297618e+001	  2.5152472739297618e+001	  1.6152472739297618e+001	  1.6152472739297618e+001	  1.6152472739297618e+001	  1.2152472739297586e+001	  1.2152472739297586e+001	  1.2152472739297586e+001	  1.2152472739297586e+001	  1.8152472739297618e+001	  1.4152472739297586e+001	  1.2152472739297586e+001	
  2.5129703962115261e+001	  2.5129703962115261e+001	  2.5129703962115261e+001	  1.6129703962115261e+001	  1.6129703962115261e+001	  1.6129703962115261e+001	  1.2129703962115318e+001	  1.2129703962115318e+001	  1.2129703962115318e+001	  1.2129703962115318e+001	  1.8129703962115261e+001	  1.4129703962115318e+001	  1.2129703962115318e+001	
  2.5138097878129045e+001	  2.5138097878129045e+001	  2.5138097878129045e+001	  1.6138097878129045e+001	  1.6138097878129045e+001	  1.6138097878129045e+001	  1.2138097878128947e+001	  1.2138097878128947e+001	  1.2138097878128947e+001	  1.2138097878128947e+001	  1.8138097878129045e+001	  1.4138097878128947e+001	  1.2138097878128947e+001	
  2.5109890769380321e+001	  2.5109890769380321e+001	  2.5109890769380321e+001	  1.6109890769380321e+001	  1.6109890769380321e+001	  1.6109890769380321e+001	  1.2109890769380483e+001	  1.2109890769380483e+001	  1.2109890769380483e+001	  1.2109890769380483e+001	  1.8109890769380321e+001	  1.4109890769380483e+001	  1.2109890769380483e+001	
  2.5125897653454139e+001	  2.5125897653454139e+001	  2.5125897653454139e+001	  1.6125897653454139e+001	  1.6125897653454139e+001	  1.6125897653454139e+001	  1.2125897653453858e+001	  1.2125897653453858e+001	  1.2125897653453858e+001	  1.2125897653453858e+001	  1.8125897653454139e+001	  1.4125897653453858e+001	  1.2125897653453858e+001	
  2.5106168862297540e+001	  2.5106168862297540e+001	  2.5106168862297540e+001	  1.6106168862297540e+001	  1.6106168862297540e+001	  1.6106168862297540e+001	  1.2106168862297833e+001	  1.2106168862297833e+001	  1.2106168862297833e+001	  1.2106168862297833e+001	  1.8106168862297540e+001	  1.4106168862297833e+001	  1.2106168862297833e+001	
  2.5109722673376620e+001	  2.5109722673376620e+001	  2.5109722673376620e+001	  1.6109722673376620e+001	  1.6109722673376620e+001	  1.6109722673376620e+001	  1.2109722673376318e+001	  1.2109722673376318e+001	  1.2109722673376318e+001	  1.2109722673376318e+001	  1.8109722673376620e+001	  1.4109722673376318e+001	  1.2109722673376318e+001	
  2.5095932886267825e+001	  2.5095932886267825e+001	  2.5095932886267825e+001	  1.6095932886267825e+001	  1.6095932886267825e+001	  1.6095932886267825e+001	  1.2095932886268137e+001	  1.2095932886268137e+001	  1.2095932886268137e+001	  1.2095932886268137e+001	  1.8095932886267825e+001	  1.4095932886268137e+001	  1.2095932886268137e+001	
  2.5094027904111851e+001	  2.5094027904111851e+001	  2.5094027904111851e+001	  1.6094027904111851e+001	  1.6094027904111851e+001	  1.6094027904111851e+001	  1.2094027904111355e+001	  1.2094027904111355e+001	  1.2094027904111355e+001	  1.2094027904111355e+001	  1.8094027904111851e+001	  1.4094027904111355e+001	  1.2094027904111355e+001	
  2.5084212309361959e+001	  2.5084212309361959e+001	  2.5084212309361959e+001	  1.6084212309361959e+001	  1.6084212309361959e+001	  1.6084212309361959e+001	  1.2084212309362741e+001	  1.2084212309362741e+001	  1.2084212309362741e+001	  1.2084212309362741e+001	  1.8084212309361959e+001	  1.4084212309362741e+001	  1.2084212309362741e+001	
  2.5078107301881712e+001	  2.5078107301881712e+001	  2.5078107301881712e+001	  1.6078107301881712e+001	  1.6078107301881712e+001	  1.6078107301881712e+001	  1.2078107301880479e+001	  1.2078107301880479e+001	  1.2078107301880479e+001	  1.2078107301880479e+001	  1.8078107301881712e+001	  1.4078107301880479e+001	  1.2078107301880479e+001	
  2.5072152255005882e+001	  2.5072152255005882e+001	  2.5072152255005882e+001	  1.6072152255005882e+001	  1.6072152255005882e+001	  1.6072152255005882e+001	  1.2072152255008831e+001	  1.2072152255008831e+001	  1.2072152255008831e+001	  1.2072152255008831e+001	  1.8072152255005882e+001	  1.4072152255008831e+001	  1.2072152255008831e+001	
  2.5065786382745308e+001	  2.5065786382745308e+001	  2.5065786382745308e+001	  1.6065786382745308e+001	  1.6065786382745308e+001	  1.6065786382745308e+001	  1.2065786382738267e+001	  1.2065786382738267e+001	  1.2065786382738267e+001	  1.2065786382738267e+001	  1.8065786382745308e+001	  1.4065786382738267e+001	  1.2065786382738267e+001	
  2.5061523664748780e+001	  2.5061523664748780e+001	  2.5061523664748780e+001	  1.6061523664748780e+001	  1.6061523664748780e+001	  1.6061523664748780e+001	  1.2061523664765586e+001	  1.2061523664765586e+001	  1.2061523664765586e+001	  1.2061523664765586e+001	  1.8061523664748780e+001	  1.4061523664765586e+001	  1.2061523664765586e+001	
  2.5045800346418872e+001	  2.5045800346418872e+001	  2.5045800346418872e+001	  1.6045800346418872e+001	  1.6045800346418872e+001	  1.6045800346418872e+001	  1.2045800346378746e+001	  1.2045800346378746e+001	  1.2045800346378746e+001	  1.2045800346378746e+001	  1.8045800346418872e+001	  1.4045800346378746e+001	  1.2045800346378746e+001	
  2.5056251235955990e+001	  2.5056251235955990e+001	  2.5056251235955990e+001	  1.6056251235955990e+001	  1.6056251235955990e+001	  1.6056251235955990e+001	  1.2056251236147114e+001	  1.2056251236147114e+001	  1.2056251236147114e+001	  1.2056251236147114e+001	  1.8056251235955990e+001	  1.4056251236147114e+001	  1.2056251236147114e+001	
  2.5025895232848899e+001	  2.5025895232848899e+001	  2.5025895232848899e+001	  1.6025895232848899e+001	  1.6025895232848899e+001	  1.6025895232848899e+001	  1.2025895232162192e+001	  1.2025895232162192e+001	  1.2025895232162192e+001	  1.2025895232162192e+001	  1.8025895232848899e+001	  1.4025895232162192e+001	  1.2025895232162192e+001	
  2.5071792835980016e+001	  2.5071792835980016e+001	  2.5071792835980016e+001	  1.6071792835980016e+001	  1.6071792835980016e+001	  1.6071792835980016e+001	  1.2071792838447335e+001	  1.2071792838447335e+001	  1.2071792838447335e+001	  1.2071792838447335e+001	  1.8071792835980016e+001	  1.4071792838447335e+001	  1.2071792838447335e+001	
  2.5038601786225946e+001	  2.5038601786225946e+001	  2.5038601786225946e+001	  1.6038601786225946e+001	  1.6038601786225946e+001	  1.6038601786225946e+001	  1.2038601784802397e+001	  1.2038601784802397e+001	  1.2038601784802397e+001	  1.2038601784802397e+001	  1.8038601786225946e+001	  1.4038601784802397e+001	  1.2038601784802397e+001	
  2.5038022685677163e+001	  2.5038022685677163e+001	  2.5038022685677163e+001	  1.6038022685677163e+001	  1.6038022685677163e+001	  1.6038022685677163e+001	  1.2038022686498500e+001	  1.2038022686498500e+001	  1.2038022686498500e+001	  1.2038022686498500e+001	  1.8038022685677163e+001	  1.4038022686498500e+001	  1.2038022686498500e+001	
  2.5041826983557009e+001	  2.5041826983557009e+001	  2.5041826983557009e+001	  1.6041826983557009e+001	  1.6041826983557009e+001	  1.6041826983557009e+001	  1.2041826983083132e+001	  1.2041826983083132e+001	  1.2041826983083132e+001	  1.2041826983083132e+001	  1.8041826983557009e+001	  1.4041826983083132e+001	  1.2041826983083132e+001	
  2.5037226120920998e+001	  2.5037226120920998e+001	  2.5037226120920998e+001	  1.6037226120920998e+001	  1.6037226120920998e+001	  1.6037226120920998e+001	  1.2037226121194404e+001	  1.2037226121194404e+001	  1.2037226121194404e+001	  1.2037226121194404e+001	  1.8037226120920998e+001	  1.4037226121194404e+001	  1.2037226121194404e+001	
  2.5038808391416900e+001	  2.5038808391416900e+001	  2.5038808391416900e+001	  1.6038808391416900e+001	  1.6038808391416900e+001	  1.6038808391416900e+001	  1.2038808391473724e+001	  1.2038808391473724e+001	  1.2038808391473724e+001	  1.2038808391473724e+001	  1.8038808391416900e+001	  1.4038808391473724e+001	  1.2038808391473724e+001	
  2.5038900287929490e+001	  2.5038900287929490e+001	  2.5038900287929490e+001	  1.6038900287929490e+001	  1.6038900287929490e+001	  1.6038900287929490e+001	  1.2038900287941299e+001	  1.2038900287941299e+001	  1.2038900287941299e+001	  1.2038900287941299e+001	  1.8038900287929490e+001	  1.4038900287941299e+001	  1.2038900287941299e+001	
  2.5037809445590540e+001	  2.5037809445590540e+001	  2.5037809445590540e+001	  1.6037809445590540e+001	  1.6037809445590540e+001	  1.6037809445590540e+001	  1.2037809445592996e+001	  1.2037809445592996e+001	  1.2037809445592996e+001	  1.2037809445592996e+001	  1.8037809445590540e+001	  1.4037809445592996e+001	  1.2037809445592996e+001	
  2.5033566704696618e+001	  2.5033566704696618e+001	  2.5033566704696618e+001	  1.6033566704696618e+001	  1.6033566704696618e+001	  1.6033566704696618e+001	  1.2033566704693547e+001	  1.2033566704693547e+001	  1.2033566704693547e+001	  1.2033566704693547e+001	  1.8033566704696618e+001	  1.4033566704693547e+001	  1.2033566704693547e+001	
  2.5034372854081187e+001	  2.5034372854081187e+001	  2.5034372854081187e+001	  1.6034372854081187e+001	  1.6034372854081187e+001	  1.6034372854081187e+001	  1.2034372854085026e+001	  1.2034372854085026e+001	  1.2034372854085026e+001	  1.2034372854085026e+001	  1.8034372854081187e+001	  1.4034372854085026e+001	  1.2034372854085026e+001	
  2.5032230243198203e+001	  2.5032230243198203e+001	  2.5032230243198203e+001	  1.6032230243198203e+001	  1.6032230243198203e+001	  1.6032230243198203e+001	  1.2032230243193411e+001	  1.2032230243193411e+001	  1.2032230243193411e+001	  1.2032230243193411e+001	  1.8032230243198203e+001	  1.4032230243193411e+001	  1.2032230243193411e+001	
  2.5026054532841201e+001	  2.5026054532841201e+001	  2.5026054532841201e+001	  1.6026054532841201e+001	  1.6026054532841201e+001	  1.6026054532841201e+001	  1.2026054532847185e+001	  1.2026054532847185e+001	  1.2026054532847185e+001	  1.2026054532847185e+001	  1.8026054532841201e+001	  1.4026054532847185e+001	  1.2026054532847185e+001	
  2.5027506064662468e+001	  2.5027506064662468e+001	  2.5027506064662468e+001	  1.6027506064662468e+001	  1.6027506064662468e+001	  1.6027506064662468e+001	  1.2027506064633494e+001	  1.2027506064633494e+001	  1.2027506064633494e+001	  1.2027506064633494e+001	  1.8027506064662468e+001	  1.4027506064633494e+001	  1.2027506064633494e+001	
  2.5029126530142655e+001	  2.5029126530142655e+001	  2.5029126530142655e+001	  1.6029126530142655e+001	  1.6029126530142655e+001	  1.6029126530142655e+001	  1.2029126530164442e+001	  1.2029126530164442e+001	  1.2029126530164442e+001	  1.2029126530164442e+001	  1.8029126530142655e+001	  1.4029126530164442e+001	  1.2029126530164442e+001	
  2.5026909765298594e+001	  2.5026909765298594e+001	  2.5026909765298594e+001	  1.6026909765298594e+001	  1.6026909765298594e+001	  1.6026909765298594e+001	  1.2026909765282209e+001	  1.2026909765282209e+001	  1.2026909765282209e+001	  1.2026909765282209e+001	  1.8026909765298594e+001	  1.4026909765282209e+001	  1.2026909765282209e+001	
  2.5026400851324304e+001	  2.5026400851324304e+001	  2.5026400851324304e+001	  1.6026400851324304e+001	  1.6026400851324304e+001	  1.6026400851324304e+001	  1.2026400851336627e+001	  1.2026400851336627e+001	  1.2026400851336627e+001	  1.2026400851336627e+001	  1.8026400851324304e+001	  1.4026400851336627e+001	  1.2026400851336627e+001	
  2.5025102237551987e+001	  2.5025102237551987e+001	  2.5025102237551987e+001	  1.6025102237551987e+001	  1.6025102237551987e+001	  1.6025102237551987e+001	  1.2025102237542718e+001	  1.2025102237542718e+001	  1.2025102237542718e+001	  1.2025102237542718e+001	  1.8025102237551987e+001	  1.4025102237542718e+001	  1.2025102237542718e+001	
  2.5023112690756154e+001	  2.5023112690756154e+001	  2.5023112690756154e+001	  1.6023112690756154e+001	  1.6023112690756154e+001	  1.6023112690756154e+001	  1.2023112690776928e+001	  1.2023112690776928e+001	  1.2023112690776928e+001	  1.2023112690776928e+001	  1.8023112690756154e+001	  1.4023112690776928e+001	  1.2023112690776928e+001	
  2.5023215025837786e+001	  2.5023215025837786e+001	  2.5023215025837786e+001	  1.6023215025837786e+001	  1.6023215025837786e+001	  1.6023215025837786e+001	  1.2023215025791215e+001	  1.2023215025791215e+001	  1.2023215025791215e+001	  1.2023215025791215e+001	  1.8023215025837786e+001	  1.4023215025791215e+001	  1.2023215025791215e+001	
  2.5020869431416997e+001	  2.5020869431416997e+001	  2.5020869431416997e+001	  1.6020869431416997e+001	  1.6020869431416997e+001	  1.6020869431416997e+001	  1.2020869431521406e+001	  1.2020869431521406e+001	  1.2020869431521406e+001	  1.2020869431521406e+001	  1.8020869431416997e+001	  1.4020869431521406e+001	  1.2020869431521406e+001	
  2.5014663782862048e+001	  2.5014663782862048e+001	  2.5014663782862048e+001	  1.6014663782862048e+001	  1.6014663782862048e+001	  1.6014663782862048e+001	  1.2014663782627979e+001	  1.2014663782627979e+001	  1.2014663782627979e+001	  1.2014663782627979e+001	  1.8014663782862048e+001	  1.4014663782627979e+001	  1.2014663782627979e+001	
  2.5029419698229521e+001	  2.5029419698229521e+001	  2.5029419698229521e+001	  1.6029419698229521e+001	  1.6029419698229521e+001	  1.6029419698229521e+001	  1.2029419699936641e+001	  1.2029419699936641e+001	  1.2029419699936641e+001	  1.2029419699936641e+001	  1.8029419698229521e+001	  1.4029419699936641e+001	  1.2029419699936641e+001	
  2.4952468427112947e+001	  2.4952468427112947e+001	  2.4952468427112947e+001	  1.5952468427112947e+001	  1.5952468427112947e+001	  1.5952468427112947e+001	  1.1952468414662507e+001	  1.1952468414662507e+001	  1.1952468414662507e+001	  1.1952468414662507e+001	  1.7952468427112947e+001	  1.3952468414662507e+001	  1.1952468414662507e+001	
  2.5085903146978943e+001	  2.5085903146978943e+001	  2.5085903146978943e+001	  1.6085903146978943e+001	  1.6085903146978943e+001	  1.6085903146978943e+001	  1.2085903169335763e+001	  1.2085903169335763e+001	  1.2085903169335763e+001	  1.2085903169335763e+001	  1.8085903146978943e+001	  1.4085903169335763e+001	  1.2085903169335763e+001	
  2.5038639411057304e+001	  2.5038639411057304e+001	  2.5038639411057304e+001	  1.6038639411057304e+001	  1.6038639411057304e+001	  1.6038639411057304e+001	  1.2038639413935087e+001	  1.2038639413935087e+001	  1.2038639413935087e+001	  1.2038639413935087e+001	  1.8038639411057304e+001	  1.4038639413935087e+001	  1.2038639413935087e+001	
  2.5020637950992981e+001	  2.5020637950992981e+001	  2.5020637950992981e+001	  1.6020637950992981e+001	  1.6020637950992981e+001	  1.6020637950992981e+001	  1.2020637951363410e+001	  1.2020637951363410e+001	  1.2020637951363410e+001	  1.2020637951363410e+001	  1.8020637950992981e+001	  1.4020637951363410e+001	  1.2020637951363410e+001	
  2.5016680061791423e+001	  2.5016680061791423e+001	  2.5016680061791423e+001	  1.6016680061791423e+001	  1.6016680061791423e+001	  1.6016680061791423e+001	  1.2016680061839104e+001	  1.2016680061839104e+001	  1.2016680061839104e+001	  1.2016680061839104e+001	  1.8016680061791423e+001	  1.4016680061839104e+001	  1.2016680061839104e+001	
  2.5015213478603819e+001	  2.5015213478603819e+001	  2.5015213478603819e+001	  1.6015213478603819e+001	  1.6015213478603819e+001	  1.6015213478603819e+001	  1.2015213478609958e+001	  1.2015213478609958e+001	  1.2015213478609958e+001	  1.2015213478609958e+001	  1.8015213478603819e+001	  1.4015213478609958e+001	  1.2015213478609958e+001	
  2.5014860344566682e+001	  2.5014860344566682e+001	  2.5014860344566682e+001	  1.6014860344566682e+001	  1.6014860344566682e+001	  1.6014860344566682e+001	  1.2014860344559279e+001	  1.2014860344559279e+001	  1.2014860344559279e+001	  1.2014860344559279e+001	  1.8014860344566682e+001	  1.4014860344559279e+001	  1.2014860344559279e+001	
  2.5014615967817313e+001	  2.5014615967817313e+001	  2.5014615967817313e+001	  1.6014615967817313e+001	  1.6014615967817313e+001	  1.6014615967817313e+001	  1.2014615967826234e+001	  1.2014615967826234e+001	  1.2014615967826234e+001	  1.2014615967826234e+001	  1.8014615967817313e+001	  1.4014615967826234e+001	  1.2014615967826234e+001	
  2.5011409393809849e+001	  2.5011409393809849e+001	  2.5011409393809849e+001	  1.6011409393809849e+001	  1.6011409393809849e+001	  1.6011409393809849e+001	  1.2011409393799099e+001	  1.2011409393799099e+001	  1.2011409393799099e+001	  1.2011409393799099e+001	  1.8011409393809849e+001	  1.4011409393799099e+001	  1.2011409393799099e+001	
  2.5011229700330265e+001	  2.5011229700330265e+001	  2.5011229700330265e+001	  1.6011229700330265e+001	  1.6011229700330265e+001	  1.6011229700330265e+001	  1.2011229700404055e+001	  1.2011229700404055e+001	  1.2011229700404055e+001	  1.2011229700404055e+001	  1.8011229700330265e+001	  1.4011229700404055e+001	  1.2011229700404055e+001	
  2.5005243851945284e+001	  2.5005243851945284e+001	  2.5005243851945284e+001	  1.6005243851945284e+001	  1.6005243851945284e+001	  1.6005243851945284e+001	  1.2005243851438696e+001	  1.2005243851438696e+001	  1.2005243851438696e+001	  1.2005243851438696e+001	  1.8005243851945284e+001	  1.4005243851438696e+001	  1.2005243851438696e+001	
  2.5022869403256674e+001	  2.5022869403256674e+001	  2.5022869403256674e+001	  1.6022869403256674e+001	  1.6022869403256674e+001	  1.6022869403256674e+001	  1.2022869406734536e+001	  1.2022869406734536e+001	  1.2022869406734536e+001	  1.2022869406734536e+001	  1.8022869403256674e+001	  1.4022869406734536e+001	  1.2022869406734536e+001	
  2.4979937556641875e+001	  2.4979937556641875e+001	  2.4979937556641875e+001	  1.5979937556641874e+001	  1.5979937556641874e+001	  1.5979937556641874e+001	  1.1979937546431700e+001	  1.1979937546431700e+001	  1.1979937546431700e+001	  1.1979937546431700e+001	  1.7979937556641875e+001	  1.3979937546431700e+001	  1.1979937546431700e+001	
  2.5015137088795832e+001	  2.5015137088795832e+001	  2.5015137088795832e+001	  1.6015137088795832e+001	  1.6015137088795832e+001	  1.6015137088795832e+001	  1.2015137092797863e+001	  1.2015137092797863e+001	  1.2015137092797863e+001	  1.2015137092797863e+001	  1.8015137088795832e+001	  1.4015137092797863e+001	  1.2015137092797863e+001	
  2.5009041453362020e+001	  2.5009041453362020e+001	  2.5009041453362020e+001	  1.6009041453362020e+001	  1.6009041453362020e+001	  1.6009041453362020e+001	  1.2009041451793365e+001	  1.2009041451793365e+001	  1.2009041451793365e+001	  1.2009041451793365e+001	  1.8009041453362020e+001	  1.4009041451793365e+001	  1.2009041451793365e+001	
  2.5009035519991599e+001	  2.5009035519991599e+001	  2.5009035519991599e+001	  1.6009035519991599e+001	  1.6009035519991599e+001	  1.6009035519991599e+001	  1.2009035520606455e+001	  1.2009035520606455e+001	  1.2009035520606455e+001	  1.2009035520606455e+001	  1.8009035519991599e+001	  1.4009035520606455e+001	  1.2009035520606455e+001	
  2.5008359464553330e+001	  2.5008359464553330e+001	  2.5008359464553330e+001	  1.6008359464553330e+001	  1.6008359464553330e+001	  1.6008359464553330e+001	  1.2008359463713147e+001	  1.2008359463713147e+001	  1.2008359463713147e+001	  1.2008359463713147e+001	  1.8008359464553330e+001	  1.4008359463713147e+001	  1.2008359463713147e+001	
  2.5008386813411715e+001	  2.5008386813411715e+001	  2.5008386813411715e+001	  1.6008386813411715e+001	  1.6008386813411715e+001	  1.6008386813411715e+001	  1.2008386814559801e+001	  1.2008386814559801e+001	  1.2008386814559801e+001	  1.2008386814559801e+001	  1.8008386813411715e+001	  1.4008386814559801e+001	  1.2008386814559801e+001	
  2.5004696352046253e+001	  2.5004696352046253e+001	  2.5004696352046253e+001	  1.6004696352046253e+001	  1.6004696352046253e+001	  1.6004696352046253e+001	  1.2004696350477424e+001	  1.2004696350477424e+001	  1.2004696350477424e+001	  1.2004696350477424e+001	  1.8004696352046253e+001	  1.4004696350477424e+001	  1.2004696350477424e+001	
  2.5009075387510258e+001	  2.5009075387510258e+001	  2.5009075387510258e+001	  1.6009075387510258e+001	  1.6009075387510258e+001	  1.6009075387510258e+001	  1.2009075406664387e+001	  1.2009075406664387e+001	  1.2009075406664387e+001	  1.2009075406664387e+001	  1.8009075387510258e+001	  1.4009075406664387e+001	  1.2009075406664387e+001	
  2.4958049979700654e+001	  2.4958049979700654e+001	  2.4958049979700654e+001	  1.5958049979700654e+001	  1.5958049979700654e+001	  1.5958049979700654e+001	  1.1958049745844203e+001	  1.1958049745844203e+001	  1.1958049745844203e+001	  1.1958049745844203e+001	  1.7958049979700654e+001	  1.3958049745844203e+001	  1.1958049745844203e+001	
  2.5006159675278521e+001	  2.5006159675278521e+001	  2.5006159675278521e+001	  1.6006159675278521e+001	  1.6006159675278521e+001	  1.6006159675278521e+001	  1.2006159714645760e+001	  1.2006159714645760e+001	  1.2006159714645760e+001	  1.2006159714645760e+001	  1.8006159675278521e+001	  1.4006159714645760e+001	  1.2006159714645760e+001	
  2.5006283279387681e+001	  2.5006283279387681e+001	  2.5006283279387681e+001	  1.6006283279387681e+001	  1.6006283279387681e+001	  1.6006283279387681e+001	  1.2006283272760623e+001	  1.2006283272760623e+001	  1.2006283272760623e+001	  1.2006283272760623e+001	  1.8006283279387681e+001	  1.4006283272760623e+001	  1.2006283272760623e+001	
  2.5005913701856674e+001	  2.5005913701856674e+001	  2.5005913701856674e+001	  1.6005913701856674e+001	  1.6005913701856674e+001	  1.6005913701856674e+001	  1.2005913702972270e+001	  1.2005913702972270e+001	  1.2005913702972270e+001	  1.2005913702972270e+001	  1.8005913701856674e+001	  1.4005913702972270e+001	  1.2005913702972270e+001	
  2.5004256585547832e+001	  2.5004256585547832e+001	  2.5004256585547832e+001	  1.6004256585547832e+001	  1.6004256585547832e+001	  1.6004256585547832e+001	  1.2004256584105843e+001	  1.2004256584105843e+001	  1.2004256584105843e+001	  1.2004256584105843e+001	  1.8004256585547832e+001	  1.4004256584105843e+001	  1.2004256584105843e+001	
  2.5005265456490140e+001	  2.5005265456490140e+001	  2.5005265456490140e+001	  1.6005265456490140e+001	  1.6005265456490140e+001	  1.6005265456490140e+001	  1.2005265458354019e+001	  1.2005265458354019e+001	  1.2005265458354019e+001	  1.2005265458354019e+001	  1.8005265456490140e+001	  1.4005265458354019e+001	  1.2005265458354019e+001	
  2.5003707987972156e+001	  2.5003707987972156e+001	  2.5003707987972156e+001	  1.6003707987972156e+001	  1.6003707987972156e+001	  1.6003707987972156e+001	  1.2003707985562952e+001	  1.2003707985562952e+001	  1.2003707985562952e+001	  1.2003707985562952e+001	  1.8003707987972156e+001	  1.4003707985562952e+001	  1.2003707985562952e+001	
  2.5003094520916143e+001	  2.5003094520916143e+001	  2.5003094520916143e+001	  1.6003094520916143e+001	  1.6003094520916143e+001	  1.6003094520916143e+001	  1.2003094537796670e+001	  1.2003094537796670e+001	  1.2003094537796670e+001	  1.2003094537796670e+001	  1.8003094520916143e+001	  1.4003094537796670e+001	  1.2003094537796670e+001	
  2.5003902283335517e+001	  2.5003902283335517e+001	  2.5003902283335517e+001	  1.6003902283335517e+001	  1.6003902283335517e+001	  1.6003902283335517e+001	  1.2003902165059094e+001	  1.2003902165059094e+001	  1.2003902165059094e+001	  1.2003902165059094e+001	  1.8003902283335517e+001	  1.4003902165059094e+001	  1.2003902165059094e+001	
  2.4999040785417300e+001	  2.4999040785417300e+001	  2.4999040785417300e+001	  1.5999040785417298e+001	  1.5999040785417298e+001	  1.5999040785417298e+001	  1.1999041614142145e+001	  1.1999041614142145e+001	  1.1999041614142145e+001	  1.1999041614142145e+001	  1.7999040785417300e+001	  1.3999041614142145e+001	  1.1999041614142145e+001	
  2.5029913182289974e+001	  2.5029913182289974e+001	  2.5029913182289974e+001	  1.6029913182290006e+001	  1.6029913182290006e+001	  1.6029913182290006e+001	  1.2029899300410008e+001	  1.2029899300410008e+001	  1.2029899300410008e+001	  1.2029899300410008e+001	  1.8029913182289974e+001	  1.4029899300410008e+001	  1.2029899300410008e+001	
  2.4599540788146175e+001	  2.4599540788146175e+001	  2.4599540788146175e+001	  1.5599540788145640e+001	  1.5599540788145640e+001	  1.5599540788145640e+001	  1.1599773322010780e+001	  1.1599773322010780e+001	  1.1599773322010780e+001	  1.1599773322010780e+001	  1.7599540788146175e+001	  1.3599773322010780e+001	  1.1599773322010780e+001	
  2.4687710665978873e+001	  2.4687710665978873e+001	  2.4687710665978873e+001	  1.5687710665978466e+001	  1.5687710665978466e+001	  1.5687710665978466e+001	  1.1687887240972977e+001	  1.1687887240972977e+001	  1.1687887240972977e+001	  1.1687887240972977e+001	  1.7687710665978873e+001	  1.3687887240972977e+001	  1.1687887240972977e+001	
  2.4759459783510053e+001	  2.4759459783510053e+001	  2.4759459783510053e+001	  1.5759459783509742e+001	  1.5759459783509742e+001	  1.5759459783509742e+001	  1.1759593866038616e+001	  1.1759593866038616e+001	  1.1759593866038616e+001	  1.1759593866038616e+001	  1.7759459783510053e+001	  1.3759593866038616e+001	  1.1759593866038616e+001	
  2.4814063592591896e+001	  2.4814063592591896e+001	  2.4814063592591896e+001	  1.5814063592591660e+001	  1.5814063592591660e+001	  1.5814063592591660e+001	  1.1814165408392924e+001	  1.1814165408392924e+001	  1.1814165408392924e+001	  1.1814165408392924e+001	  1.7814063592591896e+001	  1.3814165408392924e+001	  1.1814165408392924e+001	
  2.4856682322223786e+001	  2.4856682322223786e+001	  2.4856682322223786e+001	  1.5856682322223607e+001	  1.5856682322223607e+001	  1.5856682322223607e+001	  1.1856759636229198e+001	  1.1856759636229198e+001	  1.1856759636229198e+001	  1.1856759636229198e+001	  1.7856682322223786e+001	  1.3856759636229198e+001	  1.1856759636229198e+001	
  2.4909346261959861e+001	  2.4909346261959861e+001	  2.4909346261959861e+001	  1.5909346261959753e+001	  1.5909346261959753e+001	  1.5909346261959753e+001	  1.1909392858748804e+001	  1.1909392858748804e+001	  1.1909392858748804e+001	  1.1909392858748804e+001	  1.7909346261959861e+001	  1.3909392858748804e+001	  1.1909392858748804e+001	
  2.4942210389059355e+001	  2.4942210389059355e+001	  2.4942210389059355e+001	  1.5942210389059289e+001	  1.5942210389059289e+001	  1.5942210389059289e+001	  1.1942238472725803e+001	  1.1942238472725803e+001	  1.1942238472725803e+001	  1.1942238472725803e+001	  1.7942210389059355e+001	  1.3942238472725803e+001	  1.1942238472725803e+001	
  2.4962585856520601e+001	  2.4962585856520601e+001	  2.4962585856520601e+001	  1.5962585856520562e+001	  1.5962585856520562e+001	  1.5962585856520562e+001	  1.1962602782414834e+001	  1.1962602782414834e+001	  1.1962602782414834e+001	  1.1962602782414834e+001	  1.7962585856520601e+001	  1.3962602782414834e+001	  1.1962602782414834e+001	
  2.4975721557744382e+001	  2.4975721557744382e+001	  2.4975721557744382e+001	  1.5975721557744361e+001	  1.5975721557744361e+001	  1.5975721557744361e+001	  1.1975731758901562e+001	  1.1975731758901562e+001	  1.1975731758901562e+001	  1.1975731758901562e+001	  1.7975721557744382e+001	  1.3975731758901562e+001	  1.1975731758901562e+001	
  2.4989103893123378e+001	  2.4989103893123378e+001	  2.4989103893123378e+001	  1.5989103893123369e+001	  1.5989103893123369e+001	  1.5989103893123369e+001	  1.1989107392284382e+001	  1.1989107392284382e+001	  1.1989107392284382e+001	  1.1989107392284382e+001	  1.7989103893123378e+001	  1.3989107392284382e+001	  1.1989107392284382e+001	
  2.4995106494116701e+001	  2.4995106494116701e+001	  2.4995106494116701e+001	  1.5995106494116701e+001	  1.5995106494116701e+001	  1.5995106494116701e+001	  1.1995107694385215e+001	  1.1995107694385215e+001	  1.1995107694385215e+001	  1.1995107694385215e+001	  1.7995106494116701e+001	  1.3995107694385215e+001	  1.1995107694385215e+001	
  2.4997688954593574e+001	  2.4997688954593574e+001	  2.4997688954593574e+001	  1.5997688954593571e+001	  1.5997688954593571e+001	  1.5997688954593571e+001	  1.1997689366304979e+001	  1.1997689366304979e+001	  1.1997689366304979e+001	  1.1997689366304979e+001	  1.7997688954593574e+001	  1.3997689366304979e+001	  1.1997689366304979e+001	
  2.4999137191355306e+001	  2.4999137191355306e+001	  2.4999137191355306e+001	  1.5999137191355304e+001	  1.5999137191355304e+001	  1.5999137191355304e+001	  1.1999137332578940e+001	  1.1999137332578940e+001	  1.1999137332578940e+001	  1.1999137332578940e+001	  1.7999137191355306e+001	  1.3999137332578940e+001	  1.1999137332578940e+001	
