2.7213	2.7213	2.7213	2.7213	2.7213	2.7213	2.7213	2.7213	2.7213	2.7213	2.7213	2.7213	2.7213
2.9647	2.9647	2.9647	2.9647	2.9647	2.9647	2.9647	2.9647	2.9647	2.9647	2.9647	2.9647	2.9647
2.8875	2.8875	2.8875	2.8875	2.8875	2.8875	2.8875	2.8875	2.8875	2.8875	2.8875	2.8875	2.8875
2.8131	2.8131	2.8131	2.8131	2.8131	2.8131	2.8131	2.8131	2.8131	2.8131	2.8131	2.8131	2.8131
2.7495	2.7495	2.7495	2.7495	2.7495	2.7495	2.7495	2.7495	2.7495	2.7495	2.7495	2.7495	2.7495
2.6234	2.6234	2.6234	2.6234	2.6234	2.6234	2.6234	2.6234	2.6234	2.6234	2.6234	2.6234	2.6234
2.5472	2.5472	2.5472	2.5472	2.5472	2.5472	2.5472	2.5472	2.5472	2.5472	2.5472	2.5472	2.5472
2.5433	2.5433	2.5433	2.5433	2.5433	2.5433	2.5433	2.5433	2.5433	2.5433	2.5433	2.5433	2.5433
2.6292	2.6292	2.6292	2.6292	2.6292	2.6292	2.6292	2.6292	2.6292	2.6292	2.6292	2.6292	2.6292
2.6891	2.6891	2.6891	2.6891	2.6891	2.6891	2.6891	2.6891	2.6891	2.6891	2.6891	2.6891	2.6891
2.6683	2.6683	2.6683	2.6683	2.6683	2.6683	2.6683	2.6683	2.6683	2.6683	2.6683	2.6683	2.6683
2.7594	2.7594	2.7594	2.7594	2.7594	2.7594	2.7594	2.7594	2.7594	2.7594	2.7594	2.7594	2.7594
2.8393	2.8393	2.8393	2.8393	2.8393	2.8393	2.8393	2.8393	2.8393	2.8393	2.8393	2.8393	2.8393
2.8761	2.8761	2.8761	2.8761	2.8761	2.8761	2.8761	2.8761	2.8761	2.8761	2.8761	2.8761	2.8761
2.8723	2.8723	2.8723	2.8723	2.8723	2.8723	2.8723	2.8723	2.8723	2.8723	2.8723	2.8723	2.8723
2.853	2.853	2.853	2.853	2.853	2.853	2.853	2.853	2.853	2.853	2.853	2.853	2.853
2.9025	2.9025	2.9025	2.9025	2.9025	2.9025	2.9025	2.9025	2.9025	2.9025	2.9025	2.9025	2.9025
3.0136	3.0136	3.0136	3.0136	3.0136	3.0136	3.0136	3.0136	3.0136	3.0136	3.0136	3.0136	3.0136
3.1468	3.1468	3.1468	3.1468	3.1468	3.1468	3.1468	3.1468	3.1468	3.1468	3.1468	3.1468	3.1468
3.2856	3.2856	3.2856	3.2856	3.2856	3.2856	3.2856	3.2856	3.2856	3.2856	3.2856	3.2856	3.2856
3.3697	3.3697	3.3697	3.3697	3.3697	3.3697	3.3697	3.3697	3.3697	3.3697	3.3697	3.3697	3.3697
3.697	3.697	3.697	3.697	3.697	3.697	3.697	3.697	3.697	3.697	3.697	3.697	3.697
4.0172	4.0172	4.0172	4.0172	4.0172	4.0172	4.0172	4.0172	4.0172	4.0172	4.0172	4.0172	4.0172
4.3098	4.3098	4.3098	4.3098	4.3098	4.3098	4.3098	4.3098	4.3098	4.3098	4.3098	4.3098	4.3098
3.046	3.046	3.046	3.046	3.046	3.046	3.046	3.046	3.046	3.046	3.046	3.046	3.046
3.4962	3.4962	3.4962	3.4962	3.4962	3.4962	3.4962	3.4962	3.4962	3.4962	3.4962	3.4962	3.4962
3.678	3.678	3.678	3.678	3.678	3.678	3.678	3.678	3.678	3.678	3.678	3.678	3.678
4.0713	4.0713	4.0713	4.0713	4.0713	4.0713	4.0713	4.0713	4.0713	4.0713	4.0713	4.0713	4.0713
4.365	4.365	4.365	4.365	4.365	4.365	4.365	4.365	4.365	4.365	4.365	4.365	4.365
4.4682	4.4682	4.4682	4.4682	4.4682	4.4682	4.4682	4.4682	4.4682	4.4682	4.4682	4.4682	4.4682
4.7395	4.7395	4.7395	4.7395	4.7395	4.7395	4.7395	4.7395	4.7395	4.7395	4.7395	4.7395	4.7395
4.663	4.663	4.663	4.663	4.663	4.663	4.663	4.663	4.663	4.663	4.663	4.663	4.663
4.6228	4.6228	4.6228	4.6228	4.6228	4.6228	4.6228	4.6228	4.6228	4.6228	4.6228	4.6228	4.6228
4.5668	4.5668	4.5668	4.5668	4.5668	4.5668	4.5668	4.5668	4.5668	4.5668	4.5668	4.5668	4.5668
4.5189	4.5189	4.5189	4.5189	4.5189	4.5189	4.5189	4.5189	4.5189	4.5189	4.5189	4.5189	4.5189
4.5578	4.5578	4.5578	4.5578	4.5578	4.5578	4.5578	4.5578	4.5578	4.5578	4.5578	4.5578	4.5578
4.4698	4.4698	4.4698	4.4698	4.4698	4.4698	4.4698	4.4698	4.4698	4.4698	4.4698	4.4698	4.4698
4.42	4.42	4.42	4.42	4.42	4.42	4.42	4.42	4.42	4.42	4.42	4.42	4.42
4.3282	4.3282	4.3282	4.3282	4.3282	4.3282	4.3282	4.3282	4.3282	4.3282	4.3282	4.3282	4.3282
4.238	4.238	4.238	4.238	4.238	4.238	4.238	4.238	4.238	4.238	4.238	4.238	4.238
4.1837	4.1837	4.1837	4.1837	4.1837	4.1837	4.1837	4.1837	4.1837	4.1837	4.1837	4.1837	4.1837
4.3968	4.3968	4.3968	4.3968	4.3968	4.3968	4.3968	4.3968	4.3968	4.3968	4.3968	4.3968	4.3968
4.3797	4.3797	4.3797	4.3797	4.3797	4.3797	4.3797	4.3797	4.3797	4.3797	4.3797	4.3797	4.3797
4.3759	4.3759	4.3759	4.3759	4.3759	4.3759	4.3759	4.3759	4.3759	4.3759	4.3759	4.3759	4.3759
4.4414	4.4414	4.4414	4.4414	4.4414	4.4414	4.4414	4.4414	4.4414	4.4414	4.4414	4.4414	4.4414
4.5457	4.5457	4.5457	4.5457	4.5457	4.5457	4.5457	4.5457	4.5457	4.5457	4.5457	4.5457	4.5457
4.5975	4.5975	4.5975	4.5975	4.5975	4.5975	4.5975	4.5975	4.5975	4.5975	4.5975	4.5975	4.5975
4.7169	4.7169	4.7169	4.7169	4.7169	4.7169	4.7169	4.7169	4.7169	4.7169	4.7169	4.7169	4.7169
4.7768	4.7768	4.7768	4.7768	4.7768	4.7768	4.7768	4.7768	4.7768	4.7768	4.7768	4.7768	4.7768
4.8171	4.8171	4.8171	4.8171	4.8171	4.8171	4.8171	4.8171	4.8171	4.8171	4.8171	4.8171	4.8171
4.9614	4.9614	4.9614	4.9614	4.9614	4.9614	4.9614	4.9614	4.9614	4.9614	4.9614	4.9614	4.9614
5.2415	5.2415	5.2415	5.2415	5.2415	5.2415	5.2415	5.2415	5.2415	5.2415	5.2415	5.2415	5.2415
5.6187	5.6187	5.6187	5.6187	5.6187	5.6187	5.6187	5.6187	5.6187	5.6187	5.6187	5.6187	5.6187
5.5883	5.5883	5.5883	5.5883	5.5883	5.5883	5.5883	5.5883	5.5883	5.5883	5.5883	5.5883	5.5883
5.3349	5.3349	5.3349	5.3349	5.3349	5.3349	5.3349	5.3349	5.3349	5.3349	5.3349	5.3349	5.3349
4.6118	4.6118	4.6118	4.6118	4.6118	4.6118	4.6118	4.6118	4.6118	4.6118	4.6118	4.6118	4.6118
4.0745	4.0745	4.0745	4.0745	4.0745	4.0745	4.0745	4.0745	4.0745	4.0745	4.0745	4.0745	4.0745
3.6598	3.6598	3.6598	3.6598	3.6598	3.6598	3.6598	3.6598	3.6598	3.6598	3.6598	3.6598	3.6598
3.5604	3.5604	3.5604	3.5604	3.5604	3.5604	3.5604	3.5604	3.5604	3.5604	3.5604	3.5604	3.5604
