3.15e+010
3.1663e+010
3.1538e+010
3.1228e+010
3.0937e+010
3.0612e+010
3.0265e+010
3.0074e+010
3.0104e+010
3.0088e+010
2.9931e+010
2.9757e+010
2.9538e+010
2.918e+010
2.8736e+010
2.8405e+010
2.8169e+010
2.8097e+010
2.8132e+010
2.8108e+010
2.7968e+010
2.8076e+010
2.8173e+010
2.8359e+010
2.8477e+010
2.8807e+010
2.8996e+010
2.9196e+010
2.925e+010
2.9273e+010
2.9314e+010
2.9815e+010
3.0293e+010
3.0732e+010
3.112e+010
3.1641e+010
3.21e+010
3.2561e+010
3.2995e+010
3.3453e+010
3.3965e+010
3.512e+010
3.5746e+010
3.6381e+010
3.7108e+010
3.7884e+010
3.8727e+010
3.9514e+010
4.0206e+010
4.0854e+010
4.1622e+010
4.1806e+010
4.2045e+010
4.1702e+010
4.099e+010
3.9659e+010
3.8377e+010
3.7438e+010
3.6973e+010
