  8.6869178433517380e-001	  8.6760781054713509e-001	  7.9297330263066368e-001	  8.6869178433517380e-001	  8.6869178433517380e-001	  8.5545339577900115e-001	  4.8625471950068377e-001	  1.0264998555117225e-001	  4.3519832059464851e-002	  2.2036960392718775e-002	  1.2508687481232961e-002	  7.6950742058683411e-003	  3.3838213664467982e-003	
  8.6869184383685405e-001	  8.6760726987089332e-001	  7.9297054226287023e-001	  8.6869179184895240e-001	  8.6869179184895240e-001	  8.5541632073214646e-001	  4.8576187936343357e-001	  1.0192841884601471e-001	  4.2996852517853464e-002	  2.1663701436338691e-002	  1.2242179857068982e-002	  7.5050053533051875e-003	  3.2889336809477721e-003	
  8.6869200166376448e-001	  8.6760555921991533e-001	  7.9296191227105473e-001	  8.6869181190146572e-001	  8.6869085938811019e-001	  8.5532060916168917e-001	  4.8463884425593484e-001	  1.0037582913517290e-001	  4.1923550288274783e-002	  2.0938383820150758e-002	  1.1756909932926796e-002	  7.1835572765044783e-003	  3.1521565193223873e-003	
  8.6869229275276816e-001	  8.6760206400640061e-001	  7.9294455777415862e-001	  8.6869184910906017e-001	  8.6868292794152402e-001	  8.5515179631176264e-001	  4.8282881962505503e-001	  9.8032767517901506e-002	  4.0393927295546465e-002	  1.9970997201027955e-002	  1.1156487580314726e-002	  6.8158492194430589e-003	  3.0160978667375482e-003	
  8.6869396382261932e-001	  8.6758020809721292e-001	  7.9284001843540097e-001	  8.6869206555339895e-001	  8.6855802771631074e-001	  8.5426890867885519e-001	  4.7454047740407240e-001	  8.8875949973321905e-002	  3.5085056680110464e-002	  1.6979087837189284e-002	  9.4875281034934814e-003	  5.8806587783734598e-003	  2.7046540480693869e-003	
  8.6869738493786319e-001	  8.6753410637987383e-001	  7.9262696412979450e-001	  8.6867251943593904e-001	  8.6819486535108681e-001	  8.5264585730022435e-001	  4.6079809042703640e-001	  7.6583193729355278e-002	  2.8968276505289822e-002	  1.4005272326291549e-002	  8.0349829036849389e-003	  5.1460063511386926e-003	  2.4808105264294807e-003	
  8.6870317584424106e-001	  8.6745648933847563e-001	  7.9227894032274682e-001	  8.6857909875418227e-001	  8.6749419679922313e-001	  8.5018966294408405e-001	  4.4140286646432253e-001	  6.3171822367316374e-002	  2.3342569560145736e-002	  1.1669483613275999e-002	  7.0247122502293431e-003	  4.6638777280011310e-003	  2.3270089977988086e-003	
  8.6871190790573427e-001	  8.6734262086871949e-001	  7.9178008338897710e-001	  8.6835529899257247e-001	  8.6639780167346037e-001	  8.4687061494777560e-001	  4.1646216125459862e-001	  5.0523750825020287e-002	  1.8949796520347364e-002	  1.0114738093395912e-002	  6.4027504822932908e-003	  4.3573679542624070e-003	  2.2134175117441597e-003	
  8.6873106790164734e-001	  8.6710616795777673e-001	  7.9076107811623841e-001	  8.6771461238042169e-001	  8.6402739490743885e-001	  8.4044028316601493e-001	  3.7030924834478757e-001	  3.5526277374604176e-002	  1.4720688095686047e-002	  8.7037430910656185e-003	  5.7779490623767532e-003	  4.0150901195297080e-003	  2.0844590194136537e-003	
  8.6875884318873342e-001	  8.6679110793119296e-001	  7.8940911527883872e-001	  8.6663985638769392e-001	  8.6075428653151254e-001	  8.3225784188465590e-001	  3.1442142999433609e-001	  2.5974609395580342e-002	  1.2646531267997724e-002	  7.9680245561527877e-003	  5.3708806705241646e-003	  3.7629482725743306e-003	  1.9874605874032189e-003	
  8.6879609478668407e-001	  8.6640927368716858e-001	  7.8775132109423840e-001	  8.6511145597923822e-001	  8.5662503048959970e-001	  8.2244419614413367e-001	  2.5132552654671719e-001	  2.0782236552472761e-002	  1.1566226859172140e-002	  7.4746021183429703e-003	  5.0806757690155862e-003	  3.5871187786207597e-003	  1.9188493302591180e-003	
  8.6884330514457941e-001	  8.6597584423406615e-001	  7.8582409324691871e-001	  8.6313927937332802e-001	  8.5169383847696656e-001	  8.1109464741081549e-001	  1.8596617199551396e-001	  1.8024293649154755e-002	  1.0764856145676582e-002	  7.0645474834878904e-003	  4.8596206290231871e-003	  3.4587744465028069e-003	  1.8669567610125333e-003	
  8.6890068416232136e-001	  8.6550435715081819e-001	  7.8365958292892235e-001	  8.6072970229934054e-001	  8.4598539621146795e-001	  7.9823433517516962e-001	  1.2847692117288828e-001	  1.6303742312629724e-002	  1.0095965615353980e-002	  6.7341393877744637e-003	  4.6797282014333971e-003	  3.3501457990963955e-003	  1.8222708759080535e-003	
  8.6891990147032305e-001	  8.6535730957056600e-001	  7.8296821003900829e-001	  8.5992131809158578e-001	  8.4412209749598177e-001	  7.9407963236689183e-001	  1.1420876424093838e-001	  1.5850826314843889e-002	  9.9227806206915962e-003	  6.6514571656404045e-003	  4.6307044708108732e-003	  3.3192431839867528e-003	  1.8097623789932419e-003	
  8.6894003470516867e-001	  8.6520789237595963e-001	  7.8225780053438054e-001	  8.5907174355656424e-001	  8.4218612944385174e-001	  7.8978102071343481e-001	  1.0141892522697922e-001	  1.5453880339115079e-002	  9.7710650583705781e-003	  6.5733717987840092e-003	  4.5834511603965742e-003	  3.2898763062514532e-003	  1.7977848561115187e-003	
  8.6896108493356616e-001	  8.6505616550873365e-001	  7.8152836522115354e-001	  8.5818026036649064e-001	  8.4017658453880795e-001	  7.8533621782328411e-001	  8.9965749052427185e-002	  1.5106439392287984e-002	  9.6309327983718183e-003	  6.4970903469825031e-003	  4.5376639668613418e-003	  3.2617060783055513e-003	  1.7861421905815279e-003	
  8.6898305163200440e-001	  8.6490221764240871e-001	  7.8078000832569405e-001	  8.5724663079833341e-001	  8.3809328482972767e-001	  7.8074413604105397e-001	  7.9745125549757226e-002	  1.4794895585073430e-002	  9.4964930538707273e-003	  6.4225840704605882e-003	  4.4935201566315766e-003	  3.2345797969526914e-003	  1.7748985573174420e-003	
  8.6900593222419209e-001	  8.6474614700827868e-001	  7.8001286627805155e-001	  8.5627084777574525e-001	  8.3593628498558858e-001	  7.7600396814437123e-001	  7.0683545604116937e-002	  1.4509874794172425e-002	  9.3670700155289964e-003	  6.3508630596295522e-003	  4.4512745557158499e-003	  3.2085704859216293e-003	  1.7641391587223008e-003	
  8.6908842285986609e-001	  8.6421342520174715e-001	  7.7732952989219062e-001	  8.5272795639592769e-001	  8.2824174001488460e-001	  7.5917396103415391e-001	  4.7529206547715461e-002	  1.3700400367082408e-002	  8.9814114411435678e-003	  6.1361857693047993e-003	  4.3243480566563033e-003	  3.1301813370735502e-003	  1.7315699422070460e-003	
  8.6918071345491510e-001	  8.6366127034897222e-001	  7.7444377984772017e-001	  8.4873383510840616e-001	  8.1975150625328497e-001	  7.4068917067630469e-001	  3.3220848143056161e-002	  1.3069840444377902e-002	  8.6611694455524975e-003	  5.9568752210454158e-003	  4.2181591929979171e-003	  3.0645213156964787e-003	  1.7043271587559581e-003	
  8.6928253417000567e-001	  8.6309314703663820e-001	  7.7136101982877880e-001	  8.4430875713250364e-001	  8.1049150810984871e-001	  7.2055673148445754e-001	  2.5079854746950153e-002	  1.2569938803950889e-002	  8.3997146909084337e-003	  5.8095300274358906e-003	  4.1305985478963464e-003	  3.0103145882818655e-003	  1.6818389141066592e-003	
  8.6939354541431701e-001	  8.6251296529336585e-001	  7.6808802050916769e-001	  8.3947971301186652e-001	  8.0049588314544373e-001	  6.9879811856802720e-001	  2.1013809935038132e-002	  1.2169902472772227e-002	  8.1880615474924957e-003	  5.6896402842691995e-003	  4.0591950269347320e-003	  2.9660995588816452e-003	  1.6635543547410872e-003	
  8.6953625454315109e-001	  8.6181651622530231e-001	  7.6397859687952741e-001	  8.3328391002123570e-001	  7.8776503538278408e-001	  6.7098065289580588e-001	  1.8914184292994816e-002	  1.1796778862884402e-002	  7.9893538997648905e-003	  5.5766938080945780e-003	  3.9918773009056810e-003	  2.9244530066080939e-003	  1.6464338326031664e-003	
  8.6969052604865049e-001	  8.6111637330635082e-001	  7.5962896533028201e-001	  8.2661372407540912e-001	  7.7411637139247047e-001	  6.4099092302658922e-001	  1.8058168641704207e-002	  1.1510779576925039e-002	  7.8362312340410183e-003	  5.4896309612325776e-003	  3.9401327219792392e-003	  2.8926052708125919e-003	  1.6335572698437922e-003	
  8.6985556541678832e-001	  8.6041957296207439e-001	  7.5505473010656043e-001	  8.1951352480212647e-001	  7.5960269399610558e-001	  6.0889722919775202e-001	  1.7522068215226550e-002	  1.1290458308430845e-002	  7.7177543913056201e-003	  5.4223604907779029e-003	  3.9003251579456180e-003	  2.8682733923493476e-003	  1.6239267265541605e-003	
  8.7003054530685009e-001	  8.5973226795141877e-001	  7.5027037795445073e-001	  8.1202010746508335e-001	  7.4426576383291543e-001	  5.7477342479999194e-001	  1.7059112488548734e-002	  1.1118334315830664e-002	  7.6249102347543335e-003	  5.3697933200354741e-003	  3.8694124985811894e-003	  2.8495576081226603e-003	  1.6167357021974037e-003	
  8.7048707259267954e-001	  8.5813424946756112e-001	  7.3791294737770829e-001	  7.9246706010810197e-001	  7.0397894494197299e-001	  4.8468807810458492e-001	  1.6354206011124823e-002	  1.0817679424303586e-002	  7.4606920231523573e-003	  5.2763093498004307e-003	  3.8143821076341749e-003	  2.8163264810029251e-003	  1.6041697692494451e-003	
  8.7098544871709260e-001	  8.5664602244800903e-001	  7.2448605554332202e-001	  7.7096977171895431e-001	  6.5919368356895702e-001	  3.8548007415140351e-001	  1.6092854979939227e-002	  1.0632944519980937e-002	  7.3612045078162453e-003	  5.2216573558486329e-003	  3.7839398172867535e-003	  2.7993293007560443e-003	  1.5993036606510279e-003	
  8.7151639936039227e-001	  8.5527800927086084e-001	  7.1003939687471906e-001	  7.4761659122353019e-001	  6.0996196185995788e-001	  2.8125432281292667e-001	  1.5994142212484203e-002	  1.0499081754813136e-002	  7.2907723124984941e-003	  5.1843974981265846e-003	  3.7643267797605601e-003	  2.7892869409658506e-003	  1.5975104610535947e-003	
  8.7190887896379810e-001	  8.5438034176629685e-001	  6.9918793567709459e-001	  7.2993686442968153e-001	  5.7236246182622719e-001	  2.0757611992133643e-001	  1.5756108640580590e-002	  1.0417340663060539e-002	  7.2494618405543046e-003	  5.1637922297428614e-003	  3.7544911677333398e-003	  2.7851047141955821e-003	  1.5978733002414221e-003	
  8.7219448823650736e-001	  8.5377340657094913e-001	  6.9115454990018010e-001	  7.1676722270431192e-001	  5.4422997393249928e-001	  1.6029435787216884e-001	  1.5491651973815242e-002	  1.0359241258300273e-002	  7.2196308784570895e-003	  5.1485595751003376e-003	  3.7469539348350474e-003	  2.7816628946293540e-003	  1.5978208646704095e-003	
  8.7248431696986550e-001	  8.5318286452695180e-001	  6.8283798800472550e-001	  7.0305563307106311e-001	  5.1489923779905278e-001	  1.2080600742776207e-001	  1.5249805394118665e-002	  1.0292005182335084e-002	  7.1827508509861278e-003	  5.1281025035270220e-003	  3.7356116414179207e-003	  2.7754429058257728e-003	  1.5962638443169429e-003	
  8.7277769299062169e-001	  8.5260010316571910e-001	  6.7421524165350066e-001	  6.8875838517457932e-001	  4.8434611373752406e-001	  8.9518911542459764e-002	  1.5069245592139950e-002	  1.0216580417131796e-002	  7.1406199439430990e-003	  5.1043722598778469e-003	  3.7222504395440143e-003	  2.7679622141444176e-003	  1.5941944517422375e-003	
  8.7307402207803042e-001	  8.5201813990937258e-001	  6.6526515204073466e-001	  6.7384128539216692e-001	  4.5258536148670031e-001	  6.5599784215993259e-002	  1.4931975281631975e-002	  1.0139223183989200e-002	  7.0978288414626552e-003	  5.0805090805829331e-003	  3.7089373031835588e-003	  2.7605636535461657e-003	  1.5921773980988275e-003	
  8.7355540067832660e-001	  8.5106489336840407e-001	  6.5011016201106286e-001	  6.4845527648267798e-001	  3.9912984724139122e-001	  3.8618583287778334e-002	  1.4720017588021430e-002	  1.0019056001975014e-002	  7.0309091220352874e-003	  5.0426292013345609e-003	  3.6873336178009108e-003	  2.7481837062051863e-003	  1.5883885112709011e-003	
  8.7370094060542569e-001	  8.5077838318853327e-001	  6.4539078611016731e-001	  6.4051699213409363e-001	  3.8257762931263634e-001	  3.3133298421444267e-002	  1.4667831142130225e-002	  9.9922437758704300e-003	  7.0183251507873337e-003	  5.0373075028840213e-003	  3.6857166571560643e-003	  2.7483865289658288e-003	  1.5897845052244130e-003	
  8.7384688735747762e-001	  8.5049132279628648e-001	  6.4058901989007822e-001	  6.3242716796202370e-001	  3.6583357331734073e-001	  2.8738284777267840e-002	  1.4616144020889116e-002	  9.9661100357919859e-003	  7.0051386534201090e-003	  5.0306656239141635e-003	  3.6824558864165411e-003	  2.7468729007904223e-003	  1.5896865204340399e-003	
  8.7399319274049436e-001	  8.5020256138541683e-001	  6.3570093358988455e-001	  6.2418219552951471e-001	  3.4891516374069964e-001	  2.5820881012529114e-002	  1.4562918344954287e-002	  9.9383288628065083e-003	  6.9900222407785033e-003	  5.0222698914629089e-003	  3.6777912704042790e-003	  2.7443156510268147e-003	  1.5890852384177513e-003	
  8.7413981776069627e-001	  8.4991153915318851e-001	  6.3072430163083293e-001	  6.1578090990552559e-001	  3.3184698448953170e-001	  2.3934537666005590e-002	  1.4509437530224243e-002	  9.9100796032444601e-003	  6.9745088914726101e-003	  5.0137007999496476e-003	  3.6731346216968617e-003	  2.7418623272419305e-003	  1.5886130257341420e-003	
  8.7443093829807261e-001	  8.4932513929076214e-001	  6.2059055271790897e-001	  5.9866726908835388e-001	  2.9772955046796329e-001	  2.1993579121219003e-002	  1.4403502791511778e-002	  9.8534317572930505e-003	  6.9431188015435094e-003	  4.9961493973232846e-003	  3.6633597253073612e-003	  2.7364593170343668e-003	  1.5871966467615242e-003	
  8.7472274678671547e-001	  8.4872855059416974e-001	  6.1009518090457671e-001	  5.8093907986065307e-001	  2.6342759507126212e-001	  2.1344499269895213e-002	  1.4307398166331441e-002	  9.8035914814707126e-003	  6.9166854261561821e-003	  4.9822320327146319e-003	  3.6562651199109264e-003	  2.7330615259902090e-003	  1.5869489512718099e-003	
  8.7501499165419439e-001	  8.4812380008571220e-001	  5.9923731953845438e-001	  5.6260264111409997e-001	  2.2927479817321275e-001	  2.1378076623203693e-002	  1.4222069770691086e-002	  9.7603284886362707e-003	  6.8943117307448485e-003	  4.9708192527317266e-003	  3.6507361293487859e-003	  2.7306659597894798e-003	  1.5871356290311366e-003	
  8.7530746209274179e-001	  8.4751224449865026e-001	  5.8801482493641377e-001	  5.4366105603566062e-001	  1.9586020323255882e-001	  2.1466443369835903e-002	  1.4143863965808379e-002	  9.7206960373155005e-003	  6.8738180644393404e-003	  4.9604062484346935e-003	  3.6457663575072056e-003	  2.7286030180841796e-003	  1.5874588709566791e-003	
  8.7583100804052949e-001	  8.4639161361732096e-001	  5.6696714840281026e-001	  5.0817880260182058e-001	  1.4269395874901072e-001	  2.1226279616749031e-002	  1.3994974016312533e-002	  9.6410664096824028e-003	  6.8299899839741607e-003	  4.9362391940504799e-003	  3.6326822807345952e-003	  2.7217371181609776e-003	  1.5861871908342902e-003	
  8.7635361939870471e-001	  8.4523799245216824e-001	  5.4467492068477175e-001	  4.7067515702231988e-001	  1.0067785329722391e-001	  2.0670301450047956e-002	  1.3841457505252085e-002	  9.5595132353225899e-003	  6.7860615290077789e-003	  4.9128895803083198e-003	  3.6207756494080032e-003	  2.7161130143177436e-003	  1.5859603805903856e-003	
  8.7687487392567254e-001	  8.4404630474110964e-001	  5.2110141923503861e-001	  4.3117729452543035e-001	  6.9845833759980325e-002	  2.0274773946537643e-002	  1.3691535223993193e-002	  9.4811522176863755e-003	  6.7444735474101215e-003	  4.8910665724728845e-003	  3.6098156445424148e-003	  2.7110646245681420e-003	  1.5859425613812324e-003	
  8.7739467288955209e-001	  8.4281008495709464e-001	  4.9621360743903703e-001	  3.8982643543305368e-001	  4.8084144774265286e-002	  2.0057850022905617e-002	  1.3552481090865078e-002	  9.4088844840334966e-003	  6.7062691461947498e-003	  4.8711577327361071e-003	  3.5999955077120828e-003	  2.7067382862473489e-003	  1.5862580363548017e-003	
  8.7791297248496236e-001	  8.4152627296011151e-001	  4.6999967041595453e-001	  3.4691405250607871e-001	  3.5397621394572781e-002	  1.9861201608457141e-002	  1.3430260177367166e-002	  9.3462437704929582e-003	  6.6739493218842963e-003	  4.8550135175922052e-003	  3.5926612540955580e-003	  2.7040950711191671e-003	  1.5873782045444582e-003	
  8.7860334604724299e-001	  8.3973158623478372e-001	  4.3289105845439069e-001	  2.8803432413566532e-001	  2.9686182973734671e-002	  1.9577425796145458e-002	  1.3289002141175210e-002	  9.2742364916855221e-003	  6.6371631902236283e-003	  4.8369217442077892e-003	  3.5847063465924765e-003	  2.7015010337198249e-003	  1.5890195859590370e-003	
  8.7912133638533507e-001	  8.3834477417540165e-001	  4.0352124588588079e-001	  2.4329286909885645e-001	  2.9419494349723886e-002	  1.9411283843981244e-002	  1.3217905535500485e-002	  9.2433288028270170e-003	  6.6254953491493452e-003	  4.8346050505070019e-003	  3.5868699240790948e-003	  2.7055619308712143e-003	  1.5936790801047698e-003	
  8.7963743574725539e-001	  8.3693425428052626e-001	  3.7306152011023974e-001	  1.9922491063942060e-001	  2.9478836409173620e-002	  1.9277651254507377e-002	  1.3157994488446848e-002	  9.2170271831607167e-003	  6.6152986170946561e-003	  4.8322845291459623e-003	  3.5883870373284877e-003	  2.7087491301346191e-003	  1.5974867345948389e-003	
  8.8015147688323292e-001	  8.3549603901861469e-001	  3.4164651293130899e-001	  1.5932252817345666e-001	  2.9309350315240804e-002	  1.9148654937052697e-002	  1.3095495197969709e-002	  9.1878554370070694e-003	  6.6028004473830011e-003	  4.8283019466022195e-003	  3.5887548846384090e-003	  2.7111550390872727e-003	  1.6009374727732231e-003	
  8.8066330389940461e-001	  8.3402077713755962e-001	  3.0944819712007210e-001	  1.2526847012417569e-001	  2.9001279476851074e-002	  1.9011204246956969e-002	  1.3026858869008276e-002	  9.1548238012570393e-003	  6.5879180456632179e-003	  4.8228264242872907e-003	  3.5881651019165246e-003	  2.7129288127049731e-003	  1.6040941528376665e-003	
  8.8131132293467329e-001	  8.3205918074155072e-001	  2.6769588469020389e-001	  9.0583979279029614e-002	  2.8582450300890804e-002	  1.8821393557669736e-002	  1.2930103346677359e-002	  9.1064214728571579e-003	  6.5644695736026357e-003	  4.8125629727439039e-003	  3.5849588671534186e-003	  2.7133259899931247e-003	  1.6070106721420107e-003	
  8.8195549054192224e-001	  8.2999673703444643e-001	  2.2569687878381200e-001	  6.4642376792371864e-002	  2.8206035502078768e-002	  1.8646309103023739e-002	  1.2844409197571311e-002	  9.0660768593858448e-003	  6.5469238147957531e-003	  4.8066564540549450e-003	  3.5850093066393772e-003	  2.7161951361688447e-003	  1.6113972651629531e-003	
  8.8259606052227679e-001	  8.2781498004799092e-001	  1.8540252011627559e-001	  4.9731325096731012e-002	  2.7893526077171871e-002	  1.8501555611347368e-002	  1.2777108126262099e-002	  9.0369659099478264e-003	  6.5364048676241548e-003	  4.8052230042494037e-003	  3.5879645676453373e-003	  2.7209961432760831e-003	  1.6166840583150522e-003	
  8.8323332637354712e-001	  8.2548342235312222e-001	  1.4990547949743693e-001	  4.4174620311236840e-002	  2.7647474625843049e-002	  1.8393390397915790e-002	  1.2731077665228052e-002	  9.0205984880227935e-003	  6.5338321036350596e-003	  4.8088822209895353e-003	  3.5942704242167456e-003	  2.7280600933032124e-003	  1.6230598480139842e-003	
  8.8389221734986267e-001	  8.2289418443975237e-001	  1.1943815949384429e-001	  4.2733173907686467e-002	  2.7459824704603442e-002	  1.8318767265181897e-002	  1.2704970785958914e-002	  9.0165350991526817e-003	  6.5391848056050566e-003	  4.8177885252653884e-003	  3.6041398794873811e-003	  2.7376066225651328e-003	  1.6307059324984542e-003	
  8.8454737375828785e-001	  8.2017242540681778e-001	  9.5475461772136783e-002	  4.2464152133144362e-002	  2.7337113872981815e-002	  1.8279975181022326e-002	  1.2699922234510217e-002	  9.0253358446099920e-003	  6.5527247190900959e-003	  4.8320560363667841e-003	  3.6176021683899623e-003	  2.7496253644220744e-003	  1.6395869738511275e-003	
  8.8519828816853297e-001	  8.1739027426198407e-001	  8.0576513889094425e-002	  4.2333892339098719e-002	  2.7265673317174978e-002	  1.8268455799799226e-002	  1.2710529552845323e-002	  9.0434616501856614e-003	  6.5720474385823112e-003	  4.8500184210558545e-003	  3.6334741374492606e-003	  2.7632598444940360e-003	  1.6492335711793032e-003	
  8.8584415401188288e-001	  8.1463175062052562e-001	  7.1412041451410710e-002	  4.2203501983259846e-002	  2.7231749846628663e-002	  1.8276586018316804e-002	  1.2732347357675394e-002	  9.0682495714059230e-003	  6.5955003565876386e-003	  4.8706267957377763e-003	  3.6510714923413154e-003	  2.7780523307224681e-003	  1.6594287338818176e-003	
  8.8649307493074003e-001	  8.1193018878728729e-001	  6.7307977268117283e-002	  4.2097958483268860e-002	  2.7225368855197139e-002	  1.8299469085275914e-002	  1.2762787674959012e-002	  9.0982865425909693e-003	  6.6222809556434259e-003	  4.8934160872233772e-003	  3.6701235351089736e-003	  2.7938448919602741e-003	  1.6701228150102880e-003	
  8.8713506456575886e-001	  8.0937618302508441e-001	  6.5410016091866974e-002	  4.2037072222106280e-002	  2.7241663688562182e-002	  1.8334680062355065e-002	  1.2800494515872379e-002	  9.1327646326072529e-003	  6.6518776802088663e-003	  4.9180482442982478e-003	  3.6904003542818828e-003	  2.8104751387449428e-003	  1.6812290229926876e-003	
  8.8776946034895843e-001	  8.0699728596409626e-001	  6.4657162232417534e-002	  4.2018770863620658e-002	  2.7276857117160533e-002	  1.8380214204879335e-002	  1.2844241394517605e-002	  9.1708778101669101e-003	  6.6837318688214974e-003	  4.9441218421547670e-003	  3.7116097098181169e-003	  2.8277248311195670e-003	  1.6926208430477758e-003	
  8.8839581535811152e-001	  8.0480270865765013e-001	  6.4145688966469258e-002	  4.2034782054810475e-002	  2.7328034748995162e-002	  1.8434430752379761e-002	  1.2893034475713565e-002	  9.2120115830157927e-003	  6.7174550833307006e-003	  4.9713854801151274e-003	  3.7335885551896477e-003	  2.8454853615672081e-003	  1.7042479326323625e-003	
  8.8963433411494719e-001	  8.0079630768011878e-001	  6.2944115156083655e-002	  4.2053515737792070e-002	  2.7404576436878159e-002	  1.8518143158921533e-002	  1.2969895317962280e-002	  9.2776340932687225e-003	  6.7717397789897179e-003	  5.0155860865032809e-003	  3.7694207066863578e-003	  2.8745756729141379e-003	  1.7234133772144390e-003	
  8.9056666497083570e-001	  7.9819762247924153e-001	  6.1775709906702995e-002	  4.2209771804959821e-002	  2.7566508470660667e-002	  1.8658260450344171e-002	  1.3085542171553494e-002	  9.3704076837996982e-003	  6.8453920632234877e-003	  5.0737826063687892e-003	  3.8154959102739082e-003	  2.9112802152326646e-003	  1.7469481457558914e-003	
  8.9129232384225243e-001	  7.9783679928511819e-001	  6.2785929887171243e-002	  4.8885517214820290e-002	  3.2133136595817124e-002	  2.1714462027019231e-002	  1.5133655385440554e-002	  1.0742200025114090e-002	  7.7714837115419114e-003	  5.7036458119571580e-003	  4.2489867235594387e-003	  3.2140985006663000e-003	  1.8997749044099956e-003	
  8.9179295209209020e-001	  8.0025683098619982e-001	  6.6422866028006261e-002	  6.4105186669758549e-002	  4.2572872601286185e-002	  2.8575953358218133e-002	  1.9587273049862821e-002	  1.3608669222297266e-002	  9.6255211179063424e-003	  6.9114028124715168e-003	  5.0465281810962576e-003	  3.7501325108906074e-003	  2.1522526780606223e-003	
  8.9221573375975571e-001	  8.0563832507825084e-001	  7.2846221060963057e-002	  8.9939162772303197e-002	  6.0048124218749471e-002	  3.9508146913266574e-002	  2.6212844925129493e-002	  1.7565006918912864e-002	  1.2009186587330281e-002	  8.3704256167954679e-003	  5.9618866076445011e-003	  4.3408507459819319e-003	  2.4150557055573427e-003	
  8.9246891435723641e-001	  8.1121031534536192e-001	  7.8858870136539500e-002	  1.1490791675156517e-001	  7.6635304425642425e-002	  4.9279504689874583e-002	  3.1675901864576361e-002	  2.0575301907913776e-002	  1.3709002949960592e-002	  9.3639446802785339e-003	  6.5666677378760970e-003	  4.7234954774064680e-003	  2.5810627396613598e-003	
  8.9265956702357818e-001	  8.1713199904089207e-001	  8.4723860050794603e-002	  1.4184516779179285e-001	  9.4167845215301402e-002	  5.8969195530403577e-002	  3.6676074625375060e-002	  2.3145759387965599e-002	  1.5096260551260454e-002	  1.0154009802316082e-002	  7.0399455654016731e-003	  5.0190591497236200e-003	  2.7060692252287555e-003	
  8.9279279670749256e-001	  8.2278413156193975e-001	  8.9982752967326149e-002	  1.6949699632162368e-001	  1.1227626548712667e-001	  6.8713834570760746e-002	  4.1570832070404566e-002	  2.5649508193020143e-002	  1.6457422338260967e-002	  1.0930604567721982e-002	  7.5014017793588244e-003	  5.3033836002812883e-003	  2.8231537234177755e-003	
  8.9287682618537667e-001	  8.2794931157771223e-001	  9.4655440334671465e-002	  1.9734366386531352e-001	  1.3092153863333675e-001	  7.8694067661134084e-002	  4.6542072541067701e-002	  2.8174387926058284e-002	  1.7802061492481782e-002	  1.1672134136659996e-002	  7.9264718853836839e-003	  5.5574141925894081e-003	  2.9233173361673556e-003	
  8.9291979403501276e-001	  8.3261801152353609e-001	  9.8947037380880898e-002	  2.2521619665977918e-001	  1.5002543254663681e-001	  8.8910330420474346e-002	  5.1536676943786434e-002	  3.0618330658025147e-002	  1.9034757513181406e-002	  1.2316844753023961e-002	  8.2827331026867814e-003	  5.7661340302454824e-003	  3.0045266688099887e-003	
  8.9291014409038061e-001	  8.4039026159483088e-001	  1.0633244250719309e-001	  2.7804272753361109e-001	  1.8687313997188520e-001	  1.0798762178228662e-001	  6.0130616591961929e-002	  3.4411379550152089e-002	  2.0799293626182831e-002	  1.3209621867777721e-002	  8.7765843987172958e-003	  6.0583161239288388e-003	  3.1190525208519759e-003	
  8.9281330091052014e-001	  8.4664477908980385e-001	  1.1280825790566126e-001	  3.2792979819279255e-001	  2.2322572001177388e-001	  1.2537393616406245e-001	  6.6950827799856866e-002	  3.7033374604668434e-002	  2.1966787187612066e-002	  1.3821315677260155e-002	  9.1277749309208369e-003	  6.2688102880522779e-003	  3.2004577072401023e-003	
  8.9266135400654378e-001	  8.5159713073195908e-001	  1.1851755516559492e-001	  3.7360679959442594e-001	  2.5894655345293460e-001	  1.4077203061397095e-001	  7.2378134815613310e-002	  3.9147811465036417e-002	  2.3020283269009970e-002	  1.4393097749735486e-002	  9.4419007151194997e-003	  6.4459284273841828e-003	  3.2631754269726097e-003	
  8.9247743442333816e-001	  8.5550358264321702e-001	  1.2364857350816165e-001	  4.1485509412272303e-001	  2.9385524926313172e-001	  1.5467251329273818e-001	  7.7250348508608874e-002	  4.1287747301836333e-002	  2.4091089139765716e-002	  1.4911503072600165e-002	  9.6978147118025430e-003	  6.5821761147676653e-003	  3.3099661281110219e-003	
  8.9227716019261782e-001	  8.5860823827737220e-001	  1.2840269345437266e-001	  4.5206801531673030e-001	  3.2755350742087186e-001	  1.6768315554115132e-001	  8.1986521069801255e-002	  4.3326226447506999e-002	  2.4938833319925843e-002	  1.5265775083963663e-002	  9.8716437133904763e-003	  6.6804078785916163e-003	  3.3464425508160254e-003	
  8.9193841639269744e-001	  8.6255035689956472e-001	  1.3579009695277200e-001	  5.0610880858222440e-001	  3.7983679825178257e-001	  1.8757110555422699e-001	  8.8976959829518407e-002	  4.5926603360460637e-002	  2.5888907799160560e-002	  1.5694056375730719e-002	  1.0109425067173350e-002	  6.8208611050276681e-003	  3.3977206310013184e-003	
  8.9160259502135675e-001	  8.6537498314810279e-001	  1.4275440071891388e-001	  5.5202994743489875e-001	  4.2767808668492180e-001	  2.0636514452521593e-001	  9.4949556753360947e-002	  4.7829428401397159e-002	  2.6651563814029430e-002	  1.6107941896382229e-002	  1.0340239832442949e-002	  6.9487912468262896e-003	  3.4400208692078600e-003	
  8.9128113660158925e-001	  8.6746669278158484e-001	  1.4945917076501630e-001	  5.9116595886054701e-001	  4.7099534599478904e-001	  2.2575452300903734e-001	  1.0021672892407857e-001	  4.9519518571148440e-002	  2.7494747542449769e-002	  1.6553667573407031e-002	  1.0561779023694378e-002	  7.0631691096816329e-003	  3.4760712224674501e-003	
  8.9097873002563133e-001	  8.6908700435904773e-001	  1.5602079581714443e-001	  6.2470014184364042e-001	  5.1003952001051800e-001	  2.4685554702660908e-001	  1.0524836627355544e-001	  5.1361046619519929e-002	  2.8407223225164726e-002	  1.6965764591286261e-002	  1.0753333387163002e-002	  7.1627532697276231e-003	  3.5082564099311289e-003	
  8.9057219655224007e-001	  8.7091764577790054e-001	  1.6556506163931201e-001	  6.6566322085847540e-001	  5.6031582762901844e-001	  2.8193830517881557e-001	  1.1311048896423107e-001	  5.4600792163449492e-002	  2.9665417671148071e-002	  1.7448388757294295e-002	  1.0994654446730695e-002	  7.2986839433034955e-003	  3.5541057676321303e-003	
  8.9045802747357616e-001	  8.7138354703309406e-001	  1.6832770685172985e-001	  6.7642461819325495e-001	  5.7398978562409220e-001	  2.9290824713369717e-001	  1.1543514871984625e-001	  5.5317977000246758e-002	  2.9866576936028032e-002	  1.7554794182387957e-002	  1.1046493373893108e-002	  7.3199728407361076e-003	  3.5566914409194774e-003	
  8.9034613611974822e-001	  8.7180698992279138e-001	  1.7102207337840358e-001	  6.8654043030432610e-001	  5.8709492597017576e-001	  3.0355826330202651e-001	  1.1761960673369166e-001	  5.5864362766574034e-002	  3.0078551029978098e-002	  1.7687417130693307e-002	  1.1113103428703102e-002	  7.3541430629354317e-003	  3.5679475453387890e-003	
  8.9023672663748121e-001	  8.7220467103219113e-001	  1.7374296151352447e-001	  6.9606086093804331e-001	  5.9964768093987664e-001	  3.1410745763876663e-001	  1.1980866853408999e-001	  5.6512696858986300e-002	  3.0383639527799676e-002	  1.7839199963151274e-002	  1.1189395839288024e-002	  7.3957730400774514e-003	  3.5817038077479196e-003	
  8.9013031717676405e-001	  8.7258761243516347e-001	  1.7653342883999379e-001	  7.0503610678378581e-001	  6.1166551630412691e-001	  3.2471881822227655e-001	  1.2207841085848833e-001	  5.7299495977189835e-002	  3.0728622028727479e-002	  1.7990415089291046e-002	  1.1264195251813503e-002	  7.4355859106996170e-003	  3.5944302554642739e-003	
  8.9002715305252245e-001	  8.7295755775301109e-001	  1.7937965164627279e-001	  7.1350846868360662e-001	  6.2317049739614450e-001	  3.3542170520805448e-001	  1.2442428340974718e-001	  5.8135252432916701e-002	  3.1062987512178210e-002	  1.8137877716466161e-002	  1.1337225108256407e-002	  7.4743598787397735e-003	  3.6070477507639609e-003	
  8.8972448514556213e-001	  8.7403089602244410e-001	  1.8849328571412050e-001	  7.3723986259170249e-001	  6.5616843565522964e-001	  3.6914624732981116e-001	  1.3211601197789510e-001	  6.0779762126397817e-002	  3.2124293951400283e-002	  1.8621398369532385e-002	  1.1578394252344413e-002	  7.6038146020959143e-003	  3.6498576177580971e-003	
  8.8944604956048801e-001	  8.7495194009059907e-001	  1.9757966423536946e-001	  7.5725745386860766e-001	  6.8494307084414607e-001	  4.0262650737388000e-001	  1.3980499786931244e-001	  6.3255849957975077e-002	  3.3071123367891635e-002	  1.9036366795731788e-002	  1.1777622029183950e-002	  7.7068341679034360e-003	  3.6812069766006235e-003	
  8.8918647302983667e-001	  8.7573249574718814e-001	  2.0755671435483913e-001	  7.7422667444571236e-001	  7.0999063476554947e-001	  4.3528668206088811e-001	  1.4732317222179045e-001	  6.5586542664070671e-002	  3.3957007514225007e-002	  1.9421442221427058e-002	  1.1962483950155697e-002	  7.8025527509649655e-003	  3.7104603372037641e-003	
  8.8894294153955589e-001	  8.7640211184123984e-001	  2.1906468067797522e-001	  7.8869665618515239e-001	  7.3179598500627197e-001	  4.6680227033192334e-001	  1.5476517208806334e-001	  6.7874946546023163e-002	  3.4825852687255625e-002	  1.9798302402455246e-002	  1.2142998853047362e-002	  7.8958276952977857e-003	  3.7389319938818518e-003	
  8.8856222251401862e-001	  8.7737185284797736e-001	  2.4199702896064798e-001	  8.0875632593088376e-001	  7.6274247066442580e-001	  5.1775272668409056e-001	  1.6779854900236690e-001	  7.1892537108725479e-002	  3.6340829348568686e-002	  2.0453392191075212e-002	  1.2456737928554540e-002	  8.0585690585382747e-003	  3.7895677451621717e-003	
  8.8821858928782926e-001	  8.7815153680199554e-001	  2.6744714102839329e-001	  8.2433721629621148e-001	  7.8722379486142191e-001	  5.6411696016596080e-001	  1.8082166545974360e-001	  7.5703721579222463e-002	  3.7700880018862078e-002	  2.1016799739947880e-002	  1.2716825627421439e-002	  8.1888816617484393e-003	  3.8270914207519423e-003	
  8.8790530767595199e-001	  8.7878364859935576e-001	  2.9333071841534569e-001	  8.3659648643229967e-001	  8.0668521420704253e-001	  6.0558053331471196e-001	  1.9353841408485631e-001	  7.9220961683581059e-002	  3.8939199255993678e-002	  2.1532369348635866e-002	  1.2957597575993329e-002	  8.3110897221286006e-003	  3.8633831989000355e-003	
  8.8761988398580571e-001	  8.7931049424541607e-001	  3.1892896330121151e-001	  8.4631357718932854e-001	  8.2220342237401067e-001	  6.4225269335169688e-001	  2.0741840841764769e-001	  8.2726683949916946e-002	  4.0193292642798160e-002	  2.2055315714047761e-002	  1.3200615346917991e-002	  8.4338671082857825e-003	  3.8998065621978551e-003	
  8.8736157359091938e-001	  8.7975335935446619e-001	  3.4419794656163349e-001	  8.5404547496869754e-001	  8.3460138534964168e-001	  6.7443254736464930e-001	  2.2442551299082428e-001	  8.6221664136053325e-002	  4.1405646038675754e-002	  2.2546164903985609e-002	  1.3424458371977980e-002	  8.5457757496902997e-003	  3.9327046675432424e-003	
  8.8701191410390523e-001	  8.8029203237173881e-001	  3.8235060115663472e-001	  8.6295931566760220e-001	  8.4894544297860208e-001	  7.1603143078901987e-001	  2.5536715966558726e-001	  9.1225076090507715e-002	  4.3082106105529094e-002	  2.3221877121987471e-002	  1.3733693413391552e-002	  8.7009180062359477e-003	  3.9785477343836266e-003	
  8.8670477584280227e-001	  8.8067376610532611e-001	  4.1866366742717898e-001	  8.6930324504951950e-001	  8.5915890322101374e-001	  7.4926970037462337e-001	  2.8849093808882742e-001	  9.5526662653784039e-002	  4.4467178359738034e-002	  2.3763362123885537e-002	  1.3973693585975172e-002	  8.8173292576709666e-003	  4.0102790810054951e-003	
  8.8643138933374044e-001	  8.8095826185113613e-001	  4.5258848238015520e-001	  8.7385416138341798e-001	  8.6647446055384658e-001	  7.7563348228920936e-001	  3.2090813744707242e-001	  9.9570794927858988e-002	  4.5790807805946118e-002	  2.4285442542051450e-002	  1.4207697479166946e-002	  8.9326050848986174e-003	  4.0432272149094244e-003	
  8.8619083470811655e-001	  8.8118694480521298e-001	  4.8399733248567833e-001	  8.7712215967850760e-001	  8.7172863366107900e-001	  7.9653499626378310e-001	  3.5199061318622860e-001	  1.0353963004275710e-001	  4.7064811223363139e-002	  2.4780180497577672e-002	  1.4427492667238567e-002	  9.0403905884661167e-003	  4.0740377549186996e-003	
  8.8598001817074201e-001	  8.8136154949875511e-001	  5.1276932408955689e-001	  8.7946033998031592e-001	  8.7550432164046144e-001	  8.1311179868075290e-001	  3.8165090774232219e-001	  1.0711921495652094e-001	  4.8159971583200463e-002	  2.5196222974136470e-002	  1.4609813257020508e-002	  9.1288057693593994e-003	  4.0987301221959991e-003	
  8.8574653376586732e-001	  8.8150693519850309e-001	  5.4510757419660449e-001	  8.8146012480938096e-001	  8.7876575722729389e-001	  8.2912297645526212e-001	  4.1641721898598827e-001	  1.1087151071379854e-001	  4.9290238328964640e-002	  2.5623233902243484e-002	  1.4795472266481337e-002	  9.2179283163369846e-003	  4.1229370526547461e-003	
  8.8553823773866591e-001	  8.8158970704317174e-001	  5.7318344244711428e-001	  8.8275242194382175e-001	  8.8091215113417798e-001	  8.4099952910937903e-001	  4.4762384097059454e-001	  1.1393930724329253e-001	  5.0208817796375274e-002	  2.5963278628096331e-002	  1.4939930160849692e-002	  9.2855739007852607e-003	  4.1401878537170268e-003	
  8.8535179127009878e-001	  8.8164277782897238e-001	  5.9746309047870039e-001	  8.8357824336236035e-001	  8.8232092875299772e-001	  8.4982184814372808e-001	  4.7532313670229442e-001	  1.1675779616816480e-001	  5.1053941851811523e-002	  2.6276660360377728e-002	  1.5074259326086381e-002	  9.3493386299021899e-003	  4.1571672255030535e-003	
  8.8518569160133576e-001	  8.8167469082759553e-001	  6.1844693970839237e-001	  8.8409200196820270e-001	  8.8323289291063978e-001	  8.5639986484096131e-001	  4.9992189842337359e-001	  1.1932401985508634e-001	  5.1789957321755668e-002	  2.6543598762259937e-002	  1.5186680565659930e-002	  9.4018152006992532e-003	  4.1706228117654133e-003	
  8.8503575456682715e-001	  8.8168143463264526e-001	  6.3650921622093892e-001	  8.8439566518975476e-001	  8.8380812700343336e-001	  8.6131620450287838e-001	  5.2167165298636065e-001	  1.2136059524740149e-001	  5.2348733717782564e-002	  2.6742289392253614e-002	  1.5268740896082118e-002	  9.4392268969755184e-003	  4.1795214156622193e-003	
  8.8482532926248925e-001	  8.8165079816713099e-001	  6.5934309228232724e-001	  8.8459737881355760e-001	  8.8426485077816208e-001	  8.6652599909198513e-001	  5.4980261143869635e-001	  1.2361645361615188e-001	  5.2972729154257686e-002	  2.6960112030159581e-002	  1.5355760354854007e-002	  9.4770320324769550e-003	  4.1870430895276601e-003	
  8.8463053931328062e-001	  8.8158515371339530e-001	  6.7703224342631851e-001	  8.8462380821173825e-001	  8.8443383171659007e-001	  8.6982203639371802e-001	  5.7177247415550836e-001	  1.2515616799504448e-001	  5.3376708905209541e-002	  2.7089924703352902e-002	  1.5402230806989808e-002	  9.4940835281191044e-003	  4.1879281793792038e-003	
  8.8445477371831571e-001	  8.8152283602489268e-001	  6.9093909379474683e-001	  8.8456485366676341e-001	  8.8445733907696078e-001	  8.7196332879420946e-001	  5.8933534988192748e-001	  1.2679923160079878e-001	  5.3847497846085404e-002	  2.7258275753472075e-002	  1.5471463913431361e-002	  9.5253301651483293e-003	  4.1951065398646015e-003	
  8.8429294384382817e-001	  8.8144580598283784e-001	  7.0190165261216653e-001	  8.8446254160126458e-001	  8.8440297040037563e-001	  8.7336721366120340e-001	  6.0347666080116746e-001	  1.2812533669137235e-001	  5.4156913129457557e-002	  2.7348589046046996e-002	  1.5500419613930555e-002	  9.5342295798944727e-003	  4.1942000778037933e-003	
  8.8413691374919390e-001	  8.8134847868537824e-001	  7.1048906118449562e-001	  8.8433617382155749e-001	  8.8430352267387446e-001	  8.7427044050311153e-001	  6.1468037188723956e-001	  1.2861600091540987e-001	  5.4242783513587071e-002	  2.7366517153793544e-002	  1.5501425519323339e-002	  9.5306745942360886e-003	  4.1900504613177495e-003	
  8.8391551170556426e-001	  8.8119141553555091e-001	  7.1958568886295449e-001	  8.8413096753997267e-001	  8.8411587510604417e-001	  8.7496897266329421e-001	  6.2641286030426191e-001	  1.2872362379532493e-001	  5.4282660084799379e-002	  2.7366974271984128e-002	  1.5490856488473809e-002	  9.5188576393529928e-003	  4.1816315508298773e-003	
  8.8370363217362380e-001	  8.8103616282831454e-001	  7.2604280220239725e-001	  8.8392047607228574e-001	  8.8391283679313759e-001	  8.7529686679243712e-001	  6.3421613373995267e-001	  1.2933455008456002e-001	  5.4394265225739952e-002	  2.7380336329603256e-002	  1.5484988536856001e-002	  9.5100001704950532e-003	  4.1748818896700617e-003	
  8.8350121519642133e-001	  8.8088054684951378e-001	  7.3085601567267422e-001	  8.8371383079427790e-001	  8.8371021944384898e-001	  8.7545323680064557e-001	  6.3960611269481371e-001	  1.2990814799559511e-001	  5.4451028497001494e-002	  2.7376903683332572e-002	  1.5473265051226405e-002	  9.4987613766169092e-003	  4.1676659857940420e-003	
  8.8329878351614621e-001	  8.8070901127064660e-001	  7.3447810514753376e-001	  8.8351031781991474e-001	  8.8350921613641542e-001	  8.7548564605155932e-001	  6.4325667535809194e-001	  1.2970406078760680e-001	  5.4330116506131683e-002	  2.7310085831263972e-002	  1.5432308415193231e-002	  9.4720563428464851e-003	  4.1550245360026244e-003	
  8.8310070560748022e-001	  8.8054410119996551e-001	  7.3721016395464334e-001	  8.8330925617729461e-001	  8.8330913078800444e-001	  8.7544127570832708e-001	  6.4577670560971612e-001	  1.2944013199126275e-001	  5.4283738032940065e-002	  2.7281724763190060e-002	  1.5412670185431665e-002	  9.4580631900992012e-003	  4.1476020477013370e-003	
  8.8282835056570530e-001	  8.8029981418259917e-001	  7.3972303602039124e-001	  8.8303928406430909e-001	  8.8303934547699725e-001	  8.7522222301511243e-001	  6.4681070414739639e-001	  1.2922982136823580e-001	  5.4105227590305151e-002	  2.7167132928086826e-002	  1.5342143670031783e-002	  9.4129259066878853e-003	  4.1270615616669920e-003	
  8.8256247055743386e-001	  8.8007094328683777e-001	  7.4165389489888478e-001	  8.8277086660633841e-001	  8.8277079457918017e-001	  8.7497713144263578e-001	  6.4656195500889613e-001	  1.2901068294352186e-001	  5.3967374316026849e-002	  2.7099183296737779e-002	  1.5302906274648816e-002	  9.3878866817867449e-003	  4.1152464444490968e-003	
  8.8230244265203039e-001	  8.7984342494395762e-001	  7.4332374274719182e-001	  8.8250597915500129e-001	  8.8250589939104374e-001	  8.7474842890855820e-001	  6.4589805675816947e-001	  1.2867379944114152e-001	  5.3813308806872844e-002	  2.7016687637278325e-002	  1.5253873354613015e-002	  9.3566025637296362e-003	  4.1008256546394405e-003	
  8.8203365313818960e-001	  8.7959407463901440e-001	  7.4461813644693076e-001	  8.8224053812665026e-001	  8.8224052691567845e-001	  8.7445844557070329e-001	  6.4415149859948706e-001	  1.2784287946539646e-001	  5.3482910874072934e-002	  2.6858835076442482e-002	  1.5168305022278597e-002	  9.3055369613925919e-003	  4.0792063541268070e-003	
  8.8178424378452391e-001	  8.7938927083623242e-001	  7.4609824206363018e-001	  8.8198226336127594e-001	  8.8198228757164676e-001	  8.7422979783365606e-001	  6.4337818799633217e-001	  1.2817036775905993e-001	  5.3579609292463998e-002	  2.6886919448611345e-002	  1.5175372657215181e-002	  9.3058192276390082e-003	  4.0769440597897035e-003	
  8.8150027853907087e-001	  8.7911208389707995e-001	  7.4710060868808614e-001	  8.8170662871770122e-001	  8.8170664535721244e-001	  8.7386799510224200e-001	  6.4075808720469751e-001	  1.2674694359942568e-001	  5.3000544309612048e-002	  2.6617693626731814e-002	  1.5033492323548302e-002	  9.2233148161609858e-003	  4.0434292966644979e-003	
  8.8123848614530387e-001	  8.7890112209419868e-001	  7.4845789294239662e-001	  8.8143645983180741e-001	  8.8143645995640330e-001	  8.7358913216842216e-001	  6.3926776415558473e-001	  1.2713071776006005e-001	  5.3165017925238117e-002	  2.6682198951618795e-002	  1.5060113324356863e-002	  9.2347682756134010e-003	  4.0454531440879153e-003	
  8.8097165424339885e-001	  8.7865085970242429e-001	  7.4959250207493600e-001	  8.8116906798109329e-001	  8.8116906335480494e-001	  8.7327823582055164e-001	  6.3722474391526540e-001	  1.2624541374048634e-001	  5.2755640906155518e-002	  2.6481736877895685e-002	  1.4951763215383298e-002	  9.1708278387067667e-003	  4.0190480430268944e-003	
  8.8069077137931917e-001	  8.7838954599600316e-001	  7.5047443387118640e-001	  8.8089674088282033e-001	  8.8089673929290446e-001	  8.7288549243510405e-001	  6.3384259629532802e-001	  1.2521934531660034e-001	  5.2410206123200721e-002	  2.6329004734506133e-002	  1.4871354629108123e-002	  9.1233687106519832e-003	  3.9990644248865436e-003	
  8.8046509044139021e-001	  8.7823428122519009e-001	  7.5223339863754579e-001	  8.8064384327593004e-001	  8.8064384422728359e-001	  8.7273738395912792e-001	  6.3417886192489092e-001	  1.2673097438289027e-001	  5.2916607894405943e-002	  2.6528915869445502e-002	  1.4962975044623796e-002	  9.1704208031361395e-003	  4.0145428965623021e-003	
  8.8034253000116280e-001	  8.7803526654634589e-001	  7.5193669054128964e-001	  8.8054896751741574e-001	  8.8054896826661999e-001	  8.7247893300621426e-001	  6.3126325585209520e-001	  1.2317952236850158e-001	  5.1434516879382594e-002	  2.5857649327277993e-002	  1.4621980542587492e-002	  8.9793834654530620e-003	  3.9417619054713917e-003	
  8.8025796339373674e-001	  8.7799409166065179e-001	  7.5207369823870973e-001	  8.8047317112761470e-001	  8.8047317164206640e-001	  8.7232200871412413e-001	  6.2957937058318814e-001	  1.2412524639278752e-001	  5.2234098620191370e-002	  2.6293472846374441e-002	  1.4859002366028605e-002	  9.1157914883136341e-003	  3.9943920989253959e-003	
  8.8021268942614228e-001	  8.7801026179772068e-001	  7.5273703082622434e-001	  8.8040801500745258e-001	  8.8040801536415714e-001	  8.7231672496704982e-001	  6.3006915240542127e-001	  1.2605126048223886e-001	  5.2762315742912125e-002	  2.6449462658414528e-002	  1.4914131452010130e-002	  9.1386251294789805e-003	  3.9997060833060682e-003	
  8.8016536683769175e-001	  8.7796537511645034e-001	  7.5327213879533184e-001	  8.8034651596245028e-001	  8.8034651621794169e-001	  8.7231425189724643e-001	  6.3060460569711718e-001	  1.2594225371737044e-001	  5.2488445903072806e-002	  2.6307592683135525e-002	  1.4841576815782799e-002	  9.0984189239615067e-003	  3.9846753164474013e-003	
  8.8010622940981953e-001	  8.7789308953274936e-001	  7.5362074159858594e-001	  8.8028561924263837e-001	  8.8028561943041250e-001	  8.7227320235179573e-001	  6.3060567699696635e-001	  1.2523163981099894e-001	  5.2261507388578848e-002	  2.6227491720884479e-002	  1.4805681727084505e-002	  9.0794408521366748e-003	  3.9777482472414423e-003	
  8.8004270195785250e-001	  8.7782824353318001e-001	  7.5389882203331604e-001	  8.8022442566081149e-001	  8.8022442580015625e-001	  8.7220978330547561e-001	  6.3029925793541652e-001	  1.2489551862711866e-001	  5.2203816480177544e-002	  2.6205276190872737e-002	  1.4793651058590139e-002	  9.0721058389035859e-003	  3.9745510934559736e-003	
  8.7992271811972822e-001	  8.7771962632864087e-001	  7.5436909354137738e-001	  8.8010670081872511e-001	  8.8010670090352205e-001	  8.7206746994799544e-001	  6.2938511282123744e-001	  1.2466080687895531e-001	  5.2110461209712869e-002	  2.6157146641911332e-002	  1.4766638404319648e-002	  9.0556601274057666e-003	  3.9674295895327895e-003	
  8.7979797219804012e-001	  8.7760269444105587e-001	  7.5473832803981922e-001	  8.7998623766158868e-001	  8.7998623771329620e-001	  8.7189223035493280e-001	  6.2792835001786862e-001	  1.2419326277905261e-001	  5.1929999798432727e-002	  2.6073865449317501e-002	  1.4722558865803266e-002	  9.0298263022805646e-003	  3.9567722540863005e-003	
  8.7968059505411478e-001	  8.7750251576856042e-001	  7.5522872117680806e-001	  8.7986725107209807e-001	  8.7986725110908304e-001	  8.7174600044074257e-001	  6.2687750007065202e-001	  1.2415271119803060e-001	  5.1911693410549707e-002	  2.6061276858477169e-002	  1.4713718629849899e-002	  9.0235342818166444e-003	  3.9534835387303614e-003	
  8.7945700174089481e-001	  8.7729644659389217e-001	  7.5593981815528466e-001	  8.7964797736552880e-001	  8.7964797738249290e-001	  8.7142160557540604e-001	  6.2395164885696386e-001	  1.2336647786309692e-001	  5.1608593582977633e-002	  2.5920078682243039e-002	  1.4638359344832028e-002	  8.9790918633436134e-003	  3.9349937035849571e-003	
  8.7924904024708816e-001	  8.7711852021232484e-001	  7.5689486408947704e-001	  8.7943478745687576e-001	  8.7943478746490478e-001	  8.7116564560696197e-001	  6.2204056167422350e-001	  1.2322658840228540e-001	  5.1542757322085256e-002	  2.5882073126715262e-002	  1.4614637958166811e-002	  8.9634146393741312e-003	  3.9274424183398443e-003	
  8.7902733403838851e-001	  8.7691328465603213e-001	  7.5763219847459629e-001	  8.7921724963184611e-001	  8.7921724963455816e-001	  8.7083549560024642e-001	  6.1891791293643916e-001	  1.2237935303812220e-001	  5.1220353124969288e-002	  2.5733155375892873e-002	  1.4535624211142633e-002	  8.9170249313259582e-003	  3.9082591876457790e-003	
  8.7883809351727737e-001	  8.7676058137491919e-001	  7.5877962787759523e-001	  8.7901536167820526e-001	  8.7901536168039773e-001	  8.7064939044303613e-001	  6.1804781625815897e-001	  1.2268467598637380e-001	  5.1310787788593631e-002	  2.5762556838841811e-002	  1.4545717283774264e-002	  8.9202942477351350e-003	  3.9080099290585632e-003	
  8.7874016502383490e-001	  8.7664547616876609e-001	  7.5880213417459841e-001	  8.7893055465947034e-001	  8.7893055466047876e-001	  8.7045634060297328e-001	  6.1583637842371419e-001	  1.2135866544681972e-001	  5.0804274180194585e-002	  2.5537689708080447e-002	  1.4431604180440594e-002	  8.8560327778369856e-003	  3.8831725457532853e-003	
  8.7869175659174570e-001	  8.7663594443405446e-001	  7.5933568725401257e-001	  8.7886992798752506e-001	  8.7886992798906760e-001	  8.7043803377569029e-001	  6.1614005985983322e-001	  1.2254161800623413e-001	  5.1301707863242708e-002	  2.5761059736703555e-002	  1.4543553722990942e-002	  8.9178187501343688e-003	  3.9060588099585005e-003	
  8.7863799154938083e-001	  8.7658781529113827e-001	  7.5971469383192958e-001	  8.7881052501711554e-001	  8.7881052501771140e-001	  8.7039759070695133e-001	  6.1612084485618102e-001	  1.2247083901959040e-001	  5.1196799098455280e-002	  2.5698843796364484e-002	  1.4508104347898464e-002	  8.8966642329376591e-003	  3.8974191754957022e-003	
  8.7858098748794244e-001	  8.7653302373235786e-001	  7.6002798409387529e-001	  8.7875151551073416e-001	  8.7875151551136621e-001	  8.7034084774472309e-001	  6.1586431803000818e-001	  1.2224809871208783e-001	  5.1111384928134315e-002	  2.5662827038342460e-002	  1.4490207810545823e-002	  8.8865810088892671e-003	  3.8934337395807009e-003	
  8.7844086061282944e-001	  8.7640294345159075e-001	  7.6063153978049725e-001	  8.7861185749627502e-001	  8.7861185749668513e-001	  8.7017243278486178e-001	  6.1473357849925436e-001	  1.2185122003043580e-001	  5.0967962699722744e-002	  2.5596674778532461e-002	  1.4454741229694562e-002	  8.8655172813500299e-003	  3.8845685757529368e-003	
  8.7829109816516993e-001	  8.7626097267351732e-001	  7.6106106838407617e-001	  8.7846773799256483e-001	  8.7846773799246802e-001	  8.6994295660800802e-001	  6.1259381840436555e-001	  1.2118750001135595e-001	  5.0725253710786192e-002	  2.5486712063027543e-002	  1.4397138679477114e-002	  8.8320183836377037e-003	  3.8708982990835160e-003	
  8.7816138519646858e-001	  8.7615764032897414e-001	  7.6177715986924877e-001	  8.7833033033083152e-001	  8.7833033033148578e-001	  8.6980373718651771e-001	  6.1183338920874186e-001	  1.2143754661009981e-001	  5.0808779228362050e-002	  2.5517042316388867e-002	  1.4409303516774120e-002	  8.8372184916253767e-003	  3.8718617717058593e-003	
  8.7799622385520482e-001	  8.7599558599095462e-001	  7.6218105529209279e-001	  8.7817294704497395e-001	  8.7817294704406446e-001	  8.6953178644454110e-001	  6.0907559734202921e-001	  1.2045269515591257e-001	  5.0436316997285131e-002	  2.5349021654538114e-002	  1.4322275994230246e-002	  8.7872152001075461e-003	  3.8518686243166271e-003	
  8.7789686820441537e-001	  8.7592922097260972e-001	  7.6295162999753185e-001	  8.7805970460250105e-001	  8.7805970460302130e-001	  8.6946251380591810e-001	  6.0916962207927305e-001	  1.2118003278329431e-001	  5.0700220618734304e-002	  2.5459202263549967e-002	  1.4374886266821462e-002	  8.8151548540952984e-003	  3.8615992783275618e-003	
  8.7776658651388528e-001	  8.7579092391601343e-001	  7.6320009408012901e-001	  8.7793886665528420e-001	  8.7793886665408771e-001	  8.6924071584294915e-001	  6.0686679885037853e-001	  1.2002131872379557e-001	  5.0251802370001618e-002	  2.5257990559899263e-002	  1.4271868574762469e-002	  8.7567016291725877e-003	  3.8387357657031183e-003	
  8.7766856498877910e-001	  8.7572544412987396e-001	  7.6393423010815176e-001	  8.7782808957675273e-001	  8.7782808957751868e-001	  8.6916857380815549e-001	  6.0690358914533271e-001	  1.2073877069323299e-001	  5.0525490182039896e-002	  2.5374759177338217e-002	  1.4328304390534745e-002	  8.7869204754607143e-003	  3.8493837698194743e-003	
  8.7755912838423422e-001	  8.7560422009763872e-001	  7.6406827518643983e-001	  8.7772926255012362e-001	  8.7772926254943895e-001	  8.6896914331247177e-001	  6.0473367530223088e-001	  1.1956058999971055e-001	  5.0066845533765565e-002	  2.5169015254877355e-002	  1.4223244557906528e-002	  8.7275095468479693e-003	  3.8262943863896408e-003	
  8.7747931178824923e-001	  8.7555555631933280e-001	  7.6467081253841307e-001	  8.7763831717075069e-001	  8.7763831717167473e-001	  8.6890753065070070e-001	  6.0470575110845293e-001	  1.2030303495781429e-001	  5.0362544989780982e-002	  2.5297944789309329e-002	  1.4286484451416177e-002	  8.7617775213700497e-003	  3.8386056887134428e-003	
  8.7738004510907863e-001	  8.7545236624770673e-001	  7.6492853968823626e-001	  8.7754368738397248e-001	  8.7754368738344257e-001	  8.6875214017104863e-001	  6.0320592918489579e-001	  1.1952655293252826e-001	  5.0042706094528634e-002	  2.5150891304847815e-002	  1.4210396812299667e-002	  8.7183889062486582e-003	  3.8215679009948574e-003	
  8.7728985258205527e-001	  8.7538127081681039e-001	  7.6541329251938461e-001	  8.7744823623129720e-001	  8.7744823623175583e-001	  8.6865105005649013e-001	  6.0259370466846229e-001	  1.1972805980591221e-001	  5.0130567586387315e-002	  2.5188714814179676e-002	  1.4228099130794926e-002	  8.7273918028014548e-003	  3.8243617307548864e-003	
  8.7719053795380675e-001	  8.7528560186023918e-001	  7.6573138671341645e-001	  8.7735108013987873e-001	  8.7735108013959573e-001	  8.6850329586581498e-001	  6.0123815392766033e-001	  1.1924428309886230e-001	  4.9936430587403866e-002	  2.5098796278734042e-002	  1.4180944350035762e-002	  8.7001244662721754e-003	  3.8133961289835037e-003	
  8.7709985665987000e-001	  8.7521048793755862e-001	  7.6617085832576248e-001	  8.7725663092843531e-001	  8.7725663092865847e-001	  8.6839291841990185e-001	  6.0045862878190936e-001	  1.1929671969119453e-001	  4.9958804578501777e-002	  2.5106278338041542e-002	  1.4183110544543664e-002	  8.7004111612854190e-003	  3.8128793892929511e-003	
  8.7693637505036715e-001	  8.7505868301092848e-001	  7.6671750752568846e-001	  8.7709513828404195e-001	  8.7709513828302232e-001	  8.6814656578326299e-001	  5.9815085481150376e-001	  1.1869456794933901e-001	  4.9726360936603285e-002	  2.4998695316256554e-002	  1.4126153467563584e-002	  8.6670865683021840e-003	  3.7991910162794660e-003	
  8.7678480109198376e-001	  8.7492879766216725e-001	  7.6740238314076326e-001	  8.7693873322094229e-001	  8.7693873322090654e-001	  8.6794969760946528e-001	  5.9660015328005545e-001	  1.1859400013478200e-001	  4.9683006775994611e-002	  2.4974161137284075e-002	  1.4110887895610319e-002	  8.6569922723932231e-003	  3.7943189650849010e-003	
  8.7662385491497197e-001	  8.7477949847438752e-001	  7.6792388882321350e-001	  8.7678010749196444e-001	  8.7678010749112356e-001	  8.6769752443778525e-001	  5.9412806465457779e-001	  1.1798211862030290e-001	  4.9451297624138288e-002	  2.4867681001872834e-002	  1.4054662058718061e-002	  8.6241262482103301e-003	  3.7808212351269411e-003	
  8.7641895731520725e-001	  8.7460505839519664e-001	  7.6891617745881424e-001	  8.7656646948352013e-001	  8.7656646948448835e-001	  8.6744383455197327e-001	  5.9226631487700532e-001	  1.1791506397258379e-001	  4.9412648979839172e-002	  2.4842462374289581e-002	  1.4037885620259771e-002	  8.6126175295029930e-003	  3.7750572520596536e-003	
  8.7630810121460945e-001	  8.7448246221404369e-001	  7.6892230164985076e-001	  8.7647027725062066e-001	  8.7647027725026272e-001	  8.6719673193926683e-001	  5.8919300784331863e-001	  1.1664404180989428e-001	  4.8945080811831861e-002	  2.4636508463537224e-002	  1.3933367809652489e-002	  8.5536249448400926e-003	  3.7521190319706483e-003	
  8.7629566794897717e-001	  8.7450845527750976e-001	  7.6927962062540056e-001	  8.7644532793434715e-001	  8.7644532793453300e-001	  8.6722316418548828e-001	  5.8985492178157717e-001	  1.1806055253042287e-001	  4.9573539766865814e-002	  2.4927882950715012e-002	  1.4082387566943168e-002	  8.6370605929984457e-003	  3.7836617123156681e-003	
  8.7628143505352774e-001	  8.7450492361119492e-001	  7.6955152156049056e-001	  8.7642161722145340e-001	  8.7642161722105638e-001	  8.6724245568150782e-001	  5.9040603638055489e-001	  1.1839488051560355e-001	  4.9581105147931445e-002	  2.4901663295545509e-002	  1.4061357810362074e-002	  8.6229044031553813e-003	  3.7773697069363780e-003	
  8.7626262133828048e-001	  8.7448380960874716e-001	  7.6973596659840793e-001	  8.7639814137744831e-001	  8.7639814137611050e-001	  8.6724184219999501e-001	  5.9065662471136215e-001	  1.1819760796280759e-001	  4.9458790903264556e-002	  2.4846778357473398e-002	  1.4034734610079000e-002	  8.6085570124831354e-003	  3.7721724458744969e-003	
  8.7621557889304358e-001	  8.7443253036427082e-001	  7.6999935667492314e-001	  8.7634988752363419e-001	  8.7634988752259779e-001	  8.6720452906164103e-001	  5.9062073074481980e-001	  1.1785342550640843e-001	  4.9344434960029528e-002	  2.4801370767903525e-002	  1.4012771686807481e-002	  8.5964234001018828e-003	  3.7675349592810265e-003	
  8.7616414916910412e-001	  8.7437930108340733e-001	  7.7018346827332995e-001	  8.7630062899532124e-001	  8.7630062899449856e-001	  8.6714000763716281e-001	  5.9016109479293044e-001	  1.1753076923905473e-001	  4.9237748769596724e-002	  2.4755101025595951e-002	  1.3989181677243891e-002	  8.5829960407015887e-003	  3.7622331661421237e-003	
  8.7611343776115214e-001	  8.7433220494145780e-001	  7.7036631548048085e-001	  8.7625110132763051e-001	  8.7625110132799255e-001	  8.6707083186407474e-001	  5.8961413883245262e-001	  1.1739552983457829e-001	  4.9197303867547199e-002	  2.4737205763587143e-002	  1.3979650095431964e-002	  8.5773118730161583e-003	  3.7598056409255333e-003	
  8.7594141774035916e-001	  8.7417676014524326e-001	  7.7095672154046924e-001	  8.7608028738795185e-001	  8.7608028738813337e-001	  8.6682225334510021e-001	  5.8748468981971591e-001	  1.1698087528208734e-001	  4.9040725384361043e-002	  2.4663265301566064e-002	  1.3939581709927696e-002	  8.5533709506901718e-003	  3.7496557083220804e-003	
  8.7575011118528323e-001	  8.7399527465547877e-001	  7.7131983128272397e-001	  8.7589844561838448e-001	  8.7589844561702002e-001	  8.6645670317100609e-001	  5.8332756318137857e-001	  1.1599548533846694e-001	  4.8684777161960680e-002	  2.4503602436388990e-002	  1.3856547327116820e-002	  8.5053642596390009e-003	  3.7302252615580940e-003	
  8.7572836945769239e-001	  8.7401234242843484e-001	  7.7186213873381482e-001	  8.7585748258998020e-001	  8.7585748258975182e-001	  8.6650619751976332e-001	  5.8456722927220084e-001	  1.1743645092284064e-001	  4.9239454367599508e-002	  2.4746385699872274e-002	  1.3977381511207920e-002	  8.5720356357847013e-003	  3.7550667820441946e-003	
  8.7568822877965324e-001	  8.7396274595488177e-001	  7.7206938774693779e-001	  8.7581540267304503e-001	  8.7581540267162816e-001	  8.6647346863288111e-001	  5.8451668136712376e-001	  1.1687279953636845e-001	  4.8939140858895301e-002	  2.4599588014192392e-002	  1.3900394244399115e-002	  8.5282430205701719e-003	  3.7381658211290145e-003	
  8.7564411674095599e-001	  8.7391569342711217e-001	  7.7222425030222852e-001	  8.7577266791969433e-001	  8.7577266791892350e-001	  8.6641729569358739e-001	  5.8410472758830356e-001	  1.1653881877787442e-001	  4.8842930786930736e-002	  2.4564881806874796e-002	  1.3884709716186015e-002	  8.5199120328352841e-003	  3.7350787860531520e-003	
  8.7555138079320305e-001	  8.7382983168673667e-001	  7.7253690393866492e-001	  8.7568168221695419e-001	  8.7568168221659348e-001	  8.6628711834271777e-001	  5.8303451815116714e-001	  1.1627209486162675e-001	  4.8759379147366090e-002	  2.4526985211593928e-002	  1.3864303139103829e-002	  8.5077219066002630e-003	  3.7299046717458617e-003	
  8.7545631631888143e-001	  8.7374156176582685e-001	  7.7279972129966812e-001	  8.7558905423478528e-001	  8.7558905423439204e-001	  8.6613467461225124e-001	  5.8156881659752746e-001	  1.1593762371082236e-001	  4.8635234404847572e-002	  2.4469918540056382e-002	  1.3834127874532495e-002	  8.4900588984904660e-003	  3.7226341350847080e-003	
  8.7536930604944163e-001	  8.7366819881835445e-001	  7.7316271915910528e-001	  8.7549888561024314e-001	  8.7549888561035072e-001	  8.6601800179448918e-001	  5.8064946224659753e-001	  1.1594307008305020e-001	  4.8634201237284021e-002	  2.4466345487620555e-002	  1.3830677520670251e-002	  8.4872488092513597e-003	  3.7209879729499205e-003	
  8.7521010555600698e-001	  8.7352010960033122e-001	  7.7361277537372219e-001	  8.7534208732236152e-001	  8.7534208732097440e-001	  8.6575477561099023e-001	  5.7798329037849183e-001	  1.1534080415449598e-001	  4.8406678055831764e-002	  2.4362033998469850e-002	  1.3775713649716052e-002	  8.4551829136569091e-003	  3.7078585463084682e-003	
  8.7507257922803883e-001	  8.7340555243079998e-001	  7.7429290073988333e-001	  8.7519566402546323e-001	  8.7519566402596871e-001	  8.6559362942888063e-001	  5.7695089727945903e-001	  1.1544812525313065e-001	  4.8435916846957493e-002	  2.4369170563142639e-002	  1.3776569323981499e-002	  8.4542513551274616e-003	  3.7066052013635486e-003	
  8.7499359766428386e-001	  8.7331214050740402e-001	  7.7422795357613117e-001	  8.7512979179413719e-001	  8.7512979179359562e-001	  8.6540363617141070e-001	  5.7451492586394659e-001	  1.1431972934161010e-001	  4.8014457766927712e-002	  2.4183383613773944e-002	  1.3682595984543251e-002	  8.4014494829146615e-003	  3.6862542663624945e-003	
  8.7496358887846215e-001	  8.7331492076464678e-001	  7.7462130382736272e-001	  8.7508685000214426e-001	  8.7508685000298680e-001	  8.6540531086338324e-001	  5.7498249061508444e-001	  1.1542932457593226e-001	  4.8469232813039914e-002	  2.4386632361560440e-002	  1.3784541380729527e-002	  8.4578460127835691e-003	  3.7072673541332459e-003	
  8.7492496411456455e-001	  8.7327707577133162e-001	  7.7484432200393893e-001	  8.7504434508182749e-001	  8.7504434508144247e-001	  8.6537184686792457e-001	  5.7489508312072768e-001	  1.1524441318479586e-001	  4.8334253440630991e-002	  2.4314732922929991e-002	  1.3745325073100823e-002	  8.4350242453641536e-003	  3.6982196314277183e-003	
  8.7488413683109778e-001	  8.7323734091579319e-001	  7.7502915611781442e-001	  8.7500215535979819e-001	  8.7500215535965120e-001	  8.6532510079818947e-001	  5.7460678924480291e-001	  1.1507507770178890e-001	  4.8277449188001205e-002	  2.4292448125455970e-002	  1.3734675336276890e-002	  8.4291428303498485e-003	  3.6959312387730074e-003	
  8.7477283555523133e-001	  8.7313430599285990e-001	  7.7543326857867367e-001	  8.7489056869562420e-001	  8.7489056869541326e-001	  8.6517244050978315e-001	  5.7337988853741606e-001	  1.1476405525254865e-001	  4.8167677003260898e-002	  2.4242166050894749e-002	  1.3707850737866163e-002	  8.4132851699862937e-003	  3.6893052319833014e-003	
  8.7465325058027144e-001	  8.7302116903329019e-001	  7.7571115755905062e-001	  8.7477516984717973e-001	  8.7477516984650594e-001	  8.6496220183407313e-001	  5.7117161115776582e-001	  1.1423909085977287e-001	  4.7977297526987601e-002	  2.4156327073444249e-002	  1.3663051880962972e-002	  8.3873186958722985e-003	  3.6787612227688862e-003	
  8.7455841650656752e-001	  8.7294831484524915e-001	  7.7627499472837902e-001	  8.7466983188215808e-001	  8.7466983188320291e-001	  8.6487505093034689e-001	  5.7093987584267647e-001	  1.1459730281643478e-001	  4.8099072652288570e-002	  2.4204826681188486e-002	  1.3685253968277002e-002	  8.3986299351590157e-003	  3.6823954615541657e-003	
  8.7450041781845633e-001	  8.7287269810449908e-001	  7.7618223064813541e-001	  8.7462370950176516e-001	  8.7462370950180479e-001	  8.6473063667707273e-001	  5.6906893684974091e-001	  1.1350772620584773e-001	  4.7678001266707362e-002	  2.4017754573152694e-002	  1.3590632993816819e-002	  8.3456085541687396e-003	  3.6621037750272155e-003	
  8.7446471176479257e-001	  8.7285956698630840e-001	  7.7643190004393337e-001	  8.7458164256016213e-001	  8.7458164256150739e-001	  8.6469324825630667e-001	  5.6889659966352824e-001	  1.1416698219950623e-001	  4.7974394262870840e-002	  2.4154151740160633e-002	  1.3659768362945668e-002	  8.3839806274057568e-003	  3.6763926033646652e-003	
  8.7442788971457852e-001	  8.7282915060639021e-001	  7.7663728214297678e-001	  8.7454075675787291e-001	  8.7454075675827070e-001	  8.6465611512944229e-001	  5.6872530950184896e-001	  1.1419954538916870e-001	  4.7944786176817564e-002	  2.4131600800234198e-002	  1.3645809793408717e-002	  8.3752931954191156e-003	  3.6726816966845943e-003	
  8.7435567958117333e-001	  8.7276215651598132e-001	  7.7693870226449313e-001	  8.7446588534974456e-001	  8.7446588535005731e-001	  8.6456500383035850e-001	  5.6806618567941947e-001	  1.1400329582764339e-001	  4.7865506778321291e-002	  2.4095850334613984e-002	  1.3627218335547061e-002	  8.3645111686531156e-003	  3.6682802470576477e-003	
  8.7427905152965280e-001	  8.7268962164374564e-001	  7.7716568030310362e-001	  8.7439026179846591e-001	  8.7439026179851431e-001	  8.6444600196629096e-001	  5.6695460040027235e-001	  1.1370671360527500e-001	  4.7758890093392216e-002	  2.4047887369520907e-002	  1.3602153985005279e-002	  8.3499554920176532e-003	  3.6623527622964536e-003	
  8.7420783464307961e-001	  8.7262833838042608e-001	  7.7744919954234404e-001	  8.7431655864286006e-001	  8.7431655864317726e-001	  8.6434948954167912e-001	  5.6619467070400642e-001	  1.1368204305221735e-001	  4.7749702695835332e-002	  2.4041722789930099e-002	  1.3597837883413368e-002	  8.3468830275896088e-003	  3.6607472435840763e-003	
  8.7403959944689757e-001	  8.7247211108906320e-001	  7.7789479016580176e-001	  8.7415068006579910e-001	  8.7415068006386665e-001	  8.6406041492339092e-001	  5.6319929199159280e-001	  1.1306891311075806e-001	  4.7520723036861605e-002	  2.3936896125629999e-002	  1.3542570373052882e-002	  8.3146095207575956e-003	  3.6475082812682819e-003	
  8.7389626719302715e-001	  8.7235089886577810e-001	  7.7856473327206388e-001	  8.7399802383784919e-001	  8.7399802383855463e-001	  8.6388888008841769e-001	  5.6209825370875177e-001	  1.1313894569664618e-001	  4.7535353378070792e-002	  2.3937631411232070e-002	  1.3540246662407529e-002	  8.3119284934679155e-003	  3.6456075837128497e-003	
  8.7385125551681342e-001	  8.7228274835893616e-001	  7.7839021470358860e-001	  8.7396668785854648e-001	  8.7396668785852416e-001	  8.6375320304916092e-001	  5.6020560003758202e-001	  1.1190690503779996e-001	  4.7048910982673955e-002	  2.3719976833177683e-002	  1.3429996352823692e-002	  8.2502025052726066e-003	  3.6220693129704676e-003	
  8.7382491243607330e-001	  8.7227598075193435e-001	  7.7851781030239853e-001	  8.7393778807839062e-001	  8.7393778807952394e-001	  8.6370741764599801e-001	  5.5974036760969403e-001	  1.1248902178707662e-001	  4.7354144459939351e-002	  2.3868520960137547e-002	  1.3507343848079140e-002	  8.2937992728669228e-003	  3.6385872808172869e-003	
  8.7380491740232957e-001	  8.7227078601484986e-001	  7.7871297922515215e-001	  8.7391101572697860e-001	  8.7391101572756680e-001	  8.6369856815946378e-001	  5.5986218239920083e-001	  1.1293352093675915e-001	  4.7483756338713025e-002	  2.3913686125980677e-002	  1.3526486963401101e-002	  8.3032245035782968e-003	  3.6416013582856507e-003	
  8.7376757366432090e-001	  8.7224001136086760e-001	  7.7899164795939069e-001	  8.7386625073176949e-001	  8.7386625073172208e-001	  8.6367846621299904e-001	  5.6001695640170357e-001	  1.1300034293445348e-001	  4.7469236147092260e-002	  2.3902046878151385e-002	  1.3519505815332679e-002	  8.2989474695718875e-003	  3.6397839660663490e-003	
  8.7372485100335451e-001	  8.7219758624271770e-001	  7.7918168392041331e-001	  8.7382184059579460e-001	  8.7382184059558876e-001	  8.6363145932796870e-001	  5.5975759783479662e-001	  1.1279785473295366e-001	  4.7391130946163366e-002	  2.3867700870942095e-002	  1.3502028409230486e-002	  8.2890273760236419e-003	  3.6358841632809173e-003	
  8.7368143728192738e-001	  8.7215708185301433e-001	  7.7935437465200064e-001	  8.7377773278747850e-001	  8.7377773278766857e-001	  8.6357541873815813e-001	  5.5934510386630143e-001	  1.1268550675849609e-001	  4.7355558970918331e-002	  2.3851976545360615e-002	  1.3493716562733205e-002	  8.2841158151941256e-003	  3.6338206666348422e-003	
  8.7353968992174114e-001	  8.7202610913663003e-001	  7.7977145614040388e-001	  8.7363696748007091e-001	  8.7363696747954667e-001	  8.6335493458728263e-001	  5.5733051411977197e-001	  1.1227240661386333e-001	  4.7203315660359964e-002	  2.3781917520891604e-002	  1.3456495659918841e-002	  8.2622178979991495e-003	  3.6247348528147326e-003	
  8.7338932570710226e-001	  8.7188600978426800e-001	  7.8008246425642491e-001	  8.7349072291947327e-001	  8.7349072291809471e-001	  8.6306643245090431e-001	  5.5411495407839495e-001	  1.1166767699581318e-001	  4.6984372664747344e-002	  2.3682804620342623e-002	  1.3404491466912893e-002	  8.2319247531991869e-003	  3.6123346580121947e-003	
  8.7336847140203611e-001	  8.7189103702106097e-001	  7.8051563786400302e-001	  8.7345340261468785e-001	  8.7345340261473214e-001	  8.6311563715416095e-001	  5.5537719402708596e-001	  1.1265653683240243e-001	  4.7348278529647285e-002	  2.3839754789069575e-002	  1.3482161114923768e-002	  8.2746712326719971e-003	  3.6282387997849559e-003	
  8.7332289690545195e-001	  8.7183210943165357e-001	  7.8057805025944083e-001	  8.7341233091972759e-001	  8.7341233091801884e-001	  8.6304297835585131e-001	  5.5466704151794632e-001	  1.1188079736128824e-001	  4.7019417989723235e-002	  2.3689634618168458e-002	  1.3405543433517434e-002	  8.2316323536107301e-003	  3.6117888200821956e-003	
  8.7328390589500071e-001	  8.7179923508463308e-001	  7.8073273786971242e-001	  8.7337231352937128e-001	  8.7337231352906530e-001	  8.6299318317006590e-001	  5.5433521668994590e-001	  1.1192347431889299e-001	  4.7066326298451075e-002	  2.3715084746101792e-002	  1.3419063927057842e-002	  8.2391979403244123e-003	  3.6145549932137247e-003	
  8.7321599672999028e-001	  8.7173547179399491e-001	  7.8091467216553168e-001	  8.7330559535513663e-001	  8.7330559535408769e-001	  8.6288799179440723e-001	  5.5338404664137419e-001	  1.1169697009945610e-001	  4.6976252012008148e-002	  2.3672214526918818e-002	  1.3396113179348336e-002	  8.2257359186048064e-003	  3.6090419425296233e-003	
  8.7314959043943774e-001	  8.7167523500748156e-001	  7.8110420378592416e-001	  8.7323909693259172e-001	  8.7323909693214097e-001	  8.6278035737602365e-001	  5.5236688212292051e-001	  1.1155078982449726e-001	  4.6923106009890470e-002	  2.3647603333615111e-002	  1.3382859215347251e-002	  8.2178262954912887e-003	  3.6056811771050718e-003	
  8.7308469688941515e-001	  8.7161704014262220e-001	  7.8130171591078412e-001	  8.7317327335786210e-001	  8.7317327335763839e-001	  8.6267957417524455e-001	  5.5145349322416781e-001	  1.1143086889747979e-001	  4.6876455706086347e-002	  2.3625141293349455e-002	  1.3370510907826072e-002	  8.2103671636031515e-003	  3.6024716623380875e-003	
  8.7282621598013321e-001	  8.7137928098017525e-001	  7.8190530164993999e-001	  8.7291749994378920e-001	  8.7291749994324641e-001	  8.6218525484626052e-001	  5.4594754605613638e-001	  1.1051910226389251e-001	  4.6542505855007736e-002	  2.3472455613193673e-002	  1.3289769599636366e-002	  8.1630439565579371e-003	  3.5829280890138249e-003	
  8.7281332311576798e-001	  8.7138983957378291e-001	  7.8226142961548872e-001	  8.7289007307064426e-001	  8.7289007307028410e-001	  8.6223608188345402e-001	  5.4711501765240511e-001	  1.1144351270716592e-001	  4.6888686939495106e-002	  2.3622980719779987e-002	  1.3364600373570748e-002	  8.2043518964204955e-003	  3.5983563608973880e-003	
  8.7278698600554760e-001	  8.7135699261074218e-001	  7.8239526669895210e-001	  8.7286204433598336e-001	  8.7286204431969061e-001	  8.6221904894374402e-001	  5.4719248945854282e-001	  1.1108247070688412e-001	  4.6706794290327820e-002	  2.3535510283301499e-002	  1.3319012599168198e-002	  8.1784969353227797e-003	  3.5884057410222494e-003	
  8.7275853683394589e-001	  8.7132791109774865e-001	  7.8250522480361084e-001	  8.7283386078577019e-001	  8.7283386076996361e-001	  8.6218995763578543e-001	  5.4707062636596815e-001	  1.1092832449575260e-001	  4.6666915197119734e-002	  2.3522214024721096e-002	  1.3313310437458908e-002	  8.1755593560035485e-003	  3.5873446532437583e-003	
  8.7267568750880653e-001	  8.7124969615687764e-001	  7.8273833670136550e-001	  8.7275260586309122e-001	  8.7275260585427039e-001	  8.6207124223441745e-001	  5.4612301351737014e-001	  1.1067852112800836e-001	  4.6581213757639003e-002	  2.3483259796006288e-002	  1.3292673157744803e-002	  8.1634400415310972e-003	  3.5823349138269637e-003	
  8.7258577690665129e-001	  8.7116370014569433e-001	  7.8287693041657058e-001	  8.7266697840937046e-001	  8.7266697838160290e-001	  8.6189661907433324e-001	  5.4420567281434662e-001	  1.1026765989716321e-001	  4.6433599884366669e-002	  2.3417132131643550e-002	  1.3258330008319080e-002	  8.1436138013620523e-003	  3.5743316871079001e-003	
  8.7252029272103815e-001	  8.7111459440462069e-001	  7.8327183661214550e-001	  8.7259161556680309e-001	  8.7259161558792109e-001	  8.6185388637754035e-001	  5.4446861088313026e-001	  1.1063785293518398e-001	  4.6559438737507994e-002	  2.3468633759740499e-002	  1.3282742664138812e-002	  8.1565386470757173e-003	  3.5788294263543450e-003	
  8.7247364881385692e-001	  8.7104712606849488e-001	  7.8308684075563706e-001	  8.7255927524066712e-001	  8.7255927525932397e-001	  8.6170466871652174e-001	  5.4235946341593400e-001	  1.0946886093182488e-001	  4.6113217061651203e-002	  2.3271384655771596e-002	  1.3183292548529058e-002	  8.1009566922984558e-003	  3.5576451726657171e-003	
  8.7245194124085945e-001	  8.7104767441512443e-001	  7.8326589310626649e-001	  8.7253121832857372e-001	  8.7253121836901726e-001	  8.6168560705870900e-001	  5.4234798650925597e-001	  1.1023443776313537e-001	  4.6450434790857850e-002	  2.3426175598304802e-002	  1.3261921923578241e-002	  8.1447577954811452e-003	  3.5740822695057247e-003	
  8.7242939385417162e-001	  8.7102988310968976e-001	  7.8340064533619247e-001	  8.7250437377167123e-001	  8.7250437380275125e-001	  8.6166634829490096e-001	  5.4233548842649870e-001	  1.1029041670682618e-001	  4.6429680645681683e-002	  2.3407884986899847e-002	  1.3250298909677365e-002	  8.1374742010737588e-003	  3.5709738664402428e-003	
  8.7238583942247128e-001	  8.7098864451426594e-001	  7.8357225435796085e-001	  8.7245834146441470e-001	  8.7245834148382451e-001	  8.6161352567785654e-001	  5.4199527184833651e-001	  1.1015107131040201e-001	  4.6373301581648423e-002	  2.3383281648295100e-002	  1.3237875769830421e-002	  8.1304361643372257e-003	  3.5681923794856863e-003	
  8.7233898514492592e-001	  8.7094357734975281e-001	  7.8369327878683492e-001	  8.7241193406220763e-001	  8.7241193406820006e-001	  8.6153912057564275e-001	  5.4129823759124007e-001	  1.0996110868854711e-001	  4.6306417808398566e-002	  2.3353536681694445e-002	  1.3222448284501784e-002	  8.1215294030433059e-003	  3.5645968403401709e-003	
  8.7229465193929900e-001	  8.7090433959524283e-001	  7.8383624713888045e-001	  8.7236641969571982e-001	  8.7236641970001694e-001	  8.6147438220423345e-001	  5.4076032131354657e-001	  1.0992334166661254e-001	  4.6293373494493625e-002	  2.3346758530523568e-002	  1.3218389741443473e-002	  8.1189018235535652e-003	  3.5633561217949541e-003	
  8.7214413667953261e-001	  8.7076430713222475e-001	  7.8416154183559605e-001	  8.7221763396662522e-001	  8.7221763396734131e-001	  8.6119410239437177e-001	  5.3777077878159596e-001	  1.0940155999870382e-001	  4.6101093261330661e-002	  2.3258922472896237e-002	  1.3172064652097162e-002	  8.0918282197368664e-003	  3.5522314474418300e-003	
  8.7201403952182854e-001	  8.7065058911628468e-001	  7.8463976158551929e-001	  8.7208096810669644e-001	  8.7208096810730162e-001	  8.6101232480651546e-001	  5.3634742778510602e-001	  1.0933429851987271e-001	  4.6068289879817141e-002	  2.3240085260327132e-002	  1.3160409269185070e-002	  8.0841844346236664e-003	  3.5485905287968799e-003	
  8.7193460803519485e-001	  8.7056166568555304e-001	  7.8450991137017834e-001	  8.7201569723157846e-001	  8.7201569723158023e-001	  8.6077172087469378e-001	  5.3301106930160369e-001	  1.0834146146271099e-001	  4.5713067243910437e-002	  2.3084871947666327e-002	  1.3081880854243045e-002	  8.0399355424316983e-003	  3.5314113163062958e-003	
  8.7193896544555116e-001	  8.7059617891703911e-001	  7.8471760974525495e-001	  8.7200986785306833e-001	  8.7200986785307544e-001	  8.6082049010451267e-001	  5.3389548284292032e-001	  1.0965199905124814e-001	  4.6341095836652461e-002	  2.3390050120279848e-002	  1.3242251916340817e-002	  8.1312263236241467e-003	  3.5665956032405097e-003	
  8.7194411215303769e-001	  8.7061497734341420e-001	  7.8488934222160267e-001	  8.7200497598289572e-001	  8.7200497598237825e-001	  8.6086935797147490e-001	  5.3477455372709026e-001	  1.1024530349254701e-001	  4.6461385649013962e-002	  2.3405961874814224e-002	  1.3238606817093256e-002	  8.1252582728647479e-003	  3.5627530691875807e-003	
  8.7194614254221281e-001	  8.7061770351899248e-001	  7.8500042402630243e-001	  8.7200032667085448e-001	  8.7200032666833593e-001	  8.6090316525709787e-001	  5.3539696673908688e-001	  1.1026947467527426e-001	  4.6372837916997166e-002	  2.3354009719397651e-002	  1.3211410129897906e-002	  8.1102916796689777e-003	  3.5573326325629780e-003	
  8.7194101382861999e-001	  8.7060453274829275e-001	  7.8511670407402512e-001	  8.7199087154670396e-001	  8.7199087154397359e-001	  8.6093321811338186e-001	  5.3602810270740398e-001	  1.0994877833692626e-001	  4.6225824047265739e-002	  2.3295835526112189e-002	  1.3184843112759748e-002	  8.0964432826432717e-003	  3.5525147149309470e-003	
  8.7192922633960956e-001	  8.7058314517559932e-001	  7.8515559629006693e-001	  8.7198050405348237e-001	  8.7198050404828165e-001	  8.6092985087475449e-001	  5.3611744837046760e-001	  1.0954260632400883e-001	  4.6090460588580358e-002	  2.3241039548919620e-002	  1.3158353303463214e-002	  8.0820081131134872e-003	  3.5471965415292310e-003	
  8.7191511247569042e-001	  8.7056360432737268e-001	  7.8516873443001489e-001	  8.7196939848141131e-001	  8.7196939847587485e-001	  8.6091133122452268e-001	  5.3596655737753263e-001	  1.0929177570673043e-001	  4.6023030394087269e-002	  2.3215374545031493e-002	  1.3146285005543623e-002	  8.0755103059166299e-003	  3.5448115573266715e-003	
  8.7187783797481155e-001	  8.7052595417949608e-001	  7.8521347899496452e-001	  8.7193688316717366e-001	  8.7193688316316487e-001	  8.6085023859851995e-001	  5.3539240271304700e-001	  1.0910825850456043e-001	  4.5977238232929131e-002	  2.3196622010157580e-002	  1.3136749423271981e-002	  8.0700132492368647e-003	  3.5425717885557164e-003	
  8.7184016005950205e-001	  8.7048961861547314e-001	  7.8524474187683080e-001	  8.7190261952663506e-001	  8.7190261952123338e-001	  8.6077587375591891e-001	  5.3458575514192586e-001	  1.0893942613897649e-001	  4.5916534904921515e-002	  2.3169149431770644e-002	  1.3122417396051257e-002	  8.0617246011953185e-003	  3.5392232427189489e-003	
  8.7180652191492258e-001	  8.7046103832751620e-001	  7.8532549633371296e-001	  8.7186871498261431e-001	  8.7186871498205976e-001	  8.6071938595228281e-001	  5.3406534085012025e-001	  1.0894803236105668e-001	  4.5920380113169963e-002	  2.3169970211674610e-002	  1.3122288598686830e-002	  8.0613493508960542e-003	  3.5388772624186972e-003	
  8.7173095081511609e-001	  8.7039090378041351e-001	  7.8547196067019320e-001	  8.7179382495276025e-001	  8.7179382495312696e-001	  8.6057966289242549e-001	  5.3262013558951593e-001	  1.0870943041821671e-001	  4.5829430480977588e-002	  2.3127945469711170e-002	  1.3100024951030057e-002	  8.0483126462833326e-003	  3.5335140618211339e-003	
  8.7165885867289339e-001	  8.7032597757367269e-001	  7.8565558990416584e-001	  8.7172044330935239e-001	  8.7172044330748499e-001	  8.6045507500373042e-001	  5.3140263303551827e-001	  1.0857417755730961e-001	  4.5778581436445809e-002	  2.3103748104814498e-002	  1.3086768967697041e-002	  8.0403147562496061e-003	  3.5300722252827516e-003	
  8.7159019967427698e-001	  8.7026431961923767e-001	  7.8585934968612492e-001	  8.7164959653770691e-001	  8.7164959653428198e-001	  8.6034650873106122e-001	  5.3043274267164642e-001	  1.0846673840359447e-001	  4.5735819304851065e-002	  2.3082897835560133e-002	  1.3075207397908815e-002	  8.0332890465765958e-003	  3.5270255766552175e-003	
  8.7152101127078185e-001	  8.7018156214089537e-001	  7.8564081568291400e-001	  8.7159721591748684e-001	  8.7159721591471673e-001	  8.6010350558810056e-001	  5.2690842561018847e-001	  1.0735947894976536e-001	  4.5339427143940243e-002	  2.2910183850419798e-002	  1.2988132653708323e-002	  7.9843983498780989e-003	  3.5081599938927427e-003	
  8.7152919819936048e-001	  8.7022882068339202e-001	  7.8594951246386502e-001	  8.7158885770997996e-001	  8.7158885770764005e-001	  8.6018313489623333e-001	  5.2833743467872851e-001	  1.0905394309768575e-001	  4.6070142954959203e-002	  2.3247259601549140e-002	  1.3160626195496671e-002	  8.0811684744300886e-003	  3.5449219239463104e-003	
  8.7153257786141192e-001	  8.7023754797408603e-001	  7.8613244122167991e-001	  8.7158153427842811e-001	  8.7158153427151830e-001	  8.6024023279135375e-001	  5.2939104348648980e-001	  1.0931096391824299e-001	  4.6029010166077723e-002	  2.3196434002606868e-002	  1.3126565628912684e-002	  8.0596044564190828e-003	  3.5358083438457189e-003	
  8.7152869662576005e-001	  8.7022639882259001e-001	  7.8621439720871156e-001	  8.7157403400621736e-001	  8.7157403399479150e-001	  8.6026137522958190e-001	  5.2983906071552678e-001	  1.0898726931841089e-001	  4.5863749532585339e-002	  2.3125026339781456e-002	  1.3092586403165822e-002	  8.0415895583249297e-003	  3.5294635210461394e-003	
  8.7151438206987830e-001	  8.7020310917190136e-001	  7.8626711082877876e-001	  8.7156094569285247e-001	  8.7156094568245324e-001	  8.6025680277634298e-001	  5.2994189399365654e-001	  1.0860140406406078e-001	  4.5747370917774415e-002	  2.3081981906768540e-002	  1.3072906773071744e-002	  8.0311992948617541e-003	  3.5257553889535540e-003	
  8.7149739285286787e-001	  8.7018203462730193e-001	  7.8628843128091808e-001	  8.7154690817473002e-001	  8.7154690816517533e-001	  8.6023272737260059e-001	  5.2972646275275848e-001	  1.0838354687644036e-001	  4.5687561169392189e-002	  2.3057958699204024e-002	  1.3061123860811296e-002	  8.0246675502531877e-003	  3.5232702940107643e-003	
  8.7148073283539784e-001	  8.7016522792991446e-001	  7.8631053383313088e-001	  8.7153238389793208e-001	  8.7153238389041243e-001	  8.6020542928448962e-001	  5.2946326621320761e-001	  1.0830464327898955e-001	  4.5668491611576899e-002	  2.3050265264895817e-002	  1.3057246386348418e-002	  8.0224406985862275e-003	  3.5223632766084416e-003	
  8.7141936715116808e-001	  8.7010903431422337e-001	  7.8643047221192508e-001	  8.7147311904114910e-001	  8.7147311903770175e-001	  8.6010169100056644e-001	  5.2848270430702571e-001	  1.0817166643576225e-001	  4.5620857663723674e-002	  2.3027802989028966e-002	  1.3045044570888569e-002	  8.0151348396504517e-003	  3.5192564137332140e-003	
  8.7135065661357092e-001	  8.7004239681087980e-001	  7.8647800694918724e-001	  8.7140892930152347e-001	  8.7140892927722924e-001	  8.5994456092079752e-001	  5.2657425481554798e-001	  1.0779051446426247e-001	  4.5484062291797703e-002	  2.2966933330107655e-002	  1.3013631493686230e-002	  7.9971022370765640e-003	  3.5120397427023907e-003	
  8.7131198163980139e-001	  8.7001924391573415e-001	  7.8683168957098759e-001	  8.7135793667167816e-001	  8.7135793665747752e-001	  8.5996093371474824e-001	  5.2753109108811524e-001	  1.0831879653556160e-001	  4.5666795617393369e-002	  2.3043780837163255e-002	  1.3051129515024552e-002	  8.0175388305811415e-003	  3.5195436360727700e-003	
  8.7128994533608273e-001	  8.6997236436237224e-001	  7.8665410652565693e-001	  8.7134721651174463e-001	  8.7134721649923397e-001	  8.5987165275722943e-001	  5.2618149028171435e-001	  1.0714483204110807e-001	  4.5165611539676992e-002	  2.2812457491587560e-002	  1.2932452770709472e-002	  7.9507719300529901e-003	  3.4940487110117742e-003	
  8.7127360414541111e-001	  8.6995716438891468e-001	  7.8659251565518407e-001	  8.7133637395579810e-001	  8.7133637394915842e-001	  8.5981051170172274e-001	  5.2529552541511826e-001	  1.0711577190695354e-001	  4.5257327001409366e-002	  2.2875779650851545e-002	  1.2969963127982672e-002	  7.9732929535029067e-003	  3.5031073775275597e-003	
  8.7126336402070281e-001	  8.6995680372142303e-001	  7.8661383577786981e-001	  8.7132615497450316e-001	  8.7132615497291754e-001	  8.5978390369292690e-001	  5.2496636770969640e-001	  1.0744189459187420e-001	  4.5399204657229152e-002	  2.2934948470454224e-002	  1.2997789987271892e-002	  7.9879692730640793e-003	  3.5082498418858776e-003	
  8.7125200037488582e-001	  8.6995633710896469e-001	  7.8670195186928449e-001	  8.7131017168444136e-001	  8.7131017168423308e-001	  8.5977041607617677e-001	  5.2490988873321343e-001	  1.0776356260813498e-001	  4.5487022219305950e-002	  2.2965832096886574e-002	  1.3011379471199978e-002	  7.9949098960196089e-003	  3.5105912245789301e-003	
  8.7124178234069782e-001	  8.6995101874729241e-001	  7.8679622362856361e-001	  8.7129542107096125e-001	  8.7129542107083380e-001	  8.5976816807637557e-001	  5.2503983197807835e-001	  1.0788681653622628e-001	  4.5513372829178972e-002	  2.2975112536783443e-002	  1.3015563405156465e-002	  7.9970785801306392e-003	  3.5113327964231182e-003	
  8.7123030327924589e-001	  8.6994065270299170e-001	  7.8687208766587891e-001	  8.7128124372207560e-001	  8.7128124372082927e-001	  8.5976225852084331e-001	  5.2510596028705403e-001	  1.0787478519883063e-001	  4.5500978119689381e-002	  2.2968826825149839e-002	  1.3012189207488770e-002	  7.9951152222748276e-003	  3.5105454317927269e-003	
  8.7118107647864751e-001	  8.6989352214456583e-001	  7.8705286436654953e-001	  8.7122966982647476e-001	  8.7122966982530914e-001	  8.5970365359931589e-001	  5.2476587433625665e-001	  1.0773346566990899e-001	  4.5449192354497153e-002	  2.2945623324401705e-002	  1.3000108304874807e-002	  7.9881172405366352e-003	  3.5077062527173984e-003	
  8.7112117763037245e-001	  8.6983367079956353e-001	  7.8710417740919625e-001	  8.7117390766343017e-001	  8.7117390766245195e-001	  8.5957201204159606e-001	  5.2322336261407743e-001	  1.0736017481896171e-001	  4.5317143820706882e-002	  2.2887339929315631e-002	  1.2970221168334274e-002	  7.9710528694933169e-003	  3.5009343329995657e-003	
  8.7108694512855334e-001	  8.6981319854082839e-001	  7.8741500113146590e-001	  8.7112913743243503e-001	  8.7112913743277143e-001	  8.5958699527940108e-001	  5.2406917391191743e-001	  1.0782014032596865e-001	  4.5477845340103421e-002	  2.2955132555527929e-002	  1.3003339278816863e-002	  7.9891088122557175e-003	  3.5075634061151276e-003	
  8.7105150425270117e-001	  8.6975692793810289e-001	  7.8721560149821712e-001	  8.7110781598155129e-001	  8.7110781598165932e-001	  8.5945388860975547e-001	  5.2210174859671765e-001	  1.0671755390174709e-001	  4.5055392072487245e-002	  2.2768257952364375e-002	  1.2909166570557944e-002	  7.9365320629573768e-003	  3.4875704513768787e-003	
